0.268924 0.770793 0.278416 0.301962 0.548864 0.484993 0.797214 0.383704 0.835930 0.215839 0.133542 0.787198 0.468220 0.625489 0.614920 0.072547 0.460631 0.451759 0.912633 0.837604 0.334530 0.681387 0.701458 0.626421 0.483610 0.685391 0.136221 0.604233 0.467651 0.173997 0.675770 0.812567 0.764223 0.460573 0.727590 0.889102 0.653749 0.197589 0.437211 0.101191 
0.107931 0.468993 0.668859 0.030693 0.647537 0.192977 0.977748 0.381028 0.026204 0.978522 0.882878 0.079097 0.586456 0.636437 0.636344 0.291531 0.959923 0.264591 0.273665 0.882748 0.703030 0.643126 0.285222 0.904486 0.784310 0.733378 0.761608 0.973682 0.911719 0.912291 0.105763 0.291353 0.235559 0.761933 0.438619 0.276409 0.643648 0.252312 0.005174 0.803088 
0.141962 0.345446 0.350349 0.766855 0.475534 0.457338 0.307897 0.672166 0.621142 0.088902 0.253662 0.923641 0.058996 0.804519 0.746185 0.724437 0.189680 0.640990 0.881691 0.396865 0.071921 0.795922 0.502495 0.027137 0.946097 0.772149 0.280853 0.434244 0.153110 0.741997 0.560462 0.481469 0.449870 0.980742 0.819202 0.723637 0.274934 0.263671 0.222512 0.199918 
0.328923 0.549322 0.493108 0.881149 0.738903 0.546019 0.814627 0.204851 0.344263 0.697449 0.752179 0.397394 0.139101 0.285721 0.649452 0.616316 0.691791 0.013531 0.627644 0.832909 0.447231 0.651038 0.682248 0.322445 0.540775 0.233160 0.809907 0.579389 0.110620 0.776492 0.262634 0.917945 0.521723 0.384509 0.708661 0.342053 0.837962 0.448194 0.506126 0.939197 
0.611600 0.977689 0.807225 0.515686 0.323262 0.830190 0.457589 0.309541 0.399580 0.461397 0.647311 0.872901 0.705386 0.893539 0.405035 0.898555 0.783564 0.673406 0.155351 0.868448 0.934898 0.362382 0.096604 0.953775 0.822532 0.543583 0.512734 0.044560 0.113882 0.396723 0.464762 0.620815 0.408588 0.745447 0.370424 0.659498 0.003781 0.933554 0.510097 0.531631 
0.355910 0.763631 0.470625 0.874640 0.677342 0.559558 0.145755 0.190313 0.122227 0.510344 0.621030 0.295421 0.965073 0.664825 0.122840 0.372274 0.806741 0.626368 0.581043 0.371583 0.363297 0.467491 0.460753 0.099293 0.812562 0.068622 0.594837 0.685538 0.608431 0.867943 0.216988 0.267580 0.064721 0.878745 0.576816 0.591170 0.551700 0.243753 0.053833 0.882785 
0.146464 0.695025 0.802758 0.635389 0.776177 0.795048 0.593910 0.818880 0.470322 0.894693 0.061484 0.814194 0.258076 0.392666 0.337450 0.178312 0.222619 0.911400 0.965345 0.850386 0.488622 0.295054 0.104880 0.479300 0.245405 0.696041 0.227885 0.814077 0.478203 0.575389 0.127090 0.766361 0.192476 0.842425 0.372838 0.288246 0.955234 0.304445 0.804569 0.734629 
0.942289 0.961787 0.867590 0.986104 0.826925 0.753771 0.358132 0.959040 0.236578 0.520467 0.728086 0.335236 0.825448 0.915079 0.118845 0.871737 0.870327 0.201570 0.075658 0.422126 0.248159 0.075025 0.039556 0.850123 0.496229 0.291239 0.796673 0.888599 0.205336 0.914035 0.397698 0.196300 0.353623 0.732587 0.820411 0.533805 0.467311 0.769584 0.451822 0.504942 
0.509201 0.140216 0.242194 0.407122 0.422274 0.385234 0.588700 0.879354 0.616402 0.209877 0.047490 0.808798 0.538935 0.796802 0.377420 0.260239 0.700927 0.930720 0.619447 0.910455 0.774186 0.839257 0.419877 0.382024 0.474390 0.054548 0.811824 0.269827 0.340993 0.824313 0.516794 0.319719 0.427886 0.328687 0.553432 0.035857 0.985585 0.772828 0.418757 0.028754 
0.598388 0.054218 0.739604 0.246392 0.701176 0.241552 0.077973 0.075528 0.903955 0.903746 0.011749 0.756526 0.815202 0.419106 0.277894 0.292760 0.705860 0.796270 0.633373 0.605681 0.798183 0.194454 0.073776 0.594946 0.031471 0.387618 0.623208 0.310089 0.774133 0.794820 0.440895 0.285617 0.637663 0.864142 0.041258 0.971022 0.505215 0.001430 0.057362 0.854712 
0.129978 0.612003 0.072892 0.995492 0.467615 0.805584 0.947132 0.905742 0.939356 0.835529 0.055029 0.798531 0.057746 0.367800 0.977923 0.843192 0.137912 0.814629 0.666050 0.616587 0.202572 0.425064 0.394210 0.440623 0.538993 0.696409 0.987347 0.197095 0.634958 0.153853 0.863937 0.777533 0.106200 0.432977 0.677025 0.542098 0.504401 0.662919 0.160903 0.714566 
0.022177 0.842000 0.435448 0.506239 0.821452 0.701556 0.768262 0.089244 0.324896 0.870174 0.419819 0.646483 0.916220 0.278980 0.113302 0.587794 0.901329 0.837297 0.455933 0.823021 0.985975 0.342997 0.876593 0.317407 0.496963 0.904867 0.536983 0.049277 0.988825 0.702873 0.296279 0.369433 0.917679 0.207891 0.357523 0.340524 0.036746 0.806302 0.728437 0.059050 
0.308629 0.489385 0.012540 0.847141 0.421053 0.553314 0.635654 0.847903 0.293305 0.868415 0.655010 0.495800 0.487573 0.085865 0.575302 0.421237 0.008514 0.803280 0.801277 0.456885 0.372551 0.644074 0.045053 0.845481 0.291607 0.378056 0.078707 0.329264 0.981634 0.869235 0.465548 0.842356 0.757567 0.660263 0.233996 0.751040 0.770283 0.825472 0.599140 0.391446 
0.276522 0.702368 0.840630 0.159717 0.094623 0.771968 0.757435 0.811803 0.722120 0.947034 0.817014 0.574954 0.817732 0.133294 0.677243 0.854296 0.261852 0.997167 0.479820 0.243623 0.419975 0.588579 0.532053 0.028012 0.791270 0.814423 0.762117 0.732139 0.390244 0.286534 0.221395 0.259541 0.728972 0.549746 0.770096 0.049373 0.634544 0.667377 0.034972 0.752008 
0.115964 0.336164 0.411225 0.376139 0.470093 0.365053 0.429712 0.048138 0.147823 0.309975 0.272502 0.101752 0.419490 0.000630 0.988987 0.802823 0.959289 0.103840 0.364831 0.936278 0.711595 0.755268 0.014101 0.999317 0.677146 0.581062 0.810198 0.176399 0.918166 0.816236 0.405059 0.965201 0.968588 0.794714 0.055650 0.839639 0.796193 0.530474 0.414499 0.835381 
0.135230 0.827635 0.238900 0.257915 0.675801 0.190829 0.411647 0.489538 0.061529 0.764885 0.311853 0.403759 0.500986 0.862291 0.263669 0.076505 0.812782 0.312319 0.704097 0.382877 0.465780 0.208224 0.195474 0.369680 0.535979 0.258282 0.633305 0.935983 0.234438 0.502494 0.870406 0.971397 0.286852 0.103651 0.609805 0.901099 0.148756 0.465397 0.323820 0.380463 
0.097775 0.331166 0.678537 0.137049 0.753646 0.207551 0.547738 0.042857 0.524454 0.303005 0.890093 0.756673 0.327313 0.471498 0.447788 0.618132 0.415171 0.678510 0.140343 0.763074 0.803534 0.541607 0.761415 0.217817 0.608226 0.616182 0.408046 0.995964 0.004233 0.970558 0.815403 0.640044 0.761592 0.787547 0.382498 0.960407 0.504878 0.831726 0.023288 0.962224 
0.994404 0.011053 0.574959 0.540890 0.252844 0.465270 0.388819 0.137246 0.050083 0.494574 0.671729 0.900173 0.335756 0.843898 0.279425 0.344665 0.540561 0.964477 0.884728 0.941833 0.986268 0.275020 0.025465 0.343899 0.469306 0.297998 0.034799 0.819490 0.112624 0.775844 0.001354 0.872608 0.935425 0.840556 0.795598 0.956500 0.001234 0.881733 0.524583 0.544464 
0.174794 0.785852 0.607495 0.843533 0.351370 0.217915 0.968454 0.571422 0.811272 0.297929 0.802663 0.532183 0.304781 0.496324 0.147151 0.351599 0.321791 0.805456 0.201110 0.897670 0.356011 0.766562 0.127880 0.763793 0.609405 0.642019 0.981620 0.800349 0.441077 0.397613 0.237077 0.465781 0.821865 0.995757 0.546416 0.304355 0.587210 0.526446 0.616661 0.250537 
0.779543 0.849066 0.925870 0.097791 0.881173 0.870448 0.978534 0.681831 0.440623 0.985758 0.115047 0.259906 0.365992 0.925591 0.473614 0.173561 0.504975 0.614972 0.090119 0.857218 0.696140 0.965082 0.666663 0.206775 0.216430 0.420548 0.345740 0.393683 0.918891 0.863566 0.632338 0.936784 0.968358 0.698170 0.036493 0.756400 0.435680 0.551052 0.640597 0.279082 
0.772450 0.537143 0.625429 0.221879 0.956125 0.831877 0.378612 0.853508 0.042529 0.971211 0.113478 0.935265 0.898072 0.789765 0.381005 0.787386 0.528868 0.636656 0.204840 0.269640 0.432468 0.732156 0.337208 0.747611 0.171157 0.476610 0.328299 0.591576 0.043100 0.715615 0.418156 0.519383 0.713771 0.271972 0.211005 0.636742 0.968718 0.899799 0.902017 0.435073 
0.005462 0.985101 0.786157 0.931623 0.281908 0.992903 0.957153 0.010625 0.521314 0.659826 0.305239 0.788840 0.414274 0.488002 0.196833 0.311980 0.943270 0.202973 0.951376 0.972082 0.071219 0.755775 0.760205 0.037148 0.886898 0.544104 0.895150 0.677780 0.724450 0.328179 0.938751 0.651604 0.791536 0.664856 0.548999 0.538778 0.560137 0.899863 0.735148 0.290035 
0.940051 0.230905 0.513864 0.910933 0.222175 0.428516 0.025320 0.816589 0.298158 0.067318 0.428260 0.266754 0.722390 0.927600 0.493636 0.956663 0.733352 0.536901 0.794286 0.228638 0.327830 0.607347 0.874138 0.391185 0.173327 0.886466 0.739857 0.932777 0.239651 0.840984 0.533880 0.578401 0.833164 0.686477 0.194659 0.352610 0.654763 0.206444 0.463045 0.806724 
0.581284 0.885807 0.284064 0.824874 0.319108 0.243687 0.554282 0.724572 0.676031 0.563911 0.750531 0.424368 0.010022 0.895928 0.134839 0.940067 0.108619 0.580309 0.668291 0.415624 0.894111 0.342305 0.177882 0.942839 0.408394 0.593138 0.971284 0.651716 0.108615 0.377345 0.215730 0.511700 0.000068 0.946453 0.967812 0.157508 0.922256 0.803744 0.751825 0.959411 
0.133294 0.460331 0.687598 0.014998 0.171681 0.807426 0.523281 0.853930 0.121431 0.897789 0.666015 0.198538 0.558595 0.939215 0.416988 0.197390 0.170243 0.023179 0.768427 0.578946 0.126546 0.629244 0.798158 0.699462 0.668534 0.144717 0.682752 0.964108 0.706047 0.851645 0.729620 0.359797 0.777506 0.790538 0.106218 0.913444 0.736960 0.793379 0.354202 0.208287 
0.518973 0.079428 0.926036 0.514591 0.795554 0.715227 0.665629 0.874025 0.768706 0.263534 0.070983 0.751920 0.124991 0.263052 0.942757 0.850081 0.199717 0.717220 0.857308 0.411448 0.926776 0.120197 0.897467 0.767735 0.531685 0.761016 0.781134 0.265416 0.095975 0.534367 0.005227 0.795104 0.191866 0.973023 0.646743 0.671817 0.999359 0.265508 0.455827 0.812346 
0.409256 0.889380 0.668269 0.816630 0.704038 0.600998 0.985888 0.823892 0.865489 0.266182 0.558278 0.526151 0.810903 0.803978 0.297307 0.587487 0.717252 0.869876 0.905042 0.914299 0.072705 0.968244 0.947722 0.492787 0.127752 0.407458 0.097362 0.793328 0.732090 0.869271 0.583036 0.924295 0.394630 0.619788 0.366546 0.988608 0.631259 0.399105 0.985325 0.733534 
0.910308 0.966370 0.011902 0.926926 0.548570 0.952597 0.916516 0.077289 0.599483 0.090228 0.843061 0.784028 0.045928 0.982839 0.965107 0.127449 0.019356 0.399515 0.340581 0.518760 0.700768 0.188554 0.843527 0.234883 0.742018 0.405119 0.310929 0.640910 0.459523 0.155684 0.768912 0.473735 0.205914 0.310807 0.971694 0.227399 0.231232 0.997630 0.393534 0.537310 
0.169032 0.498385 0.423813 0.192388 0.516684 0.978094 0.614298 0.279606 0.475917 0.752353 0.588150 0.236056 0.324157 0.593902 0.072023 0.778500 0.902931 0.851380 0.233396 0.308226 0.664947 0.745327 0.171343 0.479751 0.218714 0.374598 0.225103 0.338073 0.012647 0.929754 0.815101 0.529707 0.181532 0.783837 0.583652 0.228047 0.375069 0.530304 0.611035 0.060822 
0.439089 0.272854 0.249077 0.476563 0.613295 0.225042 0.544406 0.820921 0.979328 0.767521 0.286932 0.135621 0.686368 0.126270 0.127009 0.840212 0.276845 0.282281 0.999148 0.590159 0.342345 0.264310 0.587101 0.103875 0.511534 0.237577 0.791697 0.188045 0.610852 0.359289 0.490044 0.777099 0.328236 0.844473 0.198560 0.777875 0.637712 0.998221 0.446341 0.962304 
0.060850 0.383280 0.065888 0.850727 0.476329 0.319374 0.121906 0.354512 0.429349 0.409223 0.867820 0.322625 0.229866 0.997242 0.587235 0.171508 0.854700 0.149527 0.055389 0.483118 0.043894 0.917648 0.424732 0.794805 0.531285 0.485540 0.484675 0.334778 0.523277 0.372073 0.462319 0.293960 0.346887 0.563443 0.751818 0.542083 0.698765 0.736482 0.498221 0.525197 
0.552402 0.656177 0.951895 0.769195 0.665019 0.600151 0.962351 0.871900 0.613657 0.721257 0.189559 0.479567 0.178427 0.812734 0.593089 0.559096 0.593886 0.075505 0.605735 0.250201 0.344714 0.892018 0.560267 0.289403 0.693710 0.011133 0.060937 0.978482 0.959985 0.383172 0.412715 0.664022 0.392299 0.829160 0.507133 0.421633 0.057320 0.831878 0.704423 0.023007 
0.062000 0.156059 0.157080 0.534031 0.517514 0.047582 0.389819 0.874763 0.591614 0.010370 0.004650 0.840272 0.059828 0.725252 0.553429 0.312601 0.646592 0.714570 0.486642 0.128260 0.595704 0.805932 0.043867 0.392359 0.673871 0.828397 0.016834 0.855115 0.677755 0.467833 0.487834 0.648264 0.056392 0.410140 0.422316 0.130816 0.413822 0.375668 0.295878 0.874991 
0.215636 0.989310 0.346189 0.702952 0.279588 0.375289 0.584140 0.275057 0.722225 0.130291 0.236020 0.266285 0.358841 0.332875 0.477997 0.657073 0.569668 0.749950 0.283344 0.039568 0.180715 0.280750 0.874318 0.156587 0.888241 0.128053 0.381233 0.087158 0.481116 0.914717 0.159663 0.984642 0.381267 0.552053 0.212952 0.869818 0.373774 0.326836 0.832954 0.704396 
0.017737 0.929211 0.389072 0.095962 0.753221 0.906565 0.432163 0.072501 0.260001 0.472179 0.177006 0.732198 0.596559 0.974652 0.775604 0.752134 0.478138 0.834961 0.077017 0.713679 0.202081 0.068805 0.875828 0.432019 0.886359 0.254644 0.189258 0.464905 0.868859 0.773416 0.030303 0.987376 0.383222 0.151928 0.943421 0.163760 0.880670 0.485847 0.803700 0.676342 
0.622560 0.718929 0.720370 0.800444 0.079179 0.805362 0.211072 0.398636 0.988922 0.320423 0.741055 0.935038 0.780541 0.308488 0.306437 0.743603 0.601755 0.750066 0.422544 0.886031 0.787764 0.803570 0.323447 0.468471 0.194949 0.750156 0.831372 0.537698 0.274421 0.790971 0.694856 0.194893 0.781781 0.352517 0.225074 0.945111 0.694020 0.991275 0.982153 0.624262 
0.930567 0.314742 0.859758 0.882362 0.857081 0.991409 0.695402 0.804235 0.309740 0.295770 0.455623 0.640605 0.182373 0.692088 0.466698 0.649493 0.381949 0.783555 0.196416 0.286064 0.130901 0.974356 0.048828 0.300478 0.621153 0.764433 0.441809 0.058404 0.372012 0.827945 0.318083 0.679225 0.034328 0.772871 0.294425 0.050781 0.381562 0.649726 0.416105 0.368309 
0.232862 0.257680 0.130239 0.712265 0.174940 0.240473 0.758172 0.432900 0.117295 0.487442 0.266094 0.080991 0.764364 0.632262 0.072502 0.906519 0.549129 0.927233 0.972126 0.244158 0.837755 0.646559 0.158632 0.479614 0.641382 0.252820 0.163984 0.190430 0.848858 0.697863 0.401969 0.467303 0.005952 0.826160 0.146479 0.918767 0.093539 0.384742 0.260334 0.580231 
0.443686 0.407864 0.443532 0.571616 0.041169 0.807468 0.491183 0.432362 0.076473 0.711411 0.221170 0.620691 0.850734 0.480814 0.926094 0.728422 0.180610 0.346793 0.992109 0.111461 0.300564 0.558634 0.021558 0.951859 0.227406 0.598446 0.211871 0.005456 0.730246 0.177781 0.889113 0.256606 0.426270 0.676486 0.667205 0.741084 0.361922 0.671508 0.573261 0.974435 
0.937503 0.618363 0.636763 0.085354 0.704374 0.974070 0.781174 0.541817 0.973702 0.240960 0.519501 0.628062 0.295383 0.626516 0.052454 0.994153 0.785583 0.712890 0.249601 0.451377 0.408455 0.117574 0.181797 0.858189 0.527536 0.820482 0.797729 0.617203 0.743247 0.440577 0.575862 0.260707 0.909488 0.492957 0.004601 0.846832 0.668856 0.518246 0.998753 0.124003 
0.186769 0.834515 0.805097 0.832949 0.618874 0.283366 0.296432 0.526572 0.956130 0.458993 0.239643 0.756391 0.263939 0.117851 0.638826 0.554110 0.875476 0.976036 0.596214 0.962467 0.979689 0.985487 0.940601 0.803757 0.118416 0.773221 0.692887 0.167051 0.088370 0.339258 0.478982 0.715831 0.395522 0.127448 0.035002 0.799794 0.657578 0.485749 0.379869 0.193305 
0.658466 0.551271 0.752348 0.976316 0.832266 0.519777 0.561621 0.684295 0.764498 0.179222 0.868034 0.925541 0.339409 0.683117 0.589243 0.353784 0.925658 0.707289 0.484556 0.526348 0.705680 0.029803 0.048577 0.995673 0.603651 0.581614 0.735852 0.128866 0.395566 0.325751 0.108303 0.838621 0.512247 0.768244 0.051189 0.395890 0.879994 0.371483 0.174444 0.835862 
0.777643 0.822578 0.237649 0.536270 0.430053 0.625450 0.413543 0.424037 0.275230 0.324504 0.584041 0.934141 0.755625 0.753807 0.628134 0.274142 0.576739 0.294330 0.876202 0.631617 0.254797 0.946066 0.033582 0.845061 0.906014 0.756511 0.575214 0.728970 0.296978 0.718630 0.503156 0.015646 0.920960 0.709376 0.709607 0.770940 0.612383 0.024400 0.548582 0.441337 
0.007675 0.854476 0.809740 0.870111 0.662007 0.900134 0.157372 0.594591 0.009529 0.437920 0.363079 0.449564 0.069757 0.299322 0.432593 0.541141 0.410028 0.230743 0.747083 0.792112 0.602573 0.361635 0.245614 0.557544 0.574444 0.157373 0.757168 0.872840 0.741193 0.810043 0.269999 0.857435 0.871027 0.079218 0.918128 0.215381 0.405756 0.752492 0.075880 0.805847 
0.972823 0.389767 0.782764 0.113131 0.979054 0.899788 0.239165 0.966930 0.083541 0.886506 0.145433 0.900053 0.374417 0.661416 0.105733 0.822858 0.342489 0.066691 0.927951 0.142443 0.692365 0.339065 0.778008 0.624147 0.268622 0.436926 0.129531 0.815920 0.179226 0.164880 0.224572 0.851451 0.323259 0.558074 0.140652 0.837830 0.850754 0.708930 0.933795 0.132451 
0.590570 0.474178 0.982167 0.832545 0.764521 0.837458 0.946826 0.915008 0.577388 0.074688 0.014409 0.815537 0.943203 0.200819 0.776136 0.546565 0.592228 0.594773 0.114934 0.940270 0.345876 0.499137 0.125070 0.325826 0.356056 0.278795 0.791202 0.590797 0.903245 0.693934 0.996020 0.962950 0.013772 0.989797 0.658765 0.833007 0.272181 0.864442 0.726721 0.887402 
0.602650 0.747099 0.611033 0.177011 0.478253 0.351981 0.944624 0.921446 0.861199 0.584905 0.611200 0.647473 0.652299 0.074342 0.029521 0.307693 0.124966 0.688687 0.997546 0.963056 0.853117 0.939873 0.006879 0.861762 0.281703 0.296934 0.260215 0.280660 0.442595 0.176103 0.032126 0.638901 0.005847 0.880112 0.262817 0.091642 0.924396 0.316145 0.922664 0.050201 
0.475293 0.104865 0.149665 0.554136 0.744708 0.230504 0.159373 0.792733 0.315274 0.212234 0.171746 0.254211 0.076933 0.787850 0.622960 0.570618 0.623357 0.801473 0.450534 0.207133 0.799437 0.066303 0.760194 0.267373 0.536385 0.539342 0.494632 0.115332 0.605811 0.086065 0.925802 0.847192 0.372891 0.325785 0.742814 0.275172 0.623360 0.163971 0.882606 0.597565 
0.240883 0.446323 0.262967 0.645886 0.235536 0.779200 0.720226 0.816058 0.696012 0.527398 0.795537 0.475706 0.566892 0.066293 0.705190 0.856599 0.833525 0.590477 0.796020 0.213845 0.443027 0.898008 0.221189 0.348150 0.436751 0.608548 0.584465 0.581111 0.807216 0.320696 0.947900 0.868049 0.473974 0.139079 0.799159 0.464018 0.040811 0.996574 0.225745 0.851523 
0.644046 0.006857 0.603121 0.889252 0.075045 0.498089 0.590297 0.567278 0.172838 0.484499 0.841228 0.139421 0.729299 0.493033 0.542262 0.537438 0.847179 0.574631 0.310914 0.852987 0.448959 0.109121 0.893382 0.438771 0.431694 0.750915 0.639639 0.959713 0.111335 0.985483 0.819698 0.659725 0.890038 0.398432 0.939838 0.742804 0.899560 0.085252 0.008053 0.950982 
0.464280 0.635666 0.652548 0.058677 0.787514 0.765964 0.185302 0.349194 0.126051 0.460963 0.774713 0.971438 0.382524 0.406270 0.094058 0.918806 0.752939 0.408089 0.238850 0.992897 0.477675 0.461861 0.598827 0.881124 0.994658 0.071331 0.894696 0.157730 0.316302 0.903857 0.352513 0.327466 0.983945 0.192317 0.155173 0.685511 0.120545 0.761489 0.764446 0.951286 
0.521476 0.566987 0.394793 0.418420 0.885233 0.926671 0.538746 0.367025 0.097934 0.916940 0.509478 0.736080 0.378043 0.912585 0.686617 0.891862 0.747322 0.121485 0.896364 0.570135 0.025898 0.876741 0.591809 0.387647 0.935487 0.927530 0.962938 0.425105 0.678300 0.151518 0.234432 0.314806 0.328762 0.763162 0.931822 0.489939 0.449617 0.456658 0.707416 0.516275 
0.000797 0.893621 0.018627 0.892550 0.496005 0.167003 0.763345 0.315074 0.977322 0.538644 0.169073 0.539473 0.051098 0.469575 0.027096 0.976784 0.721379 0.206385 0.266521 0.196278 0.966586 0.676277 0.360824 0.585735 0.747911 0.850647 0.578094 0.211149 0.920122 0.285117 0.752757 0.820441 0.251818 0.667350 0.554260 0.364085 0.384843 0.283168 0.088277 0.419106 
0.928609 0.957845 0.779818 0.853350 0.253784 0.394590 0.952560 0.912974 0.136818 0.772790 0.360915 0.251015 0.599598 0.238181 0.308840 0.981528 0.845171 0.934484 0.703406 0.448352 0.895651 0.252594 0.166786 0.258690 0.527189 0.101249 0.642837 0.251219 0.738990 0.262710 0.397679 0.516358 0.546360 0.805284 0.658773 0.892018 0.166721 0.757030 0.151697 0.398365 
0.969145 0.914252 0.181554 0.189923 0.901750 0.356993 0.386091 0.167951 0.988805 0.722700 0.832668 0.690097 0.937385 0.422360 0.530071 0.691274 0.903997 0.588276 0.998807 0.380797 0.086295 0.895883 0.144991 0.587610 0.160814 0.937231 0.985334 0.948164 0.480015 0.360541 0.180187 0.782369 0.157301 0.377456 0.061946 0.757472 0.681065 0.170977 0.804448 0.816138 
0.323482 0.042063 0.031369 0.982716 0.443499 0.724229 0.381031 0.730526 0.571402 0.013479 0.665957 0.819548 0.545148 0.355539 0.263225 0.750923 0.509102 0.370560 0.801076 0.005284 0.524020 0.240855 0.056977 0.828830 0.269472 0.405911 0.566529 0.101923 0.418273 0.806088 0.898029 0.806670 0.062146 0.854171 0.167222 0.273213 0.734232 0.744181 0.233581 0.916945 
0.564674 0.186150 0.755167 0.959121 0.959702 0.232705 0.030318 0.860861 0.260930 0.471221 0.958540 0.106591 0.362164 0.020992 0.443459 0.840514 0.452386 0.676491 0.590530 0.883302 0.834125 0.457520 0.781377 0.798159 0.465232 0.180917 0.250748 0.917272 0.357447 0.632037 0.388878 0.356916 0.975376 0.066868 0.087265 0.307203 0.372244 0.645095 0.391027 0.783631 
0.132671 0.785377 0.107945 0.406109 0.010174 0.883243 0.645770 0.257162 0.227064 0.244680 0.456186 0.291311 0.894290 0.420497 0.426229 0.619723 0.071852 0.779359 0.112711 0.350293 0.261465 0.918654 0.937289 0.678773 0.393573 0.251361 0.392655 0.922627 0.262683 0.616024 0.572963 0.502094 0.643996 0.062187 0.927389 0.844825 0.882344 0.792835 0.619900 0.945699 
0.931228 0.970997 0.432950 0.768172 0.370014 0.442174 0.843930 0.616244 0.837717 0.589574 0.479186 0.306909 0.898137 0.956075 0.198577 0.791941 0.886532 0.696797 0.955180 0.328459 0.341330 0.349510 0.413374 0.546811 0.920475 0.400167 0.216276 0.752204 0.865546 0.723197 0.582379 0.964035 0.038952 0.785384 0.735345 0.140862 0.276616 0.662020 0.088748 0.376539 
0.327023 0.816064 0.876046 0.871658 0.849074 0.732961 0.246168 0.968498 0.905148 0.155093 0.474814 0.669313 0.065390 0.838580 0.458688 0.345856 0.627355 0.507889 0.823608 0.386108 0.559739 0.465145 0.212070 0.340012 0.755094 0.555558 0.392076 0.062214 0.505288 0.817693 0.900477 0.339920 0.481324 0.944992 0.509426 0.594153 0.257728 0.827294 0.094215 0.759275 
0.751881 0.910194 0.539618 0.941805 0.427462 0.383011 0.413793 0.872421 0.753756 0.877823 0.735007 0.830431 0.079334 0.828634 0.084899 0.906078 0.192859 0.986802 0.747359 0.661840 0.518253 0.986814 0.786043 0.182178 0.498225 0.242154 0.387900 0.870530 0.757688 0.740464 0.799255 0.816851 0.418231 0.977553 0.849892 0.133176 0.836218 0.021763 0.325483 0.253183 
0.935052 0.274149 0.590374 0.842176 0.933783 0.981178 0.033325 0.846686 0.966624 0.859022 0.930819 0.037866 0.435627 0.429070 0.247467 0.602594 0.232214 0.085049 0.595752 0.834771 0.986879 0.422577 0.023782 0.358273 0.614480 0.362119 0.400427 0.038945 0.267077 0.537331 0.115120 0.873648 0.833799 0.180780 0.109793 0.332017 0.004050 0.769183 0.797018 0.605236 
0.058769 0.844841 0.819869 0.290688 0.623780 0.283302 0.820325 0.665778 0.393244 0.067600 0.523509 0.293768 0.925359 0.012260 0.551436 0.407769 0.170880 0.442218 0.331517 0.516293 0.862726 0.141880 0.107562 0.827468 0.644577 0.983048 0.711093 0.099669 0.434695 0.799613 0.422448 0.640048 0.070663 0.735381 0.718085 0.677444 0.668314 0.428229 0.424647 0.937970 
0.459772 0.106970 0.827594 0.640707 0.050400 0.340444 0.750445 0.027406 0.006780 0.880464 0.274345 0.793864 0.369299 0.210686 0.252890 0.315379 0.012733 0.761213 0.847019 0.728219 0.116965 0.570599 0.857096 0.366943 0.618608 0.575410 0.862846 0.543286 0.920645 0.061217 0.621966 0.406582 0.980930 0.168996 0.207186 0.578482 0.883334 0.922462 0.741828 0.273526 
0.986763 0.944821 0.615937 0.584853 0.757938 0.158016 0.296330 0.596460 0.086984 0.839885 0.811201 0.494158 0.940698 0.923740 0.128789 0.409355 0.278913 0.349775 0.979331 0.122002 0.885384 0.134093 0.020595 0.883591 0.477445 0.777649 0.066104 0.992554 0.798391 0.297012 0.711824 0.096883 0.561958 0.655489 0.926932 0.763134 0.291933 0.100332 0.806405 0.396945 
0.338025 0.111684 0.794795 0.251895 0.466799 0.396327 0.045207 0.915820 0.647441 0.579760 0.966637 0.837537 0.276531 0.459217 0.156930 0.347695 0.521384 0.634249 0.588117 0.720505 0.330211 0.168828 0.201661 0.997362 0.693251 0.494670 0.764373 0.109474 0.011147 0.960558 0.557116 0.620964 0.392039 0.245584 0.243643 0.484260 0.617714 0.814412 0.548723 0.628109 
0.737570 0.109041 0.463125 0.491261 0.744208 0.091917 0.663582 0.610123 0.937461 0.305472 0.700897 0.568009 0.507492 0.242639 0.608270 0.534198 0.295791 0.398356 0.514285 0.427260 0.537932 0.246567 0.869501 0.425711 0.238721 0.891943 0.311348 0.712757 0.543894 0.864339 0.575531 0.777672 0.361001 0.944144 0.002020 0.788312 0.467111 0.688203 0.844198 0.817400 
0.008942 0.803833 0.583476 0.995518 0.273468 0.291740 0.462207 0.513488 0.723949 0.744517 0.724258 0.281256 0.047603 0.753782 0.555910 0.136406 0.060830 0.836536 0.588155 0.258373 0.479253 0.136802 0.223220 0.859276 0.898215 0.540512 0.984248 0.553027 0.252190 0.508569 0.897272 0.107317 0.457149 0.292019 0.462106 0.407493 0.547878 0.251689 0.513229 0.905230 
0.514283 0.597644 0.642971 0.597944 0.620226 0.861750 0.521705 0.704881 0.978579 0.976179 0.092063 0.285934 0.641259 0.021306 0.596771 0.439907 0.434498 0.915912 0.554985 0.246524 0.104045 0.935213 0.045780 0.965412 0.695153 0.681542 0.493903 0.744567 0.203632 0.328925 0.444360 0.598946 0.585658 0.354602 0.602488 0.783305 0.522599 0.376970 0.289325 0.418072 
0.185172 0.814275 0.698178 0.626382 0.892628 0.231319 0.886670 0.927766 0.966444 0.343077 0.178753 0.872261 0.783745 0.329121 0.380716 0.418104 0.197003 0.533473 0.959880 0.809211 0.347743 0.900012 0.563667 0.582549 0.380667 0.431369 0.593615 0.161932 0.459298 0.990403 0.990228 0.785737 0.664132 0.216967 0.696689 0.920381 0.583006 0.824553 0.080943 0.895003 
0.196201 0.296717 0.343188 0.720702 0.389547 0.733532 0.299770 0.287331 0.925024 0.604995 0.018371 0.936388 0.052832 0.814793 0.818250 0.880526 0.621469 0.371250 0.743075 0.663507 0.640447 0.666347 0.546813 0.265417 0.318914 0.322168 0.732681 0.837644 0.596125 0.709468 0.999987 0.077855 0.709969 0.054116 0.338372 0.693528 0.574223 0.268408 0.471695 0.559492 
0.812527 0.644506 0.745081 0.824113 0.182242 0.328211 0.552049 0.570611 0.786471 0.321191 0.785200 0.722994 0.945396 0.600776 0.245429 0.853190 0.654026 0.360557 0.459622 0.653504 0.345299 0.452804 0.216590 0.978958 0.613275 0.229365 0.452352 0.303419 0.532991 0.439302 0.537665 0.719317 0.616807 0.624429 0.053455 0.920947 0.471496 0.523034 0.723975 0.684882 
0.442182 0.358751 0.155198 0.620457 0.017640 0.865398 0.957351 0.319204 0.501248 0.744568 0.919261 0.354295 0.853028 0.472242 0.046807 0.794578 0.829476 0.813146 0.168897 0.256896 0.792754 0.895202 0.627988 0.867994 0.865849 0.059016 0.839565 0.342069 0.320973 0.618443 0.776952 0.021543 0.633219 0.979692 0.437991 0.614314 0.761349 0.872257 0.671476 0.365460 
0.004606 0.953853 0.315888 0.886819 0.337138 0.994244 0.939734 0.106031 0.631790 0.637108 0.050683 0.284272 0.698772 0.602942 0.367521 0.166934 0.397642 0.243535 0.805243 0.873213 0.534825 0.712516 0.143299 0.294168 0.659322 0.377336 0.601362 0.197132 0.015910 0.843166 0.628637 0.051421 0.375232 0.218437 0.552946 0.682157 0.230010 0.845446 0.219807 0.560285 
0.759396 0.176853 0.586647 0.852180 0.634920 0.054906 0.766834 0.210283 0.171894 0.751551 0.563408 0.328712 0.883836 0.549911 0.898388 0.149357 0.114507 0.913644 0.970182 0.364417 0.479073 0.365980 0.182626 0.469300 0.680051 0.109393 0.579398 0.614898 0.491164 0.355329 0.907832 0.792235 0.347997 0.348532 0.861280 0.400718 0.722966 0.772913 0.878451 0.639481 
0.738301 0.743888 0.326101 0.345324 0.747687 0.988099 0.861893 0.618738 0.368450 0.557649 0.798720 0.114874 0.955647 0.404271 0.701718 0.638426 0.869018 0.115650 0.622823 0.974529 0.507194 0.760333 0.884407 0.856143 0.717814 0.812219 0.639159 0.646858 0.139083 0.792616 0.029030 0.796358 0.213594 0.718533 0.920723 0.648372 0.680867 0.789004 0.890923 0.023338 
0.713551 0.446107 0.556147 0.346156 0.651347 0.515681 0.067502 0.844740 0.640518 0.011202 0.015114 0.971395 0.154794 0.265421 0.703155 0.538367 0.744522 0.057849 0.378162 0.386420 0.165518 0.902112 0.775172 0.196889 0.130411 0.464814 0.406862 0.496284 0.524948 0.313998 0.932485 0.366763 0.894027 0.293843 0.202847 0.463541 0.695005 0.667275 0.652979 0.762118 
0.751602 0.420835 0.680930 0.232143 0.332904 0.208274 0.923661 0.137674 0.885643 0.734536 0.402456 0.594811 0.927578 0.556725 0.518268 0.753230 0.181188 0.408155 0.308200 0.383438 0.174488 0.970713 0.775909 0.535880 0.918522 0.417635 0.731634 0.276263 0.926471 0.144314 0.372392 0.944837 0.584475 0.830011 0.672023 0.430696 0.185384 0.854870 0.151040 0.840172 
0.098466 0.911529 0.954921 0.813186 0.534512 0.605389 0.109392 0.369471 0.063024 0.838631 0.683551 0.794623 0.326437 0.365903 0.601051 0.595064 0.402810 0.433915 0.962557 0.654383 0.608942 0.982817 0.252412 0.713776 0.145349 0.847600 0.530446 0.109299 0.800786 0.678743 0.127784 0.675336 0.463540 0.940944 0.180135 0.940242 0.997680 0.958450 0.872434 0.134364 
0.545618 0.822555 0.303716 0.897646 0.196181 0.600567 0.146192 0.937922 0.738825 0.810861 0.810291 0.026834 0.073188 0.272191 0.418322 0.804253 0.032919 0.785823 0.563068 0.075350 0.819162 0.033252 0.120488 0.888728 0.593181 0.325439 0.283423 0.369041 0.773940 0.536471 0.941313 0.656723 0.736398 0.656150 0.311622 0.315135 0.986193 0.929922 0.672372 0.943334 
0.123859 0.328527 0.976808 0.083066 0.390517 0.884666 0.886304 0.591857 0.269108 0.546274 0.489077 0.065934 0.378195 0.636840 0.337642 0.509486 0.537291 0.012982 0.609876 0.868739 0.155893 0.921211 0.039825 0.816039 0.754899 0.005943 0.220966 0.578002 0.615133 0.905368 0.424890 0.840816 0.546782 0.003626 0.394304 0.530169 0.984840 0.433141 0.942644 0.460867 
0.048383 0.767830 0.902727 0.822454 0.679353 0.842760 0.370978 0.115288 0.446521 0.951293 0.726292 0.088270 0.255327 0.611268 0.231811 0.466662 0.480597 0.970779 0.261140 0.692653 0.381940 0.106595 0.733500 0.501429 0.296840 0.741910 0.269653 0.432417 0.550077 0.398989 0.882692 0.653154 0.857675 0.376267 0.043826 0.999471 0.454204 0.479319 0.417501 0.262930 
0.414611 0.489762 0.862328 0.585271 0.951901 0.688754 0.058351 0.791596 0.072362 0.397533 0.987268 0.252879 0.952005 0.059830 0.936894 0.699527 0.143964 0.271720 0.390487 0.450286 0.932618 0.655974 0.709251 0.705340 0.571368 0.379089 0.749584 0.073912 0.035316 0.879891 0.694361 0.378661 0.709993 0.044641 0.088773 0.756521 0.104337 0.668307 0.539734 0.635721 
0.508657 0.338446 0.447437 0.561832 0.012927 0.875416 0.487948 0.282079 0.043743 0.974130 0.696732 0.017567 0.780051 0.410635 0.506119 0.190060 0.986007 0.327440 0.906736 0.499240 0.251202 0.967329 0.045164 0.419020 0.945513 0.900324 0.781223 0.539164 0.164354 0.761368 0.062214 0.614781 0.032084 0.305753 0.773545 0.598265 0.910944 0.988096 0.799306 0.962851 
0.437482 0.893325 0.973591 0.895071 0.325624 0.940723 0.583693 0.920595 0.779281 0.860529 0.449085 0.853366 0.492988 0.899162 0.514324 0.503134 0.203455 0.417965 0.423994 0.771623 0.755635 0.008302 0.505598 0.556358 0.906622 0.342910 0.515818 0.466201 0.191676 0.802984 0.197353 0.891291 0.565644 0.984093 0.331986 0.957192 0.401983 0.517755 0.319899 0.652268 
0.586004 0.915589 0.757059 0.453600 0.826631 0.455808 0.505294 0.316835 0.874762 0.892238 0.594026 0.834317 0.287657 0.394798 0.325555 0.335975 0.242454 0.773533 0.661016 0.766582 0.492788 0.032708 0.840433 0.830011 0.382872 0.758714 0.911964 0.765730 0.547510 0.679431 0.707130 0.904838 0.671938 0.166042 0.995088 0.990222 0.321085 0.904402 0.455901 0.217285 
0.389348 0.166191 0.314578 0.251709 0.783134 0.967486 0.683852 0.739941 0.419022 0.406334 0.361211 0.798128 0.440968 0.827152 0.061548 0.975006 0.159750 0.804783 0.888680 0.578071 0.270631 0.428008 0.772175 0.173267 0.763253 0.982804 0.364430 0.578725 0.522349 0.117701 0.697192 0.870030 0.643405 0.696124 0.855003 0.813187 0.003778 0.891498 0.417216 0.851978 
0.128534 0.788808 0.610214 0.695609 0.393393 0.536391 0.117844 0.445075 0.423365 0.855264 0.110197 0.987624 0.815275 0.213289 0.717799 0.915372 0.640325 0.148295 0.937872 0.565780 0.289237 0.311255 0.061101 0.827553 0.529400 0.971322 0.015299 0.871567 0.471058 0.213349 0.385334 0.559306 0.276384 0.762499 0.304904 0.154947 0.873863 0.851919 0.939802 0.487806 
0.187401 0.404383 0.652317 0.341216 0.053442 0.958146 0.330515 0.983463 0.113834 0.466242 0.346772 0.871580 0.940354 0.786923 0.144843 0.702003 0.935649 0.696937 0.117660 0.992637 0.660519 0.612598 0.144180 0.570125 0.371605 0.676146 0.190566 0.417410 0.890723 0.224364 0.156858 0.813844 0.896065 0.448037 0.079798 0.391305 0.740809 0.179242 0.785977 0.433951 
0.429235 0.126498 0.488128 0.219725 0.682406 0.015302 0.973466 0.830029 0.614027 0.108832 0.724244 0.300077 0.001850 0.777373 0.369950 0.896727 0.525167 0.927725 0.168864 0.958460 0.003690 0.857560 0.969338 0.645412 0.502964 0.943172 0.598796 0.485289 0.395695 0.909603 0.191450 0.589749 0.293087 0.870621 0.862813 0.275737 0.092229 0.348595 0.198200 0.179145 
0.494599 0.473602 0.949926 0.484880 0.776619 0.322101 0.959722 0.240693 0.096591 0.254839 0.440438 0.924592 0.378870 0.320073 0.759415 0.550709 0.274918 0.988381 0.329585 0.579279 0.390414 0.793598 0.850519 0.025384 0.224572 0.912911 0.649095 0.703233 0.247527 0.642617 0.585831 0.458243 0.730993 0.435599 0.939456 0.100237 0.095434 0.929128 0.076807 0.765910 
0.007136 0.903803 0.506917 0.041742 0.895960 0.901075 0.906982 0.550149 0.743298 0.559193 0.882443 0.779498 0.721252 0.693064 0.553375 0.077536 0.273694 0.479582 0.879760 0.912524 0.207266 0.718324 0.986839 0.405316 0.266379 0.771550 0.716443 0.402552 0.953529 0.238992 0.861759 0.931707 0.478751 0.572036 0.968418 0.288810 0.737766 0.571259 0.834454 0.899696 
0.578956 0.843483 0.754707 0.768278 0.505920 0.365238 0.856719 0.427508 0.810608 0.246182 0.993987 0.926839 0.774492 0.331780 0.599978 0.940963 0.000312 0.936063 0.041935 0.358871 0.579619 0.940156 0.569336 0.678483 0.094193 0.017153 0.154818 0.575095 0.785176 0.081346 0.045348 0.803534 0.002197 0.888306 0.274361 0.642320 0.081093 0.401601 0.543495 0.043689 
0.084045 0.447441 0.825922 0.980772 0.181025 0.686056 0.653731 0.157773 0.991671 0.357974 0.686298 0.861400 0.499616 0.585544 0.001845 0.776938 0.021762 0.785283 0.952154 0.710910 0.684061 0.160159 0.847237 0.564853 0.820196 0.355360 0.303549 0.855952 0.505708 0.725737 0.885134 0.107284 0.034806 0.759922 0.194467 0.284580 0.090048 0.477381 0.985703 0.622808 
0.420188 0.928559 0.162603 0.443812 0.100351 0.277364 0.335297 0.211254 0.350815 0.378632 0.946059 0.655360 0.919920 0.855221 0.397438 0.878262 0.068973 0.909595 0.877584 0.350227 0.333125 0.029735 0.810099 0.879303 0.902749 0.862283 0.793200 0.169024 0.830610 0.808864 0.836137 0.737522 0.017481 0.885872 0.552214 0.869875 0.951747 0.340197 0.037478 0.976305 
0.260498 0.872007 0.023665 0.920816 0.523112 0.783323 0.253701 0.912076 0.983662 0.923115 0.555448 0.289634 0.976952 0.583436 0.657241 0.341297 0.496066 0.603082 0.776962 0.850198 0.444465 0.048851 0.313673 0.998584 0.119901 0.358270 0.204217 0.738534 0.346363 0.462174 0.746488 0.840714 0.063419 0.286091 0.843357 0.509536 0.026145 0.402466 0.052019 0.897277 
0.660810 0.075898 0.041943 0.930894 0.682214 0.033765 0.984329 0.251228 0.999344 0.538082 0.461592 0.659373 0.090710 0.454754 0.527191 0.099927 0.117225 0.020800 0.050351 0.922676 0.431767 0.816013 0.815522 0.452308 0.766920 0.787701 0.507034 0.559522 0.381596 0.876269 0.155077 0.994672 0.642305 0.989157 0.248996 0.654823 0.100494 0.302220 0.987518 0.592313 
0.857943 0.633045 0.200781 0.609538 0.820790 0.741489 0.933132 0.916653 0.322057 0.154430 0.681431 0.397114 0.762667 0.472301 0.831173 0.090730 0.807673 0.987378 0.049129 0.918208 0.537491 0.358911 0.318128 0.427605 0.616559 0.431319 0.771838 0.099760 0.192830 0.260134 0.674056 0.229301 0.920938 0.978999 0.082147 0.820518 0.254253 0.673504 0.918389 0.994191 
0.612621 0.718834 0.620309 0.282611 0.893443 0.530973 0.688916 0.031495 0.791256 0.670561 0.735953 0.347962 0.594545 0.585044 0.003375 0.895119 0.959902 0.342965 0.346102 0.498281 0.646268 0.187184 0.380620 0.967946 0.673805 0.532337 0.723287 0.047040 0.294316 0.699625 0.955001 0.344702 0.257379 0.535588 0.063630 0.861893 0.839629 0.888493 0.077992 0.383631 
0.387129 0.553547 0.390425 0.357519 0.642150 0.640752 0.262304 0.553957 0.159689 0.411178 0.043326 0.792078 0.350739 0.461242 0.093958 0.985595 0.510507 0.028034 0.771383 0.652953 0.151993 0.496614 0.974745 0.671299 0.048837 0.478997 0.783620 0.444197 0.920952 0.768507 0.679064 0.018164 0.965639 0.881261 0.170259 0.162122 0.788593 0.019306 0.697714 0.480401 