20 3.0 0.0 1000.0 3 160 240 100

46.81634497886332 5.544323267051043
98.84357823353083 18.19308485161776
0.4898382299998727 87.76884979871674
52.039365392283365 51.00242106517962
85.26348792153398 81.19186869833528
1.8030965692225176 81.28232829533559
52.570143503345705 49.92925367736878
45.234632572367985 93.28167492223437
11.00678952593892 37.01103844423926
37.02731956677074 47.66058571659417
4.639454575122814 84.21010306347712
46.591503298939415 32.13736457659612
47.54650251874472 98.85165761346424
9.840142799393892 77.51129902347314
84.93976610673127 97.53785353081389
44.76777726747155 58.449772607811646
34.85080158177667 1.8160920569686212
16.517337638204133 25.93775447931187
34.349109584258905 71.28615737092105
11.465914593419257 16.47074283959723


47.219588163399976 2.8475948586198396
96.45590176953341 23.99242932966139
3.7451665941575008 80.68720062641844
52.90796471955057 48.402698787232154
79.89207440607831 86.87191661374641
5.03146453906127 78.71111971903221
58.547600511556396 49.182131536639886
45.26404606516968 98.45394732655316
7.751501294066321 36.063247035975444
34.860960333892 47.05433962146375
5.206722820359189 83.77268074437177
42.79711599153102 36.99874845462544
49.204961865191976 94.08264852889333
9.136718664059984 77.13146711639864
82.7805528813604 91.01432472348759
44.179649189513995 58.480083365061965
33.4853889158909 7.957231635476003
21.113922923838967 31.643331656628003
36.21012427169613 77.36779857892286
9.274877492479405 19.76150125197038

144.1
172.1
960.8
103.2
72.1
144.1
864.7
86.0
17.2
86.0
540.4
960.8
258.1
129.0
114.7
36.0
286.8
34.4
36.0
137.6

8.6 17.2 36.0 72.1
17.2 34.4 72.1 144.1
25.8 51.6 108.1 216.2
34.4 68.8 144.1 288.2
51.6 103.2 216.2 432.4
68.8 137.6 288.2 576.5
77.4 154.9 324.3 648.5
86.0 172.1 360.3 720.6
103.2 206.5 432.4 864.7
114.7 229.4 480.4 960.8
129.0 258.1 540.4 1080.9
143.4 286.8 600.5 1201.0

2 5 8 11
5 8 11 14
7 10 13 16
10 13 16 19
14 17 20 23
18 21 24 27
19 22 25 28
20 23 26 29
25 19 31 34
27 30 33 36
30 33 36 39
32 35 38 41

