20 3.0 0.0 1000.0 3 160 240 100

86.4857475990717 63.34706987955433
43.99764552954988 43.088243577552646
53.187817718163025 77.57995106326881
34.51378815761156 75.73383350567194
69.00856751947518 76.41453478959916
34.01672225888984 74.82959245646592
90.18594963119327 1.0116368789066632
93.19038841382869 77.25036343533654
78.96234030729177 88.92006814065998
24.714696613430142 91.28650954135345
26.969932256384766 33.4439570372379
16.468402858718346 4.655085960381
9.640193147518028 43.89048434009795
45.12391457330976 92.0955698282835
21.507707045581594 5.354080259421323
25.427548585492577 14.869686292083916
66.37038204513044 98.00347052868239
30.764428719172898 70.7326518194774
27.156225934646507 33.26050405038599
91.96056638926002 56.51105083202237


86.60767745862739 70.99399086935215
38.91615193730824 39.10097218431305
53.46086497301634 71.31393279683232
32.92410793314217 77.16317630834799
69.14401198896125 70.81954177573812
29.80438431533601 80.06464961371684
92.28336385884683 1.5848840070641912
89.55571056280793 75.62448791846137
80.26011258542319 84.7824476074963
21.634026351452217 94.63740016703213
32.54994447593095 33.23756209450528
12.783027965628325 11.6413332476471
6.595299436005009 42.0743616146454
44.25928103727198 84.94216579224849
17.372866751773753 6.0329244722748365
22.49969367809571 6.929318250542105
66.741932076952 92.3720913163783
33.57636892025424 73.00204141943264
20.530373396968404 36.1698636794598
96.82053322813798 53.00058997042918

206.5
720.6
103.2
144.1
68.8
1201.0
17.2
540.4
480.4
172.1
68.8
51.6
51.6
36.0
68.8
360.3
114.7
36.0
216.2
432.4

8.6 17.2 36.0 72.1
17.2 34.4 72.1 144.1
25.8 51.6 108.1 216.2
34.4 68.8 144.1 288.2
51.6 103.2 216.2 432.4
68.8 137.6 288.2 576.5
77.4 154.9 324.3 648.5
86.0 172.1 360.3 720.6
103.2 206.5 432.4 864.7
114.7 229.4 480.4 960.8
129.0 258.1 540.4 1080.9
143.4 286.8 600.5 1201.0

2 5 8 11
5 8 11 14
7 10 13 16
10 13 16 19
14 17 20 23
18 21 24 27
19 22 25 28
20 23 26 29
25 19 31 34
27 30 33 36
30 33 36 39
32 35 38 41

