20 3.0 0.0 1000.0 3 160 240 100

99.39465553809733 12.393746159839402
50.379371476169425 21.15758326160376
31.484873929098345 39.163676928999514
80.6684193107722 52.559089430904706
98.0750291791937 92.86983387940215
63.84558670554924 60.45165969139891
97.15028697812372 43.404121174029875
73.20662359497845 29.50131302594352
47.15452290287916 71.95523579240005
18.864427221809443 53.18547917723393
63.49438203347605 78.37639255339502
35.06077851881281 55.947351686948686
81.34475917497298 78.78074487368384
32.51522427919499 85.27153135070792
52.9810846876711 74.0051406062091
33.59990981393054 83.03985040449476
44.86825716912401 81.06227185959948
19.721462306708805 57.67682880275441
15.047946991791461 18.104082716023484
74.56831678104487 20.45320536155334


98.98800941340599 5.8151030899765255
47.92808865560572 23.268722925277096
36.44346279658076 45.28776061748325
81.2129043526046 45.7390972976298
98.58372058981662 89.26188877133097
63.69352008163738 52.211400537277
92.63789246330191 49.8768021939183
70.40823781663626 36.76364291572211
49.493132212797 70.11096092046417
17.046889108469276 58.8186538848347
64.59545346096233 86.22722823536874
37.18817941194822 48.86562363957013
86.33481354128108 79.45872278203966
30.542712881409773 80.30192614821509
50.448521528125475 77.0095568839194
36.789385004060115 76.2367601843595
50.241940427177376 81.14704526475168
23.73541380692639 62.12398452614024
10.248923042627078 20.743027580537476
74.631181704045 15.021361723389393

258.1
103.2
17.2
216.2
144.1
216.2
25.8
288.2
51.6
114.7
864.7
144.1
960.8
114.7
144.1
154.9
103.2
229.4
288.2
288.2

8.6 17.2 36.0 72.1
17.2 34.4 72.1 144.1
25.8 51.6 108.1 216.2
34.4 68.8 144.1 288.2
51.6 103.2 216.2 432.4
68.8 137.6 288.2 576.5
77.4 154.9 324.3 648.5
86.0 172.1 360.3 720.6
103.2 206.5 432.4 864.7
114.7 229.4 480.4 960.8
129.0 258.1 540.4 1080.9
143.4 286.8 600.5 1201.0

2 5 8 11
5 8 11 14
7 10 13 16
10 13 16 19
14 17 20 23
18 21 24 27
19 22 25 28
20 23 26 29
25 19 31 34
27 30 33 36
30 33 36 39
32 35 38 41

