20 3.0 0.0 1000.0 3 160 240 100

51.94528759371325 98.42960150386672
74.57035607042883 68.46342496425491
88.56633939229323 14.660495537648465
35.51610042331815 8.231534556926412
34.362067804323445 30.11449513561012
33.05535279137859 92.32793174410162
24.83794479817454 13.83953574671345
61.26803614625198 48.58595324046951
51.5127079941061 14.803205066283919
63.912500152946386 34.22924950921098
80.91397717422046 27.86511364302422
71.52393920021677 84.5407283852843
1.8815551697204613 9.80651245964015
95.24603821237943 69.75303266622915
71.38094346098302 97.98659323969584
46.95627315046673 71.14457392904811
86.03923227191007 40.84282646644368
64.84045780153453 7.844743958382927
12.335067474637128 29.87040077807659
39.88256214907532 95.58773689481457


53.223588317844815 99.26398312909636
79.72074713264836 62.44835995769471
87.37697421598169 19.35195799481868
35.40199842633833 9.963074706841235
36.990559975958746 32.329863848678286
39.300990423589546 93.34378868493299
20.443833791710418 9.287442755081877
59.18528453101499 50.68881255205871
51.38709213252884 22.231101429363786
63.65017307552171 34.56850393909102
85.11875483429961 30.984838715158304
66.85689479995233 86.51034617420079
4.68269330999288 3.045508816362208
98.75445917574237 67.77736061021295
76.73823920736338 94.534075795957
48.29015822835553 77.53190626984313
81.23336424362783 34.61483214825758
64.21980254217188 6.2037802493905
10.850093284391916 37.234857904920204
35.63238658184493 93.00055159758865

206.5
720.6
143.4
143.4
480.4
129.0
86.0
1080.9
17.2
34.4
36.0
68.8
288.2
144.1
216.2
576.5
51.6
77.4
648.5
8.6

8.6 17.2 36.0 72.1
17.2 34.4 72.1 144.1
25.8 51.6 108.1 216.2
34.4 68.8 144.1 288.2
51.6 103.2 216.2 432.4
68.8 137.6 288.2 576.5
77.4 154.9 324.3 648.5
86.0 172.1 360.3 720.6
103.2 206.5 432.4 864.7
114.7 229.4 480.4 960.8
129.0 258.1 540.4 1080.9
143.4 286.8 600.5 1201.0

2 5 8 11
5 8 11 14
7 10 13 16
10 13 16 19
14 17 20 23
18 21 24 27
19 22 25 28
20 23 26 29
25 19 31 34
27 30 33 36
30 33 36 39
32 35 38 41

