8 3.0 0.0 1000.0 3 160 240 100

143.37562006818817 186.32585637747687
111.50644621605174 174.4774735808457
206.7868227425596 2.6231339239470577
66.45942029861529 190.41803795945526
248.75739251922386 54.20407546084205
128.10742956008784 4.859402732967865
133.3815352722812 198.12264754588958
212.95291063983808 152.32158852267926


145.94677853503956 191.56280977871506
107.25248650937155 179.720272156137
208.80166900730399 0.19761766029716132
71.8693165578932 189.3470442265576
245.72496996825086 53.574060929961945
131.87416208731622 1.7065346752045685
135.8653497754445 199.94172220869882
219.29640416776863 155.4976405915638

432.4
648.5
480.4
103.2
103.2
129.0
51.6
206.5

8.6 17.2 36.0 72.1
17.2 34.4 72.1 144.1
25.8 51.6 108.1 216.2
34.4 68.8 144.1 288.2
51.6 103.2 216.2 432.4
68.8 137.6 288.2 576.5
77.4 154.9 324.3 648.5
86.0 172.1 360.3 720.6
103.2 206.5 432.4 864.7
114.7 229.4 480.4 960.8
129.0 258.1 540.4 1080.9
143.4 286.8 600.5 1201.0

2 5 8 11
5 8 11 14
7 10 13 16
10 13 16 19
14 17 20 23
18 21 24 27
19 22 25 28
20 23 26 29
25 19 31 34
27 30 33 36
30 33 36 39
32 35 38 41

