20 3.0 0.0 1000.0 3 160 240 100

56.2084648274679 58.3936428775528
73.79200536610507 13.275446079108322
21.979515920200953 74.72659942962845
30.307257935483612 96.15328882563162
1.750584825441781 39.9829932163444
31.38772661785747 64.75367975468825
95.60752498409644 2.533419914780821
16.928955149751456 79.94173894718774
96.1698312612832 60.5152383920165
39.10895852940847 23.873856992449994
80.25995024352626 78.02085127399285
45.61159284146217 13.546075347763631
95.87615355050832 93.93557783792245
46.72538488178552 54.120149273106364
75.58351064720603 92.09972291356787
27.017525782666173 7.409910828053212
96.86018582128807 94.14598928021302
3.203849145813198 73.05963049719428
38.82793862561348 51.9802042500309
66.78419882125702 23.457944944773757


55.396102965613515 65.56338801328987
68.31539758711264 13.296822626908266
16.109756242650985 78.47258057217998
25.788151185736798 91.17544776323648
2.1826500976980356 47.5725190084916
26.72761174037268 67.41077566299344
95.27493385286809 8.020740019545446
21.44512007896109 85.06898392358728
92.19876920663873 54.09761616961597
38.17769945301617 24.238662565528855
88.37063057175631 78.36917273912253
48.679446931668025 5.827313923564914
97.43859966662994 95.71479924074715
52.03036770174616 55.836422774490465
68.49533543673788 90.01931393779235
25.558992927491687 13.62147615896163
98.8174719234834 94.04284737531849
5.749938794698872 72.50819411795273
39.31899665964582 47.838235869358904
68.95525973708858 22.132538536999924

25.8
206.5
600.5
129.0
143.4
1201.0
77.4
288.2
216.2
86.0
34.4
143.4
432.4
143.4
206.5
600.5
172.1
576.5
34.4
114.7

8.6 17.2 36.0 72.1
17.2 34.4 72.1 144.1
25.8 51.6 108.1 216.2
34.4 68.8 144.1 288.2
51.6 103.2 216.2 432.4
68.8 137.6 288.2 576.5
77.4 154.9 324.3 648.5
86.0 172.1 360.3 720.6
103.2 206.5 432.4 864.7
114.7 229.4 480.4 960.8
129.0 258.1 540.4 1080.9
143.4 286.8 600.5 1201.0

2 5 8 11
5 8 11 14
7 10 13 16
10 13 16 19
14 17 20 23
18 21 24 27
19 22 25 28
20 23 26 29
25 19 31 34
27 30 33 36
30 33 36 39
32 35 38 41

