8 3.0 0.0 1000.0 3 160 240 100

99.0444089344496 23.50154289074699
167.2661648021227 146.33078787339213
102.17006423832741 107.12284894739705
78.02243369118578 209.15063733724537
182.06779510289 146.9841906317911
175.03452677594157 53.79194399630258
110.11560313176369 102.57007797788562
26.302969317318762 199.4479602590176


97.50761281633402 24.25532082200002
163.87699558978878 145.80715711496535
104.74244877314801 114.74861137132234
77.64739159416864 211.41712311287088
174.3351773148708 149.99033710839825
177.30366493405776 53.10023562153338
105.21975011303839 108.93795057113364
20.693188413373726 194.98152524805934

648.5
86.0
288.2
129.0
103.2
25.8
103.2
172.1

8.6 17.2 36.0 72.1
17.2 34.4 72.1 144.1
25.8 51.6 108.1 216.2
34.4 68.8 144.1 288.2
51.6 103.2 216.2 432.4
68.8 137.6 288.2 576.5
77.4 154.9 324.3 648.5
86.0 172.1 360.3 720.6
103.2 206.5 432.4 864.7
114.7 229.4 480.4 960.8
129.0 258.1 540.4 1080.9
143.4 286.8 600.5 1201.0

2 5 8 11
5 8 11 14
7 10 13 16
10 13 16 19
14 17 20 23
18 21 24 27
19 22 25 28
20 23 26 29
25 19 31 34
27 30 33 36
30 33 36 39
32 35 38 41

