8 3.0 0.0 1000.0 3 160 240 100

74.78881359266481 150.80288917506698
127.88245178007926 181.82257888761134
52.9518587008532 44.20955890646216
210.60900347051836 106.46661808808203
105.38195383094595 127.12353003492663
26.190507716614768 53.2658163019418
132.05369391616657 10.096786588381173
161.14490667143505 116.89877975904353


73.08244235487368 155.48670997395578
130.49335056706016 181.4870835061319
46.33306862023737 46.67925385822344
207.25662880411087 100.73671509136592
99.16682254190357 129.01843981634863
26.06086255021381 44.90283495629327
132.20283671282095 4.278304431848373
165.06272222016443 114.2424183156298

143.4
34.4
68.8
648.5
600.5
144.1
68.8
720.6

8.6 17.2 36.0 72.1
17.2 34.4 72.1 144.1
25.8 51.6 108.1 216.2
34.4 68.8 144.1 288.2
51.6 103.2 216.2 432.4
68.8 137.6 288.2 576.5
77.4 154.9 324.3 648.5
86.0 172.1 360.3 720.6
103.2 206.5 432.4 864.7
114.7 229.4 480.4 960.8
129.0 258.1 540.4 1080.9
143.4 286.8 600.5 1201.0

2 5 8 11
5 8 11 14
7 10 13 16
10 13 16 19
14 17 20 23
18 21 24 27
19 22 25 28
20 23 26 29
25 19 31 34
27 30 33 36
30 33 36 39
32 35 38 41

