20 3.0 0.0 1000.0 3 160 240 100

56.3714381419857 62.18202763872226
44.46319812990489 51.713536598835056
92.00735907262325 38.375634333948724
39.81338574654054 87.64969885200082
97.24763067730254 44.22141192868943
51.506051903893514 1.6533092239995661
79.48202824043254 45.8417473549726
21.39659526523069 42.424725289225485
12.04182976976167 11.069268637859608
22.742848756819313 18.05089342573374
22.441008092327607 67.49573211493114
41.192124013136166 88.07017449569304
2.222771574549076 89.18752567493875
4.915449739079669 55.4190603003037
19.171302831807637 46.11590657031083
27.14465757827098 1.5614346643636257
70.49797626204196 14.461051858546803
76.46215953291066 95.90958219864059
63.70276633202554 97.63977002215941
59.73425419563895 87.94553271634828


58.69735439532224 68.497256668764
49.73635122488904 50.945271548292496
91.72388569361111 46.262552811850135
44.253474138083796 80.51137944486295
90.93591172479333 49.41786599118534
49.453038760948154 5.8956094552664045
85.19015565276834 39.66241203998463
22.688434641849355 45.29030356031263
10.615782141249063 17.846473201785905
17.889804203302674 21.02164707521097
24.921916987044845 74.88001221387196
46.93255398816129 82.22339724835956
2.9039247606182594 94.413159276295
5.14553189288206 48.65895334403927
23.511547983180524 49.27196413420953
24.77481491937793 6.104232151864652
78.24784270209254 14.403155504746723
74.62513575891909 92.78269682462536
68.13149114117084 92.78338814948111
57.09051429797392 94.47737394288083

144.1
258.1
34.4
144.1
68.8
600.5
216.2
540.4
480.4
72.1
103.2
576.5
36.0
360.3
108.1
72.1
103.2
108.1
17.2
286.8

8.6 17.2 36.0 72.1
17.2 34.4 72.1 144.1
25.8 51.6 108.1 216.2
34.4 68.8 144.1 288.2
51.6 103.2 216.2 432.4
68.8 137.6 288.2 576.5
77.4 154.9 324.3 648.5
86.0 172.1 360.3 720.6
103.2 206.5 432.4 864.7
114.7 229.4 480.4 960.8
129.0 258.1 540.4 1080.9
143.4 286.8 600.5 1201.0

2 5 8 11
5 8 11 14
7 10 13 16
10 13 16 19
14 17 20 23
18 21 24 27
19 22 25 28
20 23 26 29
25 19 31 34
27 30 33 36
30 33 36 39
32 35 38 41

