20 3.0 0.0 1000.0 3 160 240 100

12.365012724933644 75.63248955268755
1.3833049450068358 12.364736918372198
69.07789517640414 40.38925161678124
27.650084034129087 62.353794128725326
62.893076853645724 49.76630560065944
3.34906508667423 64.97893893809076
40.25319785818454 15.780886362471048
11.782400451189122 17.986378926884385
68.3677894117882 30.66280843018534
66.24948244353094 35.222300215097626
28.105419143601797 0.2858585833528715
81.14383261189158 71.87567949693215
18.641074781208168 32.35781589404969
61.96944348957102 4.468755269857394
91.4242540026141 55.896283892581735
88.53209994011489 61.836692961543434
90.66949078713357 87.28916045873935
83.82596332604784 78.03946330129698
46.7092900287991 39.83046276906605
1.401647182788479 25.80663678108127


10.95621021287183 74.85036925721506
3.316939407645547 19.77204164296048
73.90403103597947 37.751234041973824
32.99950154212096 62.95025808335334
55.7915147076587 51.58186500660244
5.384922629098632 71.73455986716795
39.26550898380305 20.43228675109927
8.544124333987458 22.521625401415022
65.45197010332919 29.197894728641426
63.2679430984917 30.65742334824516
29.28487264793721 2.2280759557830265
74.63919892919448 75.54882738354428
21.810505888429155 28.668448599753972
65.90672984440718 8.106788978958546
85.31294978114747 60.97796961499265
88.47959535927257 55.68557653131868
97.11758470950484 84.9693027756362
86.80255409779446 74.71743495295203
45.79470373146118 34.435663553049146
3.9729749322057972 30.070511355740447

432.4
324.3
108.1
103.2
17.2
129.0
17.2
129.0
480.4
144.1
432.4
8.6
154.9
103.2
480.4
540.4
77.4
480.4
206.5
216.2

8.6 17.2 36.0 72.1
17.2 34.4 72.1 144.1
25.8 51.6 108.1 216.2
34.4 68.8 144.1 288.2
51.6 103.2 216.2 432.4
68.8 137.6 288.2 576.5
77.4 154.9 324.3 648.5
86.0 172.1 360.3 720.6
103.2 206.5 432.4 864.7
114.7 229.4 480.4 960.8
129.0 258.1 540.4 1080.9
143.4 286.8 600.5 1201.0

2 5 8 11
5 8 11 14
7 10 13 16
10 13 16 19
14 17 20 23
18 21 24 27
19 22 25 28
20 23 26 29
25 19 31 34
27 30 33 36
30 33 36 39
32 35 38 41

