20 3.0 0.0 1000.0 3 160 240 100

31.321408468575683 34.14305491164836
75.82155364594594 61.46603830355425
59.743947065387715 41.83477147657078
12.577874930539423 11.253795187063497
19.030803116017513 64.67729653821883
41.145119908425585 10.42020712618198
37.23326418491425 15.346785005747776
96.15475222951167 94.95186437179187
14.085165393980215 74.7485006349386
23.728598541817735 15.907895180445097
52.18572928563505 63.02888804260763
25.59247442811271 3.758295232110598
48.642713541002905 15.390497707959206
21.985036830375215 99.14196417901398
49.23796234095506 86.96677724931732
63.04132005835559 27.334638944904633
51.112081951748614 52.15941588810422
78.5965875923075 70.1103829786591
39.73515771745581 51.07160959169512
35.95608827998751 99.14646318503306


28.625015278119125 37.746443239496266
81.95651662521828 65.42587582669336
58.44754497076874 37.57672429848583
8.140024278484548 8.15255534881365
18.59309575097453 68.45579857534105
38.76397240118521 15.301135089888584
43.678587329247165 16.89546656752885
88.1441850649989 92.77065905482532
9.236586749324271 68.13177269964528
32.02936330516234 15.834353473904573
53.10851955246613 68.39936922346203
31.240116928803452 1.4414084894890933
42.30331885676056 16.99480731120653
17.220057817779065 94.76772681062614
48.821391964679336 81.74280624694859
66.98989512770194 25.452477419390405
48.00348015310295 48.76040177093286
77.86829355286726 75.0709267094677
40.26614047259424 55.347471084010344
40.37864339930613 99.11124733827748

143.4
540.4
600.5
648.5
1201.0
144.1
154.9
1201.0
8.6
720.6
108.1
216.2
480.4
8.6
432.4
143.4
144.1
480.4
432.4
576.5

8.6 17.2 36.0 72.1
17.2 34.4 72.1 144.1
25.8 51.6 108.1 216.2
34.4 68.8 144.1 288.2
51.6 103.2 216.2 432.4
68.8 137.6 288.2 576.5
77.4 154.9 324.3 648.5
86.0 172.1 360.3 720.6
103.2 206.5 432.4 864.7
114.7 229.4 480.4 960.8
129.0 258.1 540.4 1080.9
143.4 286.8 600.5 1201.0

2 5 8 11
5 8 11 14
7 10 13 16
10 13 16 19
14 17 20 23
18 21 24 27
19 22 25 28
20 23 26 29
25 19 31 34
27 30 33 36
30 33 36 39
32 35 38 41

