20 3.0 0.0 1000.0 3 160 240 100

29.728966156843583 2.0792709946592103
50.396969415617896 56.52064008426751
27.84357202055805 87.02920702804715
33.516796878783076 47.00382907268824
75.62936025340346 54.36787193848362
8.93372976050072 98.97824769004255
89.89452583654202 50.65873851103295
99.42399089907661 26.527606794688985
35.541886863227134 29.160496958185323
18.036360038859645 9.367441511693631
78.22370587839866 6.640600490636905
27.897364583886088 9.334091255448573
52.416769839562285 31.483968040167376
77.58089246239982 91.64333872078065
61.00286550897723 51.121580492519605
86.0792376738876 11.278622242017466
32.041351912616946 57.77325060356178
60.134034385710336 75.20715641952982
35.68502644839009 33.47212191040114
77.24205170487312 20.365938182278786


27.39220441163297 6.337079439634641
55.10234883005488 62.579995801600575
24.849787283067304 86.81208773887185
35.735434160460414 52.985723481349154
76.64387312804688 52.73189577266347
12.891653408115255 92.11778346424694
91.21117612066688 42.79424979966595
95.94956231205293 25.698337164847594
32.167438330114436 21.85010506437559
21.82328132994754 13.64720498923706
85.15495693952903 10.70925691538318
23.4441634532333 8.530415239771061
52.75662841782398 34.429004541439646
84.18603984270263 88.45078428811858
69.3781483469975 50.38077872133299
89.50620521164068 10.721580515864426
34.23367899411607 54.608388480428715
66.00766267381091 76.53303452661156
39.63503237560199 39.01766661530503
73.62248918181018 19.58849544263056

258.1
36.0
103.2
229.4
286.8
480.4
154.9
288.2
68.8
360.3
129.0
108.1
288.2
432.4
864.7
258.1
720.6
288.2
648.5
129.0

8.6 17.2 36.0 72.1
17.2 34.4 72.1 144.1
25.8 51.6 108.1 216.2
34.4 68.8 144.1 288.2
51.6 103.2 216.2 432.4
68.8 137.6 288.2 576.5
77.4 154.9 324.3 648.5
86.0 172.1 360.3 720.6
103.2 206.5 432.4 864.7
114.7 229.4 480.4 960.8
129.0 258.1 540.4 1080.9
143.4 286.8 600.5 1201.0

2 5 8 11
5 8 11 14
7 10 13 16
10 13 16 19
14 17 20 23
18 21 24 27
19 22 25 28
20 23 26 29
25 19 31 34
27 30 33 36
30 33 36 39
32 35 38 41

