8 3.0 0.0 1000.0 3 160 240 100

147.86093707306958 240.5707779841911
114.6090251859824 53.469946380335365
37.69166601012605 31.61595381262339
40.24233108604383 42.0995788791301
107.31832473483644 38.31435011699141
169.9449935864742 75.19763744181567
40.04812999585059 129.13330801313026
121.84126599559647 28.614545040060698


151.52090642632857 246.0233844206465
115.26950889555285 58.45735642079461
40.69546119725728 27.675175690407062
37.314485244037684 38.36005086222782
102.65077499094524 43.370893422624654
165.4165593088484 75.34071564169703
44.537791035317824 127.68331610086278
120.93540985663223 25.681055163124828

864.7
206.5
229.4
86.0
129.0
129.0
360.3
129.0

8.6 17.2 36.0 72.1
17.2 34.4 72.1 144.1
25.8 51.6 108.1 216.2
34.4 68.8 144.1 288.2
51.6 103.2 216.2 432.4
68.8 137.6 288.2 576.5
77.4 154.9 324.3 648.5
86.0 172.1 360.3 720.6
103.2 206.5 432.4 864.7
114.7 229.4 480.4 960.8
129.0 258.1 540.4 1080.9
143.4 286.8 600.5 1201.0

2 5 8 11
5 8 11 14
7 10 13 16
10 13 16 19
14 17 20 23
18 21 24 27
19 22 25 28
20 23 26 29
25 19 31 34
27 30 33 36
30 33 36 39
32 35 38 41

