20 3.0 0.0 1000.0 3 160 240 100

76.01886279257081 0.9645173167421639
98.68869114353488 5.537579542448534
5.334439243656508 78.60221934622176
94.3026662987672 60.29491837232486
96.02061226244157 69.25219992052446
55.806500415294046 88.81283122349353
80.48780213460616 0.07083857153105111
9.037263085069702 30.016778958276944
58.59353791306185 49.08260777119994
21.08952930415502 48.48580663448162
97.60435609975133 77.19779055306756
81.74604715062588 65.41967735336655
32.47756997437138 71.7363582606928
4.977465689821581 2.401989956833972
99.24128880020227 65.85059357357733
68.9058351187131 34.85440656782346
75.0283163986905 30.439512579579453
92.08529694089343 52.92572921774402
83.2706374840786 1.5600840260141857
28.85131595208179 15.596795896532356


77.85949700543547 2.7967308285164916
98.92468317518494 12.33174506943051
9.244105507598588 79.75346706838184
89.14417231428915 55.432140857811405
96.6628344338482 61.18022242433562
53.59833463049958 90.22048626267959
82.67713998277006 3.8801696093665794
4.48634634638736 23.168705423887694
59.232600127770105 54.59831531083144
14.737790274021412 46.05752328192456
95.67096930627505 72.07238434245893
85.81044768587329 58.04404006376163
33.041087520175985 65.46713725427232
6.9427665104143665 1.5560512127781534
97.1421965240764 68.99576976464645
70.20809399162628 29.208478412053452
77.01864086504393 29.730729273794754
88.1394875378569 60.315429693803004
84.73067125539974 2.469193501290623
28.06511975138384 16.68841403406598

144.1
17.2
540.4
324.3
34.4
1201.0
143.4
360.3
1201.0
216.2
72.1
154.9
68.8
216.2
720.6
129.0
540.4
103.2
72.1
600.5

8.6 17.2 36.0 72.1
17.2 34.4 72.1 144.1
25.8 51.6 108.1 216.2
34.4 68.8 144.1 288.2
51.6 103.2 216.2 432.4
68.8 137.6 288.2 576.5
77.4 154.9 324.3 648.5
86.0 172.1 360.3 720.6
103.2 206.5 432.4 864.7
114.7 229.4 480.4 960.8
129.0 258.1 540.4 1080.9
143.4 286.8 600.5 1201.0

2 5 8 11
5 8 11 14
7 10 13 16
10 13 16 19
14 17 20 23
18 21 24 27
19 22 25 28
20 23 26 29
25 19 31 34
27 30 33 36
30 33 36 39
32 35 38 41

