20 3.0 0.0 1000.0 3 160 240 100

75.73492718427279 32.583802096183256
47.62872205960179 2.10017887460876
97.98335867365233 56.13169731743154
54.0323054987214 94.5452588654401
1.223761906976617 87.98104605467532
19.53633559024006 79.00594542825601
2.1666055115103444 18.93577937252712
46.99152685228495 78.15533582663143
11.176079358217406 23.448683497848755
22.197420295455505 93.9157387234703
24.378141887910353 68.75212694312539
85.19786743891147 92.48881737977148
34.86879837041245 63.16494541023934
7.596008222319184 52.65553292770332
21.86386579951539 57.98084280721313
22.638593034025444 41.839645634797996
94.83992577101328 20.237222717980462
47.124736504103296 32.43495764424358
67.31276217417698 16.251272130322935
55.96502147168374 63.64034196970376


68.47838335730533 33.86674901262716
51.10529940491083 6.210223341961518
99.66257468567572 53.08820612050674
59.590339998069986 99.47830843231853
2.1804342725545878 80.70253604540994
23.104824145869983 82.60173386402894
3.2602157779880736 15.337712182593599
43.69743346206523 80.42506555319294
9.506026494921239 15.312397403839483
21.247652677030395 88.60361175627574
31.894366380973725 65.41880297447487
84.77002086828145 88.9562745799514
38.71150942565285 67.09378700686825
3.3099627149231314 53.60843902724994
18.02131071333717 59.97197079596819
22.20070714653871 40.36353471976918
93.74162844342817 26.57211025834496
48.57794731458866 31.065758938470033
65.39279633494374 17.21161651685459
61.1448033642793 60.59899776101094

144.1
288.2
72.1
144.1
34.4
143.4
68.8
960.8
8.6
432.4
960.8
34.4
360.3
51.6
34.4
72.1
114.7
129.0
206.5
288.2

8.6 17.2 36.0 72.1
17.2 34.4 72.1 144.1
25.8 51.6 108.1 216.2
34.4 68.8 144.1 288.2
51.6 103.2 216.2 432.4
68.8 137.6 288.2 576.5
77.4 154.9 324.3 648.5
86.0 172.1 360.3 720.6
103.2 206.5 432.4 864.7
114.7 229.4 480.4 960.8
129.0 258.1 540.4 1080.9
143.4 286.8 600.5 1201.0

2 5 8 11
5 8 11 14
7 10 13 16
10 13 16 19
14 17 20 23
18 21 24 27
19 22 25 28
20 23 26 29
25 19 31 34
27 30 33 36
30 33 36 39
32 35 38 41

