20 3.0 0.0 1000.0 3 160 240 100

33.85907640040644 75.67883107633895
52.93839892055351 49.64340334033997
28.891035946936583 48.02543768848119
28.179806315631772 82.3130537765891
30.087965046164644 36.318542168098844
90.84030333234344 83.0756504865132
33.27880019636081 49.986852449075435
24.646178959757037 95.79508157647602
87.7142771313126 83.91120014545146
61.66063740116743 14.131879795034008
74.61830459844253 18.50713676821001
82.95226280274237 54.72882383592498
80.50273612835103 93.6457315258614
41.318572152284496 59.908340617288246
82.8078450852301 20.740965047709714
86.04726430154062 99.69788325980832
33.61490339483536 63.053832704854784
38.40704483831825 43.33413698324485
62.653810084156014 49.2123940924167
32.377536079548584 79.76376935184436


34.146696578343395 76.78271385548587
52.35073626308635 57.54386764677174
24.843046464016272 54.56408386335061
22.89769781318264 76.2222600152122
34.62279900798262 40.29623910926882
86.137653045327 82.0097796337105
34.02627796934926 44.557171783670704
26.69349464815628 98.61720196645366
90.85591075639142 88.19034144674002
54.54533124138558 12.54132452330653
76.3127855114882 18.452058117302826
84.17198525434776 50.196433802275266
85.0118943431174 98.2645877074457
35.600839673668816 61.06688331311173
74.68472911439306 18.900323329346016
88.36772474194949 92.58999635912663
35.878363873704934 68.77934264878547
32.32679671349226 42.86410798533896
60.91555407169097 51.577994871837475
26.786849939241087 80.7690584737577

68.8
103.2
144.1
600.5
72.1
34.4
576.5
103.2
8.6
154.9
432.4
286.8
144.1
154.9
648.5
129.0
648.5
108.1
68.8
258.1

8.6 17.2 36.0 72.1
17.2 34.4 72.1 144.1
25.8 51.6 108.1 216.2
34.4 68.8 144.1 288.2
51.6 103.2 216.2 432.4
68.8 137.6 288.2 576.5
77.4 154.9 324.3 648.5
86.0 172.1 360.3 720.6
103.2 206.5 432.4 864.7
114.7 229.4 480.4 960.8
129.0 258.1 540.4 1080.9
143.4 286.8 600.5 1201.0

2 5 8 11
5 8 11 14
7 10 13 16
10 13 16 19
14 17 20 23
18 21 24 27
19 22 25 28
20 23 26 29
25 19 31 34
27 30 33 36
30 33 36 39
32 35 38 41

