20 3.0 0.0 1000.0 3 160 240 100

78.14905549424907 53.05010897348755
8.599723874774313 24.31030800088685
25.999913111595554 75.05388753608557
81.47162324089182 79.13780539380758
60.77417823060802 9.509574454223312
65.45261813566638 66.26345028894247
14.64133178362953 68.20449094381735
40.25306479445327 7.745111910206493
99.005680872673 41.82810104748646
30.040829850433916 99.21675128057669
78.37733797098522 52.74755729913214
52.01121183602546 4.470022064813229
21.411229018029076 36.855125665908375
48.76722198556747 95.02434229485637
67.55016400702071 38.631598994845554
34.32836686368731 8.90783915701272
12.025673152064975 12.058356189647856
78.68324656410155 92.80852049001135
59.771343661176125 32.986144717054465
91.30599672356293 91.61932085380282


69.72285979326728 52.403280445049006
5.743304772377112 24.421368490061756
30.910629909018272 75.33093455527164
79.4504201397406 84.64260245224996
57.6881796727579 13.735593614028963
58.49235099245027 62.30005305024924
17.618347597344318 62.16497999723097
45.19738073588437 7.562218799595799
92.01902340500594 39.21344903532644
36.89383533449829 97.57217917756063
75.25265750406035 56.54210671483016
47.78470963816631 7.645392904921822
15.262678835385913 35.00499339943869
41.3831669325393 95.20231668991464
71.55226932763482 36.99615797369455
30.006381869779762 15.111152285202767
17.88247780874831 6.440711488263718
74.29074881363242 88.82302140638849
62.34380821792771 25.906527408805367
96.08281173853769 85.02685983670739

17.2
229.4
286.8
600.5
137.6
648.5
103.2
1201.0
720.6
229.4
960.8
360.3
34.4
360.3
114.7
25.8
17.2
258.1
288.2
51.6

8.6 17.2 36.0 72.1
17.2 34.4 72.1 144.1
25.8 51.6 108.1 216.2
34.4 68.8 144.1 288.2
51.6 103.2 216.2 432.4
68.8 137.6 288.2 576.5
77.4 154.9 324.3 648.5
86.0 172.1 360.3 720.6
103.2 206.5 432.4 864.7
114.7 229.4 480.4 960.8
129.0 258.1 540.4 1080.9
143.4 286.8 600.5 1201.0

2 5 8 11
5 8 11 14
7 10 13 16
10 13 16 19
14 17 20 23
18 21 24 27
19 22 25 28
20 23 26 29
25 19 31 34
27 30 33 36
30 33 36 39
32 35 38 41

