20 3.0 0.0 1000.0 3 160 240 100

56.35619290467043 42.42240386224508
13.091913929351994 12.327253565864849
4.000171539125896 11.910462340715089
61.791422373460094 58.97539110925385
23.524226836404118 88.9893039631059
90.14946861162197 56.89170746900005
5.374061085512061 67.7427580277617
93.23891019393213 41.856666026644305
61.44431081069058 34.95710658563688
52.93415036023008 18.74434876623757
64.87465637066224 53.64590998562636
96.587475975976 46.65658621068454
96.08508077553853 12.115782567501709
97.83937650892538 76.00375683949161
15.287376190330859 19.037514883817707
35.219589731410814 43.66996023910331
15.879984454655926 18.74928390391497
19.990211081545052 19.318567680016407
17.241491869455693 32.90407995991509
52.62278281855043 83.14919525442636


61.93256918362265 46.793777509549926
13.702146239291457 11.693402392010421
4.812516224394303 8.529765262099453
58.10027976538673 57.67507201597872
19.979248324170207 89.3844383556534
91.6548829515071 53.84121999765219
1.7751514057851803 69.29005691779092
88.06914552947677 37.7377709999183
54.95236496027476 39.09644697999909
56.64264810489953 14.41128218042772
72.48158731030571 51.52041201673831
94.19969040066438 43.84262224925168
96.14636622667977 6.296203856277094
95.52607521466541 81.31786078976502
14.099327758169544 25.23044383412214
35.357081993213036 40.204975894020755
14.257424506281513 13.559195678758496
17.578110933428537 19.124007243797227
12.005914844369281 36.12373913879024
47.55375280055628 81.40677720404234

216.2
432.4
216.2
288.2
68.8
286.8
540.4
360.3
129.0
229.4
114.7
172.1
324.3
86.0
216.2
360.3
137.6
576.5
72.1
154.9

8.6 17.2 36.0 72.1
17.2 34.4 72.1 144.1
25.8 51.6 108.1 216.2
34.4 68.8 144.1 288.2
51.6 103.2 216.2 432.4
68.8 137.6 288.2 576.5
77.4 154.9 324.3 648.5
86.0 172.1 360.3 720.6
103.2 206.5 432.4 864.7
114.7 229.4 480.4 960.8
129.0 258.1 540.4 1080.9
143.4 286.8 600.5 1201.0

2 5 8 11
5 8 11 14
7 10 13 16
10 13 16 19
14 17 20 23
18 21 24 27
19 22 25 28
20 23 26 29
25 19 31 34
27 30 33 36
30 33 36 39
32 35 38 41

