20 3.0 0.0 1000.0 3 160 240 100

8.22457617183402 52.36274971196694
4.624100547852638 51.90380324713884
22.235794107879737 15.735229626045232
21.290132407547034 54.47514496407432
41.51796974708631 87.34059136554492
27.061124257594894 5.398676146633708
77.28410255536517 79.3107497105477
79.30379531834028 72.87243201885467
88.46610226809901 82.7528099469298
64.32150834021712 49.66760549665401
59.60561793762547 11.514477549221425
22.59916066125276 61.7697474382534
5.917134355258014 26.633870722518836
27.56640323451791 54.70007541096764
86.15901195481108 83.84361684657752
87.88367240325925 89.67680978584161
50.67569753253218 3.5905286599621
8.107619946568601 93.39425404400097
48.23691852510784 29.04842941243174
66.99151100089352 16.161625309420337


9.887223510433707 55.7686432030693
10.879502130826124 52.337957028220764
17.09962874076103 19.10289699261559
17.46766039559735 56.094051845714375
41.598472416210505 80.12101969475633
33.160428941096875 3.840026614473302
71.52040308755704 83.79086356760506
81.5143522526344 76.07919602446466
83.52447827506545 83.38526677761838
69.13574479706803 44.710019101150856
64.4743639565617 9.65938246543886
18.82213891602319 54.777082127491425
9.989852697454694 20.884877904127073
26.03393488117842 55.383391031841654
92.95080645169263 82.66943592885819
86.90069077498879 84.894621840845
56.28678560842757 7.039851047092727
7.830121217357888 95.58004784465646
45.55736766366007 22.7343137697683
65.46003728385031 19.639483406750514

206.5
72.1
86.0
540.4
206.5
51.6
1201.0
129.0
36.0
34.4
206.5
360.3
576.5
51.6
137.6
720.6
137.6
34.4
216.2
216.2

8.6 17.2 36.0 72.1
17.2 34.4 72.1 144.1
25.8 51.6 108.1 216.2
34.4 68.8 144.1 288.2
51.6 103.2 216.2 432.4
68.8 137.6 288.2 576.5
77.4 154.9 324.3 648.5
86.0 172.1 360.3 720.6
103.2 206.5 432.4 864.7
114.7 229.4 480.4 960.8
129.0 258.1 540.4 1080.9
143.4 286.8 600.5 1201.0

2 5 8 11
5 8 11 14
7 10 13 16
10 13 16 19
14 17 20 23
18 21 24 27
19 22 25 28
20 23 26 29
25 19 31 34
27 30 33 36
30 33 36 39
32 35 38 41

