20 3.0 0.0 1000.0 3 160 240 100

91.43829323020711 31.128306077125544
40.434313413895815 50.92256802471059
98.4423649884261 98.38769667572367
75.4975537886113 95.8900373677172
71.70173689481838 41.221192404295046
32.554806071425105 21.404911000735638
90.6383250470029 34.50332847155917
14.589217392109521 56.72767543499918
35.838897310749275 24.60476489073139
64.12120028609677 85.33234518338402
34.90143254703221 23.84471121656292
32.4853576761692 96.71164954838187
79.33335734330468 41.42844141815908
77.68967002743949 59.683328449049746
38.37403333218029 32.27616840923816
97.8165817141628 75.1481344838164
56.55931126878878 81.51989090322651
67.59350743906985 49.29883470243984
22.895127435635942 69.87723814039629
13.501188581562552 15.079390185210128


95.35424832373657 26.024167195504468
36.43744530541485 47.26692082638538
94.15465659040511 92.37968316385657
71.89917018575085 92.90000367881136
71.00590433351077 45.89562208668304
39.405771889927365 26.1883542086736
93.04684836893605 34.43878931784734
18.816127212921874 56.98794874910599
29.46952221263728 26.996229699449646
71.070592384086 84.70993413574178
26.65868344566863 24.286534273258596
30.26076079095017 93.53571944033952
79.79588364730273 49.44395147590228
73.28576858668443 52.47513385982189
34.44287167729113 34.73797558230457
95.41554058447855 77.10059110202734
53.60953186870465 74.017768832715
63.97653300804412 43.648057387271166
23.104427169626096 64.53196605646885
11.07451266032411 22.23292793339615

25.8
432.4
720.6
154.9
25.8
36.0
144.1
324.3
137.6
144.1
960.8
36.0
360.3
576.5
432.4
576.5
108.1
648.5
286.8
34.4

8.6 17.2 36.0 72.1
17.2 34.4 72.1 144.1
25.8 51.6 108.1 216.2
34.4 68.8 144.1 288.2
51.6 103.2 216.2 432.4
68.8 137.6 288.2 576.5
77.4 154.9 324.3 648.5
86.0 172.1 360.3 720.6
103.2 206.5 432.4 864.7
114.7 229.4 480.4 960.8
129.0 258.1 540.4 1080.9
143.4 286.8 600.5 1201.0

2 5 8 11
5 8 11 14
7 10 13 16
10 13 16 19
14 17 20 23
18 21 24 27
19 22 25 28
20 23 26 29
25 19 31 34
27 30 33 36
30 33 36 39
32 35 38 41

