20 3.0 0.0 1000.0 3 160 240 100

19.812039193082363 8.25043754213045
34.12930817289344 72.20067355893725
94.25902748725917 63.06457174496535
97.54124042444583 90.02472670148673
23.85079629857032 86.06531376824461
11.672047834482202 34.90191048069895
35.96378793656157 46.52382286706177
59.37529007381962 63.026856233886775
39.12248976762488 37.504825442535584
16.864155944526804 23.532961351918836
91.14288162595417 30.880370918977086
71.82764498990666 26.50697402323963
27.875653258700993 72.14193294743644
63.769354107093434 80.28871127819927
89.62838361173736 81.92996259114413
33.55152407229702 48.72980622744765
73.17505053597276 75.10003781164704
18.475771727880552 75.20637103173226
74.35008553486624 56.00919392206614
97.0476907573256 3.071110311557823


23.960647256096557 4.4092016898310105
39.27930867782739 68.81661686971385
98.51459318469819 56.62708258845548
95.32266850879967 90.37195636238681
23.53764868414587 89.03720817647677
5.9255408111469565 29.760789846639526
38.56666590516456 38.69303072551876
64.24406588200765 62.239100190716776
45.793420651570685 36.24075277104968
15.181424927750841 26.139348161532418
89.37985094624327 32.42201729820994
74.4260748558055 31.98843617290361
22.65785383546792 76.97651573456609
67.1098728672443 83.8260488575268
90.01676729943989 80.37408270403522
38.852276985302304 48.87409582310838
74.20304136256702 69.60459844225294
20.11376592362223 75.17900559163014
75.1525970598736 56.21050093025619
96.9407818137852 6.945450487071136

17.2
34.4
114.7
229.4
229.4
286.8
143.4
324.3
1201.0
720.6
103.2
360.3
1080.9
144.1
1201.0
540.4
432.4
34.4
137.6
360.3

8.6 17.2 36.0 72.1
17.2 34.4 72.1 144.1
25.8 51.6 108.1 216.2
34.4 68.8 144.1 288.2
51.6 103.2 216.2 432.4
68.8 137.6 288.2 576.5
77.4 154.9 324.3 648.5
86.0 172.1 360.3 720.6
103.2 206.5 432.4 864.7
114.7 229.4 480.4 960.8
129.0 258.1 540.4 1080.9
143.4 286.8 600.5 1201.0

2 5 8 11
5 8 11 14
7 10 13 16
10 13 16 19
14 17 20 23
18 21 24 27
19 22 25 28
20 23 26 29
25 19 31 34
27 30 33 36
30 33 36 39
32 35 38 41

