20 3.0 0.0 1000.0 3 160 240 100

25.742449931242884 91.83702244950464
83.43867903407155 82.20777437556202
47.345649534101206 81.75625243640177
45.922785178593436 98.7317226925721
22.472059200857053 16.45756702792015
19.90329251457056 36.3471307569753
66.27106388859715 35.996141305302345
88.26729693664535 79.54959158535026
84.74732498248714 84.22313830029887
61.772350504467255 16.85889540228127
20.2089332353392 18.280083223838094
1.7405117320737573 36.270360404775836
73.9555044438093 78.7534429331053
16.690238433174855 53.62692602710357
72.27634321893008 20.38127393817747
1.4973869164475517 60.361065335110965
1.4166365441478979 92.17085809915316
55.7539735049791 75.35153589612456
94.68204940862204 4.9211721083319615
23.828602916842144 75.47594103617654


31.719930468049395 92.91745237032552
88.29720220788514 79.47360303604576
51.40337576731887 86.73075849235471
39.75577950207255 94.7093727061809
24.402028319249112 18.14232083275744
17.669439400803853 40.86708522817403
72.36445494884346 35.42608050436654
94.46717041952442 79.73482583335415
83.75058407858155 76.97873905494592
65.39190171036824 14.554591925330273
21.76617596706191 26.253401061915348
0.1303150695666888 38.99940107856356
72.27244337769218 78.44303805415855
14.901494109620216 49.51799781124356
74.59614266173543 18.393945021523617
4.7850320893405796 52.64823495432197
5.0412705391792105 92.19729783439927
55.40500769036705 78.94960147870059
87.90902959492381 9.706212831630157
15.374160436530193 74.96890077951645

480.4
51.6
432.4
206.5
229.4
72.1
172.1
154.9
129.0
324.3
68.8
144.1
600.5
432.4
206.5
108.1
432.4
864.7
34.4
864.7

8.6 17.2 36.0 72.1
17.2 34.4 72.1 144.1
25.8 51.6 108.1 216.2
34.4 68.8 144.1 288.2
51.6 103.2 216.2 432.4
68.8 137.6 288.2 576.5
77.4 154.9 324.3 648.5
86.0 172.1 360.3 720.6
103.2 206.5 432.4 864.7
114.7 229.4 480.4 960.8
129.0 258.1 540.4 1080.9
143.4 286.8 600.5 1201.0

2 5 8 11
5 8 11 14
7 10 13 16
10 13 16 19
14 17 20 23
18 21 24 27
19 22 25 28
20 23 26 29
25 19 31 34
27 30 33 36
30 33 36 39
32 35 38 41

