20 3.0 0.0 1000.0 3 160 240 100

47.871407429096855 83.67041023213582
72.92085410992468 77.36822473983065
98.43977616188134 94.74940096935805
80.35292615615212 47.98923613424708
72.09225638415225 66.88943447875
88.52378037738558 75.58032597513859
60.275131321457835 12.174262112194945
98.73387688029344 56.8153234152728
36.945230446857046 48.07677139483664
49.424900511137416 29.142984218236677
80.78818086278132 52.83699262671945
45.556448775143245 20.298114587664596
39.88048836792465 41.32844940700584
93.54712517039842 25.69609924801619
76.31394373969388 9.525328811168166
14.622604556199493 97.83046913911522
99.9155138108853 76.1506137026713
58.149940862989105 81.66413279512848
46.8579811904789 72.20394139677501
73.15309051728087 78.29897819785015


42.61930194298687 77.57284457237742
77.14277965346129 83.3545530568524
94.69028579801126 89.34361407664014
77.63990710524618 43.8051346820002
73.00854675113577 63.031799329659954
90.6618721769747 76.08808904810871
63.68797599120407 12.336573725352507
96.54773998504554 51.387366941246256
41.194111728724 50.82420892889326
43.64498367625469 23.642149726716976
76.1221240564776 53.944172744694775
50.42946888612393 25.33805302950475
33.84272916162941 41.44615690045163
96.11510173726103 17.63392390098819
74.88010627269314 17.39981735093348
9.36913453870456 93.7853715831998
94.25086160750809 74.14543386607919
55.55254058181838 88.56096441225203
44.38081267695737 79.6541803447349
77.2997593006811 72.38524911074808

34.4
206.5
72.1
600.5
86.0
720.6
216.2
360.3
72.1
77.4
216.2
360.3
108.1
648.5
34.4
1080.9
286.8
288.2
960.8
600.5

8.6 17.2 36.0 72.1
17.2 34.4 72.1 144.1
25.8 51.6 108.1 216.2
34.4 68.8 144.1 288.2
51.6 103.2 216.2 432.4
68.8 137.6 288.2 576.5
77.4 154.9 324.3 648.5
86.0 172.1 360.3 720.6
103.2 206.5 432.4 864.7
114.7 229.4 480.4 960.8
129.0 258.1 540.4 1080.9
143.4 286.8 600.5 1201.0

2 5 8 11
5 8 11 14
7 10 13 16
10 13 16 19
14 17 20 23
18 21 24 27
19 22 25 28
20 23 26 29
25 19 31 34
27 30 33 36
30 33 36 39
32 35 38 41

