20 3.0 0.0 1000.0 3 160 240 100

35.14316774382065 71.3555414467587
35.58602547640444 68.14751022412484
30.38532570889251 84.16352085381486
44.043299075297504 49.85887682164001
10.017180294749162 61.64761799392567
35.54346523115366 41.134712331739244
95.71437503032925 29.739022962045702
55.86300858736383 73.67251287534661
60.96219322529651 13.14825409186442
94.11026359355762 57.30733563496236
67.66850119696032 49.903136299621764
98.3517055762644 32.0906012374388
32.48891301655584 1.3966451381544842
6.008047092489555 4.221476563170734
40.863391715596634 9.32799802462111
24.21341466102318 15.946659120151697
38.81582897293009 45.55321230657735
26.765869021580045 57.58374461577738
8.902645187684932 66.47454667379918
96.82215996780332 94.22012745064546


37.0630126892597 78.42349909117884
33.48886528457987 70.42042614073452
26.45768294522941 82.84389894376417
41.52982405797503 52.15359552679335
3.5521266742011615 64.90490130027268
29.80459282426997 44.10519777097623
93.00895514690428 29.003668744976572
59.2173223233861 72.95338855510303
64.8648560429964 13.69762976023068
89.09774338290273 62.033988790043004
60.54455653069984 47.723476054431494
98.5176830826302 24.94390646185167
24.40900182892991 1.5382090648844549
11.932983638109452 8.523098384654993
45.40837975303441 12.49818373998206
24.376187038061392 15.520801716749599
40.31686810609053 43.977547375855444
29.62569417745363 65.46613720166154
8.502628235560971 61.76173528109112
88.54401200915999 95.31880513081234

258.1
114.7
216.2
144.1
86.0
324.3
103.2
17.2
288.2
51.6
432.4
229.4
960.8
34.4
206.5
1080.9
288.2
17.2
600.5
108.1

8.6 17.2 36.0 72.1
17.2 34.4 72.1 144.1
25.8 51.6 108.1 216.2
34.4 68.8 144.1 288.2
51.6 103.2 216.2 432.4
68.8 137.6 288.2 576.5
77.4 154.9 324.3 648.5
86.0 172.1 360.3 720.6
103.2 206.5 432.4 864.7
114.7 229.4 480.4 960.8
129.0 258.1 540.4 1080.9
143.4 286.8 600.5 1201.0

2 5 8 11
5 8 11 14
7 10 13 16
10 13 16 19
14 17 20 23
18 21 24 27
19 22 25 28
20 23 26 29
25 19 31 34
27 30 33 36
30 33 36 39
32 35 38 41

