20 3.0 0.0 1000.0 3 160 240 100

1.686136375731495 35.09262964412512
92.6818872174513 36.70980678189194
10.578460926751188 68.09153371002117
13.543546389721783 8.335244486365777
2.1388104654035844 91.74910414174632
15.24444935329905 24.67340843364545
23.520173401597077 60.63420980552359
68.61917029564795 47.2417565723887
77.9051420561043 39.478763269433294
9.639383325619733 35.40414858240861
79.7584687735379 92.95890201376902
5.630455788506228 86.2357208928801
9.04931994817847 58.36238603830903
51.62410306625522 5.7527034189496895
10.704589518502427 46.376090565995845
70.38578109970871 50.41960800923134
1.852927169228391 95.48297167166828
41.20886372512027 47.810156835991435
86.15000120285883 8.932453662430461
27.101781350438237 92.82973499336457


4.975553398831368 28.956197858517186
87.99813906231734 30.680698420045992
8.798351587151865 70.15362183778623
18.474420893977573 4.308073022562708
9.50540225522004 95.11355276542129
12.070344249062504 25.308838626336573
22.37927591246345 60.22020698428025
74.88414450716574 48.46519999945074
76.34339375670567 31.733062450316307
9.359707041247322 41.38254017961408
86.98071062364409 91.97719905976925
6.665688106795287 79.90743943696823
7.204976164001698 57.00065179434939
54.245841727852884 10.854211514040834
17.103936551928378 40.883882089057835
65.85736742235893 55.66426978192275
5.224371224687219 89.08852799203527
48.90820268780489 50.463890275269975
88.41457356364918 12.401515954514686
29.83149391216202 91.99196860339359

172.1
576.5
229.4
720.6
25.8
86.0
143.4
1080.9
648.5
103.2
86.0
648.5
432.4
68.8
540.4
360.3
103.2
480.4
286.8
72.1

8.6 17.2 36.0 72.1
17.2 34.4 72.1 144.1
25.8 51.6 108.1 216.2
34.4 68.8 144.1 288.2
51.6 103.2 216.2 432.4
68.8 137.6 288.2 576.5
77.4 154.9 324.3 648.5
86.0 172.1 360.3 720.6
103.2 206.5 432.4 864.7
114.7 229.4 480.4 960.8
129.0 258.1 540.4 1080.9
143.4 286.8 600.5 1201.0

2 5 8 11
5 8 11 14
7 10 13 16
10 13 16 19
14 17 20 23
18 21 24 27
19 22 25 28
20 23 26 29
25 19 31 34
27 30 33 36
30 33 36 39
32 35 38 41

