20 3.0 0.0 1000.0 3 160 240 100

35.75267220311245 52.70819735986767
26.126021497935746 97.20535107808101
66.88210685103311 8.742721997983793
21.299175436020622 51.14096109264218
96.78848594649303 5.971224429297395
11.912760515597965 28.170638251783352
3.028226358259478 80.51766625620273
40.79863116920352 9.6121846215641
0.06803674899407142 94.67420106566891
65.25775647104336 49.20405761254868
42.831683700656775 21.92636537668139
83.84864333409136 98.86719760703961
82.12409241832133 94.50471595501755
92.3299753306441 9.269960515056619
82.45279825511129 19.261220269883594
75.52836524695779 58.07281110372999
12.674860472790472 51.73628718683816
20.444712662435727 24.067556587854845
1.3071365185000405 2.040851816068878
13.953975857998667 36.387432187971235


31.54093848205408 49.23488830742201
28.136129804176647 93.66914211597856
61.24044477113434 6.530537500648159
23.406507697357515 52.85672301854474
96.64079095913436 9.292053418262691
18.431165598733145 30.607831647636452
5.963554772095381 74.9336115462214
43.77396592600129 10.353055167621662
6.268974704738084 97.65845046046005
65.94307495861592 56.393432052653424
42.26351313753508 29.285047067996437
89.44377709122938 93.84397001706316
78.38421575138528 96.60453145558982
95.6272646726036 15.668079050993832
78.47645148865924 26.608082987281655
75.02332742752083 58.16412793026938
11.559735811690697 53.75739490826762
14.670201056801446 23.835726275740974
5.087272315439185 9.373976521865545
9.794351150184777 40.810318019329436

648.5
324.3
864.7
1201.0
114.7
360.3
129.0
36.0
17.2
360.3
144.1
288.2
216.2
480.4
68.8
143.4
114.7
51.6
34.4
144.1

8.6 17.2 36.0 72.1
17.2 34.4 72.1 144.1
25.8 51.6 108.1 216.2
34.4 68.8 144.1 288.2
51.6 103.2 216.2 432.4
68.8 137.6 288.2 576.5
77.4 154.9 324.3 648.5
86.0 172.1 360.3 720.6
103.2 206.5 432.4 864.7
114.7 229.4 480.4 960.8
129.0 258.1 540.4 1080.9
143.4 286.8 600.5 1201.0

2 5 8 11
5 8 11 14
7 10 13 16
10 13 16 19
14 17 20 23
18 21 24 27
19 22 25 28
20 23 26 29
25 19 31 34
27 30 33 36
30 33 36 39
32 35 38 41

