20 3.0 0.0 1000.0 3 160 240 100

90.70760928367154 33.0708841332228
99.15319079270499 39.49835470789833
0.5649878527618113 35.42627161124652
1.253628295847664 92.69803145928816
4.7145218619547125 72.81381269751085
72.32082446944689 66.84163514298801
71.14758945354691 15.320783162134655
33.63162642337182 24.826404489893996
40.809042628377256 90.5511412256727
23.337149164768423 11.289361529219965
72.44253979323258 50.78397888979561
91.75967260034845 26.088996447105828
66.66361978653153 10.395989840870634
83.46740575671663 27.03063835054762
63.33001569498195 99.11446588324014
19.851142372319607 11.188145662458293
18.93278480208085 35.73383826177614
57.471561838601815 19.028567195758615
96.53875709684228 89.93030945082008
85.39559846837307 42.4372585894732


89.86086170887889 40.324092014692006
92.488448117329 37.248106967399174
2.6273543915130038 38.320786448980456
1.3067283284421638 85.56826549415769
10.358140786828384 69.68235196861147
66.97590348480476 67.18688737479509
68.73263597745533 9.365537150632274
40.97959894224067 27.59649502917807
39.19538658436967 86.50812597846476
25.52483948501547 10.65137525310924
66.06855594415421 54.15567331914796
88.30757765803915 29.123296814029043
62.286914380931655 7.493349737686017
85.21847163242555 34.73612531129313
66.09381499114416 91.40528682257651
15.111251195629471 18.117043847305037
18.985944375725527 40.145163038579554
57.6804484913978 19.57637108763165
97.78587112602453 95.09583334276279
79.90167838455807 38.84501808633492

17.2
72.1
144.1
103.2
960.8
576.5
34.4
144.1
432.4
51.6
17.2
143.4
51.6
1080.9
72.1
143.4
143.4
51.6
720.6
72.1

8.6 17.2 36.0 72.1
17.2 34.4 72.1 144.1
25.8 51.6 108.1 216.2
34.4 68.8 144.1 288.2
51.6 103.2 216.2 432.4
68.8 137.6 288.2 576.5
77.4 154.9 324.3 648.5
86.0 172.1 360.3 720.6
103.2 206.5 432.4 864.7
114.7 229.4 480.4 960.8
129.0 258.1 540.4 1080.9
143.4 286.8 600.5 1201.0

2 5 8 11
5 8 11 14
7 10 13 16
10 13 16 19
14 17 20 23
18 21 24 27
19 22 25 28
20 23 26 29
25 19 31 34
27 30 33 36
30 33 36 39
32 35 38 41

