20 3.0 0.0 1000.0 3 160 240 100

95.44528359103536 35.950962867665524
76.05042534815256 14.70888118523802
8.809783191202502 27.803217395720846
77.90239800933888 99.63803767596707
98.19420445135175 24.176434618508868
35.03261479947617 68.19909996252008
93.91061475642356 8.676219705764632
63.391888147363126 60.30741065781812
63.09296841018629 3.124509363765826
15.17520214044884 92.28789844663302
2.691935022807035 59.55001848797402
99.71410108445306 55.20353595219256
50.087456521636156 95.10624809670911
49.19448291750054 43.13802827690276
95.06899062336035 48.53424512299809
48.33458975835414 55.10722203036254
23.84163527284092 29.20258926995214
8.080718827373346 86.96919355198484
96.02704439285077 83.29301784529804
39.66276869541825 33.67498526348388


97.29123626554733 34.31064239127692
73.27232638255026 19.439762879117094
10.998478323937356 33.3711025409543
72.7203820928517 98.33589259150243
97.01067963809182 25.459815977449672
34.118833213528845 72.8850551192502
89.67809650601328 13.276094442633557
60.34290126784103 62.94767943157752
57.5368914232006 5.710814133707187
9.681638568443852 97.40688940703023
0.8172484804560454 57.780822038194515
96.88955381715691 47.32261962553219
54.851046097743414 93.98410326829911
48.08744264535228 35.50176194556263
95.52037146188259 42.499027875111295
51.12893210451508 52.216820969147534
21.822390150770755 22.864912599791666
6.893014100590145 83.45966839289652
96.73341971691569 76.84693612565454
41.00236156553092 29.34405995149708

25.8
17.2
108.1
34.4
143.4
103.2
129.0
114.7
600.5
68.8
154.9
114.7
51.6
432.4
77.4
360.3
72.1
154.9
216.2
480.4

8.6 17.2 36.0 72.1
17.2 34.4 72.1 144.1
25.8 51.6 108.1 216.2
34.4 68.8 144.1 288.2
51.6 103.2 216.2 432.4
68.8 137.6 288.2 576.5
77.4 154.9 324.3 648.5
86.0 172.1 360.3 720.6
103.2 206.5 432.4 864.7
114.7 229.4 480.4 960.8
129.0 258.1 540.4 1080.9
143.4 286.8 600.5 1201.0

2 5 8 11
5 8 11 14
7 10 13 16
10 13 16 19
14 17 20 23
18 21 24 27
19 22 25 28
20 23 26 29
25 19 31 34
27 30 33 36
30 33 36 39
32 35 38 41

