20 3.0 0.0 1000.0 3 160 240 100

57.23935743522319 77.34287244743237
47.40124638772637 18.6874336084779
94.18705688737356 34.56697238230363
88.79094214531807 45.24292879134902
43.67711860361616 24.524814449927458
2.664164685815551 83.96094225128093
67.92248569655855 97.14840115371696
62.66503279258401 7.265331003063757
83.30519228272296 88.71936745126966
96.97294228805187 48.03397252982272
28.31031426912103 58.59284206434096
51.84436302156128 56.5881959407652
95.0124369911154 48.657318407345294
2.6981866082832706 92.76236651578168
8.613194945162995 60.83513292341728
70.02708422214525 87.90554550356431
53.41467192933261 27.839592036289318
74.59236730691163 98.3498190638326
86.78439337253859 7.546323360066587
44.38383140062303 65.08889701197886


62.16894659450061 73.57714078703835
45.83278271125838 15.27388101388565
90.59671863129682 39.02495053995801
92.6489190499264 40.95777549304468
47.49293231497227 21.935128227900513
3.5823820297276154 83.33127739058155
62.926206200095706 97.19345005612361
60.6301914627249 14.078926734595964
87.68127774110916 84.07727398092099
99.13239030796804 51.09471924093009
25.431258906814904 55.455672006129085
57.211483723481585 62.93640481599736
92.98479457010362 41.887966545364684
5.052766627776806 85.32325799733964
2.5485418217436995 65.99553824582387
65.32335995993286 88.38372053510217
53.925083002642594 28.567075960441446
81.14411408100254 92.96267041384905
81.98154142498545 11.8771349383038
43.65718059404258 66.43112898213121

17.2
51.6
17.2
432.4
288.2
34.4
720.6
144.1
1080.9
144.1
154.9
108.1
258.1
25.8
34.4
432.4
114.7
144.1
216.2
216.2

8.6 17.2 36.0 72.1
17.2 34.4 72.1 144.1
25.8 51.6 108.1 216.2
34.4 68.8 144.1 288.2
51.6 103.2 216.2 432.4
68.8 137.6 288.2 576.5
77.4 154.9 324.3 648.5
86.0 172.1 360.3 720.6
103.2 206.5 432.4 864.7
114.7 229.4 480.4 960.8
129.0 258.1 540.4 1080.9
143.4 286.8 600.5 1201.0

2 5 8 11
5 8 11 14
7 10 13 16
10 13 16 19
14 17 20 23
18 21 24 27
19 22 25 28
20 23 26 29
25 19 31 34
27 30 33 36
30 33 36 39
32 35 38 41

