20 3.0 0.0 1000.0 3 160 240 100

1.4813505013553385 44.75582334091125
59.89188417585088 40.07728493639724
55.555858096048475 64.86152530191544
11.730688970348114 92.77262891193206
71.445625252295 42.259797014152454
78.9312063367896 48.933529542856256
84.3565378933459 71.03532553745848
45.91511732325255 36.4733628404453
4.864537396195512 32.83994941224538
24.471269474525204 97.64423445804142
61.560936453277456 10.63382178306458
6.653450622286938 83.71992447709269
98.59233208872276 13.066166367744781
46.28108106106957 27.56565742852658
97.24358448995896 70.44220667079783
88.72489413389047 72.235378363518
30.904971954003546 45.98785546891134
55.15613016453999 23.30636021477639
29.745596538591034 90.92969525829211
5.274356211862175 75.50941822765975


4.594771986729674 42.78833081591371
61.08515797472148 38.28975747057862
58.11532832615479 59.650093910710645
17.001585663804796 93.16745493007066
75.68471061145637 37.803220819447205
82.29577736994821 52.33792667804232
82.46392668790136 74.79218532840571
39.54581949048307 39.847441636131556
1.7902053139355334 25.456130385010656
26.62247694067268 99.4889343977855
68.20194404994197 9.5969073974414
4.572134696138064 81.71903202746998
99.41906519208081 16.32998124058478
47.99264140204954 35.75844292798836
97.9062342322081 77.96201638453849
83.29403480747986 72.78571312376229
30.363679672432852 50.196274280821854
53.90173017938354 18.935019195693858
32.737779651465836 86.14017888037891
7.0849519811955535 74.06341119907638

144.1
288.2
720.6
216.2
288.2
286.8
288.2
86.0
72.1
720.6
480.4
286.8
68.8
288.2
172.1
154.9
600.5
103.2
172.1
154.9

8.6 17.2 36.0 72.1
17.2 34.4 72.1 144.1
25.8 51.6 108.1 216.2
34.4 68.8 144.1 288.2
51.6 103.2 216.2 432.4
68.8 137.6 288.2 576.5
77.4 154.9 324.3 648.5
86.0 172.1 360.3 720.6
103.2 206.5 432.4 864.7
114.7 229.4 480.4 960.8
129.0 258.1 540.4 1080.9
143.4 286.8 600.5 1201.0

2 5 8 11
5 8 11 14
7 10 13 16
10 13 16 19
14 17 20 23
18 21 24 27
19 22 25 28
20 23 26 29
25 19 31 34
27 30 33 36
30 33 36 39
32 35 38 41

