20 3.0 0.0 1000.0 3 160 240 100

1.5243675971095993 36.33223046595139
93.71849478584562 78.70245054784012
67.8772884868428 65.65361098806943
43.99193552567189 55.976443241183105
71.06314270228917 75.95335629221192
49.49651800352144 76.91981106291536
11.609246528681094 67.13406316565387
99.86977131188131 39.6326932111232
11.404620003839117 55.23169040509474
86.26349251651979 18.19012451171842
35.22221041004724 2.3885136850858357
48.597589495268636 27.634740663915657
81.27572708888957 13.472641803312236
38.97353455984879 58.721815018931814
82.57641153734045 46.48547695883924
81.87971577002475 14.777419545134563
50.02155186180403 17.42299940446833
3.7183688661573067 92.3808005609652
41.125568711244206 43.41740073821322
22.722672660164445 20.94185547583124


5.124303029031885 35.61663484766383
97.30077821264496 71.03354742927958
66.86325257306977 73.86466580896096
36.69209546991063 54.93482068383213
77.15883621224472 71.16217625181984
42.689951482016916 75.32768399952465
9.021881083872863 59.221169329065745
93.46741203098091 35.68829898235707
10.525842075446723 46.96718612858096
90.1244528836295 15.175945653529787
33.843248937872616 10.303608673984321
48.103778764348185 20.162981363410104
79.56624876141267 17.875274051965427
38.70240411150094 54.68020919433933
76.6786657161334 52.0064557869571
81.35512172338511 18.65406039207358
57.58263390824835 13.797785098416625
2.9532781229145932 99.54905467883424
40.20448511320319 43.60023368384045
22.225858182222925 21.734852555251848

154.9
129.0
17.2
648.5
114.7
103.2
77.4
25.8
864.7
86.0
143.4
17.2
144.1
864.7
51.6
720.6
34.4
143.4
600.5
288.2

8.6 17.2 36.0 72.1
17.2 34.4 72.1 144.1
25.8 51.6 108.1 216.2
34.4 68.8 144.1 288.2
51.6 103.2 216.2 432.4
68.8 137.6 288.2 576.5
77.4 154.9 324.3 648.5
86.0 172.1 360.3 720.6
103.2 206.5 432.4 864.7
114.7 229.4 480.4 960.8
129.0 258.1 540.4 1080.9
143.4 286.8 600.5 1201.0

2 5 8 11
5 8 11 14
7 10 13 16
10 13 16 19
14 17 20 23
18 21 24 27
19 22 25 28
20 23 26 29
25 19 31 34
27 30 33 36
30 33 36 39
32 35 38 41

