20 3.0 0.0 1000.0 3 160 240 100

62.86015527717996 37.5133995822995
34.53792690905888 73.98208090161081
27.274604709003313 40.186883094174455
1.9016147075805678 18.31283982042473
97.33984281505897 41.827822301617104
5.232484754486199 1.3650329619364965
26.249498970889775 45.51440907715495
82.51232515551293 38.644942277694646
94.82464388584911 30.283797555906
0.344497212596806 57.57636357649232
5.099505640794744 49.29179129011584
18.73182490491867 64.65563307098401
50.33183597769386 62.509053069840384
71.89280602664253 97.99203790916872
5.903195928757732 75.86937932480312
42.24863760885286 92.56226533093897
22.987924587110108 88.30909415438708
74.17905364183993 7.255667924522702
94.5346482230101 91.89799400233225
93.49218569479075 11.36609183817674


66.0732279327685 38.706045919907986
41.54592947841933 78.74307162558262
31.05027765983025 34.560164018933406
3.457309892985938 13.332066367345053
90.44823855972665 39.97079059150447
3.9261313259391972 1.463493094573154
20.481095165290697 43.706845253516626
76.38936408247481 42.88399211905285
93.8813663045755 27.975824907728118
7.611504235148836 56.2868246054117
3.912810909260933 56.34041454602319
17.85112316242653 57.292558486650805
45.464939262046336 65.08796756571091
72.92136904557061 90.79765613335267
2.4070438767313407 74.70023958737593
34.27218151620498 92.05030053028693
25.423687322992272 92.14110048678157
68.9553874850947 3.705911729060618
91.26353899466258 97.78916991000534
98.95432521829483 16.624065865189408

17.2
324.3
143.4
360.3
8.6
144.1
144.1
17.2
137.6
1080.9
864.7
206.5
68.8
216.2
864.7
960.8
36.0
129.0
17.2
144.1

8.6 17.2 36.0 72.1
17.2 34.4 72.1 144.1
25.8 51.6 108.1 216.2
34.4 68.8 144.1 288.2
51.6 103.2 216.2 432.4
68.8 137.6 288.2 576.5
77.4 154.9 324.3 648.5
86.0 172.1 360.3 720.6
103.2 206.5 432.4 864.7
114.7 229.4 480.4 960.8
129.0 258.1 540.4 1080.9
143.4 286.8 600.5 1201.0

2 5 8 11
5 8 11 14
7 10 13 16
10 13 16 19
14 17 20 23
18 21 24 27
19 22 25 28
20 23 26 29
25 19 31 34
27 30 33 36
30 33 36 39
32 35 38 41

