20 3.0 0.0 1000.0 3 160 240 100

18.68733472728582 59.4977462481327
2.8088453701538896 91.5110366470788
62.63268925204329 2.702431045794196
44.858411903708564 31.89368522513597
9.19892370515326 6.721607848262701
25.59364594875658 72.64476368074071
94.76397021617052 74.64376229106863
54.61818016005924 10.949195069605732
19.44061503633937 9.619682364394134
97.12622603161061 98.78797244417376
56.59637448631217 48.98962348443073
10.359968140614285 79.110178341663
21.641649900731252 24.944641740206595
1.9120647858971052 61.8568508091363
86.25745822778882 80.04657553115382
56.297240837617444 69.50832884200028
23.79824491995677 20.723338968985793
73.4935056046231 65.16156185398827
37.18058062683735 32.54933910480196
73.89512844975043 15.795562241052508


26.260147355653995 61.08546450681989
4.942389766740551 97.7113021344555
63.67939143109545 10.117703795951272
51.304176400473935 35.233640886780336
13.864060433649561 0.4707097763919532
22.450544615509592 68.07940732260435
91.98533270979019 74.56795184507237
56.28212112668531 12.063432716277745
19.39856234394358 15.154749396069489
95.51868677383293 98.4305063471164
56.26766168098556 53.218515644897465
4.975479019114138 84.77854198933439
21.440437190337757 24.68631262536789
9.550405508255977 59.77278754866355
81.66321088807373 84.205416916435
48.76172784873081 66.74269397048019
23.47156763172792 17.861402941297698
69.32336242917067 60.72735768631031
30.12801837415121 29.664410118485108
68.01888735052653 15.417767708287656

960.8
258.1
600.5
68.8
288.2
324.3
77.4
288.2
25.8
229.4
864.7
258.1
600.5
432.4
648.5
864.7
17.2
432.4
286.8
77.4

8.6 17.2 36.0 72.1
17.2 34.4 72.1 144.1
25.8 51.6 108.1 216.2
34.4 68.8 144.1 288.2
51.6 103.2 216.2 432.4
68.8 137.6 288.2 576.5
77.4 154.9 324.3 648.5
86.0 172.1 360.3 720.6
103.2 206.5 432.4 864.7
114.7 229.4 480.4 960.8
129.0 258.1 540.4 1080.9
143.4 286.8 600.5 1201.0

2 5 8 11
5 8 11 14
7 10 13 16
10 13 16 19
14 17 20 23
18 21 24 27
19 22 25 28
20 23 26 29
25 19 31 34
27 30 33 36
30 33 36 39
32 35 38 41

