20 3.0 0.0 1000.0 3 160 240 100

4.636450689915838 67.23970572489986
10.843793380505495 98.94984944230274
78.07936402719403 27.641694732099708
55.809228215793475 76.24617973755478
9.458575642821055 41.87645962068848
20.723033617356823 67.86332367687429
3.532060410701232 18.156574777545554
61.16927202053717 97.2638188075146
88.30611609400667 44.204188500479304
65.7941347673831 45.56381499497406
5.13479821910201 76.92132846296428
49.04971739661262 68.3819675711649
66.85312688945723 94.61243007576817
7.146639214484784 27.866912798142895
50.133464632511306 67.71704836144298
3.106947375205682 9.996730305742163
36.96501040038126 61.38389272906078
42.822912778984964 32.18403747469001
43.68499011604027 9.483277059159189
39.30291159229191 87.5832079183499


10.033866217242625 66.76706341172178
3.363285321561549 99.19820827573712
75.62777276910445 24.06356083550435
54.346298488734604 82.6580175195643
14.148060934521977 46.962212022020736
18.505015642905853 60.584043952492614
4.644654204393817 18.88335626028057
61.64581738133267 98.39285130594982
90.80214397299412 41.163093671983376
61.06282998579115 49.95830542220821
1.5271986963704132 69.30736717012184
47.13903142447271 76.1716789953297
61.66431103526803 93.1882026556556
3.3121219363885346 27.875673199076
54.496429744059306 69.63074167853138
1.2124524294715777 12.944533951952597
40.91730666167622 57.090026847443454
49.389685243471014 27.3830216847176
47.07906307228317 10.396350460064752
37.67609734018321 92.78254129662453

114.7
77.4
137.6
258.1
540.4
540.4
137.6
103.2
103.2
258.1
34.4
137.6
206.5
68.8
68.8
72.1
144.1
258.1
77.4
360.3

8.6 17.2 36.0 72.1
17.2 34.4 72.1 144.1
25.8 51.6 108.1 216.2
34.4 68.8 144.1 288.2
51.6 103.2 216.2 432.4
68.8 137.6 288.2 576.5
77.4 154.9 324.3 648.5
86.0 172.1 360.3 720.6
103.2 206.5 432.4 864.7
114.7 229.4 480.4 960.8
129.0 258.1 540.4 1080.9
143.4 286.8 600.5 1201.0

2 5 8 11
5 8 11 14
7 10 13 16
10 13 16 19
14 17 20 23
18 21 24 27
19 22 25 28
20 23 26 29
25 19 31 34
27 30 33 36
30 33 36 39
32 35 38 41

