20 3.0 0.0 1000.0 3 160 240 100

88.83232872950775 83.87129938484176
29.71362982749448 14.424514483611993
23.51815092222185 62.138894202299866
5.721714501463082 33.109449385288606
57.08472519256068 97.26697087545709
18.621349606337244 35.28008233944766
55.12365691111262 22.462357540507128
73.96651041814326 90.642746037213
49.60882494850173 64.34662866871908
89.16823015049269 72.03453450350584
98.29803927730242 67.69721987341588
98.13983492874972 66.7609597234482
47.4373061246889 43.041510319594266
5.682040444707437 81.29697522272087
79.05993029410519 53.722815329033935
86.02825060459523 60.54799075772181
70.38762653608494 52.08716609285421
73.09433317914075 92.26731311622494
81.60468460698085 73.83407563391616
42.67670454146257 15.163376741949698


96.47750733784835 82.82266030943654
29.09242866780155 20.66266234637193
19.28562397464776 57.46661706547933
1.7156161531202585 36.07509667815416
59.72961557972856 98.51838966675498
23.895366267387065 38.513417308273056
54.56096811197894 30.03198437860548
65.54991446200538 90.15633640282633
45.67096065871923 57.07056725157188
87.26645201636076 67.2883080158381
94.88429885726303 72.7237902100964
91.17666324566511 62.046622771387284
48.63172782616427 43.84348031026196
1.792072886467333 85.11373017898606
73.94650750377818 49.84587104398292
80.98556860783616 56.675647669976904
71.02500524726483 49.999328403613006
72.769798860325 89.62283178826262
81.90317289262047 73.66866614006005
41.88460287287465 19.714172269162454

172.1
720.6
34.4
229.4
216.2
68.8
288.2
360.3
137.6
540.4
77.4
288.2
86.0
77.4
432.4
8.6
288.2
1080.9
648.5
286.8

8.6 17.2 36.0 72.1
17.2 34.4 72.1 144.1
25.8 51.6 108.1 216.2
34.4 68.8 144.1 288.2
51.6 103.2 216.2 432.4
68.8 137.6 288.2 576.5
77.4 154.9 324.3 648.5
86.0 172.1 360.3 720.6
103.2 206.5 432.4 864.7
114.7 229.4 480.4 960.8
129.0 258.1 540.4 1080.9
143.4 286.8 600.5 1201.0

2 5 8 11
5 8 11 14
7 10 13 16
10 13 16 19
14 17 20 23
18 21 24 27
19 22 25 28
20 23 26 29
25 19 31 34
27 30 33 36
30 33 36 39
32 35 38 41

