20 3.0 0.0 1000.0 3 160 240 100

3.5582966980486797 77.09142415397949
35.20478475868211 30.290453290113817
29.335618644588923 50.46787345916809
47.12696916711355 31.795190692315355
63.62585759971978 87.82706863472035
59.45299212301527 12.960688497690798
87.76928371036944 34.06192277571331
71.6353055446231 98.04896041591442
28.294544878292438 99.47812021527479
30.928838449931984 57.63521806393679
28.318004605293556 19.703931885907487
98.54997761245731 80.68929854175497
99.01863642992912 71.42217306837563
76.10863507944579 74.24375186347814
40.38028086710222 89.26497062109901
97.5373310173099 87.10264441118869
52.53676031650269 95.67340455266876
95.10808178097508 20.39483611031606
2.3677003895158366 4.691211777489423
59.16783837826839 10.803144779315655


0.9709406140784416 75.89724418691863
31.729099141168994 36.78226843601563
33.54449355443212 49.640635806511135
48.695786462779076 30.432785252083473
60.55997719295901 87.03927180352008
64.84319257786876 11.757937206286684
91.75288760308865 33.139705720852376
69.50922357284644 91.65312169643481
27.23138706638434 95.03626090239656
30.853753187569875 61.58745337889783
26.371400033831815 25.41233842310803
93.78197699747349 74.29184476860311
97.49238395293864 76.7205255465974
72.48642101427426 72.17939611815116
36.30994112769738 83.54227487222794
94.40071147138501 87.97758610601852
57.36662276395015 94.48953384683956
91.0413700187483 15.659592147781687
7.705141907597401 10.732007467860761
61.65079437290135 5.158859719097341

103.2
1201.0
36.0
360.3
154.9
206.5
432.4
25.8
576.5
480.4
17.2
144.1
108.1
34.4
34.4
51.6
576.5
143.4
286.8
360.3

8.6 17.2 36.0 72.1
17.2 34.4 72.1 144.1
25.8 51.6 108.1 216.2
34.4 68.8 144.1 288.2
51.6 103.2 216.2 432.4
68.8 137.6 288.2 576.5
77.4 154.9 324.3 648.5
86.0 172.1 360.3 720.6
103.2 206.5 432.4 864.7
114.7 229.4 480.4 960.8
129.0 258.1 540.4 1080.9
143.4 286.8 600.5 1201.0

2 5 8 11
5 8 11 14
7 10 13 16
10 13 16 19
14 17 20 23
18 21 24 27
19 22 25 28
20 23 26 29
25 19 31 34
27 30 33 36
30 33 36 39
32 35 38 41

