20 3.0 0.0 1000.0 3 160 240 100

21.81980501917149 2.6689918685392833
97.95689891042387 84.83157808940473
17.714658593150933 25.115589639630052
45.515574118727834 96.09977845877016
70.161079173235 51.78778060177993
59.76311756105552 46.92442110831273
32.969172164711594 20.89666671760163
99.46091269835343 24.48947098757659
82.39424620322274 9.545094341531756
24.046435829072944 34.52465991776856
8.670773656656838 89.49685305960577
12.31538222493056 28.163878875649484
52.34967653865381 2.6138604659468156
41.29663074747039 41.336127631689024
6.080873960364219 44.263393788459126
88.8910686295804 0.012872018348808467
14.124867658074214 59.55572624358035
1.2872331126885794 14.638147398403966
25.532842927051448 6.876515629028502
30.6435107772825 84.35498078063891


19.917303748068214 8.744263038998145
91.71831721525045 85.9161249981196
21.096394007680775 19.48912086897494
50.95459876546502 97.18724844287983
64.88583536750136 57.64134775104974
57.16920239802615 39.08636072668751
29.050035533659056 13.680970648207925
98.56129629693513 16.7431101386758
80.54249686482721 1.9626319679090787
20.785795147706164 32.44909657064944
12.48847811206476 95.77036426089114
10.82960875370702 33.290235884088084
47.610738187931986 5.144039549100055
37.98995999684054 35.59768540176811
4.923495300754599 51.27709102643573
93.14061167504127 4.671185914814169
14.37327719757725 64.0878513558075
4.265870521587578 19.641324114485737
28.242451623822205 11.66321224321355
32.44422507505846 78.53184734814286

129.0
8.6
960.8
154.9
154.9
51.6
144.1
108.1
229.4
68.8
540.4
137.6
600.5
540.4
540.4
143.4
143.4
1080.9
68.8
960.8

8.6 17.2 36.0 72.1
17.2 34.4 72.1 144.1
25.8 51.6 108.1 216.2
34.4 68.8 144.1 288.2
51.6 103.2 216.2 432.4
68.8 137.6 288.2 576.5
77.4 154.9 324.3 648.5
86.0 172.1 360.3 720.6
103.2 206.5 432.4 864.7
114.7 229.4 480.4 960.8
129.0 258.1 540.4 1080.9
143.4 286.8 600.5 1201.0

2 5 8 11
5 8 11 14
7 10 13 16
10 13 16 19
14 17 20 23
18 21 24 27
19 22 25 28
20 23 26 29
25 19 31 34
27 30 33 36
30 33 36 39
32 35 38 41

