20 3.0 0.0 1000.0 3 160 240 100

77.46960880168513 79.53149300230679
88.37796831195075 21.605487713064917
95.85687316151014 35.30735606029949
1.1427623661886543 55.96708238419512
15.651864296478346 69.27612972376737
36.22381238389474 21.38838750738864
12.753384221943831 61.24852341065255
36.21848339830528 7.756512047603604
4.817551029370415 21.24003457333391
45.642453555408856 31.59884911342138
58.32139389603712 94.1174205277682
71.59086055863588 71.45197901783874
23.81003025344619 46.01769434913611
18.32001002217173 97.04974564146234
74.17770384084939 17.885945209128316
8.804805852461861 70.25878558203094
18.488735536225754 9.369522660139506
76.32364709648702 2.3963106343730667
38.89322904555158 4.790330315639812
77.16220610373536 61.034936198823864


75.79446179200386 74.89105145964776
84.02173760658056 19.78831782425535
96.95309784689856 34.64766320415722
6.183017179668704 53.9366796475865
14.847648826323878 66.00287937702382
33.10767792514477 24.964642661946424
11.293271484039247 59.725133989799396
37.70941424072344 5.026398107903052
2.0114502151077684 25.438957420137864
43.83311231411775 23.62971997919526
60.53651734275694 94.84997797521143
64.94857281973351 68.5342403418391
17.091996959613653 47.19426780194439
11.5468233659605 95.3987641083653
75.74095112737628 25.83845656874859
6.643709145694155 63.82075803698859
21.5691722946875 2.2958525095258198
77.96041220596346 4.899517337406967
33.124953218745 1.2940490574749886
81.19976751936402 58.45706193430226

129.0
258.1
324.3
216.2
258.1
34.4
576.5
103.2
154.9
960.8
68.8
72.1
432.4
103.2
72.1
1080.9
576.5
108.1
216.2
86.0

8.6 17.2 36.0 72.1
17.2 34.4 72.1 144.1
25.8 51.6 108.1 216.2
34.4 68.8 144.1 288.2
51.6 103.2 216.2 432.4
68.8 137.6 288.2 576.5
77.4 154.9 324.3 648.5
86.0 172.1 360.3 720.6
103.2 206.5 432.4 864.7
114.7 229.4 480.4 960.8
129.0 258.1 540.4 1080.9
143.4 286.8 600.5 1201.0

2 5 8 11
5 8 11 14
7 10 13 16
10 13 16 19
14 17 20 23
18 21 24 27
19 22 25 28
20 23 26 29
25 19 31 34
27 30 33 36
30 33 36 39
32 35 38 41

