20 3.0 0.0 1000.0 3 160 240 100

90.93667880898676 61.5985534117057
30.717802923771853 83.4181953099281
43.22372837765327 4.412000002653471
65.71085053697361 0.3257613759417799
42.06317678427196 76.91666803894314
71.68781545081836 19.553328475770083
29.49526981546021 77.98553609811364
73.13396878769724 11.623175921459495
26.36856167428937 0.13473403441423004
75.17901330199889 90.57581818481685
15.5369156127251 86.47855551312142
30.782503475200695 47.55868023525747
97.58138474672009 11.685732806546344
96.2576065985026 94.09458994546287
77.14570460146413 86.36000133534503
20.24016299049256 96.21977000383207
88.59432859766659 32.07372088134859
56.188585592773634 29.62987795755947
94.77712065300122 58.14775640091332
56.55139220426744 57.85094611077195


94.46673253381681 57.910190682601936
32.144956830945716 85.03356344084632
35.28181982299935 6.001420703276084
60.51709963319527 2.2940913460250956
49.025371581247356 74.2417987443234
77.79564160083684 16.56336432517286
35.85069914682012 75.10232440480725
71.00186755163436 17.44194887066197
29.418938903515457 0.2664897587279613
82.9942838640275 90.42239734330579
17.57625773590442 88.55489627058492
34.365213219274146 46.11401790099878
91.85961786124224 12.492277526537087
99.026867874277 91.55953087517442
83.76606972890028 84.31259208425676
15.23613618688372 89.66471834091183
85.29397958876851 30.205929366254956
57.90758301651309 37.777428278033895
99.2032051042512 53.772451346210715
51.05141585466577 52.13513259937281

34.4
86.0
114.7
17.2
432.4
864.7
77.4
172.1
36.0
103.2
129.0
324.3
129.0
864.7
34.4
114.7
206.5
25.8
288.2
103.2

8.6 17.2 36.0 72.1
17.2 34.4 72.1 144.1
25.8 51.6 108.1 216.2
34.4 68.8 144.1 288.2
51.6 103.2 216.2 432.4
68.8 137.6 288.2 576.5
77.4 154.9 324.3 648.5
86.0 172.1 360.3 720.6
103.2 206.5 432.4 864.7
114.7 229.4 480.4 960.8
129.0 258.1 540.4 1080.9
143.4 286.8 600.5 1201.0

2 5 8 11
5 8 11 14
7 10 13 16
10 13 16 19
14 17 20 23
18 21 24 27
19 22 25 28
20 23 26 29
25 19 31 34
27 30 33 36
30 33 36 39
32 35 38 41

