20 3.0 0.0 1000.0 3 160 240 100

71.69503167227195 44.49419851239983
38.51395416611408 32.47364150105366
86.22930690905682 82.49684088533975
51.19327228949636 84.2233855319702
71.53508672839777 22.25579340506645
24.26708858682748 82.46070630970765
91.4938212117126 58.18526232571198
23.64978212192369 85.55295198406118
23.26963312581105 78.18087777019798
69.11288079159816 11.334860969954663
41.58684468557878 2.324023235938044
17.064892073193494 49.373777882404156
3.292734494071714 41.414669549708925
15.107494949719369 81.20893733432372
47.11265236754537 74.42874294443875
76.26376629375989 41.82687435816644
97.60876072758892 84.14678169364153
24.63463969814599 16.076334200519526
88.89292720511328 2.277629173010065
29.696652571426863 44.668842705929144


69.97323080236859 39.5373567212995
42.86425322215423 35.13122463099665
89.7022539506733 83.80866809170261
45.068407159768 89.59798272930442
70.14292701108383 29.410271215675177
22.844613515296153 75.92935967023871
99.10519443493739 59.665858153597654
27.921775953644833 87.34464045371615
25.684893268546737 82.3315618926966
75.42731569117464 14.098021659015526
44.1994636967193 3.888013067645013
18.620141360088937 50.538487234849185
4.501546319436677 44.42526241146905
17.164077810510914 84.5539803278118
53.536004609552144 69.813472833929
74.73610028585085 45.128087750864886
91.1017111319331 89.37970274652982
24.33688825863154 18.96057242931841
96.69191509408948 0.0043457719678619
31.775122898931542 39.82893155986531

1201.0
1080.9
648.5
36.0
17.2
216.2
960.8
77.4
72.1
864.7
576.5
72.1
286.8
72.1
154.9
216.2
108.1
480.4
103.2
286.8

8.6 17.2 36.0 72.1
17.2 34.4 72.1 144.1
25.8 51.6 108.1 216.2
34.4 68.8 144.1 288.2
51.6 103.2 216.2 432.4
68.8 137.6 288.2 576.5
77.4 154.9 324.3 648.5
86.0 172.1 360.3 720.6
103.2 206.5 432.4 864.7
114.7 229.4 480.4 960.8
129.0 258.1 540.4 1080.9
143.4 286.8 600.5 1201.0

2 5 8 11
5 8 11 14
7 10 13 16
10 13 16 19
14 17 20 23
18 21 24 27
19 22 25 28
20 23 26 29
25 19 31 34
27 30 33 36
30 33 36 39
32 35 38 41

