8 3.0 0.0 1000.0 3 160 240 100

216.46652643910858 1.9921280095163418
233.45573734821699 163.3344734012687
17.188687707752255 63.72822548547791
242.53061631163237 196.9408615779529
97.71345818086286 107.29055943310584
187.7670902471661 229.37745680521138
115.00078212530069 178.87597729125648
28.33875497482849 236.92630061386365


222.16814021051704 5.459990078486799
226.18192506423134 164.66837237223444
14.662410454144432 58.036649758849286
246.93475515488484 202.05884339755247
97.40399892898965 110.86762405943269
191.88682783974826 229.49206395651683
117.31698158620385 182.6717847762541
22.188921604774343 235.10162201661905

600.5
34.4
216.2
324.3
286.8
960.8
229.4
258.1

8.6 17.2 36.0 72.1
17.2 34.4 72.1 144.1
25.8 51.6 108.1 216.2
34.4 68.8 144.1 288.2
51.6 103.2 216.2 432.4
68.8 137.6 288.2 576.5
77.4 154.9 324.3 648.5
86.0 172.1 360.3 720.6
103.2 206.5 432.4 864.7
114.7 229.4 480.4 960.8
129.0 258.1 540.4 1080.9
143.4 286.8 600.5 1201.0

2 5 8 11
5 8 11 14
7 10 13 16
10 13 16 19
14 17 20 23
18 21 24 27
19 22 25 28
20 23 26 29
25 19 31 34
27 30 33 36
30 33 36 39
32 35 38 41

