20 3.0 0.0 1000.0 3 160 240 100

2.0450141019365153 80.1773056030166
24.95289281715456 8.132004342442901
42.29538155158774 57.42969423843532
33.337962908411086 50.63536473473439
87.90791489297408 52.65092421234553
3.825157556047598 42.742566071076496
15.86002741285687 81.25459046529994
19.057861512610465 24.124732708553896
79.4866367918774 12.113742020977869
46.39425068321603 46.331000441495405
61.70865379156074 10.708648805807519
67.75735062964866 71.03283911784622
39.22460969520796 37.66096951904697
11.701129415720601 92.4910117713037
87.51320545429094 24.977157465952914
15.670629710203798 57.11424615256357
90.86309360522297 8.24558479122035
28.432368110830065 24.651306582873577
75.90062261013333 31.97399875500009
33.869434948552055 21.04788022874091


7.2623714760980285 74.33490571955512
18.332822917312885 13.023049032994738
38.28104997404916 55.84207855388058
34.4954327032668 46.45366331248842
84.31796389259434 46.89149159125607
4.484954498523852 44.54450039016192
20.603614853280426 87.46965014980074
17.948422617453673 20.867542727695152
80.14550131031237 5.772080675449032
41.22959218723706 40.253584763325414
64.86052751603914 9.469251588272055
65.44443800620806 67.46058187846083
40.925047271734805 39.091996249243856
7.180275207432341 95.55704745776634
79.7987773741164 23.79622612682647
15.826868436454655 49.6752459897361
95.95490222176319 2.9038007312447767
27.091550093623784 20.1534005344169
75.09708140369247 38.752966376799755
33.96490602802372 27.326436257146458

34.4
216.2
144.1
576.5
77.4
34.4
229.4
432.4
432.4
72.1
360.3
68.8
216.2
34.4
103.2
324.3
68.8
143.4
144.1
17.2

8.6 17.2 36.0 72.1
17.2 34.4 72.1 144.1
25.8 51.6 108.1 216.2
34.4 68.8 144.1 288.2
51.6 103.2 216.2 432.4
68.8 137.6 288.2 576.5
77.4 154.9 324.3 648.5
86.0 172.1 360.3 720.6
103.2 206.5 432.4 864.7
114.7 229.4 480.4 960.8
129.0 258.1 540.4 1080.9
143.4 286.8 600.5 1201.0

2 5 8 11
5 8 11 14
7 10 13 16
10 13 16 19
14 17 20 23
18 21 24 27
19 22 25 28
20 23 26 29
25 19 31 34
27 30 33 36
30 33 36 39
32 35 38 41

