20 3.0 0.0 1000.0 3 160 240 100

45.40397228619637 80.31617343390624
71.7242920788293 89.23307360523759
97.08712888179673 23.063853728589102
51.01914901203797 44.85200601957514
74.26252004550805 0.749060576713112
87.74381329489039 30.46765412541156
37.19231564183606 87.026389442329
31.25989014800139 24.462426160865903
89.01760601002493 27.394660707070738
55.10090870761195 84.40520692580836
32.679501707621995 96.37797012512188
36.63857557151592 55.440989056185806
54.07899264542697 57.11503723348943
57.74271842152133 1.9113504614567733
26.050594255766846 59.460344865800764
80.35170679562623 70.66023652721152
72.17648097774135 28.293990196707885
64.56565408192941 82.1890320182992
11.780371550921497 91.44592353125803
62.87071348255987 61.23718236461588


43.87642453523147 74.30978864710265
66.34386702381885 89.2025214749789
99.48123012393332 31.071610388114756
47.26625566092265 48.8831547175059
81.29546460543773 4.514679026289192
91.16083913538928 27.334115062392872
39.05951180011446 85.88049572940581
24.946629906816277 25.5890238405456
84.73909310290124 21.108042918300495
61.4070003283825 84.69676784847974
29.566480987482002 98.92953574476017
36.286246403545164 55.80128275079679
56.22231036274693 54.563622853248816
60.69357685942766 6.245243132194078
28.210872747460968 56.909781828212594
77.7351881050803 65.34496187469472
71.98134208145659 32.129041502211095
60.12977339701819 79.83323272988181
7.1098720400253335 86.49740296429322
57.24503077529691 67.11776801294198

8.6
68.8
286.8
864.7
103.2
51.6
324.3
540.4
172.1
137.6
144.1
144.1
258.1
68.8
72.1
206.5
288.2
540.4
288.2
137.6

8.6 17.2 36.0 72.1
17.2 34.4 72.1 144.1
25.8 51.6 108.1 216.2
34.4 68.8 144.1 288.2
51.6 103.2 216.2 432.4
68.8 137.6 288.2 576.5
77.4 154.9 324.3 648.5
86.0 172.1 360.3 720.6
103.2 206.5 432.4 864.7
114.7 229.4 480.4 960.8
129.0 258.1 540.4 1080.9
143.4 286.8 600.5 1201.0

2 5 8 11
5 8 11 14
7 10 13 16
10 13 16 19
14 17 20 23
18 21 24 27
19 22 25 28
20 23 26 29
25 19 31 34
27 30 33 36
30 33 36 39
32 35 38 41

