20 3.0 0.0 1000.0 3 160 240 100

16.557985957293997 76.03197622761638
64.44529624729883 32.78314377912811
7.037727053140674 97.35877194416787
94.39431195947986 84.89751204945546
1.86271285095293 38.05670276330018
20.676606072051705 17.387315873724095
76.52464317088106 22.695665495632824
23.577488410922477 52.64787546539505
78.96559604465455 75.93168116338681
20.88854628908823 93.80096384267506
32.128919158489566 9.061645391373785
89.9817229265964 64.98934919803234
61.559348311137796 31.310235355639282
13.925897176372903 42.62435079249573
51.831644242869245 61.247666770504715
32.770255364658205 59.15745992464609
10.493916066002807 19.36259144640118
95.03674578692602 24.997050670782016
0.05666070366235898 10.679673236333265
21.910914475942043 75.53797842806269


24.364814208562436 76.540759892541
65.7358850649355 33.839522553624136
7.463752881520403 93.24381089918762
95.95541086748347 89.88701323566113
2.256995132958961 36.006501484661136
25.178677522204307 11.604334359105028
74.0730085703027 28.32561699514955
17.85492417184058 52.50500175289222
71.59818485446478 73.25223847809372
28.172939663670384 96.27648064005427
36.70038293069409 7.080252590793911
86.55346161382349 62.855885040645475
53.29065754473367 33.08364027655995
17.27270849335617 39.26306706826802
48.825649591048204 60.92767478095153
30.87937520056404 65.20146169363555
4.060119333672107 14.231153979192456
97.03401471264446 17.549788133817824
2.5630523477912726 8.616052150730603
22.673640161064558 81.64511916994738

600.5
648.5
68.8
144.1
432.4
144.1
77.4
432.4
25.8
1080.9
288.2
51.6
68.8
17.2
129.0
288.2
8.6
103.2
86.0
144.1

8.6 17.2 36.0 72.1
17.2 34.4 72.1 144.1
25.8 51.6 108.1 216.2
34.4 68.8 144.1 288.2
51.6 103.2 216.2 432.4
68.8 137.6 288.2 576.5
77.4 154.9 324.3 648.5
86.0 172.1 360.3 720.6
103.2 206.5 432.4 864.7
114.7 229.4 480.4 960.8
129.0 258.1 540.4 1080.9
143.4 286.8 600.5 1201.0

2 5 8 11
5 8 11 14
7 10 13 16
10 13 16 19
14 17 20 23
18 21 24 27
19 22 25 28
20 23 26 29
25 19 31 34
27 30 33 36
30 33 36 39
32 35 38 41

