20 3.0 0.0 1000.0 3 160 240 100

99.73871439149661 88.9710707957843
59.383921927355196 87.54579031392512
63.35717563566685 88.53665229000593
34.05244749730544 95.03834304871783
22.3611514810241 35.99287801454343
7.857517137966774 33.61078303838452
90.15140296545714 66.3247457116448
45.49856800050491 86.30157648440289
50.89532523549095 75.32507958094537
52.61984668968016 23.78824452678613
61.648338245372315 76.53953085139005
18.98980608335039 40.6968589931202
95.49484714289011 46.55987178318463
77.480338054144 4.174424621635753
2.041413674888237 22.39919398087413
48.24191213569395 66.21174819764765
36.97675768417169 64.07984528616902
1.5101548331521109 0.9046371416670196
57.179816332835976 71.02192838630849
58.76195634473282 81.55609197980436


93.86992422499823 83.25451668569019
56.1578489208415 90.2628089849193
56.24479359314627 89.12387391238472
30.78737210507365 87.66633011502589
21.236888886190243 38.86048008102803
2.6890773469915197 27.945677385558266
84.00547492782 71.71955135919441
50.711747805499776 92.16412893341396
50.4229136184892 77.04453325648993
50.67672131056929 15.955406221091707
54.00615851529032 73.39668842994045
14.469460049512218 44.704105307870265
95.93762606139575 53.73696097932728
84.30550213387767 7.55239443026513
1.0682902860403076 21.7564228034426
43.61013939498753 59.90038051160359
32.34451926496135 60.28006695177541
3.8855130152146256 2.7691235769226386
63.15165151119096 74.59471442446531
51.67294281417557 86.07195059376065

103.2
720.6
143.4
360.3
36.0
1201.0
600.5
143.4
17.2
17.2
72.1
286.8
286.8
480.4
34.4
600.5
17.2
17.2
432.4
34.4

8.6 17.2 36.0 72.1
17.2 34.4 72.1 144.1
25.8 51.6 108.1 216.2
34.4 68.8 144.1 288.2
51.6 103.2 216.2 432.4
68.8 137.6 288.2 576.5
77.4 154.9 324.3 648.5
86.0 172.1 360.3 720.6
103.2 206.5 432.4 864.7
114.7 229.4 480.4 960.8
129.0 258.1 540.4 1080.9
143.4 286.8 600.5 1201.0

2 5 8 11
5 8 11 14
7 10 13 16
10 13 16 19
14 17 20 23
18 21 24 27
19 22 25 28
20 23 26 29
25 19 31 34
27 30 33 36
30 33 36 39
32 35 38 41

