20 3.0 0.0 1000.0 3 160 240 100

6.330215757247249 53.89960669338857
79.31517206328824 62.929659705851925
63.76031474662825 16.155850925513082
43.02339826390605 61.606023086588024
83.08047954067929 93.48880127987236
88.08374444377188 61.663866967963386
39.19120821061165 29.16928358121479
64.47336604580121 21.604598682122035
60.84723730903839 73.80065828070987
25.48606073507593 29.63477998326195
31.35755524031072 31.636740402104234
19.265172666988985 96.54130387848964
29.889035116159356 71.17995437984918
15.470338135360484 20.65684413522827
65.21354801609426 55.037206243411
67.52614444961897 22.027599240151186
55.43770917107128 20.403567345653318
7.874261797908955 66.44248041816986
92.2436283166203 1.0809948479080678
1.2094479530801672 78.37034512277275


5.635755109967611 51.58332767244907
83.84263767175548 59.77743448592986
70.29451892103768 19.90741801234951
41.48825535957541 57.652274514378256
78.41433514361024 87.46202487256373
93.32363157838458 60.16755094658932
42.48231026012619 32.83488898703742
63.49325607347812 15.930624553648109
55.102510029368105 79.32708068945425
31.70929076114578 33.72624089441274
32.57481552734267 28.096941724833968
19.23136770829762 90.03750837319146
34.24046662675284 72.55861730411662
16.997806790913994 22.285758760365336
71.61348309081762 55.763992721046506
61.27426433195294 17.27246393763151
54.51669423095996 22.907965026395573
1.1742559270402797 61.266709269309814
92.9027602948898 3.9941853998635923
2.6992567955132163 72.75740759394702

540.4
17.2
960.8
144.1
286.8
324.3
288.2
144.1
86.0
216.2
1201.0
360.3
216.2
68.8
1201.0
129.0
34.4
51.6
72.1
648.5

8.6 17.2 36.0 72.1
17.2 34.4 72.1 144.1
25.8 51.6 108.1 216.2
34.4 68.8 144.1 288.2
51.6 103.2 216.2 432.4
68.8 137.6 288.2 576.5
77.4 154.9 324.3 648.5
86.0 172.1 360.3 720.6
103.2 206.5 432.4 864.7
114.7 229.4 480.4 960.8
129.0 258.1 540.4 1080.9
143.4 286.8 600.5 1201.0

2 5 8 11
5 8 11 14
7 10 13 16
10 13 16 19
14 17 20 23
18 21 24 27
19 22 25 28
20 23 26 29
25 19 31 34
27 30 33 36
30 33 36 39
32 35 38 41

