20 3.0 0.0 1000.0 3 160 240 100

34.203374468103696 19.97665383053623
19.544092213604657 10.422420813537537
46.345707026040294 75.13900744044513
40.43573718704244 8.823250773625958
37.558085076459534 82.06065676526813
96.7971524760816 32.46790003101402
28.934786647936818 67.44098345339825
45.20097941705501 95.51974425863504
44.82823944209412 48.32945478571862
65.71269799190095 61.687036066908405
0.33184841831559453 75.91293095179523
79.36414262172089 15.643003215261697
83.8831486188863 6.8394049479603485
21.512880863452633 0.12351072089077375
58.751378380673856 72.36742947784839
47.29219288286155 36.615535024147405
71.58177444669813 78.45281212844685
22.7529820972468 73.01219945924599
36.98789820938542 55.14532174241189
13.629272132392789 49.02030107836738


38.04370346331869 23.203073565450115
19.54589269401644 10.150204443629708
45.985911002175285 83.350209031241
40.556067467646116 2.4554136277384675
43.11080060898872 84.14616504281389
91.15606075124781 37.183605215758945
35.210233687538626 66.11920763742283
41.22107663303846 97.24526452408028
45.62886689536489 53.887723825531175
69.52126379642795 59.113750623809466
6.576308347754612 78.43736336089641
80.45298746400566 8.63533033063969
76.9364422115632 6.299376058046935
25.19779165179855 7.360243258239574
60.33236641581239 65.60447833182346
41.41602899312923 34.95726603030683
69.23684410415196 80.63256530055527
20.716715909245643 76.91961406108513
39.99477071066638 47.764145329473095
18.57437477089061 43.1475495271901

108.1
144.1
34.4
172.1
216.2
144.1
144.1
229.4
51.6
648.5
154.9
103.2
480.4
144.1
77.4
216.2
144.1
206.5
600.5
129.0

8.6 17.2 36.0 72.1
17.2 34.4 72.1 144.1
25.8 51.6 108.1 216.2
34.4 68.8 144.1 288.2
51.6 103.2 216.2 432.4
68.8 137.6 288.2 576.5
77.4 154.9 324.3 648.5
86.0 172.1 360.3 720.6
103.2 206.5 432.4 864.7
114.7 229.4 480.4 960.8
129.0 258.1 540.4 1080.9
143.4 286.8 600.5 1201.0

2 5 8 11
5 8 11 14
7 10 13 16
10 13 16 19
14 17 20 23
18 21 24 27
19 22 25 28
20 23 26 29
25 19 31 34
27 30 33 36
30 33 36 39
32 35 38 41

