20 3.0 0.0 1000.0 3 160 240 100

46.07358528251068 25.68801024114311
40.3872128926338 23.26683551386174
70.16695200464943 0.7127931611905947
16.539991689016077 66.0100057168129
73.78726874281745 57.26154895643677
38.28904942326512 91.1373532827702
47.98773507412704 17.653889362381104
29.98840189637403 99.89504706708334
13.45693368267833 26.496307727029045
93.63562985400972 11.29624822119104
52.772562322759356 68.19739234002162
43.72308467844136 96.60044188933642
89.03832810416067 52.12627554452502
39.64046091802334 0.5473141893356126
93.53320528154441 18.668372508556764
29.727618899301355 96.93676574538748
92.6368264369965 99.85421082401018
2.473445907164462 3.2916715926334605
30.265172573954235 18.673546295272935
17.095011439867303 29.12049308103257


46.80063460515844 18.952828073170902
35.71733868953613 17.431416920845322
77.7942081936207 4.180820056340662
15.827546381924417 74.06859532682105
78.63110093103086 59.00478126933807
40.736084034417175 97.57564765352087
40.726308515668975 18.04590796561061
27.775034554310686 95.0502181316176
7.9623399892058355 32.70474771420236
94.00690453308968 4.830073535892754
51.0517497837923 73.3142931403848
47.25838779197312 97.9213309821413
92.96051767292647 48.67731192713066
42.351222134722235 8.183236885559431
99.8299838920376 19.607438974930748
28.228122694600454 98.64746562699654
91.00097575872354 92.62367741143568
7.215441537669154 0.9915209169621741
37.03589462576953 18.77378624275532
11.039281779871423 31.663463767016164

144.1
103.2
68.8
229.4
114.7
229.4
68.8
129.0
86.0
77.4
480.4
129.0
108.1
1201.0
324.3
720.6
8.6
34.4
34.4
720.6

8.6 17.2 36.0 72.1
17.2 34.4 72.1 144.1
25.8 51.6 108.1 216.2
34.4 68.8 144.1 288.2
51.6 103.2 216.2 432.4
68.8 137.6 288.2 576.5
77.4 154.9 324.3 648.5
86.0 172.1 360.3 720.6
103.2 206.5 432.4 864.7
114.7 229.4 480.4 960.8
129.0 258.1 540.4 1080.9
143.4 286.8 600.5 1201.0

2 5 8 11
5 8 11 14
7 10 13 16
10 13 16 19
14 17 20 23
18 21 24 27
19 22 25 28
20 23 26 29
25 19 31 34
27 30 33 36
30 33 36 39
32 35 38 41

