20 3.0 0.0 1000.0 3 160 240 100

0.46516365950662886 61.21999120416758
16.09179822350567 19.446738235761696
61.814605517945445 46.1967978844433
80.99258639141502 64.1624317304003
20.973605463920297 15.274660512968996
35.950729058293774 91.92832958502349
5.587435343250391 27.85102749126176
72.0950645290837 46.27173808874352
50.74255289977013 14.05366927836761
83.64309237282527 64.1803312305531
69.50123512185812 24.37587761933626
7.609271921798566 78.7537064426301
86.19222777278492 38.109160367421616
73.36438034907731 72.64750863301904
61.8430613790166 9.149925422831796
61.09569414668543 7.767137964468162
74.88249374391494 35.63889176057282
68.88663214540917 41.74777116873777
72.74502061268633 68.51530202782982
67.16546026749643 5.560818331468975


6.966811874747803 61.398822378179105
21.733031476003283 23.177333406293677
59.18511149265172 40.27875349719453
77.33520230603719 62.530039054495646
25.42639529776436 22.11397250978784
34.23433675635849 86.49899939550238
5.5014998945396965 28.171399138475927
67.86895397461159 47.42704195433822
52.24038358468365 8.05514037218632
89.577967984507 68.9065048996399
64.57429898612823 23.078986068896377
13.130485795336133 73.6075256938278
93.03652807898146 41.9391286746625
67.64833678123787 73.42426744692662
65.25094496101154 14.139734844697493
56.788503502960516 5.849672217360624
73.7658992823521 34.892474891827185
71.72364885270983 40.23864801794092
76.6854208980739 69.5492394368878
60.63439043364458 10.647659378621466

144.1
8.6
600.5
864.7
129.0
129.0
324.3
34.4
108.1
17.2
17.2
720.6
258.1
864.7
216.2
480.4
600.5
648.5
154.9
25.8

8.6 17.2 36.0 72.1
17.2 34.4 72.1 144.1
25.8 51.6 108.1 216.2
34.4 68.8 144.1 288.2
51.6 103.2 216.2 432.4
68.8 137.6 288.2 576.5
77.4 154.9 324.3 648.5
86.0 172.1 360.3 720.6
103.2 206.5 432.4 864.7
114.7 229.4 480.4 960.8
129.0 258.1 540.4 1080.9
143.4 286.8 600.5 1201.0

2 5 8 11
5 8 11 14
7 10 13 16
10 13 16 19
14 17 20 23
18 21 24 27
19 22 25 28
20 23 26 29
25 19 31 34
27 30 33 36
30 33 36 39
32 35 38 41

