20 3.0 0.0 1000.0 3 160 240 100

2.6282257623620353 14.456585245768938
78.21565920750893 28.260284586822582
98.75150288489787 90.10272180027094
67.8467954371003 36.45097577732799
50.0110451821127 56.391637649998415
39.54227107608691 38.798543966134055
96.21292050348693 27.119651581476813
90.50947471392661 67.18758250529308
72.54602154864882 87.26228334282142
73.93146780517846 24.9862882922816
55.96069816724155 47.29016501683713
41.794903863315994 53.12708151417019
62.819355659336665 77.41584990879481
18.559836647002403 87.51152932056397
54.69384746095465 12.18256236319255
61.71352374372102 93.66714615127638
22.354895678686372 60.20478046442895
85.98322290408554 82.62181422104824
97.35497380255637 13.37394876067426
18.184700652777252 54.86889806827193


8.867866585602046 18.021826082737192
83.88837990062265 32.10317124825161
91.84134785127299 86.1465732066754
67.25110837703025 34.184091732402614
57.76350652046512 59.60181560409003
45.38743684758765 32.83094742539002
88.64305310326095 26.74580562958636
83.92137170005016 68.05751976198215
73.99563438902301 84.67390735066074
71.42122870631601 29.49923330413696
58.13030016597571 48.90497768037043
42.52307080494212 59.26508758216681
57.19574432934841 78.16869595122186
22.249211578355787 85.27756755440727
55.22529420768186 15.78246072696886
65.7421940398358 90.50694715513623
26.525485539499872 64.86540858039812
85.33060687822423 75.04108266529917
99.74625830099566 19.91930864320477
18.992020375579134 52.021594889637356

103.2
103.2
864.7
129.0
960.8
103.2
103.2
103.2
576.5
51.6
51.6
229.4
51.6
51.6
864.7
143.4
143.4
648.5
51.6
154.9

8.6 17.2 36.0 72.1
17.2 34.4 72.1 144.1
25.8 51.6 108.1 216.2
34.4 68.8 144.1 288.2
51.6 103.2 216.2 432.4
68.8 137.6 288.2 576.5
77.4 154.9 324.3 648.5
86.0 172.1 360.3 720.6
103.2 206.5 432.4 864.7
114.7 229.4 480.4 960.8
129.0 258.1 540.4 1080.9
143.4 286.8 600.5 1201.0

2 5 8 11
5 8 11 14
7 10 13 16
10 13 16 19
14 17 20 23
18 21 24 27
19 22 25 28
20 23 26 29
25 19 31 34
27 30 33 36
30 33 36 39
32 35 38 41

