20 3.0 0.0 1000.0 3 160 240 100

81.79385086949192 81.80197755728273
3.1892596720575095 15.20841088747501
14.606434829186787 85.05739089086075
72.29546371550275 57.25933582042241
50.67902784969611 44.66324060056607
72.15852836483572 90.08975957179626
73.80621970040579 58.880860188946585
69.4614664863638 35.64808339787672
6.968235321891891 43.39889681081942
75.14528075439499 59.721183695714366
86.09640075169918 49.7848037068858
95.81045154238899 0.05211493467001116
70.27861284108062 46.84726705068769
74.75783787337957 2.775969047753424
69.89185769779283 74.9689465678546
66.54839314920136 28.70733539050733
90.93822422676693 59.22816507991327
96.14928115194209 58.45004989807999
25.21702843464666 78.63356629189464
97.42928628482701 80.88550893125085


77.07359874836978 85.47096814235883
6.6550218150627565 17.357466032968606
20.56248178056529 89.3698093781298
75.23091147200874 51.58147491367077
52.57105489633142 36.585506608000905
76.30245911984215 86.33815104422546
70.69080257929943 53.98571129085262
74.17008620393354 38.04438558809411
4.1120799061734274 47.19146500146355
71.4955636625455 65.46474249203797
85.45336758593808 49.00136740195406
95.2194741999331 7.729372525779288
64.62190532269784 50.84816698227858
82.03665508242108 2.9749923171128345
73.71121308472524 71.96251850719835
69.17863806403163 31.70575763449932
89.63802270214948 65.96708636481851
93.23285633169566 63.40655769057499
19.449882336380774 73.29332713603283
97.65213366241292 80.16586624935653

154.9
17.2
206.5
68.8
864.7
114.7
108.1
36.0
77.4
480.4
17.2
216.2
360.3
68.8
68.8
86.0
600.5
103.2
540.4
72.1

8.6 17.2 36.0 72.1
17.2 34.4 72.1 144.1
25.8 51.6 108.1 216.2
34.4 68.8 144.1 288.2
51.6 103.2 216.2 432.4
68.8 137.6 288.2 576.5
77.4 154.9 324.3 648.5
86.0 172.1 360.3 720.6
103.2 206.5 432.4 864.7
114.7 229.4 480.4 960.8
129.0 258.1 540.4 1080.9
143.4 286.8 600.5 1201.0

2 5 8 11
5 8 11 14
7 10 13 16
10 13 16 19
14 17 20 23
18 21 24 27
19 22 25 28
20 23 26 29
25 19 31 34
27 30 33 36
30 33 36 39
32 35 38 41

