20 3.0 0.0 1000.0 3 160 240 100

88.59601902190313 25.49826630958799
46.75002793094223 97.29902383842884
55.14598835511628 88.05479624977774
31.536763201122664 67.12955284248784
13.213589054300378 39.69244577015033
36.60614156235001 86.68483640177713
37.292273618177404 79.06614943415468
99.16214379253698 98.25753967481263
61.51009501457684 82.42810208397809
28.960260887290058 34.299844310143335
47.6952129648187 0.9880396300752325
1.8463385464709603 78.45184947892976
40.84439986816594 55.759600090675995
32.82185788268187 89.63146955949512
6.600815498281676 98.97912375029159
96.23814210906009 86.23524911296435
72.87704374843102 45.30319672649582
85.36995937009641 47.44251287323975
13.032756509935773 94.22578718028463
4.126424840563992 57.16161569166769


88.4455711427454 26.05406003087095
41.21380890837171 96.67632048527443
51.05101569486751 88.89090646462928
29.719442709736278 59.88471765189192
19.435408460410585 37.06586424970638
39.01340676168152 83.01113389253966
39.93625228273536 86.2967209818016
93.62549016889487 95.75613467106439
55.850018598724205 86.07589291912923
23.7349033085431 39.411614159176544
49.795990706135875 4.917625394872871
3.893533845323738 81.73177202006796
38.86971449170462 61.14276769948484
36.80561432466371 85.87673462342009
10.400834597003417 92.73502543899946
96.34959404004573 83.52549305271305
75.58449396675819 45.79359836325515
87.8141277302842 46.11484932863226
9.671801491251198 96.03420606755955
1.1065035652755628 53.21268725126509

137.6
8.6
360.3
51.6
576.5
129.0
51.6
960.8
540.4
258.1
17.2
216.2
229.4
25.8
960.8
864.7
34.4
17.2
288.2
144.1

8.6 17.2 36.0 72.1
17.2 34.4 72.1 144.1
25.8 51.6 108.1 216.2
34.4 68.8 144.1 288.2
51.6 103.2 216.2 432.4
68.8 137.6 288.2 576.5
77.4 154.9 324.3 648.5
86.0 172.1 360.3 720.6
103.2 206.5 432.4 864.7
114.7 229.4 480.4 960.8
129.0 258.1 540.4 1080.9
143.4 286.8 600.5 1201.0

2 5 8 11
5 8 11 14
7 10 13 16
10 13 16 19
14 17 20 23
18 21 24 27
19 22 25 28
20 23 26 29
25 19 31 34
27 30 33 36
30 33 36 39
32 35 38 41

