20 3.0 0.0 1000.0 3 160 240 100

16.05900491099449 71.21085313690475
20.514806412331154 65.31374923621516
49.11284056017998 57.206629632200425
21.351786195101763 86.2926353737879
95.76195675655576 55.14797925802478
67.71981031835422 6.715091374940984
67.50730360983792 95.39761912876074
6.051460506056838 10.043888925201161
51.109369119712476 12.506938985332837
10.099236917407485 0.4874068547025545
82.8365350806545 99.53370684055608
87.77475259820471 84.39206116740665
62.82616109029934 12.479816690689717
44.29243348618807 57.77797251885737
84.99619199987809 15.821218689929761
8.004563488948879 76.15479964431513
33.969961606543905 86.21659537297161
74.2679137845262 79.6434263194093
53.61294128503176 50.68029384365295
92.6993937355807 97.2800825306895


17.34462492332669 70.27599210940791
22.911936100763665 63.42671577917333
42.632256955721026 54.61921460549516
24.773391211182027 88.77500640225942
95.74875930359732 55.92123680825101
73.74491556487594 9.834433448195012
74.98457863354697 92.61913832941849
11.817922302290407 13.897282129190858
51.312850554468106 16.957030176401922
12.382316037833785 0.5457729035559078
84.6325974559742 95.09152801372443
89.3711261616531 81.68035456191505
68.99365086488484 8.63496437964908
39.751934207864245 62.85614099571697
88.56742649405123 19.432835871578035
13.47386808572283 74.034772855646
27.005986987499185 89.39594480054457
76.63246663084111 78.08643698357353
53.170915350751166 45.26048154976032
92.34230605308385 97.38056982267345

360.3
8.6
114.7
8.6
154.9
288.2
288.2
17.2
288.2
51.6
77.4
1201.0
360.3
216.2
154.9
720.6
51.6
1201.0
288.2
68.8

8.6 17.2 36.0 72.1
17.2 34.4 72.1 144.1
25.8 51.6 108.1 216.2
34.4 68.8 144.1 288.2
51.6 103.2 216.2 432.4
68.8 137.6 288.2 576.5
77.4 154.9 324.3 648.5
86.0 172.1 360.3 720.6
103.2 206.5 432.4 864.7
114.7 229.4 480.4 960.8
129.0 258.1 540.4 1080.9
143.4 286.8 600.5 1201.0

2 5 8 11
5 8 11 14
7 10 13 16
10 13 16 19
14 17 20 23
18 21 24 27
19 22 25 28
20 23 26 29
25 19 31 34
27 30 33 36
30 33 36 39
32 35 38 41

