20 3.0 0.0 1000.0 3 160 240 100

66.25822827900728 95.47446336780278
51.3333234133311 94.08430255556523
98.01138388127329 76.07357480548019
13.051981145326375 53.444501144412506
37.82453262280286 84.049332118539
59.56643742710593 22.612666292885496
88.67315091001761 21.587310400563688
57.63739015244988 95.01982019756947
79.46807854921208 36.732588209770725
38.128705638647254 3.4038765837609564
48.92218682515649 18.579965045595014
24.512894827945463 58.163745226794674
58.08975622036918 38.96262168419611
99.93634128440841 56.704625441077425
37.5014613109314 73.62602681055894
43.231926415503295 68.2524001037378
42.61939943021169 71.15629724819095
64.10123843119325 27.0740355096556
49.72086613114991 43.902194439449424
57.157727671625416 88.66134702857177


60.02099114688284 90.43460546175372
46.88845802265874 87.26072587010371
97.09086411443269 72.32240881141682
15.145172853763889 54.246875626546554
36.75614057979193 79.70731333717052
53.17210953414223 18.643496636193934
89.44405047435411 20.838830954715448
56.994473618075205 96.64425353445928
86.17673175207898 35.67041716742458
30.851798388346342 1.0422737814118732
40.853937082879234 16.234911799014206
24.43841572292802 59.94210095688886
59.03820664831604 45.86460399091739
98.78041617042817 60.353199584769314
42.485409874267646 80.02237725185071
47.58836739866287 65.18246520064349
47.35759747080134 66.53326272680566
67.97810194454354 21.27916904836593
55.42249441402899 44.23982481442377
56.42065691807743 89.35442881335959

72.1
360.3
143.4
143.4
288.2
258.1
72.1
288.2
360.3
324.3
172.1
1201.0
137.6
34.4
137.6
129.0
72.1
480.4
288.2
129.0

8.6 17.2 36.0 72.1
17.2 34.4 72.1 144.1
25.8 51.6 108.1 216.2
34.4 68.8 144.1 288.2
51.6 103.2 216.2 432.4
68.8 137.6 288.2 576.5
77.4 154.9 324.3 648.5
86.0 172.1 360.3 720.6
103.2 206.5 432.4 864.7
114.7 229.4 480.4 960.8
129.0 258.1 540.4 1080.9
143.4 286.8 600.5 1201.0

2 5 8 11
5 8 11 14
7 10 13 16
10 13 16 19
14 17 20 23
18 21 24 27
19 22 25 28
20 23 26 29
25 19 31 34
27 30 33 36
30 33 36 39
32 35 38 41

