20 3.0 0.0 1000.0 3 160 240 100

48.15655725649191 32.56212221641841
57.72250787566453 64.59736122475384
61.07830558599987 13.603373081798209
74.62798125564977 95.71182316000515
40.21971546978938 84.5276609657066
57.4806155841267 68.42732689441773
13.476163989935364 85.15174742606027
67.83980447628984 66.22911334072533
38.44666105226852 67.77426043661818
2.7698955938819103 30.973391154548104
26.948776720920986 63.58124444864188
77.02581766133741 3.179289985028566
63.05146348817955 22.39665185481564
71.08811932151723 32.39737098964014
67.10016572699222 65.70400764791829
9.518210443673315 43.80995619699127
81.82516400189844 37.294781681959485
77.36052005820993 37.24720058976517
42.196345905099896 89.02904651883858
64.16210233438578 98.08920392128549


48.18995064396267 35.99799807104457
50.92558664636903 63.14127384458503
63.23105205260919 18.009047736487716
76.5913586072382 89.83761549429923
40.78294449380323 80.96779372624019
62.75535590702953 65.5589248968251
17.212939573809336 85.90402931840424
69.13256308361328 72.31616697606603
31.467774879529276 63.025524535300804
3.8181045036741024 26.89589642116773
22.97497977576709 56.28297252508547
79.74607429133283 4.128658806908847
67.68829134722196 21.077631041896737
74.26020360977897 32.67319924054962
68.28423938809868 59.685133754232666
7.968113376681907 37.672843388005276
74.13451672783316 35.26612897605239
76.30894888045854 32.276618989885264
49.6213222797835 85.4864373120502
67.159229856247 99.91538662834945

258.1
288.2
103.2
17.2
360.3
576.5
68.8
480.4
480.4
648.5
154.9
72.1
432.4
960.8
103.2
72.1
51.6
480.4
432.4
103.2

8.6 17.2 36.0 72.1
17.2 34.4 72.1 144.1
25.8 51.6 108.1 216.2
34.4 68.8 144.1 288.2
51.6 103.2 216.2 432.4
68.8 137.6 288.2 576.5
77.4 154.9 324.3 648.5
86.0 172.1 360.3 720.6
103.2 206.5 432.4 864.7
114.7 229.4 480.4 960.8
129.0 258.1 540.4 1080.9
143.4 286.8 600.5 1201.0

2 5 8 11
5 8 11 14
7 10 13 16
10 13 16 19
14 17 20 23
18 21 24 27
19 22 25 28
20 23 26 29
25 19 31 34
27 30 33 36
30 33 36 39
32 35 38 41

