20 3.0 0.0 1000.0 3 160 240 100

87.69212237556793 84.53599049545623
85.49729537175492 64.38515224095327
72.8807931394828 13.637280347479152
79.64277404678687 92.10330044115624
19.88994645084976 45.42912505036868
89.65490643174786 7.510991778483178
85.97819038532481 62.30010798797812
99.78612023948556 0.35405582935994495
4.778966763605008 60.56303189095252
5.536482797085163 48.516606377182626
55.692928108934716 74.22529117897193
12.68313083908602 7.6701758952307575
63.92485513199433 28.413851300872718
87.92390937891723 95.72449659963104
38.94342353033511 95.96960860558565
69.53492316131309 8.921767518612045
2.4594428944979763 40.54939631270238
73.79114442173224 53.95915511290015
90.28793645790958 49.629741972525
40.984199485143044 57.71720599570717


93.3463731054216 88.04321827324716
85.7261389927291 67.44780131626568
76.7288552897936 13.866544182471296
75.4734792394759 97.13056776625338
11.981904094143214 45.7893372991221
93.76572117839092 6.0685776185752545
83.37224603865666 68.73707559341814
96.85095276020796 1.4440528624531268
2.672455550007513 53.232351205091476
4.998725121714054 50.48207441435303
48.77448895489095 77.3105493960969
15.783827600849365 4.2166058239118565
56.469003444454025 32.07291955083935
90.44194366813292 91.61221993570146
38.18048773610049 96.99775251986463
61.63791756505069 6.218802074161934
2.6666024211577044 39.04935152110072
76.72983510211392 50.08298722249206
95.39205147794544 49.37274884694579
44.64693549904178 50.55610109874185

72.1
51.6
154.9
540.4
1080.9
206.5
114.7
25.8
960.8
206.5
172.1
206.5
288.2
72.1
8.6
77.4
720.6
77.4
8.6
216.2

8.6 17.2 36.0 72.1
17.2 34.4 72.1 144.1
25.8 51.6 108.1 216.2
34.4 68.8 144.1 288.2
51.6 103.2 216.2 432.4
68.8 137.6 288.2 576.5
77.4 154.9 324.3 648.5
86.0 172.1 360.3 720.6
103.2 206.5 432.4 864.7
114.7 229.4 480.4 960.8
129.0 258.1 540.4 1080.9
143.4 286.8 600.5 1201.0

2 5 8 11
5 8 11 14
7 10 13 16
10 13 16 19
14 17 20 23
18 21 24 27
19 22 25 28
20 23 26 29
25 19 31 34
27 30 33 36
30 33 36 39
32 35 38 41

