20 3.0 0.0 1000.0 3 160 240 100

19.35696523517817 85.12038237088753
54.030540768447224 33.827823540717084
78.27679258131228 41.252572847332736
94.25026042188324 81.02808181757476
21.435611571767755 73.44517212902426
51.12126931598493 83.41441599617684
59.00337692867019 87.34778516626713
28.18544759867204 77.68743284305539
73.36989850589218 54.4525105239833
48.3860721793828 90.1166668557919
45.706319772460766 42.562653533155405
25.853348688294965 26.177918583891312
44.67626113719613 84.68048567502032
48.27405236728401 72.1932858101578
74.41198734095113 90.31784625481758
62.60711102026137 80.88556051366338
47.670385199963015 22.11266573292606
58.68001573622866 84.94784625924811
63.46174789322268 98.18358814382196
34.49583905343029 8.431483616054736


19.012867954958413 84.85029747758122
60.04543822517295 37.83343829968362
81.26624316621984 44.709667553723555
92.50557233122034 76.23084279108278
24.903550631616444 77.63661607833986
50.285586007601765 77.9503716306066
63.55052983833842 92.71589093969928
29.587140740565264 76.10187908833535
72.0852698866473 49.59497578935513
55.24767557467061 92.07832215497218
44.130686863752466 40.626744910227984
23.632606467458285 32.83443462995697
38.289844990260455 83.5034382675051
54.73861827049779 68.77633294392164
77.95775252178778 95.4853008275581
64.44741947892993 76.11217485053547
54.71882296879706 20.0219368018855
59.413481286904144 88.45895472003407
56.11125540783978 97.46062895414919
29.535642244936444 10.048235602618016

432.4
864.7
72.1
172.1
17.2
34.4
144.1
34.4
216.2
25.8
154.9
36.0
103.2
432.4
288.2
34.4
864.7
324.3
600.5
114.7

8.6 17.2 36.0 72.1
17.2 34.4 72.1 144.1
25.8 51.6 108.1 216.2
34.4 68.8 144.1 288.2
51.6 103.2 216.2 432.4
68.8 137.6 288.2 576.5
77.4 154.9 324.3 648.5
86.0 172.1 360.3 720.6
103.2 206.5 432.4 864.7
114.7 229.4 480.4 960.8
129.0 258.1 540.4 1080.9
143.4 286.8 600.5 1201.0

2 5 8 11
5 8 11 14
7 10 13 16
10 13 16 19
14 17 20 23
18 21 24 27
19 22 25 28
20 23 26 29
25 19 31 34
27 30 33 36
30 33 36 39
32 35 38 41

