20 3.0 0.0 1000.0 3 160 240 100

69.63974595684967 77.01753310926787
84.31660494920779 39.58890295686206
86.03882650824758 37.6035194077048
25.233772001530376 19.953820541412327
34.572828734211484 59.29070276550157
72.5005037385052 64.65262890604268
2.075366139537982 58.30798610471949
22.473369981768855 99.02016371055787
73.3577723929056 60.588358465262445
87.5526067102967 0.9665689772732744
32.81431480293351 89.88587373267934
28.199903612649102 73.5359060415693
41.786899573121836 42.83740759799084
5.922659286356435 95.35475777410338
70.00933118126652 34.99163667047347
39.76466181334466 51.391339088890106
22.459566405352717 8.198892341244035
11.866622046689601 61.06221287438329
87.37208489516965 25.172971657903698
56.86214422690649 37.602445326905844


72.75152865286732 79.12979531731051
83.89438358307791 35.100975143114255
79.1674431695145 38.13603284230117
23.561422680673573 20.330273744264915
35.8008503160263 52.887848480285946
72.32727973969995 69.975288589085
4.59801924246711 60.99402882871002
26.306048565773356 94.13146267355546
73.81072175738147 62.13232289548025
86.26093959141535 1.6191843014515817
29.35741362730028 90.31916769956463
35.75738855402081 70.90463549465412
44.16432254774389 44.071407084229165
8.942474518460353 89.18031936970377
71.27964551205082 37.6759024984623
39.926661115904906 53.85589307778892
17.389923003334452 1.79005216964927
17.190901233434076 61.57034457475079
89.35362894360674 31.548586494109042
56.02812966276956 40.949349787534814

103.2
144.1
720.6
432.4
286.8
172.1
34.4
103.2
72.1
172.1
114.7
144.1
576.5
648.5
258.1
25.8
137.6
86.0
108.1
1080.9

8.6 17.2 36.0 72.1
17.2 34.4 72.1 144.1
25.8 51.6 108.1 216.2
34.4 68.8 144.1 288.2
51.6 103.2 216.2 432.4
68.8 137.6 288.2 576.5
77.4 154.9 324.3 648.5
86.0 172.1 360.3 720.6
103.2 206.5 432.4 864.7
114.7 229.4 480.4 960.8
129.0 258.1 540.4 1080.9
143.4 286.8 600.5 1201.0

2 5 8 11
5 8 11 14
7 10 13 16
10 13 16 19
14 17 20 23
18 21 24 27
19 22 25 28
20 23 26 29
25 19 31 34
27 30 33 36
30 33 36 39
32 35 38 41

