20 3.0 0.0 1000.0 3 160 240 100

82.18006643817921 0.6485684774281353
30.23351931962108 64.28980410974123
49.19850889810707 2.5373264084324387
73.13935066320889 24.59298344275401
22.321494612989014 15.30677560003304
62.08673123473755 14.831590852300003
4.237334370451229 66.87309519243814
13.85618600220041 29.0945967701174
43.18833285691264 40.18737517545723
3.2463351983327393 39.58288900572552
17.89447213724584 3.579291822142938
74.75840412649613 10.944846395511432
45.318526628319944 57.48891746103788
74.72392259252437 0.9313112280417091
43.12042978137099 17.015879448222904
30.534444049773146 31.612607137133473
23.503386480779078 32.54329839746528
68.62668787599677 9.393336706536036
21.77429235412436 77.78514233444292
99.11318594983834 0.42084855470343463


82.17330190814019 5.521089107299981
33.28042544907961 69.34306568303693
51.078208159537276 6.405168839965924
75.142365538996 26.11087006161662
18.358370803445656 13.047316608102932
60.742929534183475 16.90383350253607
3.3513951199393155 61.84900100209115
13.563600533399844 32.78243151964809
47.70243840274109 40.57254454424339
5.057548176370297 32.8631300841974
17.26833392003888 7.535285347281162
81.32054634725179 12.787146846020669
51.15713623435335 58.563714546245215
72.36748613140408 8.101785929361993
43.07105451452266 14.283232916761934
28.276003717757714 27.575248038550214
28.774759351091017 36.80163278065366
71.17722449289099 5.299754716842109
22.642648578897763 86.04665906469751
99.93917609048174 6.864198446752933

288.2
1201.0
25.8
17.2
286.8
432.4
1080.9
288.2
108.1
540.4
144.1
432.4
480.4
103.2
103.2
648.5
432.4
114.7
576.5
648.5

8.6 17.2 36.0 72.1
17.2 34.4 72.1 144.1
25.8 51.6 108.1 216.2
34.4 68.8 144.1 288.2
51.6 103.2 216.2 432.4
68.8 137.6 288.2 576.5
77.4 154.9 324.3 648.5
86.0 172.1 360.3 720.6
103.2 206.5 432.4 864.7
114.7 229.4 480.4 960.8
129.0 258.1 540.4 1080.9
143.4 286.8 600.5 1201.0

2 5 8 11
5 8 11 14
7 10 13 16
10 13 16 19
14 17 20 23
18 21 24 27
19 22 25 28
20 23 26 29
25 19 31 34
27 30 33 36
30 33 36 39
32 35 38 41

