20 3.0 0.0 1000.0 3 160 240 100

3.242864325046846 73.96616089959693
73.13897492440447 60.26037349734658
74.12824338328204 7.414750652796642
72.24996172750792 23.522761131657475
99.08142622316836 48.484533571976094
36.16328961523809 93.15899117256623
19.492716809690624 44.4422874646758
75.63930878974969 12.346430482071359
56.68149358269369 83.61496427029836
52.262245143837916 81.96276016203362
70.54630558509453 79.04387729310838
16.93840565477991 6.316226808950076
92.454452003661 58.48281332389049
44.71701274464035 9.570309751670681
77.80668506075871 13.171600931989413
8.19836023121584 93.88891987019241
75.90850660810376 40.56622129960201
35.770523450828954 28.516038939890787
39.27566963281542 65.45675852093663
80.88184139593739 79.1740585401156


0.7896402272978165 79.28176829982218
75.94308706147953 60.53929733540626
69.13989632547938 2.919031237206815
75.94958683505708 21.60412919553375
99.94007582157094 40.74324695675122
29.865066245256212 97.1198112572579
25.351577291972095 40.73511310859702
84.0434518591206 13.484477400166583
49.830311252176664 87.22419837091591
53.41284655963696 83.31096070544551
73.95977629915484 82.97148548109942
25.226164047129284 6.303873514188152
92.74831948528842 50.18623265578866
43.7562211761528 9.87109542003891
72.52032249678463 11.017276532038112
3.7721039285032454 94.48196936785257
76.76342345943941 46.586967565466686
37.451302352118724 22.557223706003793
36.67030749185531 71.21087060799431
83.69939792308905 82.47049463678353

216.2
172.1
103.2
51.6
68.8
143.4
1201.0
25.8
480.4
286.8
360.3
103.2
286.8
77.4
103.2
288.2
68.8
25.8
1080.9
576.5

8.6 17.2 36.0 72.1
17.2 34.4 72.1 144.1
25.8 51.6 108.1 216.2
34.4 68.8 144.1 288.2
51.6 103.2 216.2 432.4
68.8 137.6 288.2 576.5
77.4 154.9 324.3 648.5
86.0 172.1 360.3 720.6
103.2 206.5 432.4 864.7
114.7 229.4 480.4 960.8
129.0 258.1 540.4 1080.9
143.4 286.8 600.5 1201.0

2 5 8 11
5 8 11 14
7 10 13 16
10 13 16 19
14 17 20 23
18 21 24 27
19 22 25 28
20 23 26 29
25 19 31 34
27 30 33 36
30 33 36 39
32 35 38 41

