20 3.0 0.0 1000.0 3 160 240 100

78.08907196449476 73.34100853120042
62.857812263222876 91.68018150887275
74.25173665369947 43.591012461338316
69.5163491734902 33.729597645061006
59.378388846888754 86.21037813641509
90.39024282796373 89.77532632271269
65.78716056368113 25.805517156101978
20.97252788868199 93.39556691193171
80.0496191706017 92.17965971491542
28.943681159302358 3.3631592098929075
8.8691312285612 56.45569837426048
62.06688893501331 67.18087357538138
85.00802585165219 47.046721126741595
48.085476837141194 67.92030350565106
28.995551967121358 66.53719614267916
47.411966542528404 5.475019048590157
27.916923791836545 83.77466560659192
59.43040172207792 41.66900821287207
23.78970526066082 59.53692898252337
25.938837208394204 25.915124782548205


73.44513561272635 70.53898823142355
56.86428214720167 95.30688469283328
80.78357441050106 48.717569001439145
76.03035444855873 29.771913501095458
61.52156224402041 90.0522399739169
96.1641895787703 91.85170561477894
60.9256642687535 25.083011254579745
24.306557576610277 96.01248131070807
86.41904536298345 92.25635582355135
22.283619107689358 4.36185542230162
15.251847865829937 51.21134533968355
60.114283830793156 75.42318067504537
89.56689082645212 46.96599045051335
49.70087467131782 68.4899674935748
28.93720667443166 58.768615589750816
43.9637249597754 9.59806331379449
29.005856978307122 87.98645044482701
61.02580098924696 40.06737666772493
22.182532213028196 51.79651145719848
22.384613031234313 26.22743190059221

229.4
480.4
172.1
144.1
648.5
229.4
288.2
114.7
114.7
576.5
258.1
51.6
258.1
720.6
103.2
432.4
77.4
576.5
36.0
1201.0

8.6 17.2 36.0 72.1
17.2 34.4 72.1 144.1
25.8 51.6 108.1 216.2
34.4 68.8 144.1 288.2
51.6 103.2 216.2 432.4
68.8 137.6 288.2 576.5
77.4 154.9 324.3 648.5
86.0 172.1 360.3 720.6
103.2 206.5 432.4 864.7
114.7 229.4 480.4 960.8
129.0 258.1 540.4 1080.9
143.4 286.8 600.5 1201.0

2 5 8 11
5 8 11 14
7 10 13 16
10 13 16 19
14 17 20 23
18 21 24 27
19 22 25 28
20 23 26 29
25 19 31 34
27 30 33 36
30 33 36 39
32 35 38 41

