20 3.0 0.0 1000.0 3 160 240 100

31.516068223404424 71.82204374447501
43.620550033452965 29.396683782137025
93.66463510058806 37.257124140802404
50.553105785418865 71.21522857854613
50.18847059079686 76.22338010690665
17.61627096494818 48.509838052230045
36.498843148718926 43.18370295589823
77.12508055698112 48.9101440938866
13.419446717373262 44.3946165876328
86.04681247014302 68.10662539950873
97.2528489087643 33.49656187099814
98.92235238895667 30.68130457728224
36.798552846038355 81.73157443741668
68.36414533076079 5.054860934038108
60.49742512602002 63.389086695556266
22.48342101558687 72.28830614656016
60.253972146593725 40.57736798849927
48.13113066307172 20.69018138892004
34.11505285843822 33.13692984452601
64.5679946084301 26.23416707432179


28.059835531913315 70.41810884786395
42.61884263824258 22.193933871318407
94.90579144123771 34.571787201650295
54.443938463083995 63.72092664611706
56.112475238093005 81.7464492290608
19.60521029632477 46.63708484260002
34.353061874749926 50.534681933060014
80.93197970785165 52.4029457660561
14.252473191282277 41.788018504535394
93.94978653873541 68.50888878242965
98.25716908475529 31.028960833954354
96.31400177910545 22.76514886441372
41.4769396849441 87.19663743080046
66.45886177404891 5.35075843736279
61.19666668783251 60.756726157549465
24.694325980189692 68.21586515859123
59.31034097404171 41.680768169082214
40.64181219813526 18.185636126223446
30.74662428366608 33.02257204594186
63.41120912573053 34.4992472807421

103.2
17.2
34.4
1080.9
144.1
86.0
34.4
360.3
480.4
432.4
1201.0
144.1
288.2
864.7
68.8
360.3
324.3
144.1
51.6
1201.0

8.6 17.2 36.0 72.1
17.2 34.4 72.1 144.1
25.8 51.6 108.1 216.2
34.4 68.8 144.1 288.2
51.6 103.2 216.2 432.4
68.8 137.6 288.2 576.5
77.4 154.9 324.3 648.5
86.0 172.1 360.3 720.6
103.2 206.5 432.4 864.7
114.7 229.4 480.4 960.8
129.0 258.1 540.4 1080.9
143.4 286.8 600.5 1201.0

2 5 8 11
5 8 11 14
7 10 13 16
10 13 16 19
14 17 20 23
18 21 24 27
19 22 25 28
20 23 26 29
25 19 31 34
27 30 33 36
30 33 36 39
32 35 38 41

