20 3.0 0.0 1000.0 3 160 240 100

80.84855876152807 32.4881192123836
30.48797069205117 38.170783242041814
53.48540227902111 80.36227161572894
12.849970212632034 75.71607247499192
58.31934426326614 31.53469558857508
1.8957895177184159 9.023972575380467
46.397927686975336 48.090315288296196
3.070112962502203 48.64969155308947
40.56853034534955 90.07382755431269
73.45948221979788 40.04872122743102
74.97512377979105 66.42519407109066
5.642978088497141 13.908354093992193
6.5700524676138965 98.2936747976191
40.70753278848832 34.95497746524548
29.326012746567653 58.333175289085304
83.92463667408855 90.14212740099354
98.11562845671462 72.4537039233338
3.1066304493742924 59.51630738414586
28.2669371386856 61.5653671500087
57.258236172923226 17.401822218538378


76.51482807241214 26.282843636863383
30.5031519015177 32.384220110334596
59.41314190438517 78.90394019901082
12.201114726198647 79.63929225749212
53.3331518688541 35.08028521528935
3.030970167360214 4.641458303488177
52.63446440970008 45.923185460776175
2.702159959949557 46.95254738545547
42.660969682573466 95.70424201991385
65.97964845942256 36.7875718533133
80.25166579570828 70.3186939017142
8.77035210445143 21.57918342350692
11.950239627346049 97.04188702668363
46.324883463141184 34.960487726150205
24.996242676425616 55.363750861581885
85.5971817448617 92.10956560415468
90.8281339865079 68.30375571837727
5.77599169227947 55.50669043795242
22.455026198286575 65.88718420178749
53.01528774988714 12.720487040326667

137.6
229.4
143.4
17.2
114.7
1080.9
172.1
25.8
143.4
34.4
144.1
68.8
108.1
216.2
51.6
600.5
36.0
72.1
172.1
17.2

8.6 17.2 36.0 72.1
17.2 34.4 72.1 144.1
25.8 51.6 108.1 216.2
34.4 68.8 144.1 288.2
51.6 103.2 216.2 432.4
68.8 137.6 288.2 576.5
77.4 154.9 324.3 648.5
86.0 172.1 360.3 720.6
103.2 206.5 432.4 864.7
114.7 229.4 480.4 960.8
129.0 258.1 540.4 1080.9
143.4 286.8 600.5 1201.0

2 5 8 11
5 8 11 14
7 10 13 16
10 13 16 19
14 17 20 23
18 21 24 27
19 22 25 28
20 23 26 29
25 19 31 34
27 30 33 36
30 33 36 39
32 35 38 41

