20 3.0 0.0 1000.0 3 160 240 100

71.17072130118011 6.40025615582892
36.956888631997295 60.881616537998575
33.64342877587006 61.51023359336699
20.969000143058057 32.179576763989544
99.57245356207939 81.55584524953721
8.193004243966906 45.05227678671283
33.428459060398296 84.084693974543
88.850483020263 16.741545701214722
96.42278070760354 66.27561188772165
37.99308443353118 94.70211890796097
41.915242800151454 83.51938588288667
47.91896071554994 45.763274992383806
6.125616666688916 55.42936950586844
80.69560753822675 54.3773012215434
98.31078496954126 50.578141389733865
40.7001552841338 58.29497685257942
11.55791882189231 27.210977774965418
59.949605515094774 5.533793776226936
17.727569750543427 11.67437320742245
12.346264624332992 27.723349878831193


63.48387455804231 9.40190250130727
36.13281469826733 64.46368374360235
29.892809936736253 56.34355094143905
27.24890550511967 28.306475736190105
93.18211727162048 82.01050750410069
8.96440224246926 36.69542522896801
32.703405927544026 75.79388369641366
88.48617285322959 13.787422742873357
99.57203857707204 72.53692799590681
42.724035568432704 90.05203560475499
47.51456434779019 80.15091756294062
47.42427631153623 49.56628802414242
6.53131785086658 53.82413375581184
79.34413860807916 57.771551136493095
93.85352992944765 55.21697542215295
40.63046178253269 55.32951600529882
18.07086285099303 28.845257938133486
59.104085129542895 3.459577730713903
15.05239948339312 17.30773442615622
9.12896535609261 24.185278817961564

288.2
86.0
1080.9
154.9
143.4
68.8
432.4
864.7
258.1
960.8
103.2
206.5
216.2
144.1
1201.0
114.7
864.7
480.4
480.4
103.2

8.6 17.2 36.0 72.1
17.2 34.4 72.1 144.1
25.8 51.6 108.1 216.2
34.4 68.8 144.1 288.2
51.6 103.2 216.2 432.4
68.8 137.6 288.2 576.5
77.4 154.9 324.3 648.5
86.0 172.1 360.3 720.6
103.2 206.5 432.4 864.7
114.7 229.4 480.4 960.8
129.0 258.1 540.4 1080.9
143.4 286.8 600.5 1201.0

2 5 8 11
5 8 11 14
7 10 13 16
10 13 16 19
14 17 20 23
18 21 24 27
19 22 25 28
20 23 26 29
25 19 31 34
27 30 33 36
30 33 36 39
32 35 38 41

