20 3.0 0.0 1000.0 3 160 240 100

50.094159882667746 58.1227734035628
38.91576882039411 63.73778098996484
5.100173027794175 12.835319201771966
68.95807899416772 95.74778760642403
40.906248005689164 40.46823901136683
30.606865727894604 79.4594598436159
82.16996701551594 72.46053341570324
50.927830506751235 89.98800284371627
43.82844431623744 57.82358846432254
10.770263512839817 71.37149162959071
33.36973996532117 0.6402043349443498
90.74389890969603 15.021471730504231
37.32064873889601 79.8176961637459
25.51027912338072 53.51714664942232
59.81774610373487 80.0475283837046
99.26863631774258 73.11966657228045
74.94847667508415 98.7568062320792
66.43122897888178 22.23645090304719
9.833716751541498 74.2533365766897
6.355712425908056 91.93308750867908


48.68614475967748 54.35380238888272
45.451048843462885 66.43707485613632
0.4238532487717328 19.87199762878664
67.36859487897642 95.2151815293478
39.06016649201908 48.55872175031131
36.0890819272469 76.8217180140562
83.19516382563272 67.02256283017212
47.178249320108314 97.1391161480283
46.23016057613697 58.91668200335673
15.745468622918779 75.75002701822648
39.25943034504959 3.415730071563705
97.22953434884597 14.18694941012152
39.70672134709841 72.86793456236953
29.104444993727164 55.17126446275478
64.99534135995029 77.14309794386277
99.07413158871259 71.98681032567586
72.09961664120686 91.78788994304988
59.32306463697835 25.822645687358524
14.918482549310408 78.46843893629648
14.773512788723519 91.97972953339382

172.1
17.2
540.4
172.1
17.2
51.6
129.0
103.2
36.0
129.0
108.1
172.1
324.3
258.1
108.1
68.8
108.1
172.1
480.4
216.2

8.6 17.2 36.0 72.1
17.2 34.4 72.1 144.1
25.8 51.6 108.1 216.2
34.4 68.8 144.1 288.2
51.6 103.2 216.2 432.4
68.8 137.6 288.2 576.5
77.4 154.9 324.3 648.5
86.0 172.1 360.3 720.6
103.2 206.5 432.4 864.7
114.7 229.4 480.4 960.8
129.0 258.1 540.4 1080.9
143.4 286.8 600.5 1201.0

2 5 8 11
5 8 11 14
7 10 13 16
10 13 16 19
14 17 20 23
18 21 24 27
19 22 25 28
20 23 26 29
25 19 31 34
27 30 33 36
30 33 36 39
32 35 38 41

