20 3.0 0.0 1000.0 3 160 240 100

75.60420133256365 44.1209520560397
45.212631513770255 95.43769777280511
13.477750067813343 79.99907196992213
36.33930685226684 15.432066425289925
26.897922796869967 66.29811816240921
47.537640149514736 24.94186982567187
22.080253093539316 50.021139852660234
63.55452403698908 31.28449899653375
29.19845295813327 24.300255292221095
98.49890223628466 73.05058729647573
84.98289121365394 55.318231558300404
51.62314253588261 83.82252547237955
35.50150953790292 1.0200190792617914
10.948672292925565 96.72931756156753
99.84384832567902 85.89956045351558
93.8255617043684 75.35358701565407
92.16134926903065 73.48713166407404
45.681343228016914 49.070225716009396
3.277281925395381 47.55834262344526
34.44378967522772 38.421459421578405


77.58195309151888 43.90206869291138
50.76715906516161 94.98634791862392
13.62847916772546 86.8573493861102
38.06121853343537 15.312225987938866
20.82914013289683 69.45955082159058
45.57182815107159 23.199760211559216
17.81507277861033 55.837836785593076
69.45372817964451 26.585419547018084
22.781840858188808 26.57141828338855
96.59582944925343 72.67385564575916
85.93561771990264 61.996133281376366
49.69444972641739 79.66469705610942
38.9073027309781 6.248868193885093
8.336065312421514 94.8798609289951
95.298520775614 91.01000654562382
87.26042191893723 74.55317976354503
98.3711515706199 76.62975237463229
50.739642145287476 42.89764528792573
3.3288570877362256 40.68623780376206
37.00778378720706 31.766907640566522

17.2
172.1
17.2
960.8
103.2
143.4
1080.9
68.8
540.4
324.3
540.4
576.5
34.4
108.1
360.3
360.3
864.7
432.4
576.5
432.4

8.6 17.2 36.0 72.1
17.2 34.4 72.1 144.1
25.8 51.6 108.1 216.2
34.4 68.8 144.1 288.2
51.6 103.2 216.2 432.4
68.8 137.6 288.2 576.5
77.4 154.9 324.3 648.5
86.0 172.1 360.3 720.6
103.2 206.5 432.4 864.7
114.7 229.4 480.4 960.8
129.0 258.1 540.4 1080.9
143.4 286.8 600.5 1201.0

2 5 8 11
5 8 11 14
7 10 13 16
10 13 16 19
14 17 20 23
18 21 24 27
19 22 25 28
20 23 26 29
25 19 31 34
27 30 33 36
30 33 36 39
32 35 38 41

