20 3.0 0.0 1000.0 3 160 240 100

72.76388812476928 17.06515133914932
62.98350641168008 32.7459404818135
60.75714430756456 92.99499280222156
77.82278204771332 68.88166654727108
23.469406556421745 71.12586010000771
28.322387103158132 84.35135236438943
97.61759311194217 34.12573791539081
94.92053784762932 72.66633656258333
99.64847769367218 78.56194602749544
36.25544650264779 17.575507115842637
75.49021982589865 70.72712313466249
95.97512916203887 65.45643635544015
13.022451555194825 39.18881838868417
90.46708369542306 78.76322096451024
79.22725285541554 21.631747523398737
72.37843379907233 1.9125021151933042
50.28297921322993 59.38783338085083
55.578254298759475 99.0924757997302
39.095982034622104 88.87933352542935
38.96361800980552 66.82080611747688


68.10141730359574 17.73965137722866
62.78711583296251 30.661279126294115
62.97943533121638 85.66181656697943
72.10395292671255 66.41843680184985
27.146949537653576 78.70897281572579
30.211689009994615 76.85795059419814
98.16171107160275 39.804170783024716
90.57963778922735 74.42848267806794
95.67389241162904 77.86869391641495
41.34736509564353 15.281791869800543
74.61502640932574 74.87083700213273
91.10429890498234 58.99078421224277
16.865208663269783 46.18982790803204
84.892615272993 80.11548892628916
75.94704370281238 16.591089973544804
68.55191773301466 2.358921077720244
53.36708569104127 59.03256445828693
58.390751394531826 99.22061623319519
45.03156229360553 94.68877450265396
33.73832768851215 64.82803399499718

129.0
144.1
154.9
17.2
36.0
480.4
34.4
103.2
129.0
432.4
648.5
144.1
360.3
103.2
648.5
432.4
68.8
288.2
34.4
576.5

8.6 17.2 36.0 72.1
17.2 34.4 72.1 144.1
25.8 51.6 108.1 216.2
34.4 68.8 144.1 288.2
51.6 103.2 216.2 432.4
68.8 137.6 288.2 576.5
77.4 154.9 324.3 648.5
86.0 172.1 360.3 720.6
103.2 206.5 432.4 864.7
114.7 229.4 480.4 960.8
129.0 258.1 540.4 1080.9
143.4 286.8 600.5 1201.0

2 5 8 11
5 8 11 14
7 10 13 16
10 13 16 19
14 17 20 23
18 21 24 27
19 22 25 28
20 23 26 29
25 19 31 34
27 30 33 36
30 33 36 39
32 35 38 41

