20 3.0 0.0 1000.0 3 160 240 100

49.55692627238412 30.399125745893706
97.51122109343581 9.021364896700568
62.28285488699452 90.90875371146323
20.199319149318107 52.45895597616863
74.3954267312805 12.234951432535956
4.8038964965103625 91.27813073952144
51.56307554978974 35.973755497535464
13.80552885530648 12.233219672686623
45.514600045962275 78.78782231092865
90.8282814800329 6.427099419684101
9.999066354741547 89.73720102222713
65.42613324583651 27.3484586235026
65.25602613897487 30.237320756994336
74.51160314219328 72.2042398166536
41.15597620098753 83.27775733969244
90.56770275275633 40.15139956926493
56.35705631263671 15.248439373618583
54.105658930484324 87.129862924338
59.121157559719606 74.43492172458554
54.14958219338811 42.30207118461906


55.26215385944284 33.88294352374851
95.93869633472906 13.225437919463667
67.71869056229984 88.78454385249422
21.335947658736522 55.057335627871595
69.07998263156207 8.710526164671272
4.62647451866739 89.21195725984157
54.853916170543535 41.340891488775355
12.539418003297886 10.670419261715047
53.28248762294805 76.5569329248033
87.28590479665822 4.987451142610233
12.639741138027915 92.0290975113083
65.17420717829194 20.58275889130784
62.18575064614241 26.951628402578898
81.43693882593114 69.33666785265044
37.27011185446813 76.38460550728234
85.55934757850605 45.08796914832519
57.37693521796922 7.1602251899875125
56.66655661145176 86.27595400772783
58.292007918440426 71.76338149586692
50.67663441570336 40.46909360580805

72.1
72.1
77.4
154.9
103.2
103.2
288.2
51.6
172.1
600.5
720.6
72.1
960.8
288.2
72.1
25.8
324.3
72.1
288.2
25.8

8.6 17.2 36.0 72.1
17.2 34.4 72.1 144.1
25.8 51.6 108.1 216.2
34.4 68.8 144.1 288.2
51.6 103.2 216.2 432.4
68.8 137.6 288.2 576.5
77.4 154.9 324.3 648.5
86.0 172.1 360.3 720.6
103.2 206.5 432.4 864.7
114.7 229.4 480.4 960.8
129.0 258.1 540.4 1080.9
143.4 286.8 600.5 1201.0

2 5 8 11
5 8 11 14
7 10 13 16
10 13 16 19
14 17 20 23
18 21 24 27
19 22 25 28
20 23 26 29
25 19 31 34
27 30 33 36
30 33 36 39
32 35 38 41

