20 3.0 0.0 1000.0 3 160 240 100

46.855845245482854 1.9568288813003987
78.85694211123132 52.224345279528606
5.5851387184028045 50.17954332054798
29.40808431324139 65.52914177007445
37.35304464814313 42.58328818510194
23.81308144270853 58.68615853264467
33.78011031914804 41.88961611256281
45.387089724537155 17.61223488016219
70.05014942176695 73.43770974899255
94.17693933070025 38.51235528504587
1.8755737514561388 47.99308946673017
30.3236333976157 72.19550715117595
11.41119080475671 94.80838498544776
79.16516491633688 98.7522065222284
54.21833045376779 74.7888187624155
18.208803084539237 87.84968322571584
81.01722600261147 81.12063643025864
24.887298618451947 72.95523627489602
61.629104394358755 98.713115494706
77.21319742227783 91.57273613106608


47.614957925753146 7.978443645920963
74.99234746283359 53.77745147148186
10.170862286979599 48.155264349994134
21.792321410864 66.60741999470521
33.66181511550287 40.20547675022122
32.206825457533625 59.287836113142255
30.65010079070327 46.03855218211669
48.217633245286606 19.418309320941297
73.07482766348531 66.0356003176587
98.40096074174849 33.41964713609019
5.0491311235732805 46.409420570277625
30.6283761245023 70.1216148426017
5.926659390847733 89.32135203673955
77.99134461159746 90.44054780177063
54.167135859302476 73.73418431707087
13.987959303860375 90.77960723377247
84.57670109294989 88.43181103145939
30.677853078277238 76.97698900691371
54.562694727929326 94.01893879099829
75.1349156732507 87.49004513282127

360.3
258.1
1080.9
129.0
68.8
360.3
36.0
216.2
68.8
17.2
229.4
216.2
144.1
720.6
172.1
172.1
144.1
432.4
143.4
286.8

8.6 17.2 36.0 72.1
17.2 34.4 72.1 144.1
25.8 51.6 108.1 216.2
34.4 68.8 144.1 288.2
51.6 103.2 216.2 432.4
68.8 137.6 288.2 576.5
77.4 154.9 324.3 648.5
86.0 172.1 360.3 720.6
103.2 206.5 432.4 864.7
114.7 229.4 480.4 960.8
129.0 258.1 540.4 1080.9
143.4 286.8 600.5 1201.0

2 5 8 11
5 8 11 14
7 10 13 16
10 13 16 19
14 17 20 23
18 21 24 27
19 22 25 28
20 23 26 29
25 19 31 34
27 30 33 36
30 33 36 39
32 35 38 41

