20 3.0 0.0 1000.0 3 160 240 100

99.28940231120922 70.98069461467128
77.05832298899041 68.31028554546684
74.48195390489956 24.602434554712794
71.15791128276638 56.5084699602178
26.03283145428794 35.860050720737604
32.9822097657508 61.183001020474435
63.76764791973505 68.8128184949372
81.64361593067186 75.98343329833065
2.268488093833676 35.46641832554801
69.01535614580622 40.22303500523955
94.96992820136147 6.155324136573337
10.69620277814306 40.74868245781092
18.476091334556344 24.207156151725496
57.27548065755516 10.655702651169419
42.192309314959985 59.92322205338492
87.04936595634445 19.766386632624123
5.491617216187194 42.47921892735824
69.25923629727357 54.73219054617656
50.40812054758946 95.46697763163039
24.52639610239168 7.8482379934961095


98.35762266857442 76.01115653116135
70.21024370000075 66.64728460862004
72.61885581495801 21.03545541635736
65.60743393160836 58.253577669278044
21.208308902428097 30.629128305668264
28.546151538919073 58.071200634200224
69.64273621388854 63.759175267460144
76.1462364600063 76.18895918286293
8.82591575821835 30.558293827055028
65.79805339272076 39.817543486958016
92.12645116781617 9.67503892238264
13.713907734326181 41.257114914982864
21.14973235806098 22.073597288592072
57.41003396014639 12.77705172779232
35.347264892484 64.5362541739068
82.50353586871465 13.3601829506234
6.588838580053702 48.910720517648386
70.98249943220121 47.47324731885193
53.63928414114317 90.609874187234
25.183497126900157 8.785359700338024

1201.0
288.2
864.7
288.2
216.2
172.1
576.5
720.6
8.6
129.0
258.1
77.4
540.4
432.4
17.2
432.4
8.6
600.5
68.8
216.2

8.6 17.2 36.0 72.1
17.2 34.4 72.1 144.1
25.8 51.6 108.1 216.2
34.4 68.8 144.1 288.2
51.6 103.2 216.2 432.4
68.8 137.6 288.2 576.5
77.4 154.9 324.3 648.5
86.0 172.1 360.3 720.6
103.2 206.5 432.4 864.7
114.7 229.4 480.4 960.8
129.0 258.1 540.4 1080.9
143.4 286.8 600.5 1201.0

2 5 8 11
5 8 11 14
7 10 13 16
10 13 16 19
14 17 20 23
18 21 24 27
19 22 25 28
20 23 26 29
25 19 31 34
27 30 33 36
30 33 36 39
32 35 38 41

