20 3.0 0.0 1000.0 3 160 240 100

66.85561035530296 48.863420132097225
96.5084746269239 88.43680475994967
66.68447950505517 89.00932639131504
98.61352503352435 86.40503474866347
48.212758475604225 84.79874883825427
68.92291292699785 96.2589727292141
27.870482436011024 55.898996611056496
62.169539232495616 85.18188095427148
44.09185409825939 50.3581222588201
61.86222332949269 37.750551371371145
38.00223079154591 86.21399787890374
25.623636716615373 93.01130875627175
60.93066541886768 95.41794352411156
37.24015608501377 95.43873224434795
70.76400732706813 71.67453528178291
59.05298939552313 93.54570118082634
96.3124550338002 81.25577867079828
62.58645291657133 28.820376486189403
13.366926408407487 96.79264887486374
33.44073857156844 42.23589465816745


67.67845335212863 44.798402200690035
91.2551885837809 88.72896541440174
69.64103526495877 90.48947787588017
99.11621955520486 89.91032788640113
47.952585699501206 79.10086945400707
64.24018573396894 98.27435385350388
30.13016594246214 48.414898367638195
66.23202311364172 86.74029921061214
41.07655195917277 47.13347145905799
63.220205588110126 33.89795258357451
36.498684972927734 84.26435688803618
29.284629310249986 91.523696040879
61.08762475976741 96.05389489152536
41.36045528110219 88.02271669164834
70.12194533296807 78.99473483649908
57.03461155444217 99.86656259679876
89.60311111228006 85.16542065819618
67.97424339534037 35.02226101894642
11.395003832695227 91.90810510377405
28.58006830025044 48.20241261411902

77.4
17.2
229.4
68.8
286.8
36.0
68.8
144.1
34.4
480.4
143.4
34.4
8.6
77.4
25.8
288.2
17.2
86.0
144.1
137.6

8.6 17.2 36.0 72.1
17.2 34.4 72.1 144.1
25.8 51.6 108.1 216.2
34.4 68.8 144.1 288.2
51.6 103.2 216.2 432.4
68.8 137.6 288.2 576.5
77.4 154.9 324.3 648.5
86.0 172.1 360.3 720.6
103.2 206.5 432.4 864.7
114.7 229.4 480.4 960.8
129.0 258.1 540.4 1080.9
143.4 286.8 600.5 1201.0

2 5 8 11
5 8 11 14
7 10 13 16
10 13 16 19
14 17 20 23
18 21 24 27
19 22 25 28
20 23 26 29
25 19 31 34
27 30 33 36
30 33 36 39
32 35 38 41

