20 3.0 0.0 1000.0 3 160 240 100

71.04705905617992 85.87307623376363
56.31624131156381 53.19970970176616
50.64063047561444 78.22513131333625
14.823674815413955 76.60501895088176
54.40072391584611 22.91436207913231
91.77982808831004 91.98629107446101
51.9994001064449 9.213739683188503
68.40576651399856 64.18150526621285
2.009930963189055 46.968570322992555
6.075573528185563 18.140926064106033
81.25694273116345 49.816924614791816
63.22201976214436 45.77707149418417
21.30807607669243 12.282794702899713
10.497471222714271 53.63475749756932
61.858055176143345 22.605977390974687
34.36701728306512 9.803216806632253
55.04174335511989 17.893045689665033
45.85589715992441 35.13880254715035
77.12345295490167 58.6151927356927
12.643147367376917 47.72664384167417


77.28989679066107 86.64215813088273
50.038441946052146 56.81779166363894
48.57128405502652 71.72444145764413
21.983429078225235 73.96967707402095
58.226242450406005 19.69053888997595
95.88573165404506 96.83342499919866
54.23458060595363 11.558789533104585
66.43539876401445 58.44886839411436
0.001044484814594071 41.979743401077116
6.680585407201967 20.109267107025065
77.11519304743952 56.35896124603762
67.31247542661578 50.7630041948221
25.8673601646533 5.873686489839969
12.076299750159459 53.6100089003414
59.04621423485803 23.19344039042305
34.79543002113225 13.021903864098016
60.01547940192631 12.995354745233278
50.23754591670288 33.081275712091255
76.90972442676168 56.14535752685337
9.86604900749699 47.53601925323455

36.0
648.5
960.8
103.2
648.5
360.3
114.7
154.9
480.4
72.1
34.4
34.4
1201.0
216.2
103.2
86.0
137.6
154.9
137.6
144.1

8.6 17.2 36.0 72.1
17.2 34.4 72.1 144.1
25.8 51.6 108.1 216.2
34.4 68.8 144.1 288.2
51.6 103.2 216.2 432.4
68.8 137.6 288.2 576.5
77.4 154.9 324.3 648.5
86.0 172.1 360.3 720.6
103.2 206.5 432.4 864.7
114.7 229.4 480.4 960.8
129.0 258.1 540.4 1080.9
143.4 286.8 600.5 1201.0

2 5 8 11
5 8 11 14
7 10 13 16
10 13 16 19
14 17 20 23
18 21 24 27
19 22 25 28
20 23 26 29
25 19 31 34
27 30 33 36
30 33 36 39
32 35 38 41

