20 3.0 0.0 1000.0 3 160 240 100

26.419110434325987 4.502554663381764
30.418988910995047 27.820983087467187
32.07360954319004 48.741486642122545
63.327002384892914 8.111854346507775
36.22171075068399 84.44842476017308
35.85642329720709 66.65649674271108
42.271288228257276 77.16920511978846
3.602787043067346 22.376792357511576
99.18150253115155 73.62690633403378
81.32762422709476 8.81538400092533
44.321684825106836 14.191887642950219
51.54458222839361 47.95742003479357
39.56120503404952 25.368263474236606
9.68579715396598 23.688909313930615
9.85638282129192 77.61363403826694
23.85655281998317 95.45733999989548
16.584408389889703 84.98405518384968
46.19843737438144 22.72591662408071
90.43287894703154 96.50572139504597
14.097691201935092 74.73552621604274


19.74787025361445 6.308721782001192
27.905034085807536 34.59742089796206
35.995168710018234 53.82661392868307
70.9024965330528 5.596335742298608
40.993562704824114 79.26549763640702
37.166270697427926 64.67717185402391
41.023026219208326 80.27463835471855
6.412480896983819 25.657127807026157
93.82410948675216 78.49066765815108
82.7648594603092 4.419751998731836
36.28340125581887 13.918424244919315
51.464059217925815 52.17031444237376
32.56328998456483 25.63445944707583
5.129261140777208 28.433748300929473
4.04326236300292 75.04815698866722
28.203624173577012 90.06912871633347
11.55936840789562 82.97778015606256
39.42394726931677 26.275641409962603
82.22712760352819 94.44323160048981
15.172544386833408 68.81449789917117

68.8
143.4
1080.9
286.8
432.4
216.2
8.6
86.0
103.2
34.4
72.1
108.1
480.4
1080.9
1201.0
8.6
34.4
108.1
1201.0
432.4

8.6 17.2 36.0 72.1
17.2 34.4 72.1 144.1
25.8 51.6 108.1 216.2
34.4 68.8 144.1 288.2
51.6 103.2 216.2 432.4
68.8 137.6 288.2 576.5
77.4 154.9 324.3 648.5
86.0 172.1 360.3 720.6
103.2 206.5 432.4 864.7
114.7 229.4 480.4 960.8
129.0 258.1 540.4 1080.9
143.4 286.8 600.5 1201.0

2 5 8 11
5 8 11 14
7 10 13 16
10 13 16 19
14 17 20 23
18 21 24 27
19 22 25 28
20 23 26 29
25 19 31 34
27 30 33 36
30 33 36 39
32 35 38 41

