20 3.0 0.0 1000.0 3 160 240 100

33.87339800064535 2.3390324029844423
42.37164668978702 8.655910478885797
94.21171515721628 28.911431363546868
64.8528916258696 37.213172893385774
36.581978656089895 31.041349425164434
5.264649767509666 33.819043207470514
34.709327332421715 9.896727001667838
47.51105181647106 2.743799633902566
53.8008169336351 67.08743094640879
44.94261260421245 21.653208371019485
0.5937702325488403 75.67540343389557
79.85728101595514 65.92507689274274
64.96241227371746 92.85720966380782
16.434923372599197 64.59032230460225
17.289503453587894 38.5001370514916
83.66523676637975 85.73750293303173
81.10146141554289 30.545276111725883
16.43353118593378 56.0165478434026
50.09587470996405 46.31610749347276
72.62999057797167 16.280361008945633


36.342162043181524 5.828721288584693
44.00385266393862 14.450707416496211
94.24716753296082 25.52025085426304
63.282071927311264 42.54109982703367
31.229384274006065 32.806460572501805
1.4539173391399873 36.84256153665143
37.97519343042642 10.585497395246435
47.102011707261525 0.32312273176737794
53.72632239042711 72.31066812160245
37.583910770219674 24.653762228656674
0.672366595040419 78.63927219611759
75.95164158564364 66.5675955996559
64.36883158579465 89.20139672595019
9.714722801698016 64.79825285979416
20.6742136788029 41.505263428031945
78.38421869358257 82.07360494524511
87.45410834968672 26.457162161312198
15.356485042291556 53.527856336285694
48.33230629040203 48.10680042191091
81.1009859987443 16.074577329415618

432.4
108.1
103.2
72.1
72.1
68.8
432.4
144.1
172.1
540.4
432.4
576.5
86.0
648.5
36.0
68.8
144.1
1201.0
77.4
72.1

8.6 17.2 36.0 72.1
17.2 34.4 72.1 144.1
25.8 51.6 108.1 216.2
34.4 68.8 144.1 288.2
51.6 103.2 216.2 432.4
68.8 137.6 288.2 576.5
77.4 154.9 324.3 648.5
86.0 172.1 360.3 720.6
103.2 206.5 432.4 864.7
114.7 229.4 480.4 960.8
129.0 258.1 540.4 1080.9
143.4 286.8 600.5 1201.0

2 5 8 11
5 8 11 14
7 10 13 16
10 13 16 19
14 17 20 23
18 21 24 27
19 22 25 28
20 23 26 29
25 19 31 34
27 30 33 36
30 33 36 39
32 35 38 41

