20 3.0 0.0 1000.0 3 160 240 100

78.93690051681904 97.19450879440704
99.20078072951077 61.797057220471444
46.055973371492854 43.8831592135034
43.92616729932817 5.132872381176767
67.21228378320183 52.161473350372
19.257808287724544 48.40565712182472
75.39714700545052 14.98801362662312
24.936789987379836 80.040690063991
22.00691394776242 18.982947912754277
81.03311197519261 88.79543535643903
96.66796399732853 65.68111314527377
31.29638584933575 4.470569134693003
12.630694815849541 70.15226956071194
59.060120654057535 77.71271585714578
56.30076053522753 10.071993683539294
76.54621202204048 16.167278882768944
61.24702945859305 76.20276599580671
58.61520959135761 20.896760754119992
17.958785079512683 89.21738858959694
77.87946449859409 94.05938453841809


81.12883148874702 92.52115342761765
99.54247899475683 60.703935882368
44.78270963107829 39.77988075212004
44.19629246774832 12.494871888137627
70.93030180530171 56.37831251992678
25.178554677764797 53.872857006706596
73.17981922063741 18.542351586471973
29.003361359369872 80.4903236163861
28.439950673619443 19.978092805460555
87.73028527690134 85.94599314261913
99.61470970511904 63.41768917126808
30.791933150327655 5.629796037569146
11.307819440053068 77.71477501461223
60.90699370647133 78.40460557571916
55.69325662138692 12.888849817736425
79.60951540252474 12.699148134576388
61.647881616375564 80.67307101137433
59.30644262716241 17.647180044266875
23.72990380056226 90.25817336121814
80.3341250577406 87.07585438120363

229.4
17.2
68.8
324.3
8.6
108.1
324.3
51.6
480.4
432.4
324.3
86.0
129.0
17.2
360.3
288.2
864.7
432.4
129.0
864.7

8.6 17.2 36.0 72.1
17.2 34.4 72.1 144.1
25.8 51.6 108.1 216.2
34.4 68.8 144.1 288.2
51.6 103.2 216.2 432.4
68.8 137.6 288.2 576.5
77.4 154.9 324.3 648.5
86.0 172.1 360.3 720.6
103.2 206.5 432.4 864.7
114.7 229.4 480.4 960.8
129.0 258.1 540.4 1080.9
143.4 286.8 600.5 1201.0

2 5 8 11
5 8 11 14
7 10 13 16
10 13 16 19
14 17 20 23
18 21 24 27
19 22 25 28
20 23 26 29
25 19 31 34
27 30 33 36
30 33 36 39
32 35 38 41

