8 3.0 0.0 1000.0 3 160 240 100

135.56251352921748 184.83139154677107
36.287241058951174 192.34906140221253
239.99354994031413 231.28806549403515
160.70230267801597 3.0268842141142063
248.72526777243246 239.51154190851108
147.17504845357024 117.51067984498692
229.2642944114835 161.57831771485374
82.35632938953525 175.5657906611135


134.44733610643223 189.64068570703324
34.231291806356005 188.06698154402926
235.67741835058376 231.5068100833325
159.39239222720227 3.1597113581731118
247.89535579596333 241.88011012378
147.98516397001222 112.82724817596274
225.43183011805834 156.57250582701545
88.28047021526858 173.70912138794827

34.4
648.5
864.7
288.2
77.4
72.1
68.8
8.6

8.6 17.2 36.0 72.1
17.2 34.4 72.1 144.1
25.8 51.6 108.1 216.2
34.4 68.8 144.1 288.2
51.6 103.2 216.2 432.4
68.8 137.6 288.2 576.5
77.4 154.9 324.3 648.5
86.0 172.1 360.3 720.6
103.2 206.5 432.4 864.7
114.7 229.4 480.4 960.8
129.0 258.1 540.4 1080.9
143.4 286.8 600.5 1201.0

2 5 8 11
5 8 11 14
7 10 13 16
10 13 16 19
14 17 20 23
18 21 24 27
19 22 25 28
20 23 26 29
25 19 31 34
27 30 33 36
30 33 36 39
32 35 38 41

