20 3.0 0.0 1000.0 3 160 240 100

20.84653476393692 68.44420778299029
38.43771995347374 7.667652862889529
75.54798131853275 99.47956148341267
96.8281423370148 8.228352523484384
48.21239900808255 62.5825170100755
6.923439043011415 94.6439130736541
73.58785144972282 70.90187919747173
13.874453469977965 75.04753548226365
77.09899860267302 53.0737005205174
47.1943283202596 30.1010088028982
65.88874270796457 83.24033806254842
48.0840928495154 87.86710378215342
40.535893559892 81.15377898383778
15.760896638625487 6.16063258024091
61.27359119577335 49.5760800486658
97.0757859718711 35.985565584217774
74.73391313298254 23.4688777027121
17.801672067138842 56.788597885396086
9.183948043803436 76.78226330559693
25.70743483808139 33.57619576684863


18.572737443068878 72.70267061686557
34.00777458970297 4.824341116463449
74.00576075985659 98.3052573720655
94.74708377115446 8.864387302082278
40.4646135148097 63.75395492493649
9.106013863729467 94.19398682937648
70.99399841995049 70.45607129380753
20.740054861451252 79.68790328008781
84.22029586558052 54.653457307284135
50.660389628241184 31.451815134035144
68.22918554133163 86.74667806113911
44.94808812978799 85.98991095262957
40.91653887768937 88.65013478979986
12.82735988048962 11.766521782511152
66.94055130260557 44.32017295039829
99.14192284436274 34.67173786088836
75.36766711819308 24.878212230709305
11.363895247918808 56.52472388461229
4.913772621785628 82.11930566590767
22.977298171787385 27.91322285671003

720.6
288.2
540.4
1201.0
360.3
129.0
144.1
286.8
72.1
68.8
216.2
25.8
51.6
432.4
144.1
600.5
72.1
600.5
172.1
720.6

8.6 17.2 36.0 72.1
17.2 34.4 72.1 144.1
25.8 51.6 108.1 216.2
34.4 68.8 144.1 288.2
51.6 103.2 216.2 432.4
68.8 137.6 288.2 576.5
77.4 154.9 324.3 648.5
86.0 172.1 360.3 720.6
103.2 206.5 432.4 864.7
114.7 229.4 480.4 960.8
129.0 258.1 540.4 1080.9
143.4 286.8 600.5 1201.0

2 5 8 11
5 8 11 14
7 10 13 16
10 13 16 19
14 17 20 23
18 21 24 27
19 22 25 28
20 23 26 29
25 19 31 34
27 30 33 36
30 33 36 39
32 35 38 41

