1024 3.0 0.0 1000.0 3 160 240 100

197.50681763785815 223.121761045711
104.5807023054524 204.18368601997489
129.41208591383534 172.0904507242359
249.85238877454853 221.9406265482877
139.6781870836393 15.552931707719736
73.49210814249932 93.81129612809005
234.09658339327834 131.70754399777445
149.38022043371754 139.00237072889453
108.28295228265262 72.721265092411
105.89337869020713 44.650416021368265
98.33364457041682 186.95626714623936
153.2301212094237 48.168884146986805
187.88453819222752 188.28214036491306
20.043213673891668 19.837109953462466
159.485926552755 187.8695510013939
70.26455025517275 118.84032285282031
124.47508500866073 205.38925169621766
31.114588690660693 106.00805139552722
29.979419206502904 111.86574322724715
248.43445215869312 92.46347901046941
62.476605580182614 1.5233848431870922
184.0518165607424 24.63010458725337
141.43444334567948 232.1050981333747
50.72907927903181 22.445148621090983
234.6792042741594 242.50983647633947
74.0054602275208 178.5266439585577
156.56323618636944 3.774198088156294
204.41816619837954 158.3844201638962
88.677247005887 217.0034271096511
100.79316226459508 0.483055312438474
205.65682689671743 194.5577150820138
177.66058084448412 201.7226298137299
172.67765372768991 219.91985510294387
178.47263846602286 151.37125337169152
172.59317219844888 199.9797429068055
97.02018452346364 148.9762193120503
118.36383468579703 85.6907199579795
137.5203409496853 5.873326334073448
199.11902548426673 1.739324089412353
180.83774030970108 10.752116473352391
79.29607344264689 62.46738756109743
235.27967472657141 50.383539315334126
116.9621936254111 40.981238879201435
199.32866600763037 226.90930802861774
102.91491333627637 61.31799872203855
238.611684200343 161.22891592590418
53.809198598683494 9.313733445773353
129.31864403837005 191.5384813183671
109.26819222542031 190.46012185118968
28.122291065742765 125.96777968794326
0.3788189275347742 206.1678375002956
3.188987864358422 174.70165638110078
80.90468925548225 4.199555018802453
119.17607492402577 133.6548878677628
224.3036912766976 51.234030503697184
27.193187157509733 140.2854416208494
239.18477375275154 184.22881257173304
240.40549328937752 64.30777310131796
200.1052353234629 180.12144946967493
236.79868303091416 132.58582476624417
164.2002017794151 214.02100730125747
209.861546004005 208.06913463547374
181.86174217414305 191.58596920643257
134.02627663332908 177.0964797183708
163.0826867055292 34.13000463978466
130.4423113970793 239.72326837218165
94.14005504280357 249.73840828632743
0.7985694029294665 192.47900701729674
109.36499168063732 29.818613955005986
66.66289314454949 152.30150091851377
178.12297738143218 191.03168809750653
174.2131730884992 88.79199156917944
136.38254490657692 7.634268866630628
224.33605062738104 204.63382260427295
106.83358148879162 242.53038712741653
203.9166672551368 36.92936251777606
26.113168087049498 72.11439451902368
78.75009582978218 11.429362684091782
192.13750927931207 19.662091832293978
76.74180746431381 124.2426494071941
182.16144586201764 18.09195498366653
161.05128073888548 178.61169365245155
114.74028558585448 126.7794276884319
92.63010523969334 154.83396376010072
163.93586690020805 113.79624845763136
190.21271186825265 80.74452233002347
191.78931705585842 144.07087125237533
32.093153387068696 106.5800596381658
127.16777631987605 150.41630923521072
128.38743272033005 49.19369425642747
53.26959304341713 123.56744582373852
110.61811870145496 68.13398746989537
124.01779811868118 186.07143050612373
54.593984625942895 174.86613165316612
206.63322032934792 4.251580908976759
156.30018735159882 67.67238556111235
198.76915312304502 232.1694313257734
79.87713372157553 73.29948495444074
47.41557753966888 220.0721647425052
198.06771805197167 58.03238369653469
216.91321996339025 153.7703550736191
69.42676588404412 17.9186337100706
175.0635635742886 224.84826742804216
220.99495414305954 14.953065019764178
208.23437809128941 137.43739671603953
114.92732722396279 182.22307838566496
232.05010898180947 228.3227216748795
90.09415684055327 134.3823068598411
71.20112287790425 229.19697534349137
57.57967235443337 222.8200204150212
164.16981934769348 201.53325689013846
201.74550761313753 62.80887739142685
167.38159497337847 194.0540364934681
162.96613919074173 208.68993296141625
18.34426895726579 55.22548827081691
5.723371164186947 83.32423104450021
114.68411264570611 9.833716043436302
131.52961236058226 57.95879995391734
27.183584875020706 127.05470790776427
179.05642060684318 239.95829835162198
195.51658795428511 220.10286565466143
90.56723575122841 160.10483730929786
178.73738779273225 45.309638439738734
212.0804756533345 163.328521603345
193.073017851478 225.54470928358245
96.62122967310036 43.52419587824402
148.64279586878394 105.53375927798255
66.58705352153908 22.43372828833007
23.518127467049787 244.7120897539194
88.27285162749105 225.2721673744037
161.49496266550037 45.04504421345617
64.75106526837682 104.74776063204824
114.68798165566618 71.21656347760019
211.66034931197436 36.98887956018618
82.08386525241512 61.48616750804739
93.10155022805841 99.66524324482265
7.775687830385874 136.2316622898953
116.96817772647921 35.27056918432389
85.78835049108149 15.039835073426044
162.08201837771566 81.04064610816982
12.830182063423345 71.41653694887795
154.55027360263065 57.268373514969745
77.91297214308953 122.52862267369802
135.65540433980644 136.67961026034624
115.10914084498216 198.90127101452077
216.62281507295063 227.9423824976009
122.96779973769367 154.2450275035363
21.848465354642354 13.76220745369497
58.904959740132654 9.62684513772938
95.08324509417879 6.180893539934007
78.43865401559718 149.01295026817127
26.749588391634465 152.6655653478908
155.74751522815808 164.64276925324697
54.22142817872794 94.03318061241842
126.54130518324133 95.04554500015355
34.82664631516391 58.14223749038722
209.95667199498584 239.5293694018798
116.51025194642666 101.94960191669378
15.021632025313508 15.420173412615313
242.57849490593586 190.72218603748533
16.144306127328008 200.94578083234126
37.358036477623344 60.243459868176366
223.35305195628848 120.96853422096251
129.70221096404646 19.845448929736552
178.05603049001297 154.6631979081654
210.36256460151142 224.37344355319362
75.084223897669 65.92696982103064
81.15900733530069 37.35678857687685
84.54533883605319 216.54566187681561
229.2367130136222 1.7877214187209667
138.3934666401228 187.23820452557786
6.1270116659774 16.872738407379988
176.94180852489055 27.08347790259069
213.33219799546833 32.749291446529995
101.01584308461383 207.96948943978938
12.34336381316875 196.15371451261558
37.471829639534135 218.33595529882504
81.86968868162833 48.62568979532023
15.248234097661184 135.42389946529593
248.27537872273274 236.59958336875255
178.4483952227652 15.783477018870313
186.50377133750172 39.14131041321786
172.2039669523143 131.41893145529875
232.56039574706165 33.63673938546211
96.10482061438172 14.47118062574998
227.15072107150442 219.6400848937131
118.15619962511877 191.83430053849165
243.72286048422777 20.114479420729275
56.91997036747856 229.35210086561605
234.56509213919426 30.31240277986713
45.65914002366658 39.05622831448391
209.08952749278774 22.052382237927493
75.64357442270453 220.7434440096935
125.04262165008281 238.2642673529585
135.70041096666208 97.22859998668706
138.6833121596863 165.19684316287186
153.31087575405422 61.208862046529646
11.729385878380155 198.32702026908396
105.30637945094848 57.77914226746006
190.0199081030286 33.00408471272334
158.05399046628398 155.62842475869127
8.890675465289155 126.99579342173836
82.29741704871662 36.86935189450133
169.70593765923755 144.95008155771856
168.11927183511816 212.522110140968
156.189198779367 204.11109890276995
73.15805977863607 43.645419386083795
8.343491109387202 239.64689024207772
117.8279696942095 115.34744515449388
119.25417100586976 201.16581158953676
205.0108433421809 194.05842510852494
141.27340685100262 178.2164660873611
20.37208306415331 86.06823059314509
115.1023835967543 78.40556457990789
57.25156843748727 128.1581854341108
186.67157251181405 109.01452732811192
226.45350526793604 25.041502299411267
201.92822228583046 173.92982597017695
144.99125629648466 150.99872568217245
25.807316362367494 94.55156867716968
150.41583251222264 181.9507210611077
105.07963319304531 105.9072778804013
160.40352836422142 80.44514932821863
244.73430095872885 69.81417032080797
92.71404096180628 28.629779048172043
230.44802305491126 111.67063501285551
229.23891709063727 71.91647301152543
192.21714787669 126.52338073908587
241.860416253752 202.38927364843366
220.01128435625338 45.89641229150237
157.43546055450787 81.02818474956932
15.871159789673683 68.29334727558978
46.89082243242887 225.40144581074793
101.6346027573764 105.23856460989093
121.10346060408328 84.25565971499682
18.545498036390356 115.92229451778063
45.490345536061824 65.7645428574041
245.54078938737726 102.65675160419518
171.28688160793342 210.35556751474527
90.01555017409113 62.943337581962744
222.68403993827775 137.94953642904883
112.61980492762208 187.09483731128648
76.97204147820614 142.910472125446
201.4884987913342 152.6885387681063
158.35256716917075 212.26176975019888
111.40211281671056 226.63042664299897
91.10442658540622 120.37250769026686
183.98458047689064 96.62487157680773
9.47735767980537 222.40953223827202
5.497036169084618 116.33556193828935
22.224840637856513 139.3355391892531
65.25744736873698 79.48610126018632
198.39254509476982 54.57069391568911
103.02296446114728 136.99395692808045
75.24481675675626 119.60188901435944
77.46406738514641 41.271458972662295
239.7462947603544 247.27331247076194
202.50742902210007 119.54512358217598
106.87805746609041 231.6916216949531
171.83386693408312 194.43632893100536
13.307676304172094 120.13050078067916
68.26753918020134 136.84197197301816
231.66920971181938 201.41091825515682
157.13251340165738 89.07807511823343
157.34881395540322 240.0696364535831
244.77664440789783 40.51402177741667
34.41843795228561 147.11864074537075
140.55700955035715 185.25565726460408
87.37593734209251 23.64099834303471
70.25567365514354 94.14446975998005
176.22953956568048 190.58491580884794
207.81463805366084 87.23150713524544
97.05327950912881 161.6544449353096
216.38430412341083 145.80106503504206
70.0361888905284 107.54704778536787
97.53202897231498 136.76957861355712
77.79856401780039 208.93719815815768
92.80813123693201 165.43107973867387
229.66103500584475 95.6337625250725
193.93655129966848 238.6716739446543
41.4622743542504 134.7880159896206
165.99728890738643 128.02266079028368
171.01497171794387 129.39645668554795
212.70489892129882 29.781019656706597
51.625216429760954 37.37662248610285
136.72840128069157 220.65756725492196
81.24080539272963 195.3793297632612
55.10617963180178 52.69337522580847
32.23951362091251 122.40385605911567
108.64513908029011 29.861658316418545
83.39713071901016 53.42556027237239
241.10876451402538 16.185506263301424
74.8650449475819 146.44067052186136
88.04114359929974 8.513485121926234
229.61453738583947 66.86939810146019
232.13702089773307 145.63686534200812
8.046077694224607 173.8281834551266
245.73014080996992 232.1472401748628
199.09447662421152 224.77628702011717
119.77837828718563 23.697824253721855
238.96242899882324 32.65083732955973
197.9971023999823 101.26397958870456
152.33812059468954 233.7609052892815
34.271824478875004 153.00060478500944
44.931093484943204 21.20556158310488
185.2480426726556 206.33245237466548
244.2603214996372 70.48242771423475
153.03635969655593 28.232620634587562
3.5624796136181915 146.24160235605703
90.27883614831603 236.5750062218251
66.7177517219841 204.63163205225752
28.382065308718396 51.170298683575474
37.12514061487407 175.91491225765776
92.28332761792716 35.62057500964433
21.61034097295897 160.154344969943
112.6883902304311 76.9672899022436
186.14534605293295 215.83344902970748
248.92179953552895 106.98855032789214
146.13215607582003 223.6779218792103
47.9340687760608 97.15071147280364
28.925435727199496 245.50377002200756
232.70751795783426 237.66605436370682
225.2746387596291 244.26386528391055
216.31558527697914 40.865877963434635
140.4690872573206 175.64790573034853
31.637973237539306 139.66613532345056
180.5194872138048 90.31936859295669
72.21384023277253 65.5257681055382
132.67921749601604 37.96173611749237
220.5136995975129 199.51734101045386
75.55452772423097 139.19490538610088
79.57627485196019 44.49125437100171
142.19259342178782 191.62189330933114
63.36631851825686 193.2042148299839
95.13340205451784 213.5712440594577
140.48855389613922 5.3863126956039675
214.03381534594345 43.1694976492977
249.59423696120453 186.56795293756394
97.25140692659876 69.00442750783267
147.0092322813868 76.29644869727592
106.05897856369114 123.65637677701206
148.3132075412666 43.10513210665845
79.82535800804932 130.37795351840663
205.79323105216008 35.20056507574165
9.155853396187574 71.05462945482805
143.08700494385016 56.093892752137194
134.82544475107844 118.72536053754546
75.6445183227466 186.26063203025163
57.11599810401069 114.57599620280389
86.90984227743783 217.10611431983972
152.26149861878056 212.0143074139756
15.900757729625903 136.25097122912518
75.04915954691322 180.6407695298895
220.33257105188306 174.65700376421043
81.07607220118057 181.3014705398981
33.053631804440734 10.749368242187751
217.61279231694544 122.28647269830824
137.73997965216333 210.6419948578607
195.08330793382876 248.40835128589688
71.93707603618593 141.9941439695337
21.30082365664049 245.74636009934878
97.04451918623327 124.02170790662848
118.5069371574507 77.93053318120832
64.2245913488618 71.14587457899214
152.51191610735134 76.74699129577048
44.87903340523366 87.01642795454198
245.52473239372654 185.91884223431398
127.99795369692524 153.0671094655998
13.811556415207843 75.91172652130268
211.3794779863962 83.44934436734594
241.28327448400063 244.52271187529797
242.12566189308922 244.3078919196008
59.64174912384965 176.0078308509021
86.90095544330467 98.11163619807392
69.96281062870541 3.0469003085470403
209.03555847836355 233.4687213462496
68.26418027961753 148.13649149385992
214.60476078815313 242.79832271857916
200.19877945563258 180.50117057859606
246.95902811041614 72.68963088440286
72.89224764155804 74.68542378515039
236.49268248155087 189.87448617582456
193.95110681265376 135.84097750809582
152.86554006130285 214.41320424432845
59.642076398592316 122.59190740491296
52.951003743796996 180.79535188791095
157.1936464739859 151.63377551769366
137.23691764815666 84.28747499519423
184.0722706848085 34.137015102653464
21.37949405496592 47.31417760174544
169.90486769559914 46.50241012026054
209.35044362168793 211.17433803654757
121.59508705106248 100.5857517934193
147.18258310307368 14.519243265241261
14.364147826405521 76.64406905792629
99.53145985222153 44.75440135366074
247.41455710398523 121.35607037048132
50.40776824619741 70.9881721448225
85.5781646392452 186.54274116436562
160.68216682347614 92.02903093226753
24.615381724655077 167.5056351039218
94.82509410952377 180.88315855200509
50.83938054435794 234.29682602752365
26.93628430156414 55.35066484213827
126.62689219407872 85.54618662765124
165.21809401747555 23.558340298279855
66.89027754019338 67.03121239355123
122.17909387065929 14.209243920507959
247.0964533455514 119.62915795164811
157.755788310146 92.76662744790463
220.38324367576055 159.03669907033552
59.45479392880107 145.42964680811727
60.872639979106246 193.32568595847414
68.78497762330174 243.4768530791723
167.59544205629066 136.634033486192
220.69121272714273 122.55662647203549
142.88342100391037 197.0534465908664
187.09463543575504 77.70442484395282
189.33249635785933 209.88709645809666
86.3522763294163 151.907975224426
92.90890810304944 160.35780772323508
14.638882395594772 191.29194871210362
152.94682935180975 190.35612555586908
118.71739027447099 222.20391486350178
66.87102025754824 184.4497424474323
167.9710419329773 239.37716165875605
20.34142870559569 62.42782949410935
159.74499251179162 171.7691734591578
187.13449692451323 2.551208800708582
149.11261774590463 248.74140848590534
120.30774348005124 191.8545503988363
249.66262616670605 79.41699417116385
110.60386419325074 182.13329320183757
60.053499733628804 38.15529523256125
150.06941699850478 138.93531332194914
84.66642102775812 93.56177288270176
61.423313811345885 192.89132232710114
228.034942861336 69.6120098244207
86.98261253353567 14.627969629952913
231.69408535172957 223.60093838383105
145.43217583672705 90.56667062962134
77.6080229126845 238.5574103202244
177.10973113605223 159.2555930145525
154.70405613601912 171.2056136700756
117.26647355793516 121.15526535224569
130.1882860997638 238.84681430741267
234.16203451748305 11.477786186432887
144.98178605127336 119.62883855898302
24.711925548669715 29.439650231684823
20.69460870975651 62.49022727477832
236.5032527212922 238.19361333549787
244.995701480491 72.14408571176767
33.263875974898546 119.45008208809627
82.82984932743823 135.84321540498917
21.567710229569492 195.22160754444633
169.12150203032584 110.41738943459848
150.8813060713674 127.20613030306413
226.92384821930557 170.98323436092195
40.16434907973754 2.6883745706429707
127.69432787674171 249.99861538026204
226.43867909205426 196.70717976497255
187.36783042596323 216.29533244114276
6.490971326374356 2.554087491857815
225.3268178020872 5.54768210137585
129.53339026872615 14.106381419533603
165.25439364418833 76.97322937749465
19.046027182477165 51.90842858519265
154.88123451956068 36.734714957382785
223.12412909722278 112.78826385494817
172.17609776840277 168.5375797208327
203.69303757936993 103.85866405175545
5.391557294198767 166.9034573298865
170.7004053043486 9.69770809184009
11.75881078407598 101.7070638872955
235.35158130919953 39.90521087281015
150.90434300826368 241.33914520400495
191.19437316074067 38.9923757209015
138.35792987726347 98.52787519786155
46.306474881433886 29.90664881822869
177.4607408608114 23.574790819008097
12.357383524706306 161.8227014224632
58.56359977946279 54.87490284210286
156.91473096983214 10.802473850375222
185.41530370304702 245.09202179601232
207.79186144871372 23.558936697049393
98.57676633078205 34.683013459883895
157.6040860957042 24.11701190931029
64.86724943585665 72.29299361065975
112.8691374809562 107.66657583716189
186.59776831190084 174.1139814120953
67.08371666481503 224.09751327488337
37.18731831319671 217.80746629842733
153.51844505563972 130.78745365343758
154.4396130874934 40.88775974288014
238.74723514382376 182.01314240693958
226.51700585126255 59.8641457032886
213.30211262996812 221.29362328592322
226.8410081811074 153.32669945954027
155.17394181519074 223.72249719136354
6.352669052587939 180.31996458665662
205.04334664826348 77.31193281470745
121.18493394654753 198.2701827047601
18.441753921580123 150.9853885101915
61.25014033139861 71.95807834991993
141.38016029907368 214.95041493104455
3.0680747180733547 171.8122636577624
177.99715274017518 73.85694979460827
197.72519841224525 10.76986675245492
167.50592928615762 135.7100138824491
96.83141738761192 124.4466137017186
212.57960729697018 74.42328457115998
61.52994939853632 154.8718068907261
198.78941736904227 71.39065783924237
36.740639199476874 99.51627689736769
181.90572945705603 205.92820260326224
233.7022198285694 77.3583040442044
17.98577155362696 228.86729276876306
36.510947118466085 110.16468324058906
223.51250427485752 236.04889861930275
114.82636489188 145.05415179313465
211.06316315592653 238.56862252366994
123.08041951127919 221.93350884871364
152.50519960159983 60.58286531058044
56.7254612925773 76.76163194277113
109.34961979871022 178.55209216607835
72.2475606101148 84.67724148929653
83.6174227694171 9.066135010064535
233.85748122441302 78.18087294382705
120.37620206787058 219.03353724475295
93.62690094902138 224.83833200927066
106.49570084284035 72.99775855182625
159.91542658294608 203.84723914353356
79.9054843587777 202.0157873871807
186.66290491917724 207.75317693542914
239.63387333791036 34.041091183044074
41.63853651936872 205.5767760069095
81.67191716423511 171.21261478039986
159.6241943750785 161.79803502397928
249.5238955626554 83.61864201775177
32.3391403045504 74.1549952238425
102.47567665515994 128.98821673679407
212.87218389483357 59.26383788750564
112.18577839982095 48.98742111233217
215.50275343248956 43.54691724269044
226.81794851750948 233.72085676837875
47.59691047045436 38.70940927356517
77.59096361277271 90.2272431999187
121.72105514095655 88.82260769338879
233.58126027532447 6.366296578097952
189.22093738825328 178.83902451411603
25.32627246427846 166.99742252601828
151.00253416683634 102.77033119920134
120.40748399998603 65.23155587765459
51.69807742229307 12.496303639315338
191.1334755945669 177.35089979995755
247.55534722205834 210.4776838814641
122.40879480869454 204.88968904242356
212.37246275942272 1.3217077770322216
248.45646349835684 219.75152577320256
9.369335523721961 206.59244232972483
19.785242991729596 157.8877912250196
179.54121491296172 16.67557121894736
110.39215513171798 177.94506552513275
34.356511962703756 59.55262327564337
52.471372054973266 199.8727728776301
244.09693977280057 96.6423700067745
74.60274176509998 153.29441336640522
206.03465673933692 182.57444377581774
96.6235429758491 19.2460437686629
77.6930969670582 120.92008211770685
226.44086981692448 33.38331376246062
207.49356718584062 5.50016127401956
179.86080559735424 112.01044358980889
239.82993947754932 242.47426139561185
176.8275903135707 124.6811196861313
63.886827083202455 222.76807741108962
25.111588673557396 99.83764372838729
128.85695330031191 223.76035006502698
28.538836005910508 57.68674024218593
92.21424115268947 117.49577405048927
95.29327715749275 192.13460936531854
5.455502241671767 11.948377912768732
155.13792086177804 68.4714092471326
52.49379053737482 167.05019288851162
70.26421390873067 28.16464899224669
148.40429475664925 226.56845969940218
13.24879742991919 97.06287979056005
77.08422638427001 86.49277752534485
200.34015571898334 177.52079088180238
218.5561115288619 29.224579281216386
171.2328063285138 63.83217236578042
148.08544906563003 106.60889707146886
84.18594222415709 65.90868200407158
14.696312107030957 87.30027790110975
222.46768745472963 156.51915693008073
31.478708988034178 108.74080038107337
158.6985977258178 69.45290637103
47.12182759624914 40.73058537628568
227.48436696115382 211.1138707190004
102.8061302651544 140.37436719990757
20.002873106388236 190.10953929955215
70.61188157565054 73.24153117506272
166.05735739099697 229.0504510239373
61.35762850707632 36.17293947709896
37.13184301028538 37.41499063116591
116.2683843905768 147.95768212140783
162.90372870683373 196.0494861445532
237.110782995611 77.53558382217888
85.3808079903873 165.441389844425
234.41871668914285 156.62360505690825
218.83268723758397 108.73138995322856
90.23370196422748 60.0638443783936
62.28736522069975 126.16972243332111
117.45394567289547 25.46778796719923
200.98936404305036 148.91962231307983
184.448848627225 188.59471228369534
83.11388477567964 61.18960253075284
158.14630623700387 9.572758248620833
182.84977489237977 226.33439819052757
174.02618106090569 136.45195763476562
222.06790200426747 10.537788532059833
100.05384458538244 245.16881122032953
88.47682482510402 6.897522903735548
93.80628988871153 188.2827212718239
93.17330147006366 193.94284451977356
75.63385430772784 229.8243083183073
174.13884241501353 156.73181613393476
248.10654124358817 244.42518411750675
247.28252457567325 128.9019148835955
111.08404941783776 40.54127119053516
14.293616500966444 37.61773643469235
95.66768060247321 17.164599292203654
232.4178768933216 99.34878605314357
39.348044814036506 74.29398265439887
105.4519420840018 232.01611514934405
234.8979133702304 175.68158243624637
19.88839897006037 212.89832083035344
241.85335708153073 21.429479008974877
33.145601215023554 60.50649781527759
219.95371610189144 157.49015359298522
12.65880736326902 123.36333782793
70.60119592415076 223.40194203677834
37.57020798789312 211.0571904495983
49.710428299687166 99.5868096237538
13.507714445320811 177.5996944880986
205.66411412965124 169.09763571531457
230.87911483505505 91.69249505189939
178.02004299636505 115.2296931024054
20.04562481684266 209.84589266214564
147.12821202681792 123.08256419852873
86.94225827461023 205.9648888252707
111.98563089750246 224.12303834150768
174.73324670405088 9.825294467913526
1.8218129704901664 164.88120982012146
191.5610993264171 174.59869591597672
174.81011736300363 2.4457361266757847
226.86248075279423 71.80626134561061
197.073224648306 36.31046696698148
193.26637565315244 118.06638269329714
71.06786190694953 132.10611291679038
97.38923279746182 152.9443761917044
85.74628315605648 5.1450921113946615
29.21938289446907 170.126160687438
38.14950435446848 202.82053509823064
190.258519522943 221.717418863363
209.47081057726396 231.66849716774425
38.48683000543029 126.98383757299023
94.97947246599465 159.21847535609595
86.06258769766076 34.67928901201925
31.85268155200638 39.55161857802153
31.435409184182333 212.1014309563394
161.3845114106852 88.22382871347678
152.12269203811516 212.6742691089951
100.30502848669165 234.69078140455292
242.3903130099347 35.31190775442053
16.743825892116703 163.47231982808808
105.85602007907829 138.37820795864116
129.9628596356614 145.08112480975947
230.1194655774146 145.89063979579313
3.2786838221250116 187.2167753750651
8.066492300258188 180.8872926585095
202.0343840933051 194.1770414550492
139.59532143755808 176.68209784077146
184.8813015321442 235.43559978639524
180.47807392790912 56.65412500606301
128.92324276442267 244.58071209729047
234.8883613299006 107.62662737639123
242.57370205237953 215.14697600327787
91.53004250000055 88.19805616232331
121.38445803548875 198.1950107804314
0.2100864650854961 83.18331875409996
91.68760121119362 216.40356982417188
41.65181206098964 137.76342611694523
238.51680231366726 244.44059160993015
63.905583364915444 44.75578141331332
247.56672896774106 166.61666137239527
158.1766815988987 141.50352243643022
182.43960357624783 13.566776990422468
143.41879904940217 137.9512461408332
76.72569728127094 145.37766375436783
175.25648171383583 145.68241901424224
163.05048377311533 183.37527330389221
169.80742106504505 55.04457814087155
219.3997122358599 159.80843987473057
78.33120941564638 171.67814310148884
213.4705219555007 213.74369378755895
63.36064801407801 172.37715237765357
7.444710191680026 93.36587724056822
147.96270729380814 2.2689761367614967
128.85678274462822 243.9591186364675
62.95795018795561 242.55857183446614
196.88235959741064 23.268165902380012
212.22090478486476 139.4929083121748
72.25347179602012 100.8543918603772
110.45346840540671 209.00928741862424
65.01074942956816 238.13719918192186
122.55481401791663 201.54598682788657
190.84908014418573 64.2175464758287
121.12684704852813 23.58616054453064
200.51349096704604 147.9044937237868
56.38271637014242 126.83810107382037
62.56541754003614 247.51389935173796
118.01274343092128 120.34107817642956
199.0389781137799 140.13129259981366
42.11372598432317 34.22058167621309
91.883643689747 222.82808035441826
54.32273777612684 200.14318804751764
32.9317533996912 229.4338210999259
208.42723902306435 226.69658894767466
37.01572825366528 188.72172276603285
198.83611049548358 182.44212047890795
100.89907636467618 244.92373834926417
17.08645514757745 141.72750037431703
137.21321690777108 227.23494643299784
141.0674917494616 155.57342705336208
81.6423624709966 117.67238076585352
86.71334433463731 134.16558608348117
177.59664532870192 18.376419885020006
53.35077550058265 94.66779989803022
168.0875645717679 42.33839110424173
217.50397702954155 45.128514654128345
46.78854403439678 65.84152635421955
31.869072608868372 180.12055305843285
4.198994861536464 159.1140261556935
190.29564279280564 40.995593194970176
14.446094514861258 101.61080396439301
95.00171613716287 144.80644078444055
44.14186333752809 156.19212423890644
145.88315805526767 9.735827503659033
60.28124819835776 82.27124261147232
243.6879383330157 73.31505120865664
135.3364407855651 133.65602292240644
92.13389844929004 20.921070795048347
238.69394607659038 28.073674076726256
231.3317534290101 231.15652150709167
13.163927350440641 82.4784335301742
136.39813739280353 73.09247193444499
240.1255679605259 216.66743043544108
4.233721238153465 133.24488761916825
229.96560709521458 39.41109647077315
69.71897941481458 30.6316656391023
16.415720165392084 185.87395718056496
32.80277140123308 243.10236257882318
177.45811154146028 223.64147109307467
82.99477048642323 40.268585093659745
244.79700692269944 236.23459027810685
216.4208419602835 205.73760070554545
90.99640552234123 156.21412098922065
122.44955013680634 91.56486924405039
92.41918177439572 42.7226666833537
141.29651725174813 232.12493479433616
25.0447256419917 78.7276922193916
106.33017866497738 18.154854185381986
116.0290023709393 91.44857562081383
87.79031994345107 4.320133025108475
60.7862106482964 134.46202592798937
249.33858550753303 89.86382129860692
91.77237655140138 44.793906180541825
172.56983816516245 199.77771695943343
191.74370911119212 109.13676278822382
231.8688810808326 102.20441001980043
193.99051104565606 104.39979470267485
83.08658965374002 166.2424430383697
42.7420780016182 82.95732859401353
196.52705471574555 214.0957674949367
6.046068423889439 115.87870777933912
125.37498164790547 205.47343083673317
188.10412017579677 32.20163822900379
168.06688848016444 7.311519171858655
10.306305296774148 105.92536422939986
50.61881382958447 199.15192401363618
30.657482462264685 132.62782713194716
33.22230707616372 83.00258521082162
237.3947816050445 110.40744710441622
169.67210981811965 148.8950097231294
154.25270466810034 36.52534682574038
90.95221323246008 84.77083004830774
199.19708343974597 29.595492019145826
65.09576600859815 36.023097058461545
200.42708185613776 116.62685574278322
48.914014242203706 164.98365578605808
1.8895457982362196 0.1822621277805525
193.20164328540685 63.46008418442331
215.8944355305347 237.2683506066081
174.44584339199008 114.03145171528529
208.33810853091637 80.89590363975232
96.8616772392486 236.9994607778424
36.85217857194206 225.18670251145838
51.19165425984268 125.00622311829713
26.741890929423306 39.354781793873336
20.886051805355326 234.6416102256337
209.9343175672485 3.7275706490081104
146.4477205730769 213.20914313705407
187.13349013584457 208.0879904131774
104.54436480921895 241.25449387651307
78.39144419689204 123.37931953818304
111.64471197881076 167.77011514904416
202.81495719902233 24.488903985588202
117.31711871385076 42.78314304612294
30.355365194621122 82.84600666293224
121.87397280934486 238.78079340530502
141.39178392147974 30.791334109098596
40.003948022057536 212.06321182237937
142.5129539577452 217.4379638097841
139.2276174915917 154.25629302834827
130.59764025946959 56.823305392346704
69.0913681618383 148.07267424170965
199.06193945263874 218.18654715494102
219.31860739634857 16.101031052809965
11.259075225788202 212.68145200538518
22.106621106501244 150.9378004351577
23.064227567459294 232.66152743356005
189.84498388108585 81.80690628410672
142.37989819255944 75.59081125967215
61.63085273855473 107.88256891139936
97.84947273572472 60.36346318773334
208.83078848059773 109.04136528654784
13.554630933511113 154.08489653440958
111.44522869689857 145.65869975786975
131.38954759449203 205.47089572634908
92.28940249945056 32.384274524432875
9.141459006702519 100.09023486108704
51.24214976545435 77.63654921182608
226.49680019985678 37.85864337682346
5.901992162337111 161.3489137814234
227.44211581390832 233.33366357832764
76.61891908042273 135.99001101628616
161.8028475725846 139.98589474391656
87.16076302847986 189.86584816755612
178.03206686376296 49.93082676141408
139.33897964277557 228.02186521582829
158.9289244730493 64.71394718433912
149.1677398865457 95.8387733236239
113.87491147657691 14.584345361499551
114.11206277101293 113.61913341645568
98.9320401794697 120.41356198822159
42.017870715745445 142.28096007613675
116.69402497395723 47.09795464594707
106.60125759313236 143.78947848634968
104.75188520569081 204.94659967808676
61.76716490790296 87.63321820623376
11.35823259345467 90.66724661129635
52.879699212976305 102.85107495465626
24.203972904610044 152.45394195051915
164.9031725053796 83.99778244405768
226.1995203578058 55.04793638507774
43.09220199695149 193.43973810159392
197.24188749433284 154.30927509535292
16.093705111925455 46.903322873320164
55.022917676540274 222.41917931216267
111.55948191973702 96.5181456402825
52.06258464071306 109.31140556384707
59.81786317393714 76.50487747994572
169.83062402220105 192.47443472514996
25.99364898578113 100.80411500682595
231.87872223145405 17.606186253013384
172.29546591007346 177.03942452658944
189.1774196560431 179.05231572312206
93.28387112643472 149.80983680395025
96.16730229801438 162.67451893943561
197.91249997798985 59.19365692760611
225.89544993808124 180.5184663502168
29.279254569281406 221.24945260008786
169.14005830708825 159.3303420922421
20.334365269510656 223.59286688450374
59.34137725131655 38.982016745865295
100.42960053534061 105.68817500183026
140.34193097304612 115.98683113146998
203.27443124555512 136.19086552654574
87.12238021587862 31.03069373664716
23.540246280570777 15.991469596971037
71.5616090362339 223.49538171413985
212.7378293154608 120.92535725344509
202.06474504461414 114.01341981570995
32.99507874012056 69.96183678883303
144.06211233185144 56.795453906119256
44.459847395348724 24.347321332175987
203.36906031258056 241.9433996158504
176.8811184796806 164.3899950026335
6.451427628243856 145.61600148356914
172.37858297079546 202.97664508427616
78.05906303374988 150.7897847776216
2.9471561359962486 183.13650678496197
226.92177872123116 190.0613447614375
94.03536193036766 122.39686452877976
70.07287215109793 155.32927995772306
87.03173277622231 191.36067160702822
165.4988817396549 116.07341742058999
77.8599485386576 61.9377176921744
46.89665924588674 208.74747575027766
185.41478751292297 28.23241351173
88.001801232514 91.4460535982489
247.2086868956448 201.82077810958947
16.443947436504402 162.77412929802435
36.248914061984216 210.01186997063294
166.90099926917574 243.98690420941585
73.55407823568683 43.25440911172526
239.26033432548363 172.24448157204114
18.41864137628982 80.73591837926736
24.506706676004548 232.31022842486087
134.9157344149864 175.81371695614214
39.565172360009534 85.57868272347605
36.13324990265665 73.7070073463223
101.19221116501618 188.10627148801913
49.91516652161015 172.26717471980288
102.74698305004523 105.96110761571964
49.95392523754322 245.5544488496437
149.35699235383726 142.52701860673184
41.321122774829774 3.6828504629260186
99.24237719888848 222.3938328709138
64.49675824207576 133.85794454222602
65.70431023563783 79.92962698566075
66.20828452997027 123.70277229619317
70.77984897375455 212.8075249059349
117.99044434263803 7.736451038680537
158.98853324252192 136.18407566351993
145.31402267730326 225.3631636432277
239.1810223795717 22.257448207667647
229.9570698070676 146.8791964460406
115.86410698277552 186.4427008397741
120.57724908281459 196.26295149198668
205.3234567379639 53.3330184914973
63.77414770562609 51.919422673730345
199.01176510219642 197.11985988441333
245.17682094441497 120.09012217724992
62.71491528248946 124.15068780054375
120.4341795176132 249.20996982432206
116.38873527823812 115.1251955061676
120.4669130423166 115.80544721720368
240.36749058408196 6.073753255664116
143.82373794777067 219.012783400451
20.3910916876594 48.531713666075255
114.22806326885862 109.60098837398304
195.86799724169362 174.19743667840297
108.98625829398154 187.03841112859413
231.95655969367598 60.96215316299617
184.1805623180471 33.70846809959957
5.359251666386816 130.78484823372239
240.29719512993591 129.5235930194006
219.75138152380447 212.942666187495
82.5401370478618 203.51003584013174
48.77577633804472 63.50797518766585
75.63603157147806 190.62509941506528
130.18836620719122 151.00001755815865
237.0640263565824 52.04416718968238
44.102333140540544 118.14019872408271
211.07830117708536 217.51125651444377
136.49979219954687 220.44817332562133
180.1884932724563 140.1899709033443
57.994557024764696 196.19465259405507
154.52408449404354 82.24773074285025
173.7502917925752 52.02226487593944
209.76980621863328 30.446977483692766
209.83930932012 56.321753880048426
209.0441825394455 234.80516101911576
136.5143175014366 132.38405441619645
86.6625330709539 107.94920842911812
184.68593277196425 179.91332706574627
223.70333331748287 72.33968880480907
211.34383178337407 101.36135329315746
157.75711345067648 70.58111074920207
10.053882004855907 91.30856191257095
168.5784456320663 191.12605023195135
30.941538793086863 206.8198163188028
130.68474668582513 183.70079483704552
12.63218225595486 37.18590038144104
161.7704191667306 144.60864655157204
172.94552868758504 109.95975648104158
140.94868917253922 73.77172520885506
64.5204385970965 40.20705396220384
192.08868017455697 3.8958283214768628
191.72782845116146 3.856519331408154
120.9133417266457 31.050897788902603
27.25818611798697 193.72085446262986
168.4252175314338 233.74605749915753
184.84599387461785 68.26802698833222
99.20855035231396 56.598535237933234
69.25925021155737 111.1108975685424
3.9193280123952237 75.83423354814425
148.02285523849622 103.3975859737017
120.79585630701384 66.39826626096152
106.36738286600303 76.43325529311151
181.45930795733832 180.66294107882248
225.18217019374512 170.89037594337316
22.509719064423255 74.03239160994491
14.511505080657127 214.20750966474122
213.83104058336076 44.1144710277272
247.17508588574898 30.485321026538976
80.37430453865369 234.19864799969395
46.53815120685223 40.924397831175796
189.5541725700533 136.8543428861959
201.80299674964246 228.01096577375571
203.85200769188972 106.90152638450482
239.65066918452072 65.21550070137494
218.71585580118415 108.6860695680116
207.7109582280855 64.354677831623
28.462611090209034 129.96979168538894
148.5361255124351 149.09215175991116
87.61478625482718 104.46257133602721
249.80788482019045 159.00216983621752
17.59189146807977 71.87808373832883
39.67436729134629 205.515275578683
41.55794094458451 8.591919460269992
211.69531961101745 213.82264532594914

202.73337249714356 227.48816977841113
99.77357326538899 197.83979795418588
130.29037772050245 175.40076771025264
245.0763746695301 215.66638060596952
146.45573698974627 15.400556730106956
67.62534633207306 98.72787860215924
240.08162331536215 136.81766226513545
150.10057474384521 134.2207297773939
101.37585447524502 74.64429096304409
107.14386958147756 38.82872132648618
94.12584917089237 193.39202882481044
147.2940851353077 43.486493230663974
191.25526044812636 195.4854829623251
24.204468101013234 25.29254556275895
162.704295798579 195.1344295003906
78.7087512603347 118.11311838211336
120.44436039723536 200.96013094461532
27.36578843950907 104.26039551656322
25.418006510013413 110.65979141294632
246.81442661902074 98.50560876161919
63.899306268415586 9.292599511138617
182.65681902555335 18.000286432724305
140.35839219027343 223.87292927604838
42.784446547493246 19.917147920769292
229.10298935345043 236.45186444284099
71.7873455316857 184.78711012847845
154.42556596184372 2.0348154171305755
207.6296799779899 154.09675720899494
80.85285427294289 218.92499001570945
108.56853156771714 0.6091464734774288
209.77144973033236 193.37071657880955
173.55492694955495 202.68244308135053
173.12757523145382 225.5952296928089
180.84958337429973 150.30100319609016
175.353140705433 204.3240940752433
101.25989601975691 149.03284650213172
117.73735573076627 90.58478561967118
134.63646077584752 8.843690227584633
191.80505936122165 1.0306390174473212
187.17439332034442 7.463273434574397
76.35749230351475 60.84524372793168
239.51899702937845 49.304391350130125
115.72159440655768 32.664281858994755
199.15898233526016 229.4510467067916
108.35957559979015 56.350344826403415
243.68963349835025 154.82748612329686
58.54965214367405 15.555622190740637
129.2547260348053 191.87325924788308
111.02530623603823 182.277029108597
24.129712574037203 121.82552855642068
6.339011758676322 210.740559485172
8.352140507119937 176.43410879784545
76.19380844546015 5.098647751068553
119.50305037401793 135.90312675796494
225.99237498552898 46.611374850495295
32.08531118897087 138.50561816677413
235.7406284618334 188.69558503451
235.06833223319867 61.971951985170804
194.85620391835573 173.46606137314916
230.35077159035524 137.81132832567738
157.2236647672948 209.89921323605037
209.61140677671438 200.50656589389715
186.3916845812692 193.25956842900717
131.6657540661663 174.11768763270229
166.95357377463162 30.037765787548494
136.78408636369295 239.94821110732892
88.88968435052094 249.72921342156909
8.640017244645664 195.59036544948503
110.13275884844259 29.706309764960608
67.7532819436993 145.2428661482697
180.66558651546217 183.2720246151798
182.28911869564482 89.41960053269568
129.41454645259404 12.463081922439779
216.4912673958492 205.79028329214108
109.45592435121313 247.6700729909785
204.24891547532732 32.21890590554144
22.921691507576224 78.07535405777938
73.55913944153153 13.96288984986871
187.45344979968138 18.154835575644846
78.28806360400814 125.29078936688931
186.3437911523129 13.413240733421539
155.21537762231705 176.4206594833259
106.62839417492181 129.11523636745557
100.7505476000757 153.5733951052148
162.19478895733926 112.53421917649156
193.48133006847607 83.69348007108354
196.91421502861118 149.31019978190855
24.638543249550032 107.40976188029475
130.8996959548367 144.54738779412284
128.1859096897351 44.918720068298555
59.47654552155696 123.72978829640418
105.69261017127377 64.03988367855695
129.558102933297 180.80072942801306
58.33812648960326 168.8207898623881
207.59514334003347 5.157429613236758
158.97401826279088 59.65304863063686
196.53313196879532 232.00130801312704
76.51978819775849 67.15463029927434
45.63430032094517 214.14227581926605
191.32052412284702 55.58733411005634
214.36960851533715 148.77755251372113
65.6431187890154 10.443979536014586
170.79429732981774 217.84084341293254
218.978967981198 13.290568174114364
205.77554208027559 145.54276938029264
118.80673735282247 175.76710815733225
239.27047334860512 230.910132652916
90.24805595902949 138.9895883535561
66.23068809640328 230.1814130457888
53.86548596588067 220.4176196557739
158.95394942835384 198.6828539070886
197.08826924757926 68.42859794185365
164.2766657859891 196.31424760543686
167.86911125468683 214.7434848144684
15.713068531042124 53.55832755767137
4.295520150163018 83.50943394923804
112.23814701293774 10.045530862595047
136.81037481731406 53.06671230712226
22.383627459838213 123.92726284617025
185.04377302613813 237.22749130252484
194.4876357706956 225.18078930907663
92.90190888315183 159.39766032001125
171.47397112164063 46.3486336088296
216.26873191682358 168.70529162726694
184.8284349601073 225.1958532971173
91.42068380622948 42.77604492120932
146.66248965439027 103.60214018205127
65.00521163259249 15.608138486181478
25.293179557826562 236.86577589730996
94.12142535487209 224.1117668190467
156.03132778650118 44.82473853546759
60.53734396564492 109.2324304078141
118.35483056929274 75.44782818617627
215.17866939604747 42.401520719674096
73.96418035570947 60.25469726183058
98.14379666103437 94.11357550725896
6.0838797000809794 142.51630743709467
119.92549570220073 32.289374118465524
83.88481625438938 21.177818215651318
166.48709270927466 81.41149660514421
7.713469119696642 68.24720013254549
150.69126734684585 54.95087748297356
74.00786604898855 115.32871371804018
136.99102342324068 138.30297419256397
119.32544906220463 195.92555454037142
216.33130887887668 234.97241972638474
116.58317418228012 157.79413729878908
21.40321820814342 12.764345807461385
57.936595263043735 6.702250630414603
99.74083847970964 7.301461289100447
79.95974247958146 152.88947086590332
28.40412399786796 150.72744944376353
154.1854394197795 164.9159726954545
53.010674019382 102.0247470493442
125.66414239089882 86.6952008693733
33.22435852939043 65.25551187730686
215.01607699107797 245.68196751383857
124.75959698445047 102.96559558895643
18.617584009924165 17.942631380657907
246.34025830933626 186.5924879842438
12.994326292263187 195.78513201748586
31.451677966160524 54.98437342618834
227.66118877932587 121.63117345503291
132.48491679157848 16.666102200641852
179.76508916610567 151.71975648099078
213.57810176204595 230.67406016502667
72.13418509486073 60.59009105665392
88.17187407253871 39.72457173986971
88.19474751899584 215.17638311302304
234.9708367712322 1.7861028510769705
131.8796609672995 184.3583911322379
8.254737147457696 9.96420083763086
175.80660560332177 20.881884239768166
208.06606616690775 35.69930976718083
97.74811971491847 205.08146167639148
17.05764126216139 199.14234075531175
40.05460396542873 216.07462984695732
89.1962185040836 49.50265727601486
14.096611160904382 138.3840817353071
248.81935591911892 241.27090583805116
172.18453949581064 10.284783141001647
194.68885148400136 38.37325713291498
168.644694274902 137.5200505317318
234.96928030917223 35.83784730016565
101.78743418927813 13.201685863949653
227.0986543290023 216.7838082662763
125.23789437703789 187.86234479453813
243.117128828187 28.047434677431816
59.46389825341869 230.2911519579327
227.45289914556787 31.520554346606584
50.06746102428153 34.9870084007288
210.85117018083307 30.31563935088122
79.5934740132303 219.05001769926778
123.35005138304558 236.91588677534926
141.819473384482 100.36905057612039
146.472381750072 163.73953193196255
155.53114078318168 68.92006133433392
5.777809382435856 193.0619817335897
107.34079611986758 54.3236317395196
198.21583656027417 33.260823143180964
152.91942003182487 155.9767756645251
4.576613888587544 125.13833165814589
79.13098815901238 42.62565314390024
174.69997835419966 141.17647877529285
161.6045224521192 213.794358418085
161.10241586089936 209.8447744995981
67.60283096532063 43.48427444652775
10.158387801801894 235.76689577622128
115.81288052775076 121.4350488442586
120.64040004843667 202.1517040123912
196.71421763707548 192.73377701814513
135.03568758905297 183.14037050377755
14.49751230735652 80.82288917973457
112.45464872815741 73.11180644164564
55.62989028793272 124.75675149044912
190.27484400005108 114.83030879161979
229.0467405302701 19.655208794838398
207.55485575020484 169.0048795280405
149.02192558164552 146.63520635833333
25.84577395737814 94.33423240739064
153.70805599875268 180.46593911676987
107.95802534504375 99.03733540280754
152.19272480393946 79.2946052122287
240.82156024164095 74.66095963601407
90.75397858594236 35.417773309523085
227.45080642018456 104.24580946836228
232.31942670997347 67.6591926767048
184.8802383506299 127.28724413433237
243.32978684728334 195.918697878185
225.9746528901698 46.8848558018328
152.12817254763627 81.0091557441277
18.52261036097383 63.42321147704935
44.69842762384188 217.2815106388302
104.53363284857586 98.84764083173988
115.69109956854575 77.88431593340694
18.253155058021996 121.73837363438835
42.19467731452928 69.7087920497832
241.8607671644557 103.49690624721511
166.4629771670021 213.4381802079289
87.11341231626606 70.57869566966252
216.6383997770823 140.53441758364272
115.3682574624305 186.7688830343873
80.67709329751239 144.0397790275796
201.10700827199267 157.50945224223526
152.9989809664652 209.9923744041394
119.70801699484329 225.91316752318917
89.46131396847166 122.56738609401572
187.05046359918504 102.05110470026125
4.55762976321214 217.3507776303127
1.0470366859657576 116.10655269591952
16.730678097715916 133.95626352014597
66.26738665545845 77.82442566733982
192.78839194119917 60.71084200936674
101.32739347026099 141.1325143333258
70.08776452205895 116.52028793603611
82.56304738369005 47.88174643652249
241.01834711379 244.6404800349267
201.8210678478685 126.46236060265839
104.62865305677369 234.85380965398144
173.73301978839655 188.696373221358
19.06652245581156 121.1632480412009
61.95832156919906 133.24899227281065
235.22159908112687 197.8221460694971
153.9362405971452 84.91492298081116
160.25810447717845 235.04781551181202
237.04166624840278 41.65847351299476
35.392040475170276 144.73949310178213
143.32841213549747 189.23483293486976
95.04907882593989 25.311712029225138
77.18578832139542 94.22603153913181
179.0042282651405 195.39839068108967
212.51647940255273 84.8965640498293
93.27345575054896 168.16525091551472
211.5878555407467 139.49726431202276
68.6289017953072 110.62966835738003
102.02306437224698 130.05846281499174
74.39956852692819 204.70417443850405
90.86314919219629 158.98319665289023
234.57884796844309 92.66949125885621
187.14569185976484 241.03009185509723
45.47202571650274 135.71829512405543
160.5238833369646 134.1082113575832
170.62648987706282 126.06925285187235
220.06759844616712 32.07435197294253
55.112163278530105 33.252506474370804
137.0518060474907 227.65357856031812
75.18392685667932 190.67713879954104
59.99943879981245 54.96296740704493
38.069848846921076 125.17655465939079
113.31672212737499 25.060154841444167
80.4133932677438 52.81446936991713
242.4301075133905 20.536008649362476
70.85312786164816 147.21479669211075
86.57911320645292 7.818645995895018
234.67039820522413 65.3536410474011
225.94684494795484 150.13599626053775
6.667117790162102 171.67337667308092
246.69751378497708 229.25534617701948
200.92835474609691 225.79073718543145
123.49878617949788 27.18687617754606
233.56027454768122 32.38817933106189
197.62141564207994 100.42036699863446
151.18455263943244 227.89741700212426
38.5086040950352 159.10198540177325
39.99776697849422 19.279744773264078
190.68105066503497 205.07669527715058
249.5512117805628 70.10287408664547
151.78711256006184 25.808181778579133
8.714079907836375 147.82536146568577
98.29438063420504 236.11119428263797
62.300225644558424 200.02107771612916
30.864009966518168 51.42593835408849
39.33864407952589 175.75093833536022
94.60232704620853 29.916830750778168
18.096482655539315 158.72177483718335
113.94598137423206 77.99835206868732
178.90673389392722 214.4754122752976
246.79471066044786 114.51196283504488
153.67851275507164 227.54496625378164
39.96387531718565 96.32090504940672
25.7013228184331 248.95663651513976
228.52729841689833 230.69911499811928
228.37954201933815 236.80792788925737
216.41434835893585 47.56956523305947
138.11892021590995 167.7326770293769
39.98483532356095 139.32465321095248
174.33730715258392 86.63028561011168
78.3969168994329 68.21777007375229
133.78778331119375 40.34568475755085
228.03194403721753 199.88405495536003
74.04119862079192 141.23157086328519
83.0375203214046 46.0188120889381
143.4654937727068 189.25300967117775
57.05044048355662 189.5743127715455
98.10470607905417 215.60319521339497
145.32567820659563 6.520886117858754
211.08501315002468 38.058640715635306
244.60836335549345 184.0716146546524
101.37157859735379 73.45714994175287
150.08953335350333 81.97592406409498
112.64690000389075 121.87204337358625
149.00116640025234 34.9250101717079
82.7080443253336 122.46852995092847
198.2056007159177 37.57102216112082
14.700873989429263 70.4203920940974
138.36849340523142 58.28074913042863
131.61518434669975 126.2971074487495
76.60625582461556 180.5491740682246
54.87223947239772 114.07601960205538
93.55191561035677 215.79338191694072
150.50428771063713 205.23801267921183
17.153776734567167 129.2928366688416
82.6198690355772 183.32037176156916
222.14561531485083 182.65819592996925
74.99263173274218 181.99320374862165
32.70819766121816 3.94042576658149
213.60370668331885 122.67714667878634
143.42993336537242 210.4963812775429
198.54343316117985 241.14569667982207
74.50011659474545 149.9233226623539
19.035593748975955 243.45794564874092
102.09825075919979 120.77168502292245
113.4812524262509 74.01518120131537
63.41537317927165 63.64992841835415
150.49204071129932 79.14292208341192
44.33908895353031 84.56077112327249
242.32387922133915 185.0960351430751
123.74288039114676 147.49708251388742
13.065902984205625 78.34245965464709
214.31099210302884 82.48502042952933
247.26273402967425 239.3613720938342
241.16585095496956 239.01626672608603
57.522900303041055 184.1612313781801
82.23176222604714 94.76782351279104
67.02391888082792 2.8472526113374474
210.50815681329493 236.53201306655666
65.50059118996268 145.80623247855317
214.25251042633707 242.3105972774808
195.42327160918086 181.99507328246153
244.2428253952418 79.52823065662038
75.05043984875897 66.7648039367106
239.00069265988176 196.30104953102577
201.67062452432933 134.64366935202062
157.19133607256217 219.9192339733841
51.328606986005 121.61801223929811
57.36025449152466 184.95748655004175
157.6346378959877 155.57253479034188
143.1417943264215 85.38455856832269
179.33685658511658 39.25128622870505
19.580930731117828 39.780027889830535
167.9989891526737 42.216634509896544
213.9167128117951 218.2070078354892
129.33740155927822 99.45884077832501
142.89599259682976 18.05609747622722
6.780981519235868 72.91014365037174
103.2066744146668 37.33218379728168
246.18710089891277 119.86933434393565
54.49263620787517 71.70931825204748
83.58187262983898 182.39766148681935
164.3048867461001 98.38259440657716
21.848967386883132 174.30796339910168
96.39536356750494 177.2636743563339
57.12641568118809 235.28043960670578
25.501170642436065 62.788384786427756
120.69793780709576 86.2627332284934
162.76255616117723 24.772927457632015
66.03333876800227 63.28218195617985
125.2573039820288 20.483734809911642
242.37948104437973 117.80742630407481
159.6982984065455 90.74008915735091
224.27922587356684 160.25227767637634
66.22667774138726 142.94627601472968
68.9583110807305 191.75713218839834
68.90416990662939 236.54308635130857
170.6889410546084 133.55705248671018
213.57024395963697 123.88853017978435
147.95394745607888 203.3146781767972
193.898194778696 75.60740975224175
187.0573612090374 201.81250065976653
78.30203071670725 153.2757688010091
99.57092381309623 161.9599104637951
10.460077466990182 194.9724793758919
148.6160456598951 194.72396199463475
118.0689308711823 216.39429124594434
74.69713778888965 186.09087382560315
168.73486212026748 242.9752895242309
23.70982234778976 56.01502951052545
158.22813024446464 169.8384302139816
179.49284698735048 4.97927267737161
148.66530068338716 241.29820167481768
122.7027477944502 191.4733044226466
243.56449675995617 76.0275082426958
111.15543124695013 181.91287221813323
64.4995688484715 42.12175934547288
153.13212359320315 144.5581414039352
91.61724890010753 97.70235467585145
63.06364342154783 199.87542983789518
225.33677612982382 65.83920284445699
81.06631008980756 9.677492144152561
237.39289044647154 227.95081971824888
148.29278718906954 85.12681886434883
75.77916673247078 232.46818696434042
182.87030499831477 159.15489840024875
156.58678500045318 166.69376164428414
113.69808244414173 123.54928251117516
126.86401096773375 243.1062081570379
234.31300754057256 6.04677759202904
148.15918118121093 124.88391596654255
30.24336237143052 24.277271048198877
24.53297735143248 67.25929117685774
242.41489275636758 240.69058631254893
245.2052489175749 75.06374472496083
39.33095128197384 124.74988606717574
84.45466143002564 139.58332087703673
21.089922799639062 201.52995590564504
168.912745123543 118.05880652203207
156.73367301824015 124.38263509675437
226.48615712321597 178.7913162932952
38.84528640182297 5.175441763181271
124.5732782139841 244.7012414239998
225.6483592561752 204.8001476957088
179.30830437026324 215.29451332537207
10.395603905424544 3.542530063588539
224.07064936125792 3.6922058766018506
130.6405399286984 17.907668052695392
164.80629200160558 68.98642947024472
21.144742692396466 59.953716656161895
149.9716912855234 30.8281241039394
215.89595292687588 114.40283324454239
176.65748079370223 175.49441245910072
200.82973685710775 107.54110732053631
11.81493967658412 171.5587158046252
174.45722218879163 15.43842944203061
7.995432218741633 95.52876383559223
227.914228328438 36.31855574501003
151.0764390075422 235.28423915640587
195.73710527535226 44.07163638189163
143.0667390211687 104.10065926287415
49.79419409852226 31.218962265688294
169.36622537311942 24.75847382939525
18.602798509419316 158.665421293083
58.60900111845604 56.402701454908915
155.37783743531745 18.155444589099872
188.90506004800739 237.3629100363618
208.37710768716605 29.35965595768064
97.32490890956122 28.08281446895991
161.18604742785942 20.260085732948045
60.463222406620886 66.8203502100172
108.83381197524447 101.0891067518023
187.79487720543986 180.52770862477982
74.89793084648342 226.56694170356334
31.402929996248968 215.32008991460287
147.65328566444595 133.7613199732148
152.95056786960677 44.30258995057776
238.78395854592114 177.4517914398755
225.4430090681178 58.52932786159931
219.48482619187067 224.2129121756382
223.45462248855483 151.73192219229972
162.38141528279547 228.15065012887015
6.85354843717298 186.4106907477247
204.6896280788925 77.52644910947224
118.11974960395256 198.65792201606718
23.18852826375073 145.61333684917886
57.40449112632282 65.38240054475472
136.07387340913832 219.59940172318008
3.998733232811219 174.704197454492
185.107204235131 73.25423304713306
193.9281915146756 11.151285581098847
162.02933338970914 137.2607988503899
97.07411981829227 119.05173543298098
219.94983509644055 70.65328487460826
60.908534257133965 151.10552503133937
194.65973479931145 74.9068141587734
42.214127949901204 98.39133185530666
188.69748972843786 203.7755481801817
235.10170502593047 71.09394127713698
19.21288674727542 233.44266560347234
37.15201011068942 110.66307219550569
224.2963329482346 232.52434346875143
111.72648184483714 137.80544546036234
203.91787333555098 241.13440613356053
115.33890984508044 221.40508483422028
158.23330506876536 56.73114042192551
57.642198247605194 84.2056929456373
116.43159398532524 176.61094987375276
66.51314315772014 88.9594848413589
86.93073168002047 12.058639587462617
241.65883661706582 78.49100594333788
123.33980241472958 226.7535593400792
96.67864950996314 225.02164168271642
105.77466652879896 66.87998556345643
164.3819596399387 207.9771149857526
80.75359052143075 193.59567187728453
188.11654152867345 207.36738144217847
236.80807636878308 41.94398348843556
40.13605862305089 205.1774258528354
82.95215915699659 172.10113069981927
163.27781267409117 157.8429642724343
244.83860821910866 82.53708914437371
40.679927950276166 73.72466930534016
105.58861034882034 135.80002910806363
215.14382305929934 63.37806866508833
108.54159952702285 54.1752605413722
216.2446952052327 38.74197522895556
222.79503280739036 234.17289659305158
44.6363496104476 35.105361507709596
78.60112723119612 95.5071660095558
124.45124678298988 91.89781775114022
236.62190174345173 3.2614718394448072
188.00978042130473 185.20681952566156
21.486777856120575 170.60946862415494
150.03199329612025 110.46600430131359
122.37674391205125 68.96335640591732
47.485055111345766 13.98878933542344
195.62041407817065 182.11796185231637
241.0265038277037 209.47883826953677
127.80450650659944 209.7507472150859
213.60124162971803 9.610885020917337
242.17097699492953 222.18202162489294
8.346334142661865 198.64468509744026
16.875596552208965 165.84473049834273
180.49013661417965 15.034362398670897
102.63808531148824 178.81557999876682
38.85334027676174 59.86955439946048
48.92081970858503 199.7330759308474
248.53589698030896 89.54836424006338
69.1769588756705 153.62743302015372
205.92165660018776 185.39512500957002
102.06901761092482 17.843745066469353
73.47181813961653 123.8110590846187
225.76248155462778 40.06819765278702
209.2046863522748 12.876872079649521
172.9828659614878 113.41508043551762
239.32513846443564 238.06226224550696
174.33059320861588 132.32509338906652
61.3192297668326 218.2061983576758
24.002545281103544 102.14932766302667
121.85963635043662 223.79200177041568
23.864741688661066 62.43927055657511
96.28024859574516 116.03573034660394
93.00812586597785 185.60362880090514
10.307226219117311 13.728579377352833
150.00098852950993 66.34536869745206
50.91042283580297 161.79561079919037
71.6807811799893 24.469053931096106
146.20586953098532 230.54338144677283
10.178077712816453 99.78831044788896
74.9369363952998 85.57507332235097
195.19470483290286 178.3852045934694
224.075295448131 30.004377781005676
172.42493130715653 67.66471182974266
155.75729741865987 106.2439654850878
78.56509039966045 68.87173585558837
20.23321464424796 93.37616479007241
222.60188110712468 155.5524001619742
34.193916635403944 104.20940568665729
154.37797396190518 72.18867577907673
51.21805966302542 39.4788904245362
223.5701923947736 206.43208330181324
111.03607429955755 140.97641993081533
15.773551236599042 194.50960394859246
75.88791643956974 74.26979253328494
168.77383859583747 235.20527619194138
63.77883639298187 34.38846722977249
33.64372512151806 41.24415235168957
110.77055100678047 154.40508842850838
161.36973935546746 190.95619844411206
241.70837025820995 74.67379626291581
82.93946039923935 158.41845596373574
231.77942002761878 152.08073344708745
221.8736075974596 109.72519457057467
87.07145320838919 61.45163579174218
59.84408659573831 125.40052376885075
114.72659148390017 18.982894600179627
193.81380862898482 150.8226279493016
184.26510163478903 196.3063965313492
86.50148263173566 61.92792799637825
164.31564585977455 6.920515211075867
185.18863569807505 229.35324146920087
170.28483687478274 138.29327736280194
224.66137839184637 4.408092427509808
91.59053116568857 244.5691377320907
88.91145229683633 2.7306693067609134
101.00100653945249 188.85523966455423
91.01537122250123 194.8189487714823
71.14102474845757 225.77866082094332
168.54665812906617 153.19685780966435
245.78204429016168 248.5773594372402
246.34088422314278 121.09558168032419
112.20805233998665 39.40272576980256
7.586685059044834 37.87626376932429
97.87369842123375 24.79453231078696
231.62777663326 103.52986059025235
34.842969157242834 79.48977895384418
101.99313897496903 224.7191019124927
232.23857837167054 178.55174614223628
19.090838757922583 208.55246303340786
245.2004112954657 22.071624303868028
26.46383910430186 56.304315903270094
221.00319496937766 161.55763632572348
10.071325257502567 122.44540539985229
74.54750932803952 217.89934358468358
32.34901062958037 206.12115545470942
42.31666051688579 97.31948980164285
11.696808606371206 174.70493598119415
206.55446378468008 162.0259529570303
235.77619138418515 98.14491827037439
170.40345478782 111.60487757489717
19.82395716427765 215.5651575132556
140.61255983014783 122.03386021309537
81.93213109126263 202.744189360712
110.12232169573511 217.66168467022072
177.5639643713655 4.750434216423654
4.4566915417933455 157.98411848847732
193.04061962711506 175.89352432363378
173.68012097002773 10.342006259129787
222.1244198000355 65.18150274226203
198.55865301189863 35.896905694158185
188.87787461600382 124.70545245270765
64.55210854134592 127.07962189086756
100.52423532910709 155.89366425130228
87.0414207602459 9.085835011808207
30.894590688468003 171.79783835600097
33.66210640987271 206.6670323064696
195.4503771105574 218.75829586328211
212.2151949964416 224.72973298412703
41.07773096939679 123.37582118462775
98.46860583012268 165.4435737516227
84.50938279581909 36.62953528581001
30.646091838605145 37.841790328625976
38.48226246282568 212.0570944331353
164.99505125610796 87.90511945113124
145.02066032482065 215.16987920887144
98.47541133728512 236.18878386113747
241.92917636726614 38.18146248100424
10.950078568186333 168.4540310287282
102.90339877929935 139.6520050706157
136.79795682004556 148.84318110422188
231.0091259634496 137.6730345202987
0.9123639848729326 192.1595781570046
5.155083086898688 184.2571656169531
198.81802667268747 187.62033308307932
134.05720222751253 177.49354717048027
188.16094755023454 241.59013226858622
179.17940344606797 52.863308387808395
127.40273647969666 244.83787844636115
236.64518001981952 113.42397088377601
240.5566732437616 211.5294125935749
87.00231035504147 91.34194863604925
118.02320180014 191.65019404387766
6.099615314353629 84.75336261508295
90.55269576788747 224.80638929189627
38.26312749998484 134.10754208093383
231.98168349514572 249.4216792002366
60.68689733563315 45.94562380909703
245.24650265136106 166.85491058587698
163.7307731053992 138.96770571113538
179.29916121122255 14.638156782656647
138.91009706798553 144.85380530889404
84.56697319992854 143.1070453262087
167.27473933364166 145.3465668742935
160.46010264467012 184.3818278887784
161.8810562933311 56.66866014557551
226.93558212454792 163.51470717811694
76.04274760381414 170.81271378742238
206.77951367424137 216.3795971227914
60.17050915434435 179.0168433772381
10.216917682234122 89.02884607266243
152.06122016347675 3.6133473006446923
128.26042682055814 236.60866885852118
61.46575000116883 237.081971011962
195.0246255087658 20.105480362785116
220.176665231408 141.13737709692202
66.18476287393898 95.67193449913425
104.87356325639949 208.53565277987414
67.00342980172717 234.7014351268708
129.89717619927345 202.1319197005434
191.439504721013 61.720317497934666
124.97761537437155 26.664394203806925
204.19555049788596 154.49838821460995
57.59490772495046 121.09177706178684
67.46876546512276 244.6442866412953
123.29419509465947 116.16017622537453
193.459576608562 134.15034125896634
40.424316198199776 37.66591126080623
89.30328104840312 225.81329470913315
56.86480216738069 199.39248202142008
34.55163993568952 221.51436135076304
210.55853212961802 234.71973208315737
33.180538600093925 185.8372304934779
202.28166318851305 186.32088197504052
107.8591583082481 246.89275606664472
9.076054641730725 142.17909435507542
132.51813236502008 220.8596058584612
147.34723436627942 157.03922282035404
89.83685259129159 118.53845759791345
87.8923573156373 135.28268035112637
174.64833560566765 17.131449112332387
49.95195171164585 94.07887050317335
173.74720286094797 42.96359672423705
220.6688296948267 41.87100602046151
41.45137462049806 71.85458089274488
30.058793160619878 175.9460978790663
0.007213617033985376 158.82064999979465
187.5005728412867 36.61308594449616
8.274809995875849 100.9237746944813
90.26523724323684 149.38542658159122
43.66273449050481 151.94741826893423
145.20429928489747 15.744480895393153
56.583101156144764 84.8040678647971
240.2578247269847 75.67650139898971
139.5520440387701 136.98690336618108
97.34679531336138 19.142486321081815
244.73380014694465 30.928834647905468
231.6700229389523 227.36865992373373
8.830575481005548 80.64020322911686
137.89385732560174 77.46951031334292
244.93504548458407 213.99491980015333
5.495428343752357 128.72041464973006
232.70572301849774 32.236667058096415
73.38609033221405 35.87058481431135
14.832378976112198 188.81532427149602
28.25292494722084 244.9954881569464
182.32574179014424 226.35769733368335
87.53332262858466 33.11873408767807
241.9410175928831 236.6372439008502
212.41796482254136 210.45706145940065
92.35655484780645 158.8232627842299
124.91065146131605 97.54643099480012
95.36490619594818 42.85377874045815
139.52886084704272 230.68671593880018
21.845458533981287 77.87368463713865
109.76280611825106 18.47061192529445
118.69149345436325 98.92478757105027
91.74733395116749 2.5157750305710715
54.53551191361086 133.08627698143712
245.67404322271358 92.1510866839339
94.07582104031886 43.28041596285359
173.37208922073305 203.5267560617572
184.4732662057664 104.8505448593944
234.30959491164114 105.96978563482892
186.32978690323964 102.95266796042624
83.90625736719934 163.6919916148931
39.213163943403714 80.89973513802414
197.33898889277168 210.74735909141177
4.871766847301617 122.10857290719684
118.14282181851502 207.40313748326005
180.32376500913173 30.183372342658803
173.27175002361673 4.49138587866943
6.3249925513253755 103.35780301844349
54.41417245776628 194.58993418862366
33.78270781866263 127.96725916998928
40.59854612127353 79.62630382289885
235.38541124086046 109.85063976398898
174.89049115388968 153.30039561658748
153.22690597850797 35.56501487973421
85.6100547490046 88.01355968668729
200.7639620475431 32.14803134010194
61.7181599305551 33.27926683985496
192.35353608597055 115.80809819666807
50.622604093577884 156.90710284797905
6.700135557859893 0.27258513511652094
193.4780489537627 68.5235257288399
217.87258454741328 235.83756301551242
178.62656746708728 111.62065242621563
202.19192459271494 77.35394806191515
90.3768349495532 235.08206110500598
35.4691648248627 220.4622121517504
53.26788941739122 127.79355992832039
28.96074184735964 40.899109874323045
13.927234431696633 230.7410717114525
207.77807714784137 10.54254908792107
139.63574676921723 212.82725519026476
191.00163110908895 215.38251940070316
106.12851361402689 236.90505767546105
79.84612851232143 123.44150305592794
114.62071379488711 173.11445583798442
208.30811298991554 30.36274617890805
120.13475220867925 39.71145206147625
27.999415496398143 82.7192711292442
123.1632799670975 243.96711797660095
143.52760635574808 28.119562219760446
36.22971379310419 208.52362916861492
143.73664956902886 210.26482075218857
142.25487328521686 160.22258796689567
135.57949217385652 52.39804026556072
62.95520235946903 147.43402265183562
197.68102050221637 212.03748866821417
222.78167201926541 22.40018138930816
19.654251974192128 212.1584134715915
28.324838219661448 155.93433349866405
22.108723328767677 234.4692187630584
184.8185473312512 76.63679488474234
139.96974257947423 70.7453830485206
63.0092206222318 112.56400752660423
95.83519523498063 64.77065948911151
212.83522964587092 103.16426059653017
13.613386259958087 151.01026720219636
114.00667547009638 143.99743965650183
133.77054533494538 211.44017107147366
88.17916857340344 36.23957722633861
6.5216715425577 94.48270985607266
59.283983126019706 78.04692595805021
227.90708701134213 36.90998048586719
11.77691423423105 167.19304188667442
224.1751310528501 230.0348214374846
69.65217906105897 139.83535219287785
154.08705345057243 140.96527337328655
81.34879693167765 194.57201563710333
174.70136432211342 42.60706223326311
147.25142020272278 227.1362877094112
163.3407689332556 59.134192566520525
151.30609623330986 94.92105861620843
108.15107633612494 11.745952380570191
119.57233390489552 118.42228250576808
98.31574747948821 112.86147460152857
47.65083990621255 145.2440787175296
111.29739891621679 47.847397254704575
108.5665680960842 140.67588458321345
110.6645565646344 202.06205410993547
61.235790335184696 87.17525002919626
19.112680652482783 87.77291922416438
45.40884415769167 101.62366365806739
25.756052632493144 156.41461323004614
161.65269128043917 76.90093913580776
219.5725516981558 59.34382618952766
45.3399402101696 185.9903899146165
200.53680479176768 161.76738828263476
23.516365344227435 49.585563030889155
50.71371711364658 218.69970357085273
116.27362127806354 101.46123663156368
51.44785457626763 112.07750808579469
54.457293538237224 74.14550170391412
164.33413132700298 192.77216869963752
33.30806611201761 100.04342609069086
237.93158307509404 17.457869634662337
168.4931503949912 173.30149949606954
190.36136857738134 178.94638199023862
101.18992305569161 150.18395653005763
90.16711190119695 162.18100024861505
194.40628626277712 65.31388920461933
224.51392395924051 187.82513458716608
25.5352698842298 225.2706641673675
169.09328495132274 150.85273768091054
24.448596808751805 218.53360688334845
58.272335578095166 44.308256438804676
97.70686019325525 111.70037231901817
132.71477859538592 117.0192973945755
196.25739824366565 131.4795498703156
79.59856573950205 33.46723394357462
28.85821826151086 16.92069932554063
71.1159762577207 224.2824710290442
215.31534837787208 114.15051658770365
198.00369946807393 116.67766329799909
32.92529413408663 71.2409837571121
149.31516241730137 58.520475077158714
45.69524501969399 30.517307763555714
204.44645770021825 244.33078079534687
181.9535222694026 169.77723788240647
3.1731687713717758 142.4592196454377
174.7738868883075 200.4101526271458
78.09481129388746 143.3118113155565
2.630358624873624 177.35113000037524
229.56692928136266 197.32488538519874
89.47842992790869 116.01125980804186
70.72459098695424 152.45042050260102
90.06483491619471 193.28842312580036
164.8925427306726 115.31279547335224
75.63268383373159 53.874193684269905
44.76711886320606 207.2612708616524
184.0414665115976 22.097794526878793
89.55664906976052 97.98543364526176
239.38767201419913 199.8604651050819
17.90124467360288 162.03169209489758
36.788828590375964 203.5903968245304
162.52784019406357 240.6639595593238
73.54820594397435 38.10536202221523
244.07568177856595 168.66980330390518
21.8831761105327 78.07840435479909
21.577113626717352 233.65654902604277
127.60876859760909 174.67883333558194
40.83426207224941 93.43729820418892
43.522194072209835 72.5486473730145
107.04653073760589 185.43758141939875
57.68064331201694 171.46404726418157
102.75569625541625 103.15511052947554
49.90872668322602 246.59759720757353
143.62770232703332 137.33431841650597
43.432824533473195 11.403383362618037
99.26108340226966 216.5769773417734
67.7045033421701 138.50955253383253
60.85794821944149 82.61849824121512
67.2395542276324 122.57858008770673
78.95884143570295 211.45435805338792
117.76582051953791 14.09502090498646
163.5273369359512 138.9566031424687
138.9162125632018 230.2779122828525
237.87965529926078 27.935123297660652
228.87305381756767 140.0426991315296
117.3415859088352 180.58345995667207
123.08234121023884 193.47192892239326
211.2014871041143 57.539274611370566
57.32764456485151 51.30102376282031
204.557207128801 203.4852790367578
245.05294412170397 122.87312151815603
66.03966929892324 117.22561022935713
123.52017607191182 249.13836324480602
121.53912149760926 121.7494906664957
113.1673274639248 112.28926633014316
243.2577065182995 6.620930686133841
143.7417219496467 225.40125139912266
18.329801041921527 42.147540435186784
111.27175521821658 102.18530903718684
193.24042735091783 180.31636840575493
116.17128513568456 186.84745275915736
236.56311592452397 57.26096655042892
183.07406421454166 36.692178143201055
2.9134623262707104 138.01578204221047
241.0572393667285 132.67401019619828
217.35320968354048 208.56068617067487
78.14601624366846 202.00881336910268
54.629101064875954 64.61028700989313
73.71428661004487 190.64379238581347
130.23597879304077 158.04764625899426
234.6410541692526 53.087326729663545
46.81444497115625 124.60323703086642
203.36605965667474 215.12932610259284
143.71964070188514 220.99125661295918
183.62730940276182 133.71738161072463
54.32594382889447 188.71245899715677
157.24879995440833 88.8814657079984
177.40585403947946 48.175015909740246
214.78390535406513 23.858196953878224
207.7256371317546 57.813937613995726
214.4771612929766 230.29328608257723
132.55396421036278 132.5057188360018
90.15395068247592 109.69806834242429
185.41835904457153 186.6435237319763
221.65612697514476 72.7102333596788
210.29280223011074 104.01457314887344
160.96546171640009 67.80296048051174
15.712382304267136 94.01845030745731
160.59285996058034 189.39246713424478
34.05640587843079 213.68219016310334
124.55103154367514 186.35556511368247
17.378339497806817 39.696960108955906
165.0283890718963 140.08424367590317
176.57802564425302 109.75015547938102
145.73431827516382 76.8519633552868
72.5573498207644 39.70120804267374
194.01900563549182 0.9657645826966765
193.953611153085 11.527885445637182
121.98878501559359 33.46287116024102
23.285125195576324 196.85403643781186
162.9073793255594 238.45573887146173
191.5956224119192 71.66328948910238
102.95569657620665 49.33665293279785
67.01019610051445 104.28540581831864
8.359306252787608 70.16393848017951
143.32033823577987 99.91214703426502
118.68715889353516 73.8088777418461
102.6443878213242 81.78553989599021
185.21506325865093 178.19986921719152
221.64724726725217 170.2463554772211
25.191872770643887 66.86570486997614
7.48469372109345 216.6864574081067
213.4056840603218 48.64813447123931
240.71789899674454 25.54346756826803
86.1804253278588 238.19048035691682
41.839577631783506 37.881343826248944
187.10015057739662 141.88168074372498
201.81346303697228 224.64195564116162
211.5469034003334 109.32753427538918
246.27638426314775 62.0158594067845
225.28297428410622 106.57922537400167
207.22880480647729 57.95538697233918
31.46676264106349 135.88233907208576
151.58914932375822 154.17114463934658
88.99801793131675 107.91587776882785
246.97672470270052 166.17153432418635
9.637943581335461 73.6702048411492
33.76463415102135 204.57380317457566
41.08517217645641 0.5985256866243294
206.9270058354521 213.0725462425465

357.8693427561721
602.4401678649676
1139.5457241785791
196.51540975552334
1137.2417255588455
273.75092446319957
23.281034346844
1145.2197224847232
847.4743344359821
669.9643942976845
696.5590702033633
304.0083218609957
542.5946011236166
927.4550779345017
81.97541741376699
133.78133191350776
958.3822793545327
947.7818840919427
10.859383802896623
1068.1808619668548
379.34043479362407
50.77688619122239
1194.1644821765565
296.73211855050283
445.4949208539306
795.846601241728
62.24673276701956
455.4616478033008
248.76806410910243
889.2649507688926
1085.7050872940445
940.7961847516463
722.3332330652426
480.62509633519977
420.86875895286596
906.2086432954931
33.861509693394865
371.35007727179334
808.7491740811231
693.862522997493
279.44002541904035
130.31622613093376
64.02381710875123
321.1627816385114
822.9098768123195
1017.004811749403
442.13405431386224
343.117160674928
238.06487985926762
678.3217249980936
624.1519683338108
854.7077033835632
320.27147265404653
840.4487155530239
1169.280085106383
676.1050633030901
461.571217827393
360.98446392987756
541.4127615506462
204.0888803838437
880.9167008185295
1012.7914105444129
991.0124503764603
147.6315261793138
340.64164842955495
198.80019586056355
1151.104251849079
576.8334272403154
57.9841809299914
800.4766063670271
505.4763259898899
619.4260421596146
674.9666530540178
57.92745322839883
977.3364141785052
1045.34414081886
198.99031780685243
770.9791906704406
36.1733924427492
183.7988395053978
914.604922861218
1041.553732367549
105.83520016473949
602.4317282438332
138.15799295447954
642.4363566124777
149.7484603766049
1117.0512309760365
1112.4458874048053
539.4595038846749
1073.1919988158033
575.5985916505606
497.87398136209396
820.7148637504414
623.0486838738741
1136.9784035917216
737.7511411827467
312.68523152342834
147.10269082974443
262.32498041059495
598.3545327402351
1081.111123992606
796.1855028754835
906.7128178275029
1059.0629638781325
1156.3412586465008
114.2314795971534
349.32685830362533
1126.0917722575812
169.47400649536561
725.6994286613879
588.4047400396007
81.75074272620532
535.5517927599135
497.03471172520227
1082.3137194720105
467.437060443055
110.14242135335381
507.9434611477366
1015.5473925451345
16.541692334259007
483.18284633597074
1025.2122174606463
1065.8540428784938
690.8907075907769
752.4061476210462
100.11985774058411
614.4951736340753
984.0779380214075
1163.2405316642912
447.8804774227095
823.7314445691659
1001.2944551080911
565.0825357026208
560.3393764402862
1007.6685169849397
1113.1488395164513
385.41646429062325
112.18354808179662
736.256775649142
307.4991612257164
970.6981940841667
685.1307700975406
812.9123056884456
968.7866130301553
878.9800406425373
699.8929817318756
651.4620520500548
512.4222064714285
771.3899779856629
285.4904976396482
1130.8750396559828
338.7973747892097
1054.4662306176035
672.2640382814378
583.6465748926212
804.8514799592723
1055.0954247351358
890.7166552320884
31.70877569413867
466.36247193622427
252.99860222252332
1051.6586103059622
583.8050275633237
598.7295061261509
1173.0008629963784
1073.0868219546012
1200.5580098952582
160.35146120043245
1145.96234673578
395.46380611927947
78.68315511138898
586.2966353639247
884.504554286213
394.26199012885695
185.0989447051789
295.98503735989027
876.8085242356645
828.1414364419777
1170.8638044688228
552.5929752639587
1073.8582406244816
1074.4914260313803
617.7202033882155
185.0519631399946
108.08677924654256
207.91406590572606
861.293651472223
999.3603999513957
426.12825461439854
823.8731601687434
803.696738419557
367.7578344290063
1041.0902314778361
356.19865409994776
885.9304643858464
1046.4244458864869
85.22589351686935
563.6678535746513
915.16583790031
945.5192490762852
948.0701136054558
786.2088471280438
212.99053859018903
64.86263289999886
1074.2147214641996
938.1067479772538
1090.7963788304107
798.7443209886761
30.527203415269565
542.034624573725
980.5888890107551
1115.9993667078709
1079.8099244120424
961.1523353375118
219.0196946219192
401.9678371017238
1169.0331749651154
698.4526647696154
962.3379861161241
202.22838015920254
409.6330778416231
1044.9995984665134
1138.5520931158314
391.61262980418763
864.1761063561273
571.3860951053937
64.92430398991618
842.5176478588314
1137.9572369404668
477.35199718768206
789.4103219048071
466.7949118662569
710.1784237416879
166.9124607366999
746.9150129867485
902.7528945672959
1008.621794926566
227.4378361418322
1153.083196541076
574.5810208915357
87.49100455675439
638.0130237394483
755.5848365417841
8.657367468309696
832.1815187587105
268.5067220566169
523.2430137011463
1122.5015406361674
475.012425669095
869.7741292190841
37.42621249834121
687.1302185038778
487.54337503978644
558.9594776637113
673.7584729812237
20.97967798103255
167.8752580810667
1158.8891024252127
928.019368481315
647.448473602327
889.7631930995096
304.34074269373093
855.8530441352364
13.772777196648873
851.7020240189008
376.5971514681141
165.3250037319568
100.26027696359768
654.040074321444
1188.3307570693066
598.04610071833
424.7044046518467
206.15766530049993
806.9921552588867
646.1764679839259
760.4024350171403
899.9302803496025
153.269898912414
348.96272642353637
735.2559973798424
1062.5405772406068
961.5486986988321
1188.1683802926452
447.4699302219645
951.2041445276911
1150.2609234418308
553.643064660276
1034.3818301942924
380.7140185794191
1089.4092454203605
1065.9093257618956
653.9793158024455
851.6474449220815
416.06272787432795
393.5587995419411
1117.394855598946
768.8971570306672
476.22436769765426
67.40056825849867
676.9030383089745
1153.520056122293
120.59958054359798
211.40275471220792
954.3252131869021
861.9872964149023
25.861847800530548
889.0379359106556
307.3170116846848
762.9913275048627
881.8353779246537
346.6903928400805
272.24382501209215
451.7329685039554
541.1480764841699
1012.7840600360538
874.1398879285166
1076.8436564133467
1133.8273688555475
594.1615627347957
699.6534238770695
353.9609677001117
848.8326982265667
70.24437969754447
350.74266119584405
774.7235652934452
826.2686273298096
268.9732007610553
884.8137819440766
679.568404494368
205.89540020618972
980.3120923911866
395.45741957755615
987.4097135560506
662.9020735445258
727.2889612125458
883.9491983446001
727.1385739392282
129.90079547493136
308.91625719568754
154.03424108287973
937.5101201723918
963.7854183592133
388.14060627232885
626.1258408151502
548.8673510454252
410.0751396233563
1033.3841789279468
735.0729548668537
1044.0866309785654
1199.965338160945
253.9394099699953
756.7658117602269
301.88314484119076
146.70556967479035
864.444360968462
1190.718968242548
809.9458253914029
874.1523290720785
1176.4558594031496
543.4054953980251
7.558373096063457
462.44757023354384
152.66576432650496
857.5394122579221
594.7348432141833
1097.8080437126957
1110.8461310660869
735.777719754385
888.8973570894946
765.007236753906
9.807917773477861
603.5935337346788
1144.0476831229712
665.1052569263666
569.4293695651698
709.1203119275019
904.9274587407541
505.3359599470046
219.5715248486431
825.3201440507049
913.3480225413889
691.7520610137271
84.73695301167885
1168.9174410889277
704.1416527856697
144.51590834787166
537.305041287653
98.066963084082
1003.2193145780628
601.9762409721866
378.04038918097916
240.78864340387236
76.7131779837973
1096.4449759798813
637.7500232621749
562.8719384773106
283.5261997658336
112.73709582670126
101.69062114752556
932.3914010999291
1198.5507385768185
48.015152289109615
474.14994402538
624.1827058180111
985.054970283788
1147.4012717715013
407.88443537218797
577.518969377963
660.1675765559439
485.5412340798112
449.76298668215054
133.32688905780822
47.718754420299156
53.23863594159329
3.96352760516305
135.2767770316638
913.1403199148455
681.3846291841915
243.92653484889775
427.8515550057124
246.56859481783232
623.7287184299958
891.092813025148
1181.0820429331764
757.015840841174
537.1079806748418
222.1058881012927
3.273775346224998
765.6826862237019
745.9765443281192
207.76760084444442
232.8574177098251
1116.131546570066
90.88491908345247
829.5238978057583
621.4787954760767
877.1483495575167
362.6040622809185
63.83238375119188
17.039917232411227
157.61308861768308
23.863502586325406
423.11786322817994
879.498960946359
911.9407158651443
85.23407584596794
732.5979410381716
190.00397243504122
214.72159091733178
863.4493058974342
597.1558415730561
293.09214890883686
790.2410797686018
712.6315832366947
279.1227001717871
61.247727901226455
429.3352824070719
938.5551133273456
812.1546231942104
128.72332880248726
72.33340279060305
1137.7267925832327
103.31671081079276
1037.9879901044399
524.5221087000964
547.4246357221115
123.404696051597
540.2530018069384
538.5785339419681
361.1460379255299
613.9434667422564
868.4372281940197
84.81921658230043
686.5609734822542
663.35768786383
1186.1478841500932
576.3597418156656
141.38099696970264
1165.9618457113102
122.93636838794616
1017.9969442755946
702.6455836871755
860.2619936006225
158.58545310334713
1152.6871461496492
1118.5774049505749
498.47645901680835
367.9441662488504
486.59353875346864
614.8050635913979
912.8308424474084
822.0424944941705
320.88513706408224
12.414525836335915
1081.009101338252
1095.0488682859702
38.130403172284026
37.92267063103223
867.6431851340657
981.501013423954
326.00073442833144
822.8743315461519
344.1349335093333
185.34620202710377
237.27755003041588
156.93340294535858
235.81017294008586
293.5167968273287
348.3111986372402
765.3425880041224
0.7467369602554166
852.6908600394391
650.3701935967537
272.8573344165322
512.5001529748853
56.13303301619642
149.32248306417526
334.7045515623706
353.0733425709874
1152.3143335064083
984.3123260252478
1141.495068643077
582.3412079266116
299.88814898660365
1181.5478060396206
395.0801842425367
946.7752488940096
730.123646131996
338.7425054269884
556.5995224243586
968.2043717218356
798.831230807715
1069.6427261687224
459.23847994174093
585.9650618970959
97.32701652294284
633.5891942764799
1109.793274526216
1196.1238540814359
1180.2268348753332
205.27650283145644
976.3471564548045
586.901219485794
1094.107687945183
1189.6364191180544
456.3959389552572
838.4836248171956
198.38080818339378
1171.520009894629
1044.918061463981
226.7424247522261
885.7443027534449
1068.7904026956664
924.9927377554717
94.53365893704331
596.2596921269276
877.380212817524
143.49183003243644
351.58084142200096
478.5709817740869
701.6929557793383
185.56224613525106
99.72305977705473
930.3519095483474
569.7539644748095
1100.6629144467051
342.56425019562334
945.0632420440232
615.9175569828694
876.5128295099751
611.3371578360624
1130.5109628675007
225.4192197545503
1007.2991804919927
310.557774964257
682.2288574423
1017.2082792031653
1009.6598664216513
1063.0740501938392
454.0473591048552
1158.5439950125528
771.5385723278888
178.29126008000569
18.097008289157515
746.3385318824254
1112.0584408919635
1107.7498778435222
849.3006277720809
359.86916991829366
1114.4164069477138
1139.710911784403
688.1701126135279
269.9097561058039
1095.3283613136105
433.18028609766645
282.5529109529661
339.36132439775645
34.55260262808649
864.1282096161381
702.9792657349002
1005.4073892972642
1001.5749170028477
951.3680698563641
363.43853519188025
807.3419377412197
319.07009894409447
182.43682560980318
1095.996877439645
163.02920596983003
614.0456148618462
108.63116539859506
920.0500286903557
484.9019951459608
1090.1522996201022
888.2941757506243
1141.6636994923015
900.8440050669514
639.3180404307983
1106.1004791685268
390.09918418395523
448.4786149881418
453.6278952687969
354.7410647584489
1143.051127156972
762.972525835383
639.5364651543848
456.1414485643596
461.94594288578367
90.69579991319686
889.6894521482725
789.2375380650928
1035.3287881349893
1033.4600230512292
121.44950826958785
1037.5921373612073
816.2786735865699
669.3651889598297
1.0679282674870396
17.886477522346215
224.12403660442752
568.958337672477
443.107980589505
715.3826034391266
892.9510703176709
975.5909793973838
783.0831448079113
216.35872821224575
1184.584720443283
1134.8765580054871
703.5826060338993
407.0450987334485
473.10968062826896
115.28149992528155
318.3903671530192
580.6736185109083
750.4851417562859
1014.2392310636976
345.47095262437983
619.0818226166786
966.6918052109157
158.8497151673809
237.30587560772548
680.6257060867238
169.0987653374538
994.0491882730707
160.8155772273265
1187.6802253843698
1106.4710626684341
766.6507382418337
351.3015607309785
639.916977632902
234.4251789563304
2.739225563790188
311.4756964464764
416.5476513711822
356.096155138405
36.18496248743524
370.74693725775296
480.99483688263734
797.4683532622971
1183.827412881023
1006.6494905785746
904.2878823596575
678.1787943695157
281.79735590408023
176.05926144313935
1040.2274594273565
519.0857407599366
787.1069665079527
226.6277630852709
758.2882812886277
509.9775210195991
816.0196148068237
339.1873633790961
472.6286399097133
938.0914713050599
1158.9860011920605
273.34448969723957
651.8567657012045
49.133234501709765
1124.76560342999
230.23954348579596
107.93944306259718
666.1582027432775
996.7462955993412
496.1992727779894
696.5288893013899
1150.1877917832628
704.1333212447726
1123.5803064281945
801.0121169058825
1065.9137733645475
712.6143479700356
846.3339826589926
1030.391338910448
1116.4403874926063
847.6285076857771
782.6844989351273
872.6986975491989
455.4184117448715
900.2315574677591
320.1484506137488
352.2243983424922
683.1133952014225
772.4641072398954
393.5464059747151
1139.4973082022468
456.98652866038
621.9110126946916
676.062304800591
1177.4327236642516
370.6178977056076
460.41981523356986
924.7708757907867
228.7565784530864
829.218717981711
496.7626789682232
509.63158420757287
390.48528356248664
1167.1060810756878
306.23902565297186
32.023290705530016
816.8333179306455
598.911710295928
1084.3211755536147
846.2762372336747
375.5852369910984
1068.7908680910293
70.97230829299492
229.82785958729573
914.9907314003563
121.29050064371175
199.229100105496
521.6150906603116
586.9900003943211
983.2306523904451
745.8677743677345
647.1734065062179
726.6441948129113
515.4143437494513
393.7519606217155
216.2857649201164
471.1509578246761
945.3483970419875
1194.537660207004
135.9673478703002
96.2599995353639
498.29340932275204
976.1296752006314
558.6739214464956
458.9974647600686
806.9311811008671
647.878210761624
339.03213318602053
533.8114270766243
871.6161653815932
839.2025993290514
1164.6947783261867
448.31756378294006
672.6292553416196
750.3254109689447
965.6956362838631
810.2965077845288
87.953283473258
284.726139900051
485.81946727959183
921.1535391693739
1003.0652573895961
593.3443299916106
723.1624433153452
275.9854821841229
46.08953427049468
231.96296411009288
241.65548078096995
690.4883066751584
388.9501848074304
620.5988100366704
196.06850290138686
833.1805706872449
1137.635259154638
1045.356394664611
429.57359261172104
646.6452320785206
1098.6213460320193
879.7245898874377
827.4219172828945
754.2639723454264
107.38576596212997
82.90996034874249
1180.1241812436203
488.9329927924642
68.0826009483461
1146.5258542536412
686.3493182752907
867.8013386333052
1158.3748117252164
652.6552389506384
160.74885775718198
189.21770869956893
459.40751428053863
256.409885560095
786.3397978792411
679.20695691048
779.7493737977867
53.077057453381215
671.3708408141239
670.6390164064478
361.32661806479564
51.58471096151306
793.1847394277949
770.1637216708773
440.9750278932922
1091.4522385367316
1168.6427840606025
325.81643430810635
688.390998590614
146.34815252328198
247.7658608309788
967.9221291383252
672.2355053245955
417.7949474176999
443.1033350431471
24.133530912122158
131.2208055769068
668.2585553826523
1109.4228368693034
432.36462513701554
925.6977816955797
765.0641184983072
1140.3016652919016
403.04247781939864
236.70626512213772
1051.7477035297268
799.2027423780597
88.09725772424717
882.6709069921533
787.8810605170931
338.1678147744894
87.85462340332104
1117.019946102328
1012.7125945900362
365.620329340141
759.3523792055416
767.0600050698426
931.2558166785795
931.7347302383034
146.2191105510358
970.184781048437
1195.418394044381
496.4387385795748
863.9185375480143
442.43686203470963
1149.7718780305797
1107.3325947801654
111.76486788705238
587.0967399432434
1179.3680413459672
1035.5478584814473
728.7702644294753
224.644141796747
1024.2075057301577
155.40924363225136
719.6876904172185
580.0049201662366
863.063284870379
839.1840989522414
1066.0999011527942
468.06519171309367
250.07947520835742
508.4130869761258
1095.994541328371
997.8609339432365
97.98503409390656
729.3093990891093
786.4332081992234
788.8077549552447
614.1926807180762
993.8070757562168
142.84383476509203
23.250275336907645
917.8067386153934
729.6284543933817
858.3003118802192
550.3130035819979
735.5017966290168
701.2580611613811
181.3312995413561
198.78391189241074
665.2316215247885
635.4802896905499
199.30054871882317
358.83856668802173
149.06556742237854
1101.9846421189548
676.3843191414753
692.0859252008162
587.1074495181897
396.2896953784549
663.9627434012239
727.7549956626433
188.6792546862263
820.7865504453048
909.3337437713828
66.92744267719691
622.7764818487011
554.2096942682484
958.7589157652297
806.786187147948
1036.022050103438
1167.3069740821234
848.3685763576169
88.62158618429936
878.9082936201569
1085.6885291031808
883.0839940351907
165.72019463946634
72.56155077403702
467.2569973551963
123.70654882442471
231.51232658852558
55.41236582247462
471.8180897036064
413.518339202333
278.3196855531142
601.375447952697
198.96955396619288
712.4416254176522
1164.6551666293108
880.8573963581681
179.23122191810816
929.4768177109298
51.10921896800705
777.3896858691793
664.6390935982262
553.8932529480546
703.908218265746
1138.8906663017533
343.59590387047564
665.3054090984875
828.5137878119432
1054.7414096714945
865.8767479629693
155.58743718673813
186.62649117062398
196.69288151333438
291.92363307946647
595.9812089136493
803.6404377344821
262.19054721791616
761.4282981259726
1039.4291808701046
164.31303866277204
397.9870911165829
733.6796518129045
1113.4676413263533
396.9983291501774
319.5914342662331
582.7766418752185
296.525542948994
1150.7434498502103
1197.6928577664803
624.8228762215651
1138.2547400445683
816.321498177983
165.74132180966603
182.6218790746264
1101.7707412926436
613.1572038602686
454.2546750293594
907.5443839910397
309.7797708109171
647.2996639225756
518.5194870118421
959.8816096489951
384.0272394435311
204.54863485111647
42.65062714653726
431.7009031500396
1138.6412535893423
281.8107890910537
923.5504846997947
966.725361292285
984.4786808641221
1124.2265459745738
1167.9483973840652
349.2928092509492
931.9258146891976
19.93163562844233
341.9483510066595
423.2470019477137
408.291423568114
953.308383568211
1093.6647235736268
919.5041437007947
590.5640137412206
956.8987736767776
907.4161511308239
1139.1729813770253
1155.0714100735602
1192.7929494802156
1167.2186845387942
465.47493024595144
575.536360966415

8.6 17.2 36.0 72.1
17.2 34.4 72.1 144.1
25.8 51.6 108.1 216.2
34.4 68.8 144.1 288.2
51.6 103.2 216.2 432.4
68.8 137.6 288.2 576.5
77.4 154.9 324.3 648.5
86.0 172.1 360.3 720.6
103.2 206.5 432.4 864.7
114.7 229.4 480.4 960.8
129.0 258.1 540.4 1080.9
143.4 286.8 600.5 1201.0

2 5 8 11
5 8 11 14
7 10 13 16
10 13 16 19
14 17 20 23
18 21 24 27
19 22 25 28
20 23 26 29
25 19 31 34
27 30 33 36
30 33 36 39
32 35 38 41

