1024 3.0 0.0 1000.0 3 160 240 100

161.33370373148574 102.22955038593568
107.48973526889874 50.782986179641135
53.667462853490775 4.036141614585653
221.4994044547803 63.213137251698384
13.623457808418781 128.91397190870424
123.1806950834182 141.26492474065466
216.72373505103332 199.87719883495632
145.2738379061757 123.49306198145699
54.66914125107233 212.4056014839479
153.42465273206483 203.2991596102571
144.0403392470646 27.746743929417644
91.89766923257622 225.41918616665075
126.40308126574212 12.635304082220495
193.2765828733522 116.02949360300477
167.8867450854052 19.67490825600174
5.017615658026248 158.79834671984682
18.603709294073372 245.16585408222767
75.2667174006589 167.82431283748005
205.91565686449132 159.1295333191804
23.972869616447678 200.8195248609058
215.75001682897081 43.68034602837042
86.29237989329799 205.1181267607296
149.74840906241835 182.32337171073934
130.34911362021293 62.56155189043605
47.15370841375693 95.50251679268342
90.95568397854129 60.02657169039954
96.58147087449906 71.13833666125797
76.74605457034193 115.29785335079573
7.734917173122913 179.71802116863842
163.42221724384814 46.57672650083222
237.48429817155844 10.922637437023901
43.59423978626592 167.3889583065817
183.22942591932946 63.41970377566069
12.736529388059276 22.10081001567349
139.8171175134697 154.5206814724949
53.42568159545222 249.40905326948024
86.3925200797582 20.659140592408892
65.04219368794739 155.03117891227694
75.7836583888018 162.96529448855412
18.90706567306713 105.25207587619326
244.39178629571379 235.77969079408757
136.3703665506627 103.13487455078216
123.53754324628954 44.76700529123423
234.35250986288142 192.79623895486702
188.28432313836538 32.01959563702994
140.46922682188128 99.52353130078309
240.80965037589556 11.308529075934242
6.672531445260144 132.63778506613048
69.5102903734292 89.09729381217247
64.04852401418079 112.41590224824127
174.12860548200044 187.88219431527602
140.4952971853312 123.17237800169423
94.47065010768893 154.64880841686679
179.39693221074205 9.890048186737888
142.77577605930514 207.32952447275844
42.24675485170618 224.2559772109073
219.42457081309374 20.913225370616683
80.45023532505044 16.17830567855694
70.62588396202382 183.11989655248365
94.83602950178779 96.78020155561181
221.0605780476093 23.44666774652679
112.46310081647783 147.76395810490354
178.8728568290122 160.2763435788043
7.955150211585327 144.11403310144223
57.83951941775609 176.3581443707645
75.4756599727025 183.93207637157542
157.02097215154893 76.14457208112765
141.00558118961885 76.37864378765441
61.91152162390912 11.05665088734112
226.38637268868575 106.7896584592721
111.69636374560257 181.44128534153378
151.00885112179438 232.9529148086437
14.936646990453495 38.71605638943021
70.17500976757313 206.63544395587542
59.61767175433633 44.47236978373748
14.227068034461944 214.6684113732138
209.2332169740029 12.299937526133064
47.880275420289166 148.14186583948876
7.4277241209763645 23.83403111380153
137.55786077957765 83.9521951662455
95.47494395171528 60.77802513082331
44.216520102792174 222.03463940285113
216.788339921154 94.73267731801572
119.92931965965586 83.38569050820799
174.29593226917248 138.18670180848926
38.43816398958039 5.9871576292115645
158.51729739143138 113.72428450890065
183.10315618216387 6.840675078750746
189.1878697855169 201.92489197280764
112.49657300017397 175.91221476658754
124.0414158944794 100.58991052241709
14.957365367420456 136.76626130718265
168.31599770059833 185.7403382520685
66.48617330837617 216.81835344403302
149.8851252989073 219.21979480606598
112.37933323450602 176.99995551207064
86.48361108618616 136.65602057644116
157.63782559572442 48.743471991749246
140.69093376043048 227.76334192932367
199.83392603666442 3.7788027637179757
187.7897248366416 53.62690103963214
168.08484251506843 203.99521129706775
90.47248710036229 101.78152240426854
49.804545858298546 149.00866615513695
96.32928749680508 159.00296222343502
213.77569997154814 83.99527019247371
132.472449758166 229.20494535452045
210.372065785716 227.09272206455609
219.10445240052786 200.19799727429825
150.3354013505149 238.75226120526654
118.46932460084811 84.49477131681817
130.64260806174846 94.52273975293652
46.94598474823783 50.09425128090641
154.60137358949572 140.30852253266303
165.11583607587838 244.60730837916336
185.71822964530247 5.287681051419413
109.76024030967722 83.00283124135908
177.6521957213973 59.246285698455
4.167807319720051 43.08396121993297
170.12836869057838 99.22181898537991
40.31404507859532 191.94974370318508
157.01987761197037 91.64167560496875
212.3535479023609 230.36850299797777
13.007319049992805 78.09736576122123
44.75982376556564 150.48521963193903
238.6666228940655 13.792114564224578
185.21482923345104 245.81563143870537
208.94997876096684 10.062571682867421
111.11675207778197 94.46332168724092
98.17715796983545 27.60157356838075
125.96437217718942 219.19783793216132
201.75669917353397 90.40198570723452
44.86369833093151 86.0901083292587
93.64381533933671 200.34977099037465
233.3884066076803 105.47824897568492
66.70087348230157 37.74286175724264
62.8797551590273 159.42840871752665
219.24507673910944 100.64398807520203
239.06839259515132 49.96338390596466
37.12270760564188 239.48942215640622
170.6165951846351 112.83080422949776
96.14183243596628 193.9465353657405
15.908699913910528 0.385242141918013
27.77047464140506 196.38896636772216
194.88629503776463 243.34339306616934
220.44476558754727 137.34419416241755
37.40014569317232 81.31459766047294
182.38315828894483 65.78028543964487
30.916151011327525 81.01802347588291
140.49961622741506 51.39740618922464
196.65180397449174 101.77851743782182
68.09236696390658 60.28028375852523
71.12969085576232 52.68249335461731
190.0723968893523 206.91816904572192
82.28249067718282 135.11173323413067
220.8832466427193 37.696095460268616
231.95519223398227 95.72421488348532
26.206583737650945 67.77886184781352
178.50442708636342 151.9629346949073
77.99363129119006 229.34017748597967
183.0006029227711 197.8493426805643
56.92056490244876 238.3063962878667
200.27151153534297 167.60407630301023
118.6140981857636 232.47702744360265
145.40550805556651 227.98825976884808
28.84180793709107 42.215551530413784
16.964059884898436 243.19518342983847
190.5775115604695 245.18669449913756
53.723777850432555 65.74010127894847
146.0133133624927 222.38994520846927
103.21559187329713 190.8102273415143
185.52968097212892 73.85207003916489
73.2758890563505 131.7388589426518
30.309586402116174 168.05964295056756
165.91650051711892 51.91372432147556
233.72334814231704 104.30677259703764
188.7694158183661 183.2591325671101
224.4215130617837 63.15365063214465
224.5086151203193 89.80882332273136
123.94461077190319 198.4903998285496
93.89749333007838 23.58760502252902
198.2526092761835 232.12340636006516
54.55473897812055 230.17382963097344
221.4746022451726 207.2700619933116
48.268332198071086 87.58056798612968
155.15154795523011 214.30894710403496
226.20336367024646 98.94118466328521
184.15233163590955 165.54034445614658
126.7461748797632 204.57904405807284
1.485986627481034 109.22475380388322
98.86049130959046 211.49607943584724
57.87779895417941 85.25763896651681
84.77941894389315 212.89856294806248
123.22622107777109 171.2966471547732
119.6354367995034 30.46767187336527
110.34617695743923 229.48623737796876
111.14365284008295 70.65146021937463
32.33423698477042 147.9349919475357
174.08255604079315 167.0364142887188
243.80823627201744 171.86195028038114
13.277022382815778 46.63197201853139
2.2020415588105138 4.234145033474718
191.119253895639 9.875906394182705
126.75656949165379 197.94384687809819
30.821793173116063 186.05069357500133
151.1279063441079 150.05420067450532
166.20914048022152 237.34921231069544
18.825709892959342 9.049008120078472
159.04981309272455 240.2232672925254
101.99162932139444 147.6924010114614
115.55592520285504 236.8281938096101
52.721944241412885 108.95083547268564
73.80676942405323 195.20953500901018
225.03395471882263 18.185640654269225
218.74755624634108 96.07479941905267
119.32070647293614 33.14801698538153
166.07886925372878 113.31420023048527
116.0539575385196 103.16046235622167
50.223676875494064 33.43329338185494
33.6026308651316 74.80373620925506
182.6415086836726 72.89549082044333
37.97943577590948 75.68485170493086
155.91101484576342 89.7962169326633
172.3647947719181 22.301487702509505
227.65140698182196 220.01052374206319
92.92351171073646 48.65899108056329
37.52955129410287 60.64917866194735
242.2331738172904 172.75796222821975
53.64798960365752 162.43286348234972
190.45898761399877 184.94959709534564
3.7849613053116404 240.60184915489845
31.37311225721709 233.52821782606233
123.52130217882862 39.076085555727836
12.488928041104325 201.34534060100182
161.67743753445473 129.78691211938548
94.5523356681393 67.10890991735319
146.55048595838866 193.50632497193328
189.50835111297232 35.06649105298748
81.02042894147887 152.7229183841277
122.82550176768167 202.20308754065277
91.4923141060851 61.68506326344744
55.631159227632956 19.151601264241812
184.85738682378047 72.17192900814936
201.02301112601154 198.36180196487166
83.8435751726413 109.29340131050746
175.62091265711334 115.56318783779687
209.24345072892925 173.99199973533166
105.0218359503771 155.33813047129414
135.63440763314705 233.23094332649828
229.60683755857428 185.68175514841334
115.2120802372292 207.6937391152419
220.38453288253297 91.43789727295481
45.04252363125555 14.700781906839156
80.24050563756843 189.6752081882981
223.31930746017233 170.48667605731927
245.0261678397347 168.31584466319524
61.30931681695442 155.33358828518428
110.2261345377485 33.3989361082872
216.43442794704322 51.98286720629156
182.4000195217584 167.65918641795224
52.39340062897857 228.95420960341394
133.7900649036973 225.9969867282488
185.39211626179616 188.02111007975026
56.29621950757874 223.1780891734581
0.5331302374456948 127.66344327844425
187.02368162211425 244.64709115672906
9.979176734141475 104.34246586204385
129.30826116813452 76.08029148499251
116.73611441488332 144.71753486249588
206.0503199633987 100.39018027979085
30.945212900027524 152.18185450740677
139.28011870882 179.80227651025547
190.8551912550409 185.9361247305331
75.9900010809261 125.55304830514258
198.86534023730596 228.8071188505665
37.735815615217106 27.65531957607373
204.11104212061338 238.59011062891503
247.86055317479315 12.86519289033275
186.42298308953255 68.21007948125038
222.80613565006374 12.95401707439406
38.424886926078344 112.42949979659831
129.19597075788067 0.756876533962475
59.24135930939056 114.46053981554782
64.49694253834853 221.61764008671133
173.3554538337892 64.18163051937312
124.43365752600002 63.117330886318044
155.13458342384277 47.34614131401532
116.3469475180123 14.386009242812525
204.35340441892217 166.52101787481124
237.19732329485558 148.15629984030397
133.265909413458 91.54515253349719
13.298312997795936 231.89060284518501
205.83363458937478 219.1259863606875
164.10250991165827 169.9399337713327
89.95659089285829 125.42480040683904
185.5123751666911 99.27343923961382
220.80143057159148 188.4033760213027
210.60820475930117 119.99084334766775
231.9958231258874 64.60591169836059
221.28092534408285 134.17161027479045
62.224406341343354 229.07321005526978
242.09439287242418 6.532403181544078
229.39741818925884 40.22301162011874
10.448785170533409 56.77251081957521
186.68153848809214 15.675501845031164
14.712707293984634 44.89181558307501
51.77651268314104 57.22788858128847
137.40741979371933 151.56948139842896
70.11246049573447 25.576006202290642
242.02413911523374 205.67902286137394
112.57977726251173 98.35079390102159
35.212627770346145 119.0193506181744
23.7285286198729 61.83022924054532
77.38810096896792 58.84241253389105
138.93949671687065 209.29549132467434
190.1933642955204 141.15370631190947
218.79979283868818 173.08781742480235
248.71424036690595 14.382076738704036
238.27411380097715 19.355314353135867
37.07989176283491 72.4960247172213
214.52799120513012 42.98595232354766
3.391020774593162 71.23596669445462
8.32408304567281 21.993156894624555
109.30336098495656 78.85311827501296
244.33521651942124 73.97489607288207
194.44831865850992 218.62578785312164
239.16555803189297 83.98926912656357
38.25569973360801 103.41899190795264
7.169563216193303 203.91242403322278
103.27266828342657 133.71222732055386
221.01243627721405 176.64833875468568
188.36365319460813 178.12823702943595
231.37786912932222 149.99945170515934
5.849985601989766 102.1232196007868
92.24946973266235 129.14341303271112
88.32650308715279 216.87976828966333
159.9020940166679 56.180567133213735
214.27863175829245 7.328723862556036
16.33826764443633 122.55375045985039
153.73765159858397 109.4127796546214
223.5705825566618 22.27110116074807
78.20988539990655 89.42573574486126
56.57456246203016 11.278491020811105
96.13165354536137 224.30491533583722
219.20687601449234 232.8232630925048
124.36798004025395 115.37881524464974
119.56929928804755 231.6753098848821
65.8519225959236 138.79550822650748
154.94347240189242 196.87923851280982
133.351389238457 175.9597921141391
234.0659657756671 26.931666290202493
70.58058546806603 56.27407350578417
28.72398572214538 99.19184325550542
205.86890603230245 197.47215468264656
100.84106014674325 140.51147950258598
106.12069035619834 159.63089065002615
61.88273675484307 121.74377673438877
38.45550462457606 39.410732077104186
217.07699176480853 25.99823160290188
225.9185935299184 71.31147317374193
198.25122437232196 35.92935671754777
190.91712290567258 51.86402082571695
77.93954544078905 241.5307979245082
120.28145971819478 92.10347988310619
8.432460793058983 235.30035473846576
207.893219706 68.68203568326587
32.289206915707105 196.5147011373698
147.38557513223503 21.755766472503822
197.32258055983218 224.57616460160233
230.39248898686358 29.04116080296737
161.63185667945862 34.144987570356335
117.8069307870141 159.89276176300913
111.32983469436094 164.11415054692597
244.82856274712688 148.38814358464273
201.67804299882397 43.680552897921636
107.34668937824615 16.29428824124868
79.46739673079445 187.00630849823636
110.41177325884408 181.57831788936258
45.448375013649425 51.820769736753064
201.9317481602188 163.9582839219462
103.89133897945472 14.462166564148088
46.28204763129498 95.46938986079046
162.8609377396373 58.57151414598549
184.68266157903494 100.28251358733203
187.42369091384305 162.61778929804734
244.258559350431 225.4114787212508
185.16967173489402 226.43054518930924
156.37176115081337 94.24449093286988
228.19968708225 122.57142235270163
105.33290199463127 202.86149097746681
22.700403045027823 162.19946583557328
28.872722240910253 246.35793186468098
126.54788051586893 189.24817258745472
37.49203943675072 0.5399533645330523
2.472985995433996 208.7688534522228
71.16681969851824 181.2107806430798
3.4925947825560355 111.76633693442528
89.92417354633453 195.07457761245496
46.027353528054064 246.47387438959478
219.7043983378169 213.50802326863436
123.78278701422474 35.276512575924514
25.20397435049221 0.4526085390685053
156.99088808459786 24.60286933996561
68.66858968085674 181.46120412372517
51.20314223770087 234.81624419531585
150.24389397503137 84.01582083822665
178.30042727856554 0.041003191877025946
150.12700492561382 209.05463742028547
14.966060154007504 29.560537774754646
97.79801317259728 164.20594642394877
4.324822351767538 7.673136371492056
58.47932250528012 44.468899526419136
92.80636577985551 102.64326726512869
246.67224590136394 139.04004851241365
133.24598128954977 25.50779371172615
25.113983851580674 218.97238454521099
58.45959798396791 215.76567668011674
13.032515500893489 29.4419319324139
119.56058818214032 50.919229543261004
188.61546532985773 54.344579570541036
191.03567502807232 59.60217692207656
180.84330452493907 37.88064997638008
97.75359913232354 110.96256035254117
156.71582282727906 141.2525637158007
32.38652708582956 59.94798828484879
221.98361458332735 94.3276118121249
101.22812408285314 2.5571526960146693
81.62036784731161 92.53847204095969
111.4741791968055 131.90883755828563
240.50043732734756 198.15920789289942
172.72719745782055 242.2067154271275
228.8220783997317 194.78350353516308
135.02351169630143 43.950654172938364
31.57915780186257 71.81109071830663
52.16706654235781 8.69674711202309
176.69476630476655 90.48610436177553
38.75328375230955 172.9528536396061
68.705841656261 52.286151804439434
97.43618894066915 138.66773126308198
62.11684391035108 21.973244820994804
128.4563456496901 37.559155694524
200.72778321291312 141.80888478875977
37.37364668119705 31.77279179920439
140.9133396687325 150.96049039691027
172.53372236320473 214.79612286285322
246.77350330220006 124.00081157073714
145.94919675642592 66.67322293218017
91.302958629958 214.97336739659735
143.20241218259275 28.986027691810385
202.626017357571 0.6487387198294836
117.61887865553805 215.2136259394262
104.85650461398893 13.24208038935068
220.61886940005436 132.2502454992065
102.83561803848359 116.50879869001818
237.34625824149424 134.53293999721032
215.4834937298094 6.212701569236534
201.79359356751064 88.54196038124104
167.7587100707561 182.32457741328471
200.48913969221522 49.09468857072646
119.97409269552661 194.06426204497103
44.291026370835205 37.9772609247789
114.97065143890195 131.33050653121754
66.93551056525482 182.99666463327702
32.508014034850376 27.688519988954884
145.02753176999198 127.61245793586198
178.4958133570497 51.233251584234864
86.82818262210695 207.88516887815948
69.61735898604368 28.324410515533582
126.71388151235752 189.04765523033794
75.55895664748779 209.34249328162608
161.74005967925925 240.521235236206
199.84252508711728 184.1832616563533
234.42423790518043 13.244066332662785
183.17907566340492 174.65228531071787
234.659518699665 48.256603992167356
79.47951102321151 74.72235585675469
163.59430901441854 185.95388067734268
187.3096937139825 40.1225501929732
236.1929367300726 157.4364977072281
237.19411981840457 19.376355703328574
40.8906062778113 68.0956326605919
163.5281082978367 249.81742018397438
240.22971664300673 234.74831139359117
136.8718279260217 127.80317814711789
108.53744173412514 90.45822472103926
15.547815777044866 14.261914574020013
11.112013802352106 8.134323245235692
72.06026332402831 166.95672687119117
209.48959282778762 8.151782186324425
111.24887388686447 96.84488551995524
150.6971763322377 102.93434337726099
231.5498968582084 5.9229569805808175
39.62538295874471 2.5505731524181066
133.05020642162424 214.92225102388156
76.88906523269465 59.20487711855041
61.62911998501566 38.95300600351026
142.4444830404397 238.17566225641033
127.53312997983882 84.54152784695148
221.8158366369866 65.95212399467151
199.5849392924397 86.75679736782158
161.09679764618323 217.63249392568437
92.61742872971612 15.48731361303629
72.40241886940218 2.1413896539985435
44.41050782610129 198.16882804118003
152.94728111332975 25.21310570787419
80.6132826195258 179.77419405548062
192.33578206322156 29.973962426824986
166.40653977299968 19.002397912698836
242.4532291988363 170.91628250835635
244.3831940011493 174.99099941387126
156.48539300855563 247.37171312029852
195.84224297353632 85.53447931082042
57.7375743335255 35.41409266819976
94.2381473568619 68.89008163885413
107.53023722705247 72.03660501493745
124.70531126766465 126.96758732836805
143.26277542243375 242.97674436608793
225.10648093474487 78.74398338538613
117.47459846151476 203.85702436395226
201.59580203467897 96.32694505797012
181.4434683363886 206.25747915938368
227.60529636582692 38.25185319967622
143.4089544726258 204.29455466696209
247.11814302817814 144.6205813612987
66.66539087106548 182.76520828595378
112.24897486620355 216.95354349017492
4.250655980211321 120.08181810702403
67.6093480926489 173.75300532942728
168.33855647037822 95.37882077434048
147.0018114996034 223.1462577814754
148.38161336819655 214.67552980384244
195.25846747241124 134.5146175195892
206.4204702759368 165.79158658630206
145.50238703795867 43.170957999715235
39.619477044494396 57.936914105504556
49.81093233557157 238.22562987627177
43.55540988152079 180.44689099582826
159.78137866165716 207.6605150912428
106.88659089080477 230.50518389707412
136.00886227424422 226.6856069347809
146.01320854975407 237.4880480773168
40.366745083879856 19.34531251972707
157.9668582810579 79.96936147341671
136.31151743865323 200.09794838824286
28.70654357099303 202.75024534049297
203.28296998187614 95.51616208085024
199.68050177302146 246.62022695119657
162.91345168421725 104.70757922754409
28.891071300308518 72.18046285229867
132.19186744452605 150.6137059625539
150.2625579914864 7.77713132564134
59.593337296481394 119.47921783302037
144.43361684859133 89.45068715982862
193.10525875154391 17.0332275490957
182.24043963451814 151.4466595804071
211.94194444713776 121.97613976684885
152.00809581788508 248.8766212023175
180.90508928378668 102.62028100209888
120.63823839091795 72.98142949654873
197.07495743320985 86.62077039330207
172.87047111973183 62.61957323114895
102.81713088496019 128.48881978827504
201.83912793242132 43.33589745686564
175.70673540531664 191.62466495324617
60.656938726002615 215.6794972477695
174.14845202771858 2.608220209314532
85.34019044583263 2.0294910665467345
171.8696436260275 135.3525451929271
135.06588274307603 19.19817427524392
20.278616860774395 8.057291257337285
75.64246570852873 80.98402299417897
42.833768440364764 192.81545913575388
165.8022876155912 10.396706998846927
39.35551480629631 6.8388259122667545
104.99950690695536 105.0912711028911
62.09864237792548 234.41865846641684
230.0934964141643 67.28406864491544
8.66633401134384 87.30015510788857
247.08991604888575 6.262237911025537
67.36523455450211 77.80220164233909
92.28756165339885 221.54309559909578
21.542688340653065 83.70417658201801
211.56387438685823 169.28067559100177
119.76593801267107 145.08662425471917
198.7616165058382 205.9045061104282
233.6761965193268 21.714658671943667
22.559580211402253 115.72623203950461
87.02321885362535 89.83938904469063
13.817957714301443 70.75160250007231
22.816499632338143 108.61927980090653
192.07544136309022 119.60708386929825
239.37754123765066 67.60020984368215
37.612842594228255 51.120077439846895
215.7749829615934 7.313840097008445
108.66418005546925 68.26019980897843
63.69650346700706 185.9536582198019
136.82354296109457 20.051057356904657
241.36447122115644 98.10302788421737
229.6084101333781 152.33910818624545
33.82302600131898 145.85659132044032
140.91004986647232 233.80931339730233
249.90234981789703 67.90182982456078
90.6843145412895 143.10963886320275
22.123959045492388 116.01193194841488
102.97479058691347 133.35958017652015
172.15942574834776 168.75636995010913
239.28718644901497 226.6981002631003
2.1154858966534738 172.05100462779603
91.22087858140773 60.473865777598085
121.29970783987714 159.27696424257647
166.598553672473 175.08653477965913
154.05336674611064 33.694184389404775
139.85159601837412 206.10111693506306
91.63298087141294 81.87684378413084
175.0442685270617 199.76689610591663
72.54810188001798 103.2790151517344
7.887029157688852 156.33330968389112
84.13401544948943 82.86123125130548
216.724779084299 241.52704721066095
98.73123584402352 92.79401065867602
145.8290798887698 129.12365979489743
16.66564825970901 130.5400832863223
183.86971124041509 77.22103326487118
93.98055279769466 53.46508354704804
103.02485336763853 151.35262626836047
69.59634042019941 174.86936799380817
103.61459769179554 215.70078019690172
40.13120157867292 32.401411467581354
147.04567411154272 106.68728460147537
242.66163235147917 194.46418239893325
120.13254031043502 43.36608419180985
8.153285433781853 192.22284688907828
43.19576523189655 112.25115160784507
164.96366816471289 135.614535297628
146.74508954857387 101.40219088536675
66.88164448425965 152.20888282073813
166.53672576396204 139.86518873415673
5.166810924020937 179.90345293887995
159.19698416119547 49.64384884006148
199.5701274537178 151.94072942041475
163.1913748667004 193.60538982461352
180.04901501722978 226.1882528651322
5.070413928066841 239.8604421221538
135.38708500030523 184.62764338138814
16.17794770368669 203.57674123596905
199.11694077970307 126.99330230784544
211.67927722377954 211.25709083441149
59.55490327081026 99.21082974294093
194.73385504932847 145.36557414976141
20.771293209894626 158.87026768860045
20.575839726964585 233.34110918496864
150.32193164987606 193.92941427442497
202.33072031445639 17.00902556912287
203.7493317695481 219.31482357274908
90.27163477493119 242.7800457872666
157.49663888238962 144.06838904171713
50.63260001119094 121.00044057753887
116.57172313285055 109.88159470966782
225.37384165650283 87.12722923718962
22.605671086307233 238.59856342592136
129.14769620489693 164.6548483729054
33.187240360077254 69.85887808314148
149.43698746369506 209.55718842542743
31.187323440773127 192.56741425150784
129.40702569709657 99.11680831252681
204.97406065662872 50.99186987768134
73.07343327415228 47.20894482047006
82.23959647084075 114.04189807671133
106.74910569870252 132.74032574889264
121.24556242442527 69.51705049547185
101.50577453076451 37.57058815304007
249.9463927484479 196.04323486840207
71.07529572564309 223.98614574741956
108.77857354646648 20.96883506624489
209.8802333113213 104.2258962263497
174.72353824928751 142.99370436129936
7.958365008996382 135.89138558962014
190.86248132019654 237.09061844274947
22.534957290500397 43.542609411042434
36.0795715300474 29.1935253362621
116.62990884507008 68.50903794176239
186.61048381979793 18.282339704488198
102.00156494755238 130.26198418795136
36.18034549507121 68.7455683597063
134.9863675184035 123.34568977037469
103.66987530095557 1.9780037559083974
42.070604309402015 73.73300453829066
57.77856604382786 238.53996570625787
189.95189381342908 36.09254211444704
195.3865504228875 49.0583907963448
36.61779529228817 124.64470767307431
134.5518240664952 115.62575449496768
56.01128185993823 194.37182765217878
154.23299963525488 19.03295646721731
118.18947133213214 190.6081591468253
25.948509495109434 130.09984854203304
232.04903366297737 194.93066683624104
84.44515747455705 200.80928283031858
86.68577835944197 112.33553494596543
118.81245967945142 187.4223802666044
10.408088623897193 42.05948646722268
103.27058094829073 6.824441813092191
24.005293039123853 74.08843552058083
9.35823678770012 141.0740823226811
116.29715028237355 8.51859095008159
142.19878096953403 80.07534031682346
12.151081669375618 66.29195106968034
105.76335581934786 152.72520396155102
170.24165048417314 181.41612599518209
26.529992136556434 54.24009721980402
164.71650097031068 98.94096563364727
235.88258173833648 113.30146126662393
172.14999707933245 25.93754514465263
33.096452195305496 205.86817596060794
130.72360112108765 157.63115102802814
198.95649283959824 95.9470440152949
192.66818024280062 20.66660201048559
57.68071344592801 32.45686023345923
206.72858667642797 198.29178764392464
189.41743984091872 223.17758834350576
191.81267638802163 208.88733262441792
220.62613600278652 8.319629557011515
158.70965659457616 11.339514447813336
203.55077506496804 218.7855742323642
74.71426644886323 179.29472501086994
249.02768280076484 217.43783050088413
107.19416801019369 67.06312078120195
115.13250987042325 96.00896143476962
176.54297434596532 132.8701382915604
59.97099786535245 109.32654883674276
44.88723770271874 185.7391177351885
53.23989026856393 84.26816319417979
165.23520486750223 17.879310602708752
174.70585910979352 77.28706325795703
105.42731671298847 37.39358435321519
97.82288357727542 121.26477917559686
166.9100243337454 124.29320997877669
147.15127043512751 122.27768296573771
149.9974800419368 70.3902152844999
150.38778849330808 152.85542827389656
36.23667493468313 185.18870388329714
60.41406145839481 150.89810224729428
160.83074799620073 213.95793614218513
8.69657520865455 21.173358084688175
52.185808994040435 239.8267675507145
23.085973101377498 167.1604078886612
30.208881296149322 125.83015058147507
127.65457915427797 167.58986028165637
94.60493264672962 156.80484317165414
24.192624326847017 46.67552237867187
7.386000006599724 134.59421631980283
160.7018595684268 79.85535829044935
56.599861440762126 82.15055430114113
232.8262749995886 186.33463332557145
59.373996943070914 127.32423594194236
76.39077432277722 81.30379504028537
173.88635551143335 165.27352235991407
226.49115593375163 158.6397965651167
101.59011271216676 5.398613572596245
238.8222122175752 150.44814283442318
196.80354195269524 38.658985303067496
28.453529754657175 62.407154744294395
198.28702085712808 99.84931622742683
55.71057099913582 40.98398186335994
116.38115057654075 229.48303026712256
177.3679493371879 47.33484250300016
34.14710992491399 111.96322713847421
39.14997640589374 93.34561031688618
4.207098485854016 90.94417087671228
131.91813475793984 181.48595616238256
96.16318026397919 40.06703325613387
234.03031976300468 45.63239749684864
40.56413601540426 61.93772353837987
218.34175836133164 13.6760712550347
190.47851370234952 245.78482799132843
2.3533819955293964 123.11844913470779
225.21104211529058 11.866100532042317
246.9381924984947 212.42068094801903
45.28173412580993 125.40484572831409
172.79639520534806 10.251551892101086
241.83853135042904 161.72776092240917
131.66965994856474 65.9660668880904
177.22594127417491 225.3866235903966
173.78157750468642 206.04987522549132
174.17711899828038 125.08264438143895
168.59015251232753 209.62487234424563
123.6667687559537 5.334698809504824
34.85118015097605 195.05422570334414
103.0863800754325 154.60983217032694
191.88660201750585 91.48247233169441
40.244353934784925 13.166161342318155
141.21265236490825 142.76807386316142
13.850361103115215 152.16158712148473
237.21548790569068 224.4884924864186
59.2030337068308 110.79105037507466
158.19621419307452 1.9417546025672916
7.116580424905927 141.2435473055781
110.56816072923247 249.76547212907832
243.39797646875826 190.9744694870636
76.4312500776816 152.46286850225067
165.23991876897085 1.32807635972787
95.29113884962607 189.6364624255077
17.323789856135726 82.40691598569691
102.40899669708578 175.31815275747138
96.59446822298263 5.6141889700790095
207.69713242878282 239.5694594042699
34.75652631457968 40.015507973118005
2.2708840732496016 176.40966860562165
189.11062144168622 181.87810045987365
189.09296483239314 142.84710737236142
103.97605126695214 60.7359044810363
132.0738174427684 90.62262285444267
101.34207948987725 43.13025186944561
99.61523498969585 13.43712381216952
171.3671731170437 234.52938142541805
160.31192951464337 112.77314705647423
111.51154555934737 102.806313724911
7.70768636685612 176.6220073742593
52.53335063171002 157.09873095059035
81.6156271757906 212.88656948742332
215.6991635976219 135.86349237322307
64.52588265584176 187.71630470882096
210.45064615106497 86.92248334704864
184.17491418274864 191.28565167671317
17.831249275514853 135.63249038851086
211.23126858743962 60.31975077938947
20.294930980035847 148.9774537932648
241.43313793815915 60.85330022509791
112.99942834910706 49.66293481218745
42.269103560160865 146.8705597708134
53.802736586919366 42.81253118230513
76.4930429240236 1.3868722706906478
144.6453364416869 124.30565386870862
23.319538073808072 60.16049407644811
242.9609285580345 63.64179070205367
209.7688394596531 25.785033628936695
29.892088028694282 34.424227927722235
158.49298870008764 143.73823234721738
0.14434673981894575 244.91201329117894
145.12942302892392 237.7163116738121
34.11894716493077 50.735978332891705
123.1274495637254 81.06002165244455
211.0771127589305 32.20541792649487
26.985182316915658 49.09405361798133
190.61060338931208 201.36565870627626
203.52484124408076 224.14511909718004
40.35682305462451 38.109930120931445
160.7595219850405 147.2021894491519
104.90402766589557 25.73241299312276
76.69913277443364 145.59376370241068
136.83370421136766 147.58051242847088
194.00645156860895 11.041736546913288
229.3674889927422 232.89495494263696
171.48146002142707 46.97771430900341
163.3741490788879 60.22891287702672
79.86766429275741 26.989127698572812
165.49697512021902 169.6206834567953
214.3445743680027 224.32002173633555
194.3694166991078 178.26160794530136
232.3849767146723 179.8960836126905
76.52776143945239 97.86245430786092
199.71810414944878 157.97290319984359
146.3213599833208 203.66707854816764
198.19372740860132 181.2076469475789
114.77851504298242 157.95174325459453
71.01256545552856 8.098938661075444
131.27803977289767 178.30024758611367
123.96121858587183 191.30003673723607
63.432326990286974 99.02916179101939
226.34363738789096 79.09776816400677
207.64444265620764 28.173713232566843
55.151880921816996 79.6664433181698
29.20135300581958 214.992959503527
143.4651164157233 145.83010059882693
105.66864213425073 193.1113075735893
69.72166290527274 223.0932279313828
192.09266694397124 165.41141354391974
53.65249327592145 237.45161761992972
102.92381899021625 23.032693448859693
154.6300069428202 47.05610534859381
150.5929754789999 99.02482889958816
101.29133231403573 21.765887189711286
155.2137749938333 59.94033558649994
96.02213354237654 47.22108368750821
87.3127121539777 164.23876506417008
177.18658929369903 105.70257598413491
17.46960349609558 92.47182516601407
14.342534443642391 232.0234655884606
34.133746448240935 8.51673839224748
57.70111795528082 224.15305006149885
38.92116803846935 46.52670657492053
58.56480459461114 131.94867640720219
77.48371396659073 185.02880534221717
27.30543889499487 126.99001909546261
121.31261655669736 67.31637222189978
116.81181768882065 184.51214642334898
218.757892216328 228.27287769278806
35.10810390035801 16.583217599157653
86.11253382064906 188.14522052997904
232.11337877606348 233.72189253051533
4.770726145342047 11.33846475750247
142.74090988784343 150.1673945401392
103.98943928207069 148.99272280319227
123.74976422865547 227.53295860132314
180.20435314438046 230.26908277714222
159.18050308177777 50.0255111382831
202.6630311934784 54.920943142763164
213.8144859398582 204.07976492542605
25.55284572254418 243.47954256389968
76.14642337742983 81.01487233454954
58.236641389692565 73.2812596226294
214.959056714881 48.115612275632074
243.98081078431244 43.81419432682201
145.8726449587579 113.86261043716559
13.050115790100042 165.42958308680898
226.40905299193494 156.84189056627213
58.22210031056454 135.7294115449999
205.76073803212154 210.39357855354388
194.41004876309916 111.66228577547687
44.86804302647126 94.80246922372498
111.85765767627176 7.85724466788068
218.00004138278993 55.15371432206362
55.27977926840477 52.259340035341715
145.13789775640896 69.0896778276846
133.0054271685982 115.4384944882565
192.6719411665266 32.064469350329084
179.98222633914102 172.38224974727058
231.6390245926995 242.17136269985153
183.84944800933448 161.96753562825592
37.88287042652377 176.45334801714205
245.34123699121912 192.4599549964417
144.1926708594907 103.02550894301629
198.9519333285945 207.99665077998262
147.03684627906028 138.85304252584157
188.3421343008704 120.31029705344132
208.5375833658043 36.85022336288862
204.44455975992992 11.565274076111326
7.002810589719466 169.02815106573013
234.1103144034021 11.375262429941246
200.8510501248759 128.56063367770741
210.60322516724992 207.70167376362636
91.8613124396451 66.91874330407502
85.97459583804795 53.67594999407477
120.7836294955213 93.58873841310206
67.87180790935032 64.00485496109087
77.00371045233203 103.58619405699757
206.78746304113403 39.84681063442627
156.04468350900822 229.91668109598606
26.417874805798103 127.23642312693606
11.449626707584425 119.09434894003482
58.31788101427237 86.59576993978702
105.31052073888472 80.31660372315078
32.59672423726626 224.54334010785928
30.154121302897185 149.92951505325868
57.90180347641199 249.58674046021986
52.16772018896123 15.80389215067471
240.08599084758123 3.0018836749862166
6.863213902362358 24.553372717169538
19.30529824210017 208.40914964458574
70.02369729624394 15.15198370440407
116.23333188887055 81.92534361028095
174.8894122578422 159.37685229324498
198.36324747569782 133.0914911634523
204.26206480222456 209.27649712600547
33.81780271139417 190.71745549378895
163.9007620344757 182.10970488476673
171.0023679172696 48.53672315783886
44.381489604355394 77.05596422935015
127.15731050784787 114.67329756348666
21.958525784801118 110.65709891760336
90.38286224050735 172.0667940245201
86.68443724234373 106.71713882108239
170.20830439839483 170.0968858931029
61.861582371611604 143.192938082195
119.22275574742869 60.51485039761534
105.14870857425754 99.87551758101625
140.01794985181277 249.02902638313745
149.33508696398079 127.00455360812396
57.789418152143305 234.94958974567422
11.5727164215986 181.16556663331065
161.36170951213543 135.84184339096987
53.15317042561757 88.1782994925244
56.77125915242631 106.13929174449255
86.31134144931937 41.25522151836461
230.0016129203976 214.77702433850203
190.23348542942813 52.12646925131478
160.06399283520133 235.98785709517648
125.9675174910661 139.48894479253588
36.53697544613924 13.181940665466795
228.4683491951649 156.10862909129773
66.56274618666541 185.9707532190461
142.6558105271957 101.15977099142512
153.43980292878211 128.61853306627052
216.70600456680816 170.8201990329363
209.22458522296455 130.73353336335583
96.8751681912891 83.00086471475815
205.40980983040373 158.40621334585603
205.31668517698245 228.4823550302377
35.0060063993394 39.03450843372747
167.44124275102794 147.1055352591401
6.978963392380716 242.91189961636016
93.12162746660852 142.44324237494428
154.83235820952277 194.849672772014
100.7880552268925 5.513347873158908
142.720110006722 150.10330914007974
236.62498205399586 76.46395651275739
162.48848775215146 62.92611551605945
203.0046143121741 52.924597705940045
244.26321481606644 13.92325536062658
196.75937515072178 232.81147299770717
21.723829805410098 56.215807023014655
127.4924534134611 213.2983585086079
158.2168973260484 121.29059856644231
79.54055820789904 227.47258869640677
41.209311991269956 107.27389143169202
202.54272764253756 35.71432688790296
20.13526633268259 104.14114721342582
78.62328131788324 225.55043483975513
58.68026581301805 124.87541473649566
136.91834014382363 165.63441888485644
218.1157825315124 119.69800607596962
165.4276818666455 237.74981251086317
153.873567793842 227.0277475590864
64.8968794903118 50.2637401520033

159.958322632817 98.0914676583293
106.37744329608145 49.4810676467807
57.79732968131082 3.4883591511765397
226.1462424620498 59.046534082421914
18.504188268100435 122.32399622956572
121.9205214149851 134.59797955825226
218.12039402264406 198.6824500445739
144.4241603688972 126.90689834239802
50.012584717085474 213.12689221776625
159.68966347967702 198.79809282976322
149.12700020564623 24.781314708133245
87.69500513576564 230.83594855008374
129.8863131972882 15.711654957802468
191.62020915023112 119.37829432481715
168.78659930806037 16.112331320094707
0.5067829868141138 163.51864955476063
23.96320484866993 244.56905840467172
78.09257828788171 161.14979708948238
199.11560817712012 154.78378686655077
22.11731969500466 194.67164974093856
209.15869165795223 45.684756855507715
89.0600911589334 204.2138967158688
147.78911191023792 178.54647840831728
134.45972166095942 58.02547728051671
42.16035077679769 93.62005030549419
87.73399557044162 59.57343166821297
89.74818812142607 74.59256098674072
74.1152733061129 116.82510723087996
11.102936359626753 180.8572337794527
170.10733560843107 48.29695440475579
234.32002914566698 5.344600774103397
45.116609413690306 169.06133999778504
187.5561747407411 60.24343711747074
21.08269070581911 22.611284863141982
147.2481590225893 152.4907927996901
56.26801480930724 241.9202578241338
87.98649785414503 12.616262507207738
65.79611613834751 157.71796773747477
69.41269225006968 165.4724433100593
21.90256350550937 103.9334132877629
239.499044042765 232.51844831868124
140.07598120440224 101.45451307817255
125.82571440832 49.88947478625441
230.98894078911113 199.7241944795424
195.49283984623355 34.08810325660572
143.02787335526494 92.41690024656101
237.03995619007637 4.245288472151692
12.06006670232132 135.62808791459517
71.62217729675841 85.82100120723551
57.98408401849059 113.38152982834477
171.33439455091423 187.92913021678314
138.08546055666451 125.97098661348599
100.24533477651296 153.39011283854222
180.29303619172362 10.025210554924474
140.6034382990486 207.32626851931263
39.42872445240153 231.90242663603124
224.6170243367425 27.388276053379595
82.99292778115158 19.782676122018948
74.45862462758696 186.4593895760263
98.87854712765163 101.0811346877721
215.95680459720293 25.391515966044942
117.07692370211242 150.06802160142783
175.36121040919087 163.6528399551544
6.686031839800793 144.3555013894612
58.172274764682534 177.74498396906503
72.35127650457049 180.51306967624944
164.67271468340812 75.00076735992909
142.09077485989505 81.6308625177784
65.05273973893117 16.218686138871423
224.39044927793185 112.95224989393948
108.18446779768063 188.12171019179524
144.2683303829366 234.33911569537443
16.258954648003254 32.021462199345486
73.87832174356367 204.4400497516593
66.82411962513052 41.680155693018555
19.468954381750365 216.6389450965619
213.14029407113574 18.851550278932567
46.625863868016566 141.49391383738444
3.8574121718835954 22.692623081336073
139.29909178458968 89.9610126093453
92.04462010386641 67.65934361648537
49.55328632793521 220.6044860377665
219.4013727610016 91.30942216515442
114.05272677408779 84.03084791871862
180.86149239256582 142.79400531666124
43.4458290423308 2.996833235072965
163.08105355156462 109.29606987730634
188.90826026751031 2.2869014167085364
185.4565673075652 208.8840490434019
117.51664508734197 172.05293516700792
127.5438982952792 94.35193007694565
17.891999663313367 134.39905025702652
173.79241900587238 179.94567256148358
62.044217437949385 218.36400780999782
147.7767105170836 222.91177321146395
116.20659443467879 172.45654678116335
90.16365121849459 135.58024270160024
160.05285434201326 53.64930924681502
137.22706256138906 221.3453626604134
199.39889929892163 7.75982417213697
194.5542227920566 51.78931123217836
165.10273379276796 210.1861527338864
91.86041254926278 102.67858949030258
50.96021612281809 156.7742398651652
99.56859436919733 156.98342249775035
215.9357715296988 76.523114021531
131.8706718484912 221.56854451006964
207.77043708033636 227.4747205378438
225.61638528526086 200.15850419858288
144.7427299725043 238.11831507625715
123.39393410994653 88.89192811071715
132.15047697754875 95.59923870761561
51.784888333648 43.785289727793916
157.9295749704049 145.30036621672537
163.2546414015347 248.44635920100697
191.24255435050932 5.0930393482535035
109.50320264946492 85.41649118274216
179.66173616266846 51.51575543734896
0.3705022469276953 48.63411220922756
175.05012203620194 95.82233333398466
47.18765093660077 195.0803768622032
159.62473590268297 84.95059301867633
207.64714346088212 225.20077417457145
18.614045958755128 75.72522009789037
40.262979607769616 144.6951254103306
237.31208059343243 13.360154026851228
185.37087560312463 246.18684899679621
215.0518109061124 5.38660127627244
117.71696326791708 99.75887679282827
98.78223805777561 30.74677737826409
121.6636983038814 213.31506718545455
195.35306281464494 88.56221702407488
42.32255422071715 87.80028090531009
97.91918449066061 198.5304556529662
233.76372594745825 109.98012579805338
71.402582201966 35.820102759326176
69.91245397253032 160.08031692768122
219.69559897665292 102.32738680004178
243.24478285958708 49.239379767422626
36.533457539650094 234.11329369660726
174.1359276395226 105.64905941066158
92.21744714562647 186.77950337593074
16.007177440300975 7.076408976360193
26.046965318589855 191.26185547275685
197.51603196141264 249.02336106613527
224.0285089063252 141.80043824678805
31.453763003074677 76.65131992793242
187.5924146830137 64.64296861303878
35.0795579371124 76.08291293326721
147.916692123134 50.47399896417601
204.02102849947994 97.69272759258644
69.00230299379939 58.907774250930494
71.91473973684658 47.02563688280928
191.62755058766803 214.10007255318928
82.68221828792841 128.96610041390002
218.9069649357866 44.61414523995882
230.54207208576963 101.1714389578132
20.6333097092804 69.01091267585701
180.5166564531545 148.2689522467101
70.69947925757155 225.6355127998121
181.090972677185 198.05223635105384
55.29026742255089 244.7609211111201
193.34567971813402 172.06678659282434
116.40642097250701 237.0018731849307
148.07564070713562 221.08813924174962
35.49307739695395 37.097231895679066
14.303753976924572 249.76818949572558
197.9062764727363 246.8084095546536
54.772745016446386 69.76766307186364
147.99382351340367 218.30394339315382
102.65588462097111 188.61830648522633
183.91121608312642 68.55194303630954
77.04117160968136 125.53583851882813
23.06137357067725 168.20410253092757
165.6258836244404 60.34989409923833
233.06471738667094 96.42531554454001
190.40496364133782 188.62714195055742
229.171973227611 59.031808633178
221.96555172911008 88.59680590089356
118.2585925550002 203.11102702946064
93.49209911396208 24.643470140324254
195.40186400633635 237.05366827614728
53.35786430696815 236.87952073195515
217.2768190449362 203.09195191966998
52.769423821277556 83.03204598071639
152.81743028806994 214.47077193265199
224.99582356831283 94.71037123708348
184.42943539441643 160.75023935319527
130.38309851661162 198.5110217966264
5.593543001496143 104.64500409723505
105.65055010534417 212.12770380636852
59.616779399245395 83.08127094897752
83.74877297201327 211.12354998781478
120.05925235405324 168.9511713481114
122.00881667223781 28.537759216916896
117.7214748740536 231.9363053566081
114.40305975081958 70.65723551071717
32.2903447143848 151.82567747197163
176.3865973332996 159.3963613698963
244.82143813480312 171.70057592829093
11.883407261086193 39.720158546095924
0.0013109594965976523 3.6007606670422074
189.64603700506478 2.717921039921273
133.74256735507228 196.81071279202513
33.79111487216588 180.36637674813855
150.4143590761632 151.14622536919865
170.9795227112121 238.64254165302643
21.493197016178133 9.472698819766507
161.22602248286816 242.80026200099678
107.37435484779247 144.77680080094058
121.27049919007848 233.95367076524084
48.79351661793424 115.79217621311277
79.30384490602543 193.45192257633258
230.04137195722615 11.510293255919152
218.1010949103102 101.6102482882624
116.6846981805607 29.89849394446187
169.2177311786915 117.41536739163455
112.59118933686132 96.38381640123717
50.057416299422755 31.781757833677954
26.506198395890497 78.8429438741608
183.6309364646864 71.04647435100178
43.85794274885524 79.15534056558946
158.66909282416302 89.9505038442831
169.6085257822298 23.23801429174016
224.03199323265076 213.57827558480872
89.99550314691368 42.33405590208131
42.35060727135717 59.6165096475631
242.05536478565227 170.54747092967978
54.32061500909619 163.00447461940178
186.69941440976194 182.46367823988564
8.152383376972688 238.61010945347948
35.13144439105789 229.56576431155014
125.32785023699414 39.95191144511093
8.598851118599315 206.15310569273979
154.09481491290148 133.3076607455853
95.32368773321708 73.7223982422184
153.83810087280455 194.39648739200055
193.028773219699 36.89513955099052
82.86507906405208 149.92082209560246
117.02491859209188 201.84946989235956
90.3826826422558 68.62070887313406
52.89156147132318 24.2817774292505
182.43061883364516 76.80319859945057
197.31166644838552 196.27604711845282
86.82976209613093 109.22264691391936
176.54752408909886 122.06782370859187
216.94179515570636 170.83643279492867
102.70460617571398 147.49984205221043
135.13628885150652 237.92852081783138
229.8310503340413 187.96169687327728
119.54496909217194 203.2477622392475
223.09069954996755 99.02355643803098
48.64196660504813 19.5243998373239
78.88094460012127 185.62472126927693
222.6282771530102 174.20964709535957
247.40575276262217 168.3552734249198
63.40620324002777 153.75446753850315
106.56148112121677 34.66454849370673
221.01896553607287 53.98733157928404
181.26784605945122 160.08802182611424
50.52362418480805 233.642867828962
140.98339817928778 228.3061457857937
187.44214852181364 181.67035558187345
50.84740087937656 217.20898998089206
6.065075296969091 129.0505106464643
183.92306223747957 242.58065213059538
7.504370747459049 110.50911235082562
123.39694775335344 72.9111456217154
116.436149266099 138.34109958840486
212.82706694921612 99.66658054999955
37.655915891488895 152.1085431417964
137.89157744649253 175.35682336496507
196.58431787556611 184.60972245800366
68.50074118672065 126.27661039448043
191.79649229323533 225.27691255694913
37.05381530121829 25.069767306502648
201.38646324843663 241.0010894997983
248.88019467422504 15.573716208834659
188.77866288366675 72.35144584163741
223.74312767319392 7.297827198784162
43.26499946999485 114.71324156934915
124.84220173102706 5.750922290633426
53.02778638389416 110.58404064072916
69.05408734085312 217.6855707653129
174.23845841426493 69.98687802249054
118.4315093491929 59.504680800006035
151.2969200611745 53.24369011053962
111.52758175501381 9.164825832561979
205.28452383341946 163.82007960278295
234.0120788590562 145.30598883524937
133.39632212408537 85.58416846229139
5.870614167000937 231.95935422090514
201.04324310101163 218.4517216263856
167.1420349927975 177.23026677353815
82.42773897748451 127.36569757438338
185.82475963656017 102.93151814392427
224.47170810741247 195.1721717182229
209.51316811935422 118.18653691552677
237.7243947330974 62.52490734756194
223.2398059808495 129.9426188624449
63.50570228165986 226.39104719522842
239.06847652760223 5.171384690494913
228.55071910534704 45.07402430803681
8.770331363921912 54.81099950453361
190.71131714746122 12.650927409026291
9.680420416355945 46.76309219798169
47.87791305353298 64.71722444669733
139.86113122711262 147.96576231287554
75.9683666631808 22.985241928510007
238.88336324639215 203.3615487642166
108.66801819394986 100.12780343422664
35.50376585778278 115.80584057001839
30.645926332822675 61.69986414690074
74.6323274527739 60.26926087931256
130.9484508327807 207.93522551547207
193.77931518848888 144.01598130175836
216.32901810550814 171.92662933277987
248.21819453442757 12.380909150311092
234.93968849749862 11.972508642819651
36.86448364045836 68.53699905169746
221.77198402235194 41.13433843302272
3.884960703177426 68.02758982573881
14.383903129401077 17.38128058624064
113.4791849569517 79.51627981026522
249.30877327595195 80.51913534176022
195.235686672723 225.9397528372247
237.5022753325399 92.06689757618223
32.92832905444154 102.61722338746074
9.799805086075391 208.05343427618087
100.36107708618108 133.45387701757662
218.383419009243 176.86107014997566
190.19733671194842 174.6352878412895
227.7019928263141 153.5755514678369
7.476858009894421 103.84500412872019
91.02859647189143 123.06832066196613
83.70816225432262 223.74119658781657
165.3060739222891 50.87837150384339
207.21837031971063 3.1906401074214
13.301684306012806 129.86881754557348
150.51321789561055 104.0636422134776
228.32413782760918 15.319956171724797
73.81100719814145 82.79878585960876
61.07140661168325 14.137386430358806
94.32820193023481 225.77038121960072
214.2543941273707 237.8893416482583
126.42214862946786 123.141254364233
113.799854450893 227.963665278304
59.72732419741414 135.35363237117485
156.67345311606212 202.79307171907433
126.48758404904898 176.32072688564287
236.77150930143023 34.129986128411225
65.99769852314965 62.72980199555075
33.69296582695702 93.17816258423264
208.64613626471208 194.6432739304932
101.8652028139978 148.02841276601998
103.07424761071083 163.80318298737748
60.322814924371386 113.7482361088048
32.131416079216464 42.23708729162409
213.39156872656568 20.94639180507843
220.6354167619296 67.57046119802368
192.9514171533214 31.312903818979194
187.6495043357133 44.429697261299054
80.10237420608816 236.02232505083833
120.57805247859716 84.66678423898361
9.590495802735411 241.41057639006345
211.26844642388295 71.08874334353365
38.47604717242287 195.74672598017156
150.0028142597473 28.453942016731347
190.13246647441187 220.45721358438098
230.4818361983168 25.23592773856892
163.77909573623214 33.32320687804019
117.81958332150342 152.97933998575115
106.21559981302553 157.86490813586823
240.53474383240183 150.2698057216092
201.27317804078385 51.559613502015125
111.4586793348174 9.973701189560341
79.9086517521722 193.24958500705208
107.24960447492631 184.49316235824494
48.80374205355997 57.90722191736261
199.65895739237777 161.70646084961766
100.12559902691939 13.074739819340792
46.834997721724115 103.28726091643826
169.3145527972328 53.13167950257397
189.945623342991 106.85175912310066
192.57226682346308 163.23934198927492
247.1723414105129 229.85052863052414
186.1750041092944 223.32672785559842
154.29640552424434 98.27377831696718
223.46121099912054 127.58136971326897
99.21634723823031 205.11385030469634
27.29408604764563 158.84871205179553
23.186377808827764 243.64439694958278
129.89100862153987 189.8992955531375
34.456515330946345 7.7283810116538785
9.235898993038367 213.839537254215
66.51489967840234 185.02517900505663
8.304876135390437 110.61397181657317
82.82759631311545 195.52054010204904
40.22941954908804 247.4166782018421
222.78775053964227 207.65707306832238
118.79673121588901 33.81144611204273
27.32219400661545 5.927229660203926
152.24276472280758 19.600265783205035
60.865159902631774 182.5053955931877
45.358941103885996 240.50632369351953
146.91265414991437 90.0790401592783
173.85307266321564 4.097830936335062
143.1536598094128 213.44015753125842
21.936963422651278 30.221888906580645
102.257840974191 166.6602523988913
8.115430474689544 10.600928036653912
56.532327969359585 44.317890129636105
90.21918018286715 109.81942058307084
249.7113853209139 139.65516582227662
135.37517479561765 25.830587582844704
29.809399456946746 219.30582528048458
53.2882754699244 210.2111316112483
14.295256741214207 31.13693987685223
116.85592167242159 46.664851006711835
181.85629227151418 54.81559964711275
190.54050693524044 59.6841155088928
183.95648385025896 32.75725343227684
99.63990964190187 117.1160763893527
153.76637663709573 139.09073833703178
26.46043968955569 64.73570202092357
220.30144755759744 87.69836670176304
99.42277344556169 8.267126295017635
79.87269552750712 85.27545079060411
116.29294994902662 134.114161119522
241.5720395950897 200.55204955875945
173.76368007392935 238.36202536969955
222.21114062003844 191.33671556314684
131.63082503732062 47.33285324938069
35.29163525231166 68.02495807788692
57.382744717249274 7.5038147351253475
184.69266300043785 92.59604688296444
40.95943170836133 179.7230504539
63.36649323393054 58.502453691855024
102.29526364174579 140.9884686194364
66.46286623980346 24.00779453258628
135.00119223013888 32.56579200346194
201.4777296331983 142.70918864695037
34.49597866741744 33.55074450570469
135.66755843622212 153.71380675254096
168.68742969447482 216.15202282648198
248.54561031345355 116.72341768614535
141.07616756543194 60.415977095119786
89.88837380525833 222.0003099319668
140.28817458612355 29.558914740723974
194.5109869059107 1.4356823448866962
122.50636066035214 220.63672982105172
105.80565395658026 10.12962102630824
223.88376836458482 128.36306735809333
108.4278486138262 111.89308826254651
229.566089331396 135.77279450429214
210.9086864679399 2.05961343966099
206.86617608186504 83.97348771497343
168.68034932795652 179.97896738059814
200.7351749223889 55.77007814124921
122.03815978679508 195.8832606123395
42.44715176398625 31.166696030378166
122.30749919881286 131.23051576728574
63.3751352309089 184.30201556253064
30.66764066345104 25.334937330851904
142.51869023440085 125.59164958276192
170.69674798728437 52.034063918398516
90.24904880509536 203.67017020251365
76.68981716186435 25.159870461815697
124.30419466464413 196.18803612391102
79.24295789997663 209.66411697912196
162.59854901092106 246.00806588866345
194.082606072695 178.4496787659456
235.27422735506335 10.586489797838272
183.0572265860097 182.17716328309484
240.07723018081052 44.29528386420081
81.14937611288492 66.5730491712641
168.95131627871237 184.9478199758815
179.77566774931634 38.57320145247228
237.12232592667283 149.62794968563958
240.7717945051838 14.206865884865
36.95288576416578 67.30822991756786
169.43744585913473 245.9753959278041
241.08702998284443 228.0730579993433
137.85821887837471 124.50999718826436
110.76614966417758 91.58031941425796
15.145017427572654 21.528544151767942
17.71102185912862 5.112831247990335
66.83490936841142 170.0266320609693
203.52252758700902 8.595347935257541
104.91550820025041 102.22500043101029
146.72955413065043 100.6962444851888
227.25847168964387 8.108846000984382
33.02218366809917 6.2047847279362855
129.28155492849712 222.51010777510243
81.70306475362757 61.600142628247674
68.32818691778347 39.31677353353749
143.1494065001103 243.19102011870532
128.1967441423493 89.08358720583837
221.88001946471917 74.12770287321358
200.80181217725092 86.04814629585572
155.47874564117515 215.55853230580072
89.69902321332307 14.245570070124753
73.70167182275644 6.245868972566571
44.563174203796216 197.1292516548406
156.6212438927883 27.96298489989407
81.46758331387491 175.61153143163037
194.84977121230622 22.72497212173033
166.46184954665696 19.74228551106813
246.24606156037117 165.07862780109204
241.31802634998144 173.8182458443098
163.90862435548797 244.05276965975983
196.73242085580455 80.69048829756257
50.39607214228792 33.79786070412602
95.96210565073746 65.06604211706896
113.09151265970577 69.3847623022509
128.3942016647281 123.9654241425944
135.56271068874975 244.84271799027428
223.00593380243504 84.00774789658044
111.0325020724083 207.98073940322504
202.61568709481094 93.31870580757398
177.6454567839314 199.0964426294871
226.23513432845476 33.08259193570731
140.70694547958212 205.69886060112967
243.78116447100948 149.05902954677
67.45543467566048 183.1403199778876
115.1817788670656 224.17042860698942
2.127638855111025 123.19226315724733
67.31362773602834 180.2572569515835
173.89813870345083 91.43560511423179
151.46487501110505 226.6733877005564
155.21873269374834 217.54636921170214
194.58776264862058 133.34446249064231
209.66546931492078 172.54574933267284
142.91484520487904 44.51167906236284
43.140890600912776 57.650762928461994
43.41081536071428 234.42471156715757
39.205273484495486 187.28278970697818
161.16882509226454 209.25503760686684
108.74564522281271 228.5243197221657
137.82801382478306 218.4327354184318
141.43117021747872 235.05404480999889
36.40458616580422 22.30238845412477
162.8602406551769 79.41978531598518
140.29642158570454 200.3001469597625
27.903786884474062 209.4100983661049
198.91230021650983 97.4419179724516
199.18851630159674 240.4292883356881
157.35117509892794 98.72662280323158
30.081089701386286 72.26565407493335
139.4380086475871 147.3945246801636
155.34558797559168 2.237486805475558
55.38913113495378 113.91950803264675
141.61275288701162 90.62328653093118
194.93279474942216 10.933896842391489
178.53841413708577 157.68517174831183
219.02961167425204 120.22709063121087
156.59643138983944 244.61991288117608
182.37436861654217 97.31009955571245
124.55096712770388 79.8292978418936
194.2681820011039 82.17012531240387
170.85695956796394 55.51165442864631
110.68784432459658 125.58423831777257
200.47667141500256 48.058256058550825
169.09335494875018 194.03960065391777
54.67842644144133 210.0117378418477
179.66808440124012 6.5004001953815616
91.13685492625112 6.780324137015653
166.72794699063064 139.46690138108568
132.95903150250757 16.680873195505043
22.087839906515416 5.310477319918016
71.53856698065611 86.92775981891116
45.770703022416065 190.34109785033294
172.10664262759929 9.419605571586025
40.611456015933605 10.550123804623418
102.5175946987437 106.76087712646287
62.12215996561265 235.16920429078252
223.08484322055824 71.4641133571845
7.308811441178814 90.38637076283132
248.12454071725182 12.003010574077571
63.95745441898934 82.90255492200404
90.08112370308346 219.9700512119427
15.624475514052937 86.0285929872118
213.94913195802258 174.17552638540454
116.02884192154869 142.2558593301585
203.76257379000978 205.73450665037433
232.43556625424054 13.870362559702281
24.504795963112475 118.20196824595739
93.78752578881792 91.78207916001044
20.926510503398195 66.37753140714162
26.701576993404835 106.64678394712351
183.9402259256799 117.52359965616219
240.7906201072615 67.26822369428284
42.67948447080666 50.5743711718854
216.48036307142755 5.803161541538149
113.48445652276945 65.98479621229001
61.24360360840706 186.5184270658614
137.19712697411882 17.491412855320633
241.22766569324935 101.52254738783242
223.4865526231445 149.83786586826514
29.394252559828914 151.04027802286282
137.62758190959326 233.37027804968488
242.96221683547714 64.19916016694049
97.71641204989496 145.33837870788648
18.984883195835938 110.47920855094013
109.74131459526873 128.60860687120805
170.18252776520606 171.17712986313
245.11077768959325 227.30606207859998
1.7624604236428643 168.91089032136895
88.35792693692792 59.55452779631468
124.28278688519306 151.61403632984224
174.47743929536702 177.1116462170285
160.41995359462194 32.28154790466659
131.93055876926337 207.16510638538983
87.98501953200233 86.06644551542384
169.01168528461818 203.68519688218265
75.55044540085865 109.33081236208369
14.71448334343825 159.59015584165985
78.1360345062845 81.85508478448652
222.8602757787249 237.37733872954067
103.18520369189731 92.40909400004595
146.68494306001574 120.75123012317218
12.834348550020163 137.5954161703107
181.06174751393024 78.87203781327692
87.21275812903559 53.81600202775952
99.28030095008383 158.73102770854277
76.32183302039097 169.89726114913597
102.94918573037413 220.36581339154438
35.16156780635748 37.94585637760195
145.54528051462526 102.50024701538882
242.63499213315706 186.77289329656404
124.1815312040625 38.14680749532873
13.511181039429943 187.90244770028642
47.278863762290015 112.8514372545334
171.08240425798778 139.72692109765887
146.03799370880463 96.77202573755586
62.13597376070712 148.0055650483678
165.00905506413037 133.13615783160725
10.686959040914157 181.04053642478934
155.0194319360086 42.60797417022316
199.17061326045305 147.01590488914167
164.67785734714298 192.4770848664003
176.83307999406912 230.1198592330689
7.468624345618763 242.76478686977902
131.2499771663887 187.05761292756316
16.579646109330685 207.9417025849731
199.85602011381647 133.99414479205686
207.27641394156836 213.85877080349098
55.28883707053914 92.24436202774544
196.45810923479385 144.46962146971958
21.196524277891314 150.97687625726866
15.028429690199129 232.020567248368
154.9442396002599 188.1871254082964
208.27039907955205 20.416452673172046
202.18782648664902 218.67118439194147
91.06620172020752 248.56457675714825
162.2276278286034 149.60997482155048
54.1072985651978 127.32553871472294
115.5613590290917 104.39094691635
222.64182206588046 80.48208875431264
15.989953956380004 234.10859018999352
128.2529011185681 173.05632178979863
27.02522014124245 67.04305920852005
151.91289952752476 214.0176202743024
30.236318718514788 192.7464422053728
127.42831277790451 104.93820987610924
198.02496583513295 46.47965510254584
74.3167932533012 43.35559320469015
78.72370902281389 115.43474973201687
102.57307380267045 127.32866036176502
125.17419353091552 67.28754688111977
101.95317691060515 33.71896667821853
249.24298923149814 191.21649085981437
76.73023419994281 217.93683759528463
116.32856324425386 19.495864321513846
205.0272237641728 100.33034355572401
166.9200171654398 144.7460155061726
12.639620079687164 134.5944955684754
187.5236035519607 241.99983078228968
20.543656712454673 50.09072298325848
39.25035601037724 23.818315201513563
109.85359745768235 71.5038420711574
183.7796109137381 19.53685036033781
100.1668313102461 134.56547701468875
37.2920038756844 68.14029004786812
132.37035725417522 120.13876542257191
111.41323431267983 0.5864138262333396
39.045149723202336 78.62054928260731
57.62640774302097 233.45370387544534
192.7659037207372 30.898711597650202
199.18060592892627 46.62010958063359
31.318802562765146 120.77104127850707
130.31924266294268 108.64629393909952
57.84152228154113 187.97902174738527
154.33104476012508 16.54631595409034
113.66450278637521 183.48754409089247
24.593583274721496 133.77846104358505
239.8846848463757 193.1166207353853
84.1758636442896 193.16026209662985
80.08193234319255 109.96728439790782
122.05207018614048 189.17108840223125
5.4956963310696665 40.0739143177237
96.0110647351629 3.4007076069535183
18.221054595003366 69.64288849600231
11.67061652483914 149.23703240391663
117.53381136462637 10.563693338676128
135.37551790735338 80.6397013014937
18.338637698300158 68.95163321264697
100.98549758479703 146.63245867593872
171.40618073367278 175.93164307761592
20.874058196051898 53.19713158517467
170.9727784429074 95.47963608915173
237.69102448381588 121.19262868885642
173.65893866284998 22.233965086257662
36.63273295959016 209.66641734026177
124.90187467894239 157.64467240036151
197.37845868481458 99.4015248876354
195.4449154201758 23.62714505032304
53.17344363379084 37.94929087786622
206.39630444265146 201.53774559957301
190.66565726923812 229.25117889486557
187.45990136490758 203.3530132665072
214.32792585150509 13.925971377065666
157.4609836138886 14.854823971639341
209.13657617864797 217.1809006801464
71.58215842739718 171.74891518076467
246.84223239079955 217.92579811010327
115.4601939752583 67.47511472021267
115.5303272479874 88.26134860129967
179.04575182381006 138.06711684309872
67.17680712166124 112.94035361133781
47.071666707553725 191.97114075917554
54.046510315659575 76.9128637894751
165.41244734301418 11.14264946929408
175.41158870103115 76.93109038228424
111.9181733163638 42.503175922679105
102.04533783550282 116.3683795429196
167.86291856502726 129.1892506068908
144.11639690553596 117.21546931627178
153.44216263852798 68.1978504631404
149.41391882551383 147.21474397790763
33.586264478779356 181.96179847862987
65.61180739862097 148.13403870070977
165.86322542576352 209.8488697199966
8.5522806376567 18.33832095277027
54.563988620443176 245.3228666382467
28.357128564284405 162.12651646078706
28.549625586857864 127.06595729512709
125.42767269838062 174.64494447628718
99.79110479040199 157.84892901637807
16.36004493915355 45.542148993891054
12.971581330082776 131.5944011628789
166.72222336002648 75.4531437412761
59.97359894971563 85.0527466508248
240.15659807307526 183.20455737559428
61.56957985643011 125.78571414285774
80.21892982593143 81.54416112621001
175.37391959032684 166.01039781244705
223.76811164165994 158.84520936693116
105.52539044020548 7.785989260031323
243.34035527012688 147.1453461566264
197.7579740000559 33.85569386645884
32.41490047462145 65.6766223969415
194.19767663259378 103.02346250992925
51.90190271372533 46.59391642181351
113.38205666266785 232.2266105606757
174.28196623637618 41.00915461091853
29.24818044523106 109.04634408108268
34.25057686056404 88.15185333414854
1.2598481889547486 88.79116959256028
125.83896006930989 177.88582250113706
98.29508265494167 41.406134172710914
238.51831679015703 51.68762677201785
39.97053455840849 57.62379045949636
214.51995130116788 6.2685896004915085
196.61423129467968 247.18825142747806
3.626933012435857 122.71151615444387
219.27776835769689 8.93733249879103
245.5808335310336 219.85732312827685
40.82862395578424 124.13563103781827
172.97391329509637 6.183337026192115
236.68399550744826 160.14182193979732
127.93586458876452 70.79326129361202
173.36304640557466 223.51136704015653
176.1297366943672 207.2181864570661
176.60118657194252 119.09563426136494
161.40692935996404 210.50690007633767
129.54324292741146 6.656542029113643
32.5384945677169 196.47177213020262
106.9903921226271 151.06539089157275
189.7507716621873 94.21285278575459
47.15256858299258 14.502603555674455
135.46047909730368 138.2039452921311
20.127683263294198 153.3469832169989
239.7063380307581 218.3232129274934
53.98300385517829 113.90969968268139
162.54780084983 5.970194859506506
2.660857243764747 142.2785883531921
107.44156093618362 244.93427781811505
244.69166022439765 196.42970948750735
72.26898074209093 146.74516690150335
161.44672746145716 5.014033983192611
93.55870524697404 187.25567339003183
12.349400452475622 77.43318312287306
103.93129596314627 180.78523058124136
99.6722853780794 11.029248404678004
204.8926751096943 245.5430634984063
41.48028722128935 41.67325864535146
6.601186967421152 181.14261921816748
182.68458616791125 178.60967855498924
184.01595452998797 138.25110449583272
100.47061081189615 56.31040789245614
140.30912178855726 89.1197247850508
105.18667923848629 47.06875941157956
100.14274149916632 21.1391869898076
174.42994956241992 239.29800299525508
158.25510806595474 119.10953052484439
115.67708328096799 104.79989339879076
4.77301012371062 169.8881046990749
47.04561438192592 151.65824770332296
76.84598803482476 210.5002731160912
217.6823614073757 127.65396345575097
58.3009835371559 184.62954679859752
216.18239796394778 84.90492027732735
188.3978608775377 193.40348742068443
21.39164481689776 131.27906020920076
210.46578951244905 67.10408147205204
19.30830230967917 141.2531198848166
245.23580519098786 61.05037461567886
115.65929719384354 56.86578080008253
39.46805080124646 150.3427017495042
57.216580151844944 42.456145125550435
82.56368666254401 3.6160002712788963
147.74819421928183 127.62762633735065
29.656009834769737 59.97701683739962
245.49867723242895 60.70029441100363
209.33572874120506 32.28352989139155
23.444503326889272 32.95315337223123
155.92827557160274 143.75445545591558
7.799032321260863 247.9948057119414
144.9632674002653 242.61132222111988
31.7564571716219 42.70684921744522
122.04940142721222 72.97674023614489
209.7329749379898 26.637340045134295
29.006299148151697 47.56772789825628
185.92876550127008 198.49549140523197
211.86010968639033 223.86075661102615
35.67100346442648 32.6067366583406
156.51230052941648 146.5649304123079
105.00461672001136 26.729655866506913
77.96366046150138 147.04049480467674
139.9337147919217 140.7894646728971
194.52591983472234 2.720577041731315
231.54836622285578 234.91732209783893
168.76979630874888 44.39170332295891
164.65882131104624 56.80874030764085
77.47014083193504 34.12745002220097
166.3363272261041 165.7862681264858
214.66772957334214 216.3923929893913
200.66339193314442 178.70183243396292
228.40444176446226 175.5252323850716
72.56628226039751 95.1705119450541
203.60213894026288 165.104675600724
150.12091418734707 201.1138768138135
189.91363611990568 179.9749199235432
107.8026168639007 155.15470358041728
75.44425336410556 2.9459616888198594
133.46431845159026 173.96348826210337
128.11414858324602 188.69656149773112
70.51901042009501 100.51784477200573
232.81982236063058 77.3627491063556
208.50097251025375 34.92479735335072
53.94526711286737 81.25506077148853
36.978877660256096 213.62696692200936
144.29168178118945 139.4732011368509
103.63036138668139 187.39759092137578
65.65121577511063 222.83142711882616
194.23189776104147 157.45906933171335
46.759425455702775 233.5224065010259
109.61638752456938 18.161090493821337
158.35400736054638 42.434903366481755
143.07008679685836 96.14487684045902
105.56454326982417 22.447540828610585
154.02619491436684 53.37927205411069
93.33248836770389 41.1511338084295
86.82321231519846 162.3456895661566
184.3569380779418 108.29511956148802
24.85415421009149 94.12251453242517
11.43940142478536 230.57838643022643
39.49581724414458 5.1982547987659
59.408533901819936 222.88693319961192
36.29192106995449 49.70607162054405
57.892778828662145 131.86374495474186
79.6241524770063 185.65036113651956
31.723205436988255 130.3912853509581
116.23431617492214 69.3959046674511
114.1719615987962 184.52420126807178
214.1899627713333 233.6814656904132
33.998052838922014 11.418128938627593
92.95303147169365 186.66951442483412
237.84015963860497 233.81436100752822
5.464612522988577 13.358653231663741
140.69107311871045 144.1254216503302
101.9185573183907 145.22671922524162
122.11325157226263 223.64893671247975
176.46663939562617 228.12716675247177
163.92354049615088 50.05269395210046
202.06365714512162 57.511894206253885
211.59977873240445 197.34908536460574
25.775236608074543 243.84575916551046
74.9121645935685 76.48222532530394
56.89556288523187 78.19865960982914
222.4595094588736 47.842756303130145
247.272029391797 50.58684679047742
149.82478902566547 119.98386795596878
19.313105127057305 169.157741442364
224.39690272820377 151.72504446590682
62.14060391955598 137.57716269576244
202.69273838061002 214.97942262445417
194.7628651396931 116.37893801769697
43.56501036348834 102.95624474078157
109.20366179914656 12.11558445089575
213.71395296842903 51.20640824067174
54.17812408870273 58.9174235845665
143.58159630389 73.53168845592867
139.36142197573153 113.88780323339215
184.57133800542803 30.934935008334413
178.79692335462198 171.54859579199095
224.32721443150345 246.10598765473213
180.41232923517393 160.35749321427502
35.413868119946095 169.23382320902192
240.64128196090655 191.2746478467735
138.2874193848257 106.82620020965588
198.14909603589993 214.0211549721211
139.4195820541463 135.67666570450788
192.26962314952317 114.65904774696828
207.97428779174038 33.9042501927945
201.3911220586257 13.826450926448159
3.122123340654065 164.6587187191677
237.72574105028167 10.170656253732451
201.57087926533524 129.92257212745537
202.40202410574958 208.89849636406376
93.56201915890175 63.53500616932378
79.61428648736523 54.29494460574158
126.29814842467898 94.04167849632597
69.61906157741238 61.56663517338604
77.57228098623362 107.9729491410251
211.82839074787074 34.28324949784034
150.43723202188113 234.27184603437453
31.240505108437873 131.31605236322358
6.571756770157422 117.33965129152394
55.970923227464944 90.77471460000805
109.25298101541328 85.10191225298055
37.51962096181788 219.32559486265174
31.61151208460322 147.34119980650516
54.7235366995302 243.5033309974684
45.181272370307475 16.351650507786946
243.4704371778252 4.320605054488446
2.410017339814691 28.178421867224774
17.85999949519762 211.91614387274984
68.57368234662417 10.617058810368368
117.87181458437676 76.18499448312232
167.15646694535346 157.99025926015275
193.23621779828068 126.39573885988645
209.23322745424784 206.30749300648768
34.329597891421926 193.37726590982788
162.24250404773085 186.53772885160058
165.3634333585536 44.38824450058507
45.914705481953675 75.95430846335222
120.73227789549959 117.62252013340368
22.906305990640476 110.03050211880667
85.44837830650867 174.09045392654295
90.56112234565894 100.10296370344571
164.35333807031355 174.06100165034192
68.44252260956615 145.69966254234916
119.89822280164972 68.41746419569328
104.81763848211325 92.13276528704192
134.24876297145357 243.3545169393037
151.17015514261075 130.42591413839313
52.40644657500168 239.53884390460985
12.933495080133833 183.2614142465028
165.79460185162733 136.89138012838544
57.55644056128284 84.2596278137058
57.64168520007551 101.02075732173945
88.4522543260505 39.30619809444805
226.13960715953755 213.76970678770826
188.6447011186472 58.375347338493725
161.998306255529 242.60441058172515
126.6911510382876 142.3734058791802
33.47792994285598 6.963648566547437
231.61127424333338 149.8377607294182
66.09817956306799 188.4182711309474
141.4136526525764 103.88488602659673
158.85633693911936 131.82345218460773
212.49389793317127 173.90810402912481
214.72185274220146 136.5159255386337
91.86023346945136 85.58558393761592
208.1335179542752 159.86274171026835
201.0408100107174 223.3165410990361
32.01905583134315 31.394961816132216
172.72180494502396 149.45463482516644
0.4373176304199866 240.35546437949247
89.88736910088926 135.2782748052397
149.66661822905002 191.46626175341612
96.25660838798144 10.658680412953231
139.81857924610802 152.53619659818503
232.35923859964825 70.12048217821626
159.91992256325284 65.82726308391578
199.64062331286047 45.159077163658054
243.68098029690194 15.536383387459136
197.0055007486388 237.89952259541508
25.24350992157548 48.808561066279985
130.85030822855097 220.9708146683208
162.50001255060386 116.63795156656934
80.14273228460536 232.81310628399783
33.0193944407206 109.30272122022788
202.2483820730495 43.906267146413825
18.38084481536331 110.23970873326492
83.82580364182112 220.21803119412658
58.855916232733755 121.32894736523536
143.83857528097386 161.3666653902944
225.32894856615917 120.00182052334706
168.11674497030242 230.94270673722937
152.08791956223178 224.6805124368289
63.93251120789056 44.77813087038312

309.9661943614864
319.20100363092195
546.8182726219846
852.2156012615808
169.583667931413
336.37063152352
2.217662090718649
1112.4678638400064
57.340019660843076
136.8199549049142
88.65525468840576
126.59314672663781
809.9895825762732
106.39935555084689
988.72023900011
308.41852273329505
1096.5773823298296
200.9060570646023
515.7256341877099
1118.6753149064045
368.7956028622038
993.3519559275709
719.062071526051
195.554344527573
1083.6782833344716
218.3046393605725
921.2597427845711
713.3049009349699
302.88072987971236
573.1519751328623
698.5498409433673
239.17871296769283
542.5046994829695
118.86217557866628
493.94753202618097
438.4985015170342
621.8734274081428
189.73209693642048
132.71521811960386
333.3539085743781
951.3742847968452
484.4852217732334
450.8655672313143
483.47616900461946
855.3479517288408
192.96510110025383
81.3872529227276
1174.1830638809504
845.061272041481
38.29212642142488
962.2987473140344
153.7798669339624
738.5475773046153
790.1759270897962
56.31134079267179
772.4663004729362
741.3140559611101
381.18410064426774
661.0772843107713
809.7755549991365
6.353617755974974
423.2736890180457
755.7682877783965
1153.669384390284
38.514130449972406
70.4967760596235
957.4165490669099
769.5440899735352
198.93227787581685
20.39612078371841
1144.931356676698
991.7179753858601
821.3264310612985
1179.5224436209783
1058.110812942389
79.64744525418527
831.1445853149797
122.84035313144534
721.803821951597
943.9915158403854
1123.4309716893779
216.08289383099776
834.043856271526
809.2560689160671
1187.4830002220497
705.9631337079611
835.453365330824
399.01713495571965
808.2906751027432
233.51730001892196
829.5759147588236
985.1420293285926
558.6600644476483
764.2448337423275
351.3161756261058
840.4466509619511
323.15954171957156
917.5823932464941
674.4570527209197
168.0930428278471
875.050388524681
281.7099326459268
264.927367708591
145.45998440257478
778.1179681805339
106.23544647694848
589.3999483038747
469.02460732352176
417.4462204959297
158.58100285233542
779.449112814157
598.3799935778279
323.53753694217966
530.4299437477325
77.75485089304239
673.7360958849603
21.659004894771883
380.95776464769364
355.831961960824
753.9042640208725
330.64743442443466
478.24674098327546
224.51743900128156
804.3162987789572
873.492375140369
302.2864842958923
411.53487936695853
27.465249657105815
1087.066013020853
269.75965260349966
446.30081554170505
834.5446823124498
874.1233964756826
837.1097994292436
803.5652857063372
725.6535813494444
855.8381484572694
651.0953629043428
946.8572695549141
500.16146115974806
769.9575142923983
878.8280433079279
499.5796340980161
811.9042003130108
770.7845559712598
324.37346777346636
614.5402168016823
844.5995784811895
912.1363510729357
1036.0970578649817
956.1818098415865
1181.6766752834963
1075.0561537960723
160.31997235266164
1026.1090950796977
228.44544483743644
1156.7294062329916
661.2694613593716
164.79385820421058
1096.1573544820283
630.2345385384281
927.3035092433245
44.72147142294282
635.5202830488762
820.7759143765237
193.4841526386026
118.92156862334578
534.7540116552283
298.06769333892737
49.29141943085701
669.8909890586018
502.7973297223021
55.61782565549784
23.744534895337978
938.0620444766028
745.8698779161448
10.242796426187468
688.3194659668031
993.2147690911265
1133.5865360102941
559.4651728469752
921.8517911755218
919.2411373487241
55.6382094954078
328.7117424063476
262.40172412898437
476.3422971895013
86.505215532778
795.2045095845099
300.7361977164342
492.839754715472
1162.352072708439
15.50518348511998
713.4059626042473
104.60297645850504
408.8063032861365
336.28849947216577
155.39188308349267
75.70541250491873
1139.37297156122
1031.2079457514026
254.92175166371487
286.42880866312674
697.2516413869813
760.2634322952656
710.7541188664019
977.945663747146
839.4525055512192
1027.0525584316786
447.5152398601061
1112.7792661630351
1166.3706967985904
784.2693215919894
100.48140555474048
209.71880178063148
127.31043556942937
907.9309667997554
171.64351434502564
655.1544969228157
540.3061994266684
1049.6652514798755
567.4853268340173
409.9128598312163
266.4459036003614
944.7532613864045
338.1431816233914
471.52300901641536
970.8029089633661
107.89633669436786
1024.7710901558225
93.17644182310464
38.18589312728539
694.7186465759688
1196.9102188876363
42.849519225386096
271.12802375476593
829.6064925493233
530.1342517684594
958.2890797945911
747.9664761267909
464.8935719734921
33.996162663438014
351.1872010363253
903.2125548837736
332.53497726134816
875.6028865035385
812.0885241630677
215.44702352943474
348.1232391159769
803.0300158459256
651.5404444502801
748.1523979780868
749.206451976981
336.8046130332572
979.4018965504675
609.6145184469826
796.7979710609507
793.0815685115291
854.1522516055588
676.8052977059241
32.135982325760544
739.7981174677682
641.1976154154561
153.09261527516944
497.0725622367234
736.8818349891669
400.1032516552994
845.9607367310884
73.31163099855253
905.1777604023061
671.6121641382446
181.75476287673453
293.9423120896031
871.4951203781548
524.0537785395413
740.7047099717079
314.05207718034495
477.380609730358
925.5082976033954
1110.5186433755475
1026.467744903857
460.7933083275886
220.9302126567207
1079.205788354858
874.3030911524138
726.6181255212158
797.3951350456545
534.484966628822
332.24810785319886
521.7043646321374
701.2769430968049
738.2635927919854
171.24131589204435
146.18392941312138
288.57882779164015
25.36595842478976
55.73348073884448
23.219694080447915
1062.8849509353622
753.5116678435343
11.417890539931545
590.387656556266
1011.2866788227072
77.57148071309788
876.0144309513489
158.09431732601698
90.65836441851367
1014.177455724462
960.0151904038007
151.41365268379514
1138.175192087954
106.22776200862529
6.99837088648056
439.0716670629846
984.2357983037241
267.83500466612344
521.1266913982433
453.50922145338495
1083.3648828643961
135.06993058455922
807.0654260881963
206.22133489048258
392.67909309897436
337.20908964762623
780.2931664208505
966.1866545302622
399.0762467658481
1029.714970192172
473.55247392717007
162.59688433548177
664.030099309112
275.6630637595565
76.37627694243743
581.227919428319
1162.0416859403201
478.3677169180081
1109.2196149907727
765.7298337205228
750.2489211723203
1096.4732560545826
932.999447265763
498.04953142904486
407.9028055590273
603.4951767068501
1089.5552953905058
1177.7893851792537
666.0497092902656
545.3296888895236
955.6100554940573
242.64584799041333
910.7280490289874
541.5834273160673
1010.066579685427
77.39859528785996
1188.4517295335374
463.2741565042706
392.03272218462985
302.18254780533687
424.2457769309857
599.149540977031
226.1068596225508
982.7151364607589
356.97420206592057
525.4864224614089
982.4248049218381
1045.5019897951072
118.22005153418212
125.58801676096341
750.196585724541
846.0853631972946
985.2513315701675
1009.2264397594262
456.68290802212283
671.6723497158846
289.39855270428745
584.66212296857
551.5309952281212
943.4955225681862
682.9050423896695
316.19404702419354
99.14570750467125
635.4114127109173
345.93159056919444
297.02200622896913
134.3761019183416
107.32058588240952
76.58567218882547
1086.1980988714363
879.003913036575
349.9043475169539
573.396282548166
772.2913015018846
991.3060667072733
902.8078254848582
523.9325737542217
930.9114910687152
767.5014961542198
1123.6799645252104
295.32541685685186
1074.5926640816826
1001.4809020598307
564.342668688227
740.0661624981169
634.9107787986075
624.0901370940934
286.84748746142435
410.7234671288891
357.18103518941683
925.8788994324848
416.76975793262557
833.8432324148752
630.6744652843372
339.2459131500948
649.8925195008253
549.8085537257247
571.1453696880601
1103.4327468635781
448.9642153470935
126.89530141809342
428.5809706583749
546.03275748016
804.2698373719326
219.30882152133316
1189.508710088451
306.6921771577871
514.5717818662091
1157.14747096464
443.1314725479136
684.9395305722045
620.9520494453915
488.0945397250565
940.8601836458826
900.7810684028186
1030.28781963506
428.32382667373474
989.3818181056465
512.2241398603817
526.2403541767875
310.6333901002279
703.8893207994677
966.0909644599315
677.0258174792606
1120.7399822916382
1060.9200000205835
493.0548681726159
445.9567085862776
844.1174609613935
1.1512041292051836
625.939694398968
1022.2222761718037
794.1628176321522
968.5675989306408
919.0446869480085
657.1944745590389
655.6420062133966
1027.6631424528493
982.6185408776809
456.2230613564336
950.7174494063631
1113.6293684380475
15.404976184686138
655.0276903562693
447.02874954005046
394.1678075585514
659.8575322815367
1094.486029312923
1141.599436213713
149.41369582410465
49.24818166599925
1072.5833840565103
330.2013011345163
414.1563783971925
1004.6825763175738
813.1862619822512
620.3043592017473
601.2709592751528
546.1640970393163
1061.8966886472049
196.86759342821279
472.33778415361655
83.51350578592351
125.35075962814481
1099.1323676310783
97.63648981311667
992.4677541900271
643.921697686195
620.914399237991
807.0076439805264
666.5977502378455
245.9997875324129
23.402324313178422
654.3709462305383
940.5877118595176
416.7827066114948
192.29757879264974
1060.028365896709
343.1152573339094
51.31432870620893
1186.8687412388854
266.93406644316894
430.7249974025953
249.87010393149714
654.1190080627944
1069.5920856954579
699.2588584289532
858.73322638563
877.3677900616112
4.936321138963111
32.666324026798335
178.697158658933
236.05522188476687
876.464476002192
82.40555291180837
137.71827589216159
209.03388661788858
567.3893333724001
106.77179278716086
929.8201225283361
697.7562280347452
496.60861562783396
665.0276556873002
352.6311742694916
150.5034617309188
418.59552413146594
469.96204507922994
548.1843993473124
242.64728762412466
1098.3068303815835
696.690608751224
138.80901784038568
303.5028278373788
175.93485130521245
418.3062973285293
880.9715342754462
157.80665995302923
377.5551595622227
695.6667361839607
1065.7601113011513
489.78921501044186
319.7416240653303
303.6235321571159
1158.4845118427452
826.0916133491285
834.8023295839747
641.8460736930301
754.9456710260142
173.3870048481156
661.9182911833265
489.5588820374853
104.68663808856641
306.38220140685746
398.9233267794551
752.694464510886
44.30015914784199
178.69667788628655
302.2734867006657
778.39632702133
347.26344368923617
936.4382877368071
458.4522793651832
787.641149975122
73.08105815670862
1128.1503328796875
649.237834685835
505.64302596908993
465.96397855229685
402.41252926719727
1163.3176320400821
1014.5343928650153
971.4969356626934
275.75292995792836
1031.6110384076444
1171.857599370823
338.1524091305522
780.5941663818822
1152.3321753511498
867.8157174697559
973.5724444116664
717.6895337313453
298.8882179305545
109.80729619025087
983.081227446784
156.51143247950975
611.6504001762635
869.0096265085352
612.2424376246121
625.0480814232724
590.7744022261494
253.2512743564971
85.64468292614394
96.65145366167515
1143.3168618552136
712.8202077278336
1057.2329441680845
705.8127695667715
475.9125064430591
990.7853680723136
176.6695910604434
202.72109218450683
948.1060277282517
317.8306012944637
1093.5893202160687
888.9929185022644
83.42685678078392
539.7976401467432
433.92291325501424
96.11407539084628
112.0970229528917
548.1979897839909
744.7546901151319
730.5695172735875
708.114604349587
991.4836406255156
974.3963565247585
849.4804410089229
302.75155650544394
551.3588363335631
272.7904967097574
547.1440194263182
72.80079139453746
522.3878641764646
966.4267095793582
431.1404610052924
373.7377290161847
956.528304448842
371.7266299090431
815.2847254946913
520.4733416698442
387.24896093188556
440.732497493857
167.95577014389144
696.2968680792803
1129.4828387923003
1102.9594483137494
852.3796793897897
556.3227158948299
18.127059973637326
832.108123272317
1181.5677631770245
1104.1060692675937
1176.2543248976945
6.860786999921838
690.3444822168119
459.09716896202195
1103.805386892818
1086.5692706400189
210.3230568414619
284.1063397203199
998.7994786281641
391.74684805300046
192.84975966443574
151.8753964777755
561.048265553532
765.2140096138045
1181.2921013315806
91.53089216334705
970.8955788525794
776.1979732892352
741.4051357043124
348.04564655101916
201.36997707945235
869.5401644322902
819.2973193651189
414.72069525957863
77.6406220379507
801.1835201895498
356.56343053284445
10.874109505832518
394.375598002629
828.3758347223205
229.7519935474148
1191.0150897442386
634.7244905587457
338.3263968379687
1008.6983349074691
221.91354987065637
846.8386650260809
1053.9646382191415
782.0833051075131
31.882797855401765
178.93575352101266
38.52988649908169
33.38508539674042
1198.1921187719875
706.4442639175517
335.7824004834889
1121.7592390559387
379.5444641517471
233.85410208306553
575.5737951860087
601.4669951205746
221.41160735214493
969.4803629459873
853.3984272312433
138.9108305055053
266.5381073000301
616.948446742653
1040.621820724474
294.3641962928891
1008.7508656582123
100.38050376103202
926.570705028184
590.7462360928816
192.81023077581125
108.3285590347882
778.0660988690898
903.9519401643612
295.5637538021193
769.9602139993515
492.6734689945084
370.5619328244191
938.1976253383453
640.6105854729211
810.9108783988305
290.7480185977233
137.71260703521708
1145.1767125729107
899.2385520995454
281.8561914477966
1068.9518973259947
1197.6361445271455
1077.028879375462
806.913153449181
781.1625507740465
636.3646315166544
211.47658881845
53.86093269597855
224.86534999300088
200.31900523184322
635.3751149977647
538.1714828933839
502.98583913735274
592.0905990912112
929.5099845015084
50.942742996696666
973.4548250694713
149.24419596322477
734.1238820591398
852.0791645416325
334.29441829047494
359.0578162423341
549.9892009044758
349.63234232795224
843.856334211992
476.4693485635624
920.5495820100938
695.7520291307867
1183.4764971614898
195.669818287347
966.1306594971566
593.4152435146525
89.17186852161036
107.24939751003548
35.55587953039703
921.3387037820614
1093.3607050038356
456.06438884495066
534.0357847733119
717.615185990806
1149.2888960886273
172.81681110092657
577.2919629337271
477.210761785823
32.16587991532578
893.0897316651625
1192.1257595610302
504.6780899387211
557.5595587995346
1052.1186932633084
440.6158367073907
732.5792755449469
597.1667513240067
1155.7593561823685
539.2678702363688
525.3635957568765
374.70250133931216
1125.1281464321728
813.8532632318386
1166.174486983082
916.5731979765535
31.294582935861182
904.2647609332338
530.3009507406251
821.3817323718653
838.7238809131109
1138.4478811539498
376.9178611866385
581.8537260610768
836.0840810306687
761.5350865332986
1158.0190562099212
1026.5358969460412
584.899209703774
39.50980606461689
1092.6508969385561
1014.0553048347475
879.6741494774902
188.48721795332565
580.8807026197265
339.4816131359241
490.51395968866615
1035.5144806703745
648.4912747861338
455.2196824568047
945.6490996828062
1094.338685320369
881.2496962182823
621.9135163850416
321.62757290443744
129.04198032211391
943.928393100133
1031.9369195370462
736.8050755468804
1025.5136093914957
897.6317985941041
492.67253334037036
615.5946808281419
61.21899568630631
632.5728234383023
63.56950066999228
586.8993336960256
473.7114987150967
513.5688990429678
925.2378269479831
959.0621432789421
348.14808096431824
631.9503679809387
941.0780235948799
389.3290733672792
740.0372378698644
235.8383064717186
140.54074394257518
624.2462352301818
121.70804798558913
752.5642134955759
613.5299599423369
1005.8299268711927
406.32023358174996
492.3683398953228
433.83580113991883
666.4042755391156
686.7689522972505
59.89430675334522
782.2369084416986
659.2814246147259
925.2326876897616
210.6117361589256
231.43728506201495
572.5824781792729
1018.5297399789699
648.1224974875798
914.1543705126902
557.910604851979
1019.4357608827678
141.9869375629648
296.60868588609173
1000.0380918316868
775.3147508793452
311.68145429253883
383.381883478128
1164.1848826393634
0.9892803271312646
299.0897268399133
1193.062822388336
981.0804003387942
1162.596061588583
201.46041533540026
1090.1757282144094
879.6102515022999
967.5623645762471
500.20574235292014
444.0732974753184
11.26416203621564
520.19500019644
688.389875691535
931.8191497358898
47.70451029555181
191.1001965963293
290.62906551885635
21.471098201659647
991.8017850240942
275.7684873981123
1143.8387378060559
89.50186533270293
941.8969111202529
949.5444423901242
85.45175367239047
540.1988594158078
604.6029626482388
45.95436474200078
961.893889034568
534.7748250654339
1039.421976617362
1098.3794635339189
0.8085699988930013
824.7328444816517
947.7602993275037
243.08646244617506
341.6857838712633
1166.9809251754089
563.4020674588228
501.0540516881964
1125.8183421129647
505.3750036406742
995.0513697690639
136.99389537116792
768.5697122094656
686.0864683016038
379.70168774901083
929.3372935836953
302.552239748009
987.5306487592148
727.7958332097446
846.3049579321175
388.0329492265847
53.545309826086736
1056.8976409550683
647.5350469466406
894.0421366758742
916.2445117257956
57.7960758529824
949.2952978947097
745.7231003011258
635.983768823158
666.6177231083391
329.93727435725066
259.2470260881941
493.2438667948138
393.60233425929255
22.106278839447818
460.35010461519755
973.2232421076448
331.9327368263498
642.956502890943
673.2666535407952
868.1440954238325
311.9522616353951
1028.8201754160034
993.6582360429883
687.9929536645728
1095.7479925756086
426.5488590427082
673.4532836499902
1191.1432310707505
754.3715321514067
873.5905169875529
431.3039579492956
645.9080427701966
134.13038763374186
11.295553880572868
213.14524223182715
542.4760555652688
363.4409866315728
1198.1006433982836
753.1616402662098
903.0804716521453
830.0375685919502
869.3492528894295
304.8949021246228
306.49615110253114
891.7225863561914
0.8273457967092774
36.26114476763824
986.0735167754827
930.684140943475
1147.415083699685
26.44011069064469
1047.621640977854
177.46397120556426
261.9193053368247
1072.250261681219
806.6768126811801
20.46584056682778
372.5195282142933
888.7955461700258
1186.152321190685
363.81861859345
444.56151952049896
769.2216328377585
680.3636390447973
357.2523029500907
850.5810942630666
654.4112225345929
544.3875142111912
402.3639275263648
522.671260985977
543.761521513202
222.4454368851257
644.4574078189472
125.53730531248486
89.65172430954078
691.7959292609803
758.1938655482081
384.4743931885879
241.34423077670635
381.86930543526483
376.09666273002034
347.1077638122123
576.5086948256665
447.10034186561563
852.7467489562605
12.999657409978237
900.6564122694554
604.9980884954505
800.7499733774241
783.4873136267901
118.25819158239104
524.3111699766285
218.0233144832848
988.4245896342741
182.96406078782636
987.0265641036551
644.7711120108149
545.2275035346335
630.3835044560428
150.92012321721788
1184.4579364358792
387.92874766758433
1086.3090735384026
858.0135250139251
208.14515412330869
398.62530671533216
400.6181274019238
523.559364124908

8.6 17.2 36.0 72.1
17.2 34.4 72.1 144.1
25.8 51.6 108.1 216.2
34.4 68.8 144.1 288.2
51.6 103.2 216.2 432.4
68.8 137.6 288.2 576.5
77.4 154.9 324.3 648.5
86.0 172.1 360.3 720.6
103.2 206.5 432.4 864.7
114.7 229.4 480.4 960.8
129.0 258.1 540.4 1080.9
143.4 286.8 600.5 1201.0

2 5 8 11
5 8 11 14
7 10 13 16
10 13 16 19
14 17 20 23
18 21 24 27
19 22 25 28
20 23 26 29
25 19 31 34
27 30 33 36
30 33 36 39
32 35 38 41

