1024 3.0 0.0 1000.0 3 160 240 100

224.60446234551816 232.6352128011499
130.64194393194683 24.28519558109954
16.9136721073857 210.0317381183514
118.08568210898434 114.34869975001207
181.43249780349188 126.72312110393283
245.75905393608252 224.9441557732341
143.11852437278102 236.88947865643036
248.48666360352672 84.00454553726652
248.1675458283738 233.91005413097938
97.41775613044504 19.938984709473
81.07622847197493 189.20230140495102
33.222221498443034 238.18503881422254
19.583237619149347 107.66288459865928
241.54187477853725 132.53082287695634
127.84342138728347 49.957420738936
235.30090211641354 3.4027096966252337
140.47573733342003 19.894463718538898
212.24530631256275 166.5710145045119
12.82071773213378 183.1239842379914
230.6362820519521 84.79566412931977
89.89027339955923 151.42346046752658
99.71588759353997 49.274301301730745
29.200494424550666 246.88255051130494
114.52029431070082 47.95264731735705
76.99488237453775 109.3489729788476
227.87214438613753 201.32130986054324
233.94783713003386 56.730474551475425
96.7153835698101 93.3109704202572
244.96394000036614 38.281439594383485
140.3103069693182 64.24943527969873
143.41965704136376 121.77516160377017
245.5120773955634 240.1681306950812
40.57199752395277 36.5363425270322
187.8656670568281 70.92550762095229
228.16350127413705 146.93259776848063
139.96045772569653 201.63354079401358
203.62465987381728 117.79913940669087
24.562917436859927 178.97572250777606
121.64192512901175 219.22890923162007
211.55905177241868 14.81513796378392
86.47801755543897 27.057283790211745
137.21288621073836 194.5227299605479
215.8707491259395 91.57385286115571
172.7710731336182 75.22332393703215
110.75496623352113 57.67558529968134
191.0130906807169 183.92078329072078
145.46702191897248 233.20124579392441
5.741698183098942 207.95696414248454
178.37922775471543 138.2580541509004
79.8646834832375 75.31812163997553
49.677075685455264 18.968277472397432
189.4367904777966 166.56797986043682
219.42071829461878 54.086889416896625
103.33266866331323 79.29481305316857
13.785874218707 168.8650888707029
83.52540567656492 163.94612921377959
46.93609609722668 33.80028951595637
75.6754932343111 131.36239731892078
83.46681451646401 15.867852650965741
205.9482065321333 145.0675262507288
142.613156928169 242.5878187239645
89.90191262360179 88.3779338848569
68.22112182741621 9.478935721939862
58.94674884147749 41.74610018601865
146.58711936021095 114.23303439850238
166.8818956918856 3.7295640667472654
4.685480690853311 153.36176805538898
50.510957093827166 113.32903792952312
235.78841781888175 101.09837664662862
44.61076319318658 248.72245581617565
145.99283772732483 199.60673214263923
115.77416558136738 199.5255264482832
24.653027511418625 186.58850796667406
146.211247705281 36.0054212271661
1.0337122543889188 137.09866396670816
51.4278868807958 109.43199127849815
32.1589930908967 148.876427807581
194.165418661395 86.51832626533096
63.529474930693915 22.814305685927295
184.74108383128018 10.847143268334442
179.02870799543487 145.46260930916722
112.65876256632129 161.85945025296
204.2280663938697 8.092625532790443
107.2396333677712 50.259662494720445
133.79234084344236 227.55064192072308
38.37016163271315 203.1733823919547
143.36966110062258 21.118237696843178
101.73265493487871 72.73757217540059
125.89456725884446 98.08971011175963
37.61683359425247 229.59617635386016
174.45586552362224 150.77701578616413
189.87010222923112 88.01975397685499
92.5343666299254 137.79043830722455
89.38366654861574 41.85042797592875
111.28656276540372 216.24945187422531
137.10181001839334 248.3962392304267
37.34383411568432 226.9230331761642
136.2305272441694 33.42647481329572
230.15662037885778 58.098596666285914
104.91372832001053 38.040210680288816
86.79419096158111 154.80496489258184
232.73017596328532 57.74052756433743
84.70956750765 168.8524070364943
217.36570751772683 215.12067742573436
163.02773834195742 22.438363717651427
129.59847983386132 88.24184226882726
236.18131639466654 135.31925355573668
98.65728912740151 140.05417888656362
80.38492351481322 92.72709607861212
16.555533312290567 184.0041732145997
226.97329356418572 242.2991102404928
73.2700317219361 140.5540904528693
12.803142523446914 235.7235773571978
37.217955772794106 134.574742362573
45.239868291223814 63.39548609689233
231.1932049775781 33.27819235156293
226.64838717206663 155.7872578144898
58.46453428801859 191.06151947863103
37.248047012657686 202.16082891330103
150.70269865324425 185.36705584436092
240.84204887643412 219.10937358427486
34.774938213087026 142.85270495413033
100.38903859310885 219.99213523588054
37.228146750651334 156.77820892939172
32.1863304295924 242.00735896850765
247.83568710249273 189.6024720988831
110.36318318923175 103.76828312959927
203.8430497103872 8.388056417067524
86.1772061209532 101.12053431339146
127.80995399234108 40.815081617270096
130.73352225528242 63.92801897947511
143.82217876326246 215.2909158715918
77.77884828139372 178.8509413747225
30.043706813955378 221.2009152090972
18.588957856720377 219.5775171504179
149.3152926952515 90.86369598777513
205.87921880147408 185.9301804836801
117.46062551673711 24.88927248345241
112.46718007887571 129.3273520115482
132.6593568178822 17.82287414823294
56.364554943688496 246.51342171989668
61.18178477277014 61.270887545433695
130.08048888626723 41.25357817899755
173.86212270812285 247.6411027971762
171.82444261547374 203.23493128381313
48.20817847596337 15.858180656004778
137.14201592147566 163.28196774350363
238.50419548647662 45.14506694563908
223.93806096199862 63.80546437810764
145.36188895591116 15.573349172546214
27.355614834514792 194.79668469054934
52.93076138055597 117.44085334629081
127.85978634920251 48.54616120085961
63.28842481932273 54.5052970142485
173.76925397839537 5.727009856428849
147.16397263111278 15.336123990075945
247.82962368400757 8.862409906880087
211.9175710465515 120.63095612064339
124.01328075132564 118.41227825782572
119.0223829659392 169.35688136855143
233.98864329625823 169.35706312829222
141.8613736072477 225.87000143687195
242.86353268492275 155.82668956045876
95.17225852884486 184.3928381687564
52.158191984109095 15.972215557577163
149.85345952983434 188.6390449064142
189.29773632807806 104.37441530090616
16.118931552481758 87.08309588893687
101.65418249374328 116.77144679479842
226.5887960060462 89.82790760756885
52.01547452970523 126.04059872481824
172.71592323360315 243.4172140254387
163.94513615263523 247.44743968131448
113.03949522634935 64.27872262804898
96.93731094739854 131.0053228790762
236.9961152991583 248.6822179290723
173.58273184656554 105.65571418669703
195.50698725067593 193.67876616178614
10.838854125562014 12.524807999057808
88.96658537752938 21.916252418678006
196.46807655572354 245.51472585560734
116.54248696814332 135.63480177089525
52.31762925085767 246.42481119326663
106.16263274920112 107.42392038994907
12.413891997338277 21.555261727244922
46.40072805449627 155.39406340900535
152.47145750434524 80.89229292600703
109.74632650948821 0.769787548907136
16.292499435845876 120.9448578743571
189.68595793776217 0.7176726350146267
203.78949337163075 55.46629041703352
158.25462727942357 166.86358967166302
219.9152188642092 126.04957779438308
102.87524706708994 3.4069193712348564
192.27457114350406 118.5982287796489
54.96463517110095 115.64285661269535
101.79168850382791 53.786708812190135
207.67575991922826 12.816224719249036
5.206979322448957 191.04977847567494
180.85527590078738 88.87704999222609
198.36464251711968 49.68359207492995
80.53732802374932 21.78283343183496
10.078255427162702 185.8480583469663
13.213333174228625 62.739511024223845
58.746124821008884 124.78957078379119
200.21663590808015 249.5217797822537
107.21992752583931 103.38484330862707
181.35683051409205 238.03127600276173
140.0380829152104 21.849509946436363
47.62347878746384 194.42172763709942
179.48255719741223 125.38535578405389
188.87431766679293 10.396356694032438
181.01368781843507 192.8855067431095
94.03974367474655 36.057024809296315
240.0212680180843 86.38747817273179
224.38352726567314 146.98760502866986
37.162146822795115 207.57260312940664
79.29378307025416 67.98570446154706
32.77139096852469 60.343013392429505
63.50405116193697 224.27837837326854
161.08234199727656 226.20655344902195
208.84894900150482 174.47362952354433
68.64678756808864 31.420636752866216
51.96252458671785 248.87753689850655
150.2121445978486 227.67841353046094
232.85224626252216 111.01696624707661
3.437991367851306 55.92865361824664
181.38095389926346 159.79142417961236
99.11706797600772 186.2523029329375
59.709988852697045 193.3880935193883
208.47052626283153 134.73723836155085
147.19894903077827 103.39702435283817
116.74901444153681 209.29544954706347
192.08797358952174 180.8434403082153
74.554570653771 128.9911601540587
146.09127328197695 163.94258524132812
36.53737258020689 190.2410753590746
64.4313649274687 90.62257405281107
204.92175444193447 3.3570961247773035
145.57495616401684 44.14526315872261
66.68471688286617 169.18116629054694
137.91530126670548 124.00244648495365
25.70729038783562 79.77760358661799
143.83729626316762 190.25747311220616
181.0776393091972 9.413865925795934
89.953601806124 240.7120257918927
97.9756870698 195.27933374459076
136.96527610650915 193.3710480955169
240.07492723638038 169.1254288288622
8.663728823189999 121.66912466053104
22.926853445604106 36.65096846176385
189.9817665810082 25.923814109207132
153.30599730155348 198.8434798107415
47.917152349540665 117.4597593086785
140.69213844011225 193.73942689903137
50.60230943388391 67.02741686926188
44.26186034256813 107.22913435778358
139.56552397115965 146.2947634172908
165.57665356158225 163.44936955398663
19.193339730103425 138.7780438601045
248.25614812290922 172.85153562203806
181.19038560827184 69.60458733294678
208.48168761647594 96.53048155039959
49.544439365773876 14.813219249132814
189.2726873024941 119.02985144604474
94.90333064508147 164.71309293265213
224.89531246250993 85.96788054646359
112.7090955891441 128.02369927873525
164.97476526286968 0.6878843833073855
114.64381702858113 94.28723696452975
214.21336139903067 40.26337564848681
24.8062783320073 199.6187897010169
123.89552919068825 189.9210654461599
32.84048941191006 220.5333236366885
21.156424427471233 170.5192175167187
240.2357523950932 96.52859745415742
212.79071421815345 148.5842183757823
133.05889613977766 192.2109972286768
232.14637177386828 228.20567032731515
88.16418305109569 214.69971353425842
183.686144634543 82.88575684331559
228.84635728859047 50.09661290167342
76.04156182134692 31.21781552984995
245.9283307001758 127.20000347304932
213.31754469046828 115.45781186488885
44.8784672454067 149.86235400872044
156.44402960153198 235.4021519361691
125.84428680055795 128.07992309725813
207.84141414171435 122.0391801952545
100.48079645492267 169.03512184834747
122.82730823314195 125.16477897008765
50.47138350474961 47.922061519105306
28.52001308701216 204.76847881024284
116.60504821352762 78.97101805822221
230.68999876051427 17.16417499097339
188.06877792205216 238.91935649192843
117.54179427578975 137.96569763418583
169.14451525367804 24.751566103948548
48.355494897218634 55.42870601314576
39.6209768412876 109.72553740756751
55.1422287459368 67.49173605701239
48.86705526770888 100.45270123083137
90.48427402504078 76.13737759766644
55.53675549111611 185.77656111924895
57.087719152692394 30.242544981191138
147.69043750816107 64.20524432866995
159.0498870106521 166.2009368364559
1.4056663521421209 10.721622011205994
58.956467122789206 161.62628858347117
83.13219589645578 206.82470199049578
122.86952308801627 208.67572204637915
164.45307092231332 184.14760391957068
135.7216888834512 14.293848255529651
73.59019571441073 99.49698605648474
206.4926149870423 48.9726267634637
104.96718887486762 200.61283896696958
231.22687760194114 245.97425630427267
235.04097899794252 68.80467553921049
166.14977975978633 197.52065646736486
3.4124356884068785 223.66047079948913
59.83554361943785 214.2619654688386
25.566756701788734 154.11452010256804
14.22832717898137 242.56224293403818
184.31288371774713 4.104332241640196
12.867859222021687 50.28760303282851
8.22337920793556 46.853803051468326
225.1666082899152 70.41599625372277
170.19572132031107 57.49752872852698
162.20610989697008 123.36384171510798
178.4910453888126 204.4389226127025
111.86396563844481 117.69813177978236
213.84673977014853 221.01589141182882
30.39980239708476 107.24676154351903
204.3525158705309 102.37252968401822
33.31675757633745 68.21186154986391
244.22064274448542 62.524002983723484
43.841596658862116 202.06993471415765
54.05263467448293 82.02083919543831
39.20826915324027 68.43874259331129
177.69593836264383 160.48212072208565
163.28403449201483 90.66522397075008
231.33794032128148 3.543149767068127
5.16579944406867 142.83488062051734
94.5800875155752 249.2251273519812
71.79180822273295 238.21255942175353
247.1115146544318 91.2774245210259
43.86065163915101 101.90596223274959
47.514332061349556 1.4494551001316414
183.28756442757506 132.1494866849119
29.835868522484237 129.7026611860643
2.5045043630105015 56.307583432617434
106.42763630507929 10.830117529962436
236.22312882291646 140.24068552393425
225.69117782663574 84.14488594778324
207.64273637975072 65.70553899703818
98.16951694081538 89.81791626413924
111.39832304267402 32.953242284104874
174.88655480013762 211.47987460006584
54.154788951513545 76.67886583037964
2.051461880731964 148.34199531408686
101.11646215774114 233.68523699063866
37.25001478356571 26.688291335586673
60.19673145796689 246.779269116845
194.83835335709358 184.93299955656252
114.16276753525715 174.1267334027914
82.89597805506426 74.65974791519727
85.7897441068724 235.9993923538227
208.12361041427621 203.9587728097081
230.5684707520307 182.65918592002996
81.81253702075934 55.69151435073308
238.6897929534489 18.825784285888105
91.23817195718034 102.47299033059429
143.51730214480514 130.71677166340567
14.88293906984306 62.63540934072395
185.7728020989556 63.876928966992345
142.320630947394 50.0066113669016
125.72554637320191 112.77657746195844
139.5287711429975 211.74728862631417
50.88806595535597 24.19191495955894
152.5103372994452 225.96598962882663
107.16944101845007 143.7059135107242
71.12685044882538 190.0335092645465
135.72429796936942 233.84886874959372
138.69959042459783 218.41414178066202
92.23550209542525 48.84899770973336
48.673878842152185 178.4381678622113
11.231320635124526 70.35187382711638
9.799574068302979 49.57725647383854
64.74678093052184 70.23770794049372
196.31031570609701 145.37043020328812
17.462106804173956 85.92915218544775
7.347680253788319 124.98308517658637
242.13638984804354 111.68318833685309
247.83975239928378 226.15481209048764
150.71121477207774 236.788665731309
107.04319533913504 31.800779330541403
208.11969922976792 5.78852208531358
227.38521294729813 96.53753928274821
53.18145594150864 132.31580545071594
133.45193820991466 200.28350652887016
185.0480285373868 164.74094748805788
8.683735810753296 215.28769082458183
221.9454549040676 6.796788492034328
218.06709002944962 33.90059351843641
13.883033985598287 66.67147213624008
191.8046581348069 63.36978842621136
218.45024118710322 65.92643466206275
212.72317893762764 206.85314910063929
147.34140122262656 34.80162774636889
96.71506499960356 221.7776341150098
52.90948313341182 61.95535760936261
99.37485477118545 115.98005681274675
129.40626529182342 165.32944643141198
30.055232242220814 104.50939272007514
96.34850655227814 124.61305872982258
148.39923636114085 195.4748647894889
209.2130474834859 9.29617279468431
89.18376802368222 113.68766574715697
48.49555234425495 10.283898153709197
141.88759100312268 45.5566982059615
52.1971361708175 61.42229772181354
7.970630960042385 137.05491141857863
56.016423694395634 92.1373388248814
171.38768492726166 188.92813302477313
15.920940439989872 0.38270152605610064
62.19370797099441 108.41994345114783
215.01122806841218 230.2312266377845
125.74915694816741 133.50521437085277
46.18735871397101 218.13121933869064
248.08019028567526 92.96636994760338
102.9917693081244 79.14677368186798
124.77688776287208 155.4119778718529
126.04839681667492 217.86578857308322
124.95797240353416 167.18957484081696
127.85778122872057 33.07006219898001
184.23976082211232 209.236751714513
95.92129363253557 116.10785941103826
104.88424703273533 98.83373572353882
113.57507951150589 63.695172524383835
222.78504050440836 213.95514383578697
149.5033761442374 225.67686760868952
150.2124099770265 96.56008359556003
177.13504031322154 120.52097570416639
117.56914646031535 32.623214842805396
121.09481346058007 245.9446442361897
117.97244564247089 70.25756234052209
94.31926705889623 201.4974481144028
228.45702587944578 245.15656664370186
195.90988056239829 78.65573022413885
58.8349002980956 68.53488211451975
124.97654829071494 151.22269669950074
185.96859604147272 100.4230087311074
145.05902552724348 6.539302527963503
64.63671358327439 212.13674046534163
63.6639513678188 210.06061818210372
3.564987926075236 190.98962481972666
20.512353290410374 180.73047155073195
84.18376989301213 166.93967253773263
96.07363654323848 218.79041366945515
154.1132653961862 89.51968852693939
37.81945312071111 158.52414106962954
189.735326010884 105.86715334264996
62.011543408248606 43.17383449983256
168.62741577102398 139.31813369175512
33.886595913216716 144.70800172334714
149.72120271216562 175.25880703499774
57.19681881099126 126.59637297737846
247.38555297766084 246.30054470375418
3.326309638445768 193.181582873334
80.11334466975373 246.17909964053646
243.19502993753926 217.00233798271066
91.96086833335102 8.437346395862077
240.81284992541603 62.06201625230151
241.85414970546952 31.664147280779098
4.76589850030773 118.48136660510691
223.62397887764195 17.874917110371868
103.37951203422286 26.18104056459167
53.53313328264933 52.38319116023482
46.13441985360231 192.32892271050866
28.830152837904162 159.61869838652936
86.96411245138997 179.12908655762877
42.92339308924245 61.84357419609843
163.33581454153483 195.16692289904768
55.1990330700752 122.67302693959692
135.7293998486414 84.00390856026004
56.362226405125924 73.02541242939925
200.63014444063057 89.19634153563976
73.30802793812727 151.64107043147314
94.65095220023323 156.86907832440463
186.2112821192832 49.146637870968235
208.22601195289727 149.27087022083515
102.18270363333009 94.20832415236252
236.30786734396585 187.70754235082245
34.15302984175175 163.71554021498127
153.71271435003158 146.4306182833436
62.50011372394493 74.03982906296582
203.77371306615967 29.641897302853078
194.28431451162632 99.11149754880313
26.718361834756898 92.70166445777849
173.35006923659827 62.36621152415947
73.07893649469548 67.60627735125757
219.53324729900262 2.5389121134430646
247.96215779883445 16.5959464790183
15.474249384049177 28.958365444662153
242.24805081325476 205.99119150197959
63.70667972085781 203.60682414304353
146.19904806956757 73.26262691186339
96.08218576208668 201.305180110191
207.6788430215888 46.36952189853302
220.18099381195466 116.09627430295319
64.73115940514235 210.59522842090038
47.67540517958594 189.03629757863533
132.81668575689235 176.25921334186916
85.63087982119619 23.633610971398404
112.42323750881702 218.64368293175215
230.93169553320112 86.60041601036514
197.41196749922202 27.46231815453326
217.4090948970117 182.64870947472414
141.37576600549295 119.1276848979664
102.70820858272509 220.59483925228994
135.37580251317894 180.31846051036038
164.40239924631615 228.01966381776847
90.54781734984415 156.15320780044308
194.40476549325584 78.13866547435758
62.057592654858716 200.21162399055513
19.351376320331237 158.4171885806345
230.16199280710958 32.53517993787072
24.986053401288594 80.58132100255075
241.44273094059972 92.1104281276525
77.09576011587946 220.40915950284625
82.96847277958258 183.72781169825282
220.4584086170302 137.11635647800014
115.2768304072749 199.8713079429388
159.86628484071937 150.47777571512142
162.25504660030623 9.390144111476346
94.97302918474021 85.50434324505868
225.90015188424363 83.39331987194781
9.183754288293406 8.173068571547454
125.38722198939669 231.4885437761007
156.35264589840162 34.19995073818699
102.79912143471087 196.66205788626945
29.173354082748045 81.79654051878224
38.1884121018542 205.96214798638343
68.63186914689035 91.05090205176633
3.898660368695933 168.16208999425606
230.2849100054165 113.16378138629892
16.317619007832214 106.8959748191449
50.17323887780989 125.92772352110704
110.15150184843888 46.246871982325466
248.80567984377714 69.50235574203725
103.10225092379663 108.8337022702722
60.518505466729266 202.31263046741427
124.00084875706199 170.74317224528835
200.8027788586848 195.7550762228031
46.761284255519094 19.5260517752385
241.58803322881948 92.17919501019297
165.51040931417 209.1677821495541
55.75314807213119 245.9871419451638
202.60533639159127 140.391111772766
145.47136231830268 159.01171289294854
91.11151282279206 98.34921806507863
190.88053568527704 45.77874857674291
25.230222664640422 200.7720700467729
158.0258016913331 101.53920927482262
149.68372095574247 89.42988011040126
161.86247851865016 4.193798722407049
56.975639038838096 73.98783877014736
52.44558776039273 83.78563459018828
62.990394646319224 77.79160629832138
230.74731795605615 49.42290682717318
215.05140663969445 100.68237888838358
43.31101872285969 96.24545393308503
143.56013829229101 139.30645604837153
177.72684415575938 235.51091488976982
51.62694617724989 109.74059523343776
224.9474224558835 93.55696157919313
39.71348093020563 213.89175763622194
86.40781789193025 245.2278105941717
193.95700006776352 72.67591806397859
158.69444112419603 106.27028131750401
21.95940462898807 38.424228533975395
209.63358423427115 68.00716944337914
66.41144297502052 165.0216929734626
246.80817039078184 154.34585447521823
196.38372702390342 108.8166982944779
210.6573642023675 182.91840859281254
239.81477342338414 187.19390160998714
21.899098639389464 205.0173014205114
234.4083238251924 88.4010883517975
7.674206057668526 56.55698834762529
63.556686215862854 95.77961240114396
4.027901133691724 242.1435071342666
216.98516138900578 10.205115860479507
30.46984768527758 168.82098022886404
118.61730341937624 174.03336176749937
137.5739863743702 27.144053153202343
158.234945882862 245.70037245446582
46.1369799444519 211.22776754938806
207.67292584720295 65.58630307223306
18.85756772367275 92.517825780215
80.31304290306915 93.97467384177477
174.51668438374094 184.55005876147064
110.70898526570555 156.25064405301313
123.95774415886454 37.56589344485875
60.11292880227118 76.4425439114923
192.91294193301457 18.35909483527953
111.09991078901434 136.6746177692845
14.453916948059476 138.77063706487323
45.379365222622425 228.43081805960816
29.46956654361682 179.41669518250254
222.0494015093163 52.801705262110865
203.02563571480567 124.5536507355688
156.168106407114 193.89138222914153
49.20457033299552 78.37638809615896
61.80227250399836 53.08662879411635
219.49564916099308 15.291050650994704
112.46481593702218 76.51323198495919
30.340526664722837 221.5517524144776
52.55588706132885 45.92795721283474
23.724553433785545 187.30443603943033
219.99722736945077 190.59838368096135
44.7854655659764 17.395826281691342
136.9821508977488 54.98730864452517
154.53791473893295 72.14109160813368
61.96920514157228 240.88527160449266
241.78259366839117 21.727581359269248
239.18519566207834 221.20930196647168
117.80831616925417 114.0378291462292
131.06693799284608 183.26644342589802
69.25455555473347 94.32167061769096
235.5984768726676 161.77360806638282
199.35170570180398 109.37543245911019
128.49007328861842 248.2812749567973
31.2176247461409 181.4377843454183
70.2811823749854 14.544360768660086
181.20481110184096 76.17295354688666
122.65829000873916 72.35671270449758
189.12422789935036 116.29427471569778
183.24115962639095 225.3150608687279
141.5762092285021 122.82131417952522
159.83566502739737 209.62796606706198
158.87772922878344 89.33056118270358
83.45900922604935 194.8888717531499
214.92679657078335 111.90104442419785
45.40345102221954 13.472926994512802
200.18317068852664 118.84566590131648
229.77593622663406 198.35272543891404
205.63472895483812 224.97104106097476
165.27915953254788 55.96685709548627
53.87615653772887 186.8108628816611
34.719286405245185 135.11141271739382
148.22437493217026 50.5943756634489
18.91212054203112 193.00465619343268
62.0512367770561 203.1132731735312
179.6915023386898 135.71871318574938
46.775188377482095 124.99230752421472
208.70087513524695 80.15241934505035
36.706157939190355 111.70337515456069
187.18326090138703 190.57973537391928
222.9282908547537 63.51181258980424
237.59796113061802 157.80197725947943
96.45660639818621 13.990505372427936
37.44962202255383 4.175202839948488
11.230629631539951 31.947634740838783
243.25027651552708 10.173399776505555
100.32247840761771 37.89164750874793
193.203600044627 140.46098759482865
26.8557516303147 19.081199855349368
135.22621388590196 216.42303523232042
17.80741102916353 15.848162004942573
23.062233816298765 152.21381069347356
243.73180424233038 180.802079694528
155.80288493729486 142.82253239637345
6.084182118028219 121.03751975379842
121.46418309057808 29.81687935318608
188.292692236085 114.38399034063661
198.38934888506245 21.0726421821055
94.25064790051385 134.24140127916823
195.90209117188294 18.583005852269935
16.060179488062765 111.32657312551314
90.24750410959511 232.75780332962353
152.77555676890177 97.1965968369567
74.91257928845494 45.53995308203807
93.07600241727343 58.469408563156854
2.2341604471773913 49.13559327828618
123.61797705976224 27.717753934591084
215.90111790470377 233.6789145532093
99.92527320955566 162.15620806853423
168.81900848029437 13.632291401005581
117.97545370221118 214.61124098899234
133.35743096274052 229.6191200607585
30.364761182736288 128.48010657868187
249.71611714090574 183.5971639602325
56.612618533592205 3.217381316430096
208.46321294740315 174.65366508472667
6.627874554707009 222.04549681796718
142.56944238002282 246.53266510783027
171.68770878051885 68.99942655285135
173.32501557880545 110.5512403449408
206.95883515398017 158.6382598458569
93.56179421011754 156.86930192437157
139.69830990953565 233.16714771757393
118.54800952980807 46.809040682356304
107.0637264695664 86.69896346454867
39.340054934446975 117.85428854519344
34.85532802566213 68.42919446992998
248.77136941509383 20.159393580123446
132.0671148298922 75.80914343246411
107.49709193600779 44.52680732482733
183.90913956036937 56.605837666728746
55.59124010012606 102.18682179554133
30.91358784970036 140.07306556704657
186.9648639011351 191.78498474026404
139.9007914252077 121.8853954262621
51.14253004852423 60.37091867451597
233.5884696519391 216.94223812519232
21.30524515818927 125.19618694836373
212.1496058000246 110.12342096962502
153.39155779568347 165.51082972137328
41.267911604060515 38.18453761165577
32.37681153488289 25.88606730262932
153.83401778029452 130.38129570584132
230.1520776152947 51.05585853435346
179.62417226257153 38.346653541166425
41.98779125376964 152.1880495415585
123.10585887596834 186.42938292798246
229.93541344926095 248.25329466614156
151.9567723607292 239.60329861073313
122.53913318177823 17.54293533697676
178.1758771185079 106.53575939583884
18.54850237833716 164.50721255723442
136.14614212387986 218.13735199636656
119.38095004028423 207.81266913324583
37.52772294322057 53.940834918506816
217.05321594842272 230.53696910723966
155.47850035602286 166.70885555254966
231.7662114444579 78.72104700501848
142.84156883513316 98.75653592095449
164.48759626467933 13.903604509704376
219.71864014118378 135.80794247842573
147.00179980301428 141.10895698047773
4.624769698807707 118.57969502967289
76.3043940931214 14.652133369263353
81.0156903179253 247.15767433359986
203.11045757487219 218.77633906425694
89.47721695465768 194.2059108228935
208.30304520792328 220.53457872807846
35.1460006698423 181.75374096576923
50.03431238643524 170.66887036486276
182.76851127479637 190.25392280677107
154.6564513732841 24.57492921187643
185.13451352636244 97.61402702886524
87.10085817518598 197.61928281440728
76.14985073927333 1.3593101282287634
60.19731511488313 212.84494861963236
36.440120258090374 133.62410705821284
45.78655167355233 109.24086511881026
80.26316340705489 134.6333876561837
88.30959534848299 225.6285291385411
208.29094659700579 33.91893340461971
206.06377342790984 232.33358096556577
65.61053064305996 177.17936488052345
88.40504458432153 230.30431336484386
240.9254640322361 14.109312013626807
114.40307879690312 183.47295157069294
225.4672295183619 55.546506502686306
150.9649328843378 91.5308828220534
99.33772928287965 27.36304210204618
245.71459771043902 221.72159072121684
141.58325568166086 17.49707031566966
179.26370345058552 159.61990921300603
39.399057886952775 84.3519339284308
83.43870571716661 248.16145313116272
20.493601242118576 242.5167524276102
36.091634515106804 143.26163125316924
118.15558965593189 27.890087735571722
241.4305901412558 166.30649563222445
122.65959496803139 97.82156364869526
111.96875441135842 86.83333577816974
130.8224297709406 6.091744436593938
10.70720772746897 231.6265176007916
181.22185976292317 101.59819968332998
161.90922840091508 55.595213057810064
3.2007720165797835 116.09230109400166
47.65980607222203 106.24339196488597
55.8129125147184 60.501653922903905
44.917516082868815 20.432316700052798
217.21800836768026 129.81335986450253
200.9703573582252 227.39986607685356
28.684976385561693 83.07238740153275
243.31795946227473 109.65576643466213
232.92746303278673 18.95588986322516
119.65695039790236 62.551577611488995
40.98414998756642 120.5793291476056
26.518489383910882 30.275148166030412
78.11605099511165 15.538134188952668
57.066804272277224 63.21728180557451
228.8378234083759 82.19467863124733
189.73547540480155 127.42330421204348
104.68627675471437 135.90266420846257
2.594118628772457 189.74013838583443
85.23808756354934 86.99433711951349
237.57842812887802 235.75213034617389
19.007184114456454 55.4740629893131
73.07562415470936 211.04760772869545
189.4476132652518 73.75848048709905
76.2832358493756 200.0824885233712
83.66800018178039 220.0321618786668
229.620769044341 119.55860319314631
152.11046571396736 21.893959002130785
75.64838425672143 63.636650563378915
241.76353604993915 93.88462783813605
229.97098223232288 194.56555654472015
5.366219802066946 21.86510398949981
108.9703706953718 34.073196942529385
68.54480030811852 126.50621091581529
230.7158009461237 64.97645843856878
143.7674786550097 155.4263379695038
67.37762248284007 42.9100280649739
106.41790527732466 54.348661952812655
85.32593736115246 150.25823827419944
28.151430309231092 47.804574126785376
238.99324314713226 192.44604896565815
226.35546534518997 2.84924240819176
178.93781528090983 167.85601063406662
230.72745677872214 211.57570716398675
218.23732451174757 162.92839386118274
47.11046882686837 48.903362668855834
75.65972027815319 218.92496389732668
218.13671502384773 95.03088413860807
2.002925731226707 157.2747276677749
109.70350054308558 233.87996927369292
160.81239929018165 47.57442206530191
119.18902531389783 79.70933872700228
23.534704377807607 99.97201567537553
115.852972826128 102.93329419779957
233.92914537944907 123.75478783849955
201.49318368951194 48.37334171467755
205.1311098994174 128.96885478596056
32.21554865530018 91.216393973824
100.58148029468286 24.092328269131603
20.696100615385237 239.14659845686253
88.40534451534565 193.10044619669358
17.2339331650809 24.276522283831564
14.027863528725259 71.16747816592344
6.873504089068838 223.5757151829397
131.72124941634715 184.7085324032855
136.84973127890632 107.1824929580546
105.90733168457639 177.88030413541318
63.37208156080182 113.41825966942467
246.96929120034852 234.50665556685567
200.8360519369012 219.6788879901372
39.21756246546831 128.60978780574175
212.05343397498123 177.17575326334088
8.741864949557476 211.53919757955188
171.25916279238896 114.67196914623862
239.77674732193967 167.2601345719373
3.7884253848785576 38.13157461738495
234.8257237304316 10.307029867919898
129.48821476998822 136.17343116308356
117.53073311046427 128.044515771062
136.87899542696454 159.20300384822266
211.23842792715416 221.65537001776903
202.9245210221681 76.80015291230514
240.53714898354553 68.64617960435152
63.319607095951355 73.9434241347014
221.622676795408 125.25665262444748
215.88550304034183 41.205104111435354
135.84901861979867 151.3693741978635
125.7229472854487 30.885103433153148
163.65695442958284 87.96660112301704
89.56661064123725 16.157798466618523
136.133468380377 249.572925569824
152.55223031473204 69.01981921880947
203.2373697667368 7.723347290281291
136.32958125865522 205.2499836029348
166.65745293178875 202.66607748077004
137.8697087045698 189.75037669728877
238.80610230338036 219.7998063338724
105.57505814596618 124.82580727490455
116.86075870385467 4.973698034106216
97.14999941680632 50.9177142430903
168.25346364526575 50.237168427058805
229.70472604071705 184.05097244762783
131.9612086570917 60.71105100569032
123.38938326959365 83.39823637230786
173.27150478475622 132.82700407531618
182.88812119166855 213.76375554875233
150.78451917102882 72.40724593400485
238.7130757914918 194.95213440137002
25.591454366745896 99.98867455139774
201.89357533458607 22.02015069863192
243.8333394783301 28.44619657511241
71.45066032180524 111.53429727348681
204.74015226068218 95.8553116629002
0.2400268989905252 133.9091320852311
106.33321633709028 247.95543571602104
173.5047821687849 153.13824057654514
165.56488731311865 85.73945695953297
61.718717856988874 117.36016445542968
17.813830462111213 173.80139275709365
86.5204506026041 84.30714172412382
65.3858639942028 120.81326322455763
240.34366503102552 2.84372834959401
89.5118798554009 228.91531130410934
95.48702894696554 194.03940676553694
156.40464935245248 222.95615330699593
70.21486505538749 178.79134411961482
164.35356817112074 11.00138417884411
177.28294657680405 39.342815128159955
71.11232647731974 175.53349052210092
162.21927150218337 119.30159143571437
14.96605010016952 13.89713430688541
159.81151457661372 174.40792583166407
30.021677184754793 229.92384113855172
83.0696945273198 206.8132165343943
66.51447241107155 108.3822874638933
135.56309224736682 75.57898918840783
92.0130482293898 249.49264825355527
171.44175176682197 51.08622036636304
170.15271485276642 35.345748524822724
98.7673460854481 81.75670883866223
193.54917596465748 10.964823087445064
163.5200556951531 122.89272732616335
225.82543209478408 125.20925336447169
59.41721257720003 181.70258028347075
106.00613881647267 239.84598680872998
196.5381634717859 239.91995399067082
54.1300613688431 38.053894057335334
116.0774862310499 214.8582600725426
172.6462333246721 15.762447054289225
130.69163192157907 20.75722434934385
70.88112047285519 240.1164113249471
155.72008835307201 37.401249240514744
210.2792075956905 208.50751227262214
170.79220980058594 32.375856032414916
244.39884477953228 166.07930721716704
61.61577984764294 103.69922365441953
94.0297594132222 189.24776312518173
247.49055775023777 200.65922238713185
45.05170140652706 160.84758788181603
238.09428313828863 199.62633923028076
26.322195360579503 29.695835901853982
235.99942590622967 201.60835927208518
228.35585024453474 234.94630973614812
3.146231154550705 116.2280589940765
98.60750813785099 27.984356399712862
91.79759163897619 18.94095480015878
174.43944155927636 13.157547858504703
60.94425396099193 56.445561746738036
150.94103299417557 225.60960326430964
100.26849484266131 160.5993980951516
106.52773991723704 134.96560689324187
74.87041037974787 159.2571566156488
54.66175416800168 142.28377674238044
46.38067898147077 63.49950396890086
202.25936891187783 91.78029698595743
185.42834632497215 227.4446210140084
178.08041827104407 152.70722493692026
215.40395036830225 34.70625276413591
62.705706231995336 204.49032294949475
188.19031359393028 115.71791168279863
191.508533885802 177.837520179688
133.94902895231607 157.15041935085102
61.87591750913765 24.983653363931186
13.016599803668926 51.193376841741525
197.91194215095658 243.1316505061845
198.18164907072241 140.27224074769327
133.70754895785524 26.486217586388694
51.4483499797497 25.745949908746706
234.51051611417233 222.49467273997024
133.61399285900194 24.06972740927163
186.0467851259645 43.98636532446123
131.02208501966834 173.49680532447357
81.30455837439476 59.97126316840903
245.92949099218356 208.27390910111228
206.34942012195108 197.47241520370122
231.6057093436125 163.99995330122206
172.76048350074174 37.73875158905632
194.02224489648196 243.64049181249004
100.59670605976939 239.74508263790293
131.06228085655374 175.79684630571123
1.3488679019350858 13.315632308855935
77.48852833134828 154.53182846464418
35.31161878010261 34.93923057634249
240.57370076789786 230.17109822262464
247.0177796773657 237.2562752676438
110.8886228446064 54.648055407231446
20.550291096878336 205.11000578402331
51.38189445080829 160.70659230561316
106.76382433030123 97.77947817483154
86.56816905673875 136.73290574692825
192.62924396395698 89.57153050149088
212.02053922746813 83.33656624447674
183.2230009653648 232.92467478499947
43.75540181739168 54.918943811877675
81.97791870765062 205.4686094426829
133.36019586646725 177.11161873569569
224.75473551783597 68.07374887370257
221.12620208455462 201.57838232351358
157.7049110511964 73.48133210836774
106.09696250257313 49.78239455936465
63.72078683369975 184.31871536102375
17.981283098614853 7.828284503065191
179.57816281257382 23.423033786855036
97.49237222348513 132.21655372134225
206.72523771447152 219.63614128683554
192.29293461596873 2.610997133246223
129.84246651179404 184.7508716190878
178.90666922418637 227.3236287316362
212.94206745775108 32.947646217106914
181.00641080226893 147.2707578468529
85.28481355745166 226.09275845218173
147.84077402719225 123.02316643224206
231.343248712717 214.86678221887126
123.33011368031288 10.050950959102911
203.63143874031172 171.91609843736046
228.4770885754527 119.66524005555421
141.07849252271006 132.79023370716817
229.1352797721507 51.336950620794184
248.12126214165932 60.90273260727433
179.40480800007973 232.94673044725792
108.98542081653193 211.83176777062403
90.60660116204569 222.68499236134448

231.58093528034914 230.9912330456148
132.5328898406069 21.320375517973584
12.71990938159151 212.3588356146778
116.4244732214039 120.2497903054835
189.29436581794948 127.06664770046588
243.76264160853344 221.6745759053822
135.90039507576594 240.60562967784062
244.2872155985475 86.32695295312543
245.61266434602388 239.98833297483827
102.89128643530351 22.667458979791387
80.06189317709692 186.24653319076407
40.99587628616116 241.0895901288868
17.90258952792173 109.39990473834239
239.8879194866315 124.39174645983941
123.27705730718394 45.682875729098186
243.18309976222434 5.189678504871092
137.00199092262724 16.20473947540124
218.23401714049228 162.01926228381382
15.850446838420435 177.74521957161411
236.12396113037047 87.57536611225794
84.36551991731142 148.92015757486206
104.7159608832328 52.80445095065659
24.80006724638403 245.89063912040302
117.3525034635469 55.592348547075595
77.80987883970553 112.14353208234643
226.17919230950244 206.64140892265252
232.26657391465378 55.77244874578457
93.62867566921149 95.04430534971748
242.2876184115439 42.44154994783902
133.5200434689451 62.21244843222121
146.45284536280226 113.97860416547722
249.12305123962025 235.65896439661793
46.967982777511516 38.078838947458785
190.99917181683207 66.03600942512833
229.83357719487077 151.95686580323562
134.78936499695212 202.99544358604533
207.97441212774268 122.99677472912532
21.854521150346418 175.75476312018708
114.60948273191279 219.4225960322466
212.47387078963916 8.7933986287696
87.7023270433058 20.107286546807686
139.53243330452685 188.81784032261757
215.1629815624174 96.49888964437986
175.53721957256553 73.53292116089752
109.67027048869934 54.2493433763723
187.8061086376257 188.38616068888143
145.49732013265543 240.89577820344417
10.371886270713837 209.1126361463528
186.5242537236227 136.93511165378524
79.83308360411512 69.68902422935336
45.515921288012684 20.591491373453756
191.31252212452262 164.52573063338312
221.07099772667894 52.653937832077666
100.6835134880337 73.99538599261824
15.430749693286561 169.9775817289437
76.23130213512522 167.03000764057336
47.636621645501336 39.34112918161639
79.3388166287027 130.3059474636592
89.4687383260411 12.298908285805876
201.96362550563157 149.05059936244902
147.98995600189863 237.44564231438397
82.5212702857431 91.73607768242285
75.19104626993678 11.366539519777701
61.7400211991937 40.117706251501296
143.76196214697381 113.41967371946538
167.47983550232502 4.762209221541413
10.125929869369415 158.28123157057792
50.20846885733876 116.942452652713
237.34340493710778 102.04630852335671
44.784547834141655 247.07812179062267
148.26664772209207 207.39073631432282
114.87625747932215 205.7996917871919
17.452581591838268 190.2317791961693
143.31303085285654 38.92555512988569
8.14812655263411 136.90963403631736
53.85378214715081 104.32620840039314
27.97242705059369 146.1577924133042
198.07845497029965 87.47251915471033
57.525838048740894 18.731245876476706
178.88898645425053 8.639622679438824
170.77980119477002 143.9045296556885
112.16236312499368 155.6239619593597
206.4328514569375 1.3674678258589756
104.63144657554538 47.093801539223186
127.31518800308633 231.2018241117617
32.657613067471225 204.51895444910102
142.90093705622527 20.526686973367376
94.04971161078421 69.21699454065022
124.53123917970873 106.12534807544327
40.554556143389405 222.53262662120076
176.09481207950304 159.0894714801399
192.82223314608515 82.7376872067625
92.11146799827682 139.50237010394704
92.59205258859471 46.848203061630734
106.78733582206021 209.1134491594373
138.00220157014982 248.89477842354697
37.701363134277464 222.62974176642433
139.39213539674202 30.559677308157703
230.71596533156787 64.7074537270474
102.07448177256423 33.98621992141759
80.76838733873757 159.08397693127853
226.30126412629684 58.68030891051556
81.77251549019707 162.65527794642537
216.6227474148832 221.96172455714415
160.1836221618064 29.385666331408572
131.81381127323183 85.40816677201485
234.86013156174664 138.85014744296396
97.25903505293462 139.70535570608146
73.0705957800093 88.79712990652381
19.096605606513357 181.577777867939
231.50450926962432 243.31030633761478
68.90454203064209 136.21386015442855
15.355412491743298 243.58146363528795
40.92235750420775 136.7915543082836
41.40605680717582 58.518672532464954
224.91020901792248 28.120706112314263
225.53372578346557 160.99153310656675
59.97861466254492 190.70054147334938
45.38339742735306 201.5864723328132
147.05222246289122 187.61834625473753
244.1001388205866 214.1275279305193
29.30502462737017 148.83505135488994
103.02403877634822 224.49147900653375
39.45454873334373 158.35669117578573
36.7451794419193 244.1884979311873
246.2646192745177 195.96893348484878
109.63511326097539 111.25255929678069
199.6783922563589 10.52538565115721
94.33682770720145 99.69015125552971
130.54159291024487 36.46391626503082
130.5687738552022 72.08482762214979
139.63941156062197 215.8477936437382
77.94171467919156 172.04644341834071
33.316447973944676 215.80187976024337
12.43226238486156 214.13003172382773
153.5875591932109 84.18702885956655
208.85409854867817 184.3713318862368
123.06736860828332 26.476243775324065
104.31720358879102 127.91802753163608
131.19917763113935 13.777269132711794
53.56807901566549 244.79978571319268
63.08729156657986 67.16592951404296
135.3961631164514 34.96307763198575
174.27104364895942 245.09190524740467
174.08910659302325 196.29129767228576
55.17179088901602 14.86137400012294
140.77410411430262 163.5694798840569
239.49887019563232 38.23356469084599
228.39049309546428 60.061512396982906
150.44656076289715 17.735470778405787
27.955204783660147 192.72100888432055
46.1050817019634 118.59976381774962
129.3773797214523 53.660650537721985
66.43010095358981 58.34986324361244
175.0652975483236 0.13873981890735743
148.28716408375635 10.903623028133442
247.56144056422633 12.002645910303865
218.88554745246694 122.78912732209542
127.60253791244203 119.12441512186045
116.3058390535923 175.4637191742177
239.9049433042187 164.44646535596436
144.0907443805775 232.11162962455856
241.15673027150547 153.623814966631
94.96507519176703 189.9830748169859
52.05231613129499 19.171464082670454
148.24265062571638 192.25891432639222
194.42840453443557 106.43229652989972
15.292313831324511 81.99257279029695
100.76535670495201 118.62991542694138
224.29541444887317 82.6834112444626
50.603734907899295 118.04390375990107
176.87599239706466 243.4786016374455
162.4443443582538 240.21954239201227
107.47530952371085 63.45613270363101
99.15474596424212 137.5180092928134
237.01308550862547 241.79299053436114
178.6746820156272 103.74490408877318
194.56885982617837 189.68348840110622
6.090696354977582 8.08467315996314
94.59844427432671 19.39923644627556
201.86107335741323 241.87929327662235
109.59791584203555 134.1042682041519
54.06798950933928 247.35095983817894
108.69321479715444 106.57744028456331
11.578902512700108 18.485722044589618
44.25832523003295 160.07355656888615
151.5757598480715 87.51090726567037
105.2487617225385 3.8681851376413947
22.88713489218136 121.21573252781486
195.1144918161872 2.4946414557613372
207.96960005430614 51.08797109648091
156.247249710396 165.9601754507823
214.78360525387248 124.70928368135591
101.52575801466354 1.5987625480367307
187.0839890574733 118.36047945431105
54.336677738856615 113.36433298761256
108.89349056627925 50.276944607281656
213.83048411505945 7.650008644426359
0.7456408316498242 197.62494084899728
183.6713633817251 82.40566562827473
196.9762988441808 45.43763405714707
79.13804922283151 27.187764523532554
10.225301748375436 190.9758501927819
13.080124425035978 69.09347031635849
56.757904758415464 125.74768852188983
204.7358975982227 247.61582691807115
106.05412241838322 101.38176680373171
177.42059835123445 232.21207826746465
140.31868828473532 25.68620588363818
42.183345457518506 190.12569866788454
177.51726957055584 130.01939719991609
188.16299280510552 14.093738156981978
177.63637970174656 200.65273532653404
90.27305442069314 29.699503556985697
247.72798476686077 88.95945439473418
222.7450042535221 142.47581536455948
43.943574457598864 211.58810049233904
74.33801084126446 62.46511363951593
36.07226118760023 64.38430886001909
61.57699386538071 223.27524111106564
161.71831231075404 223.27463340258373
204.67048608475272 174.62463626558107
67.56567276234219 29.404328911704162
60.15900136687635 249.09455011117763
157.68575017661186 230.72092650005848
235.48030183137772 111.38219868351985
5.08769312871149 47.696310875509326
178.6483277834068 165.77444444955827
92.30837566483797 188.88810307067794
67.24248055373188 191.2472734177913
205.9064213698525 126.97835891730632
150.04895476456892 105.49547150317237
111.79477692477083 204.68809114531444
198.18163688653732 186.17637682408076
72.02930499681861 132.64056112445695
147.39855786199064 158.31424463734328
41.54780552788864 184.89379118341472
66.10156316025633 94.46869904380259
204.07531420559178 2.2919422719858695
138.75033919092238 47.844751734887645
66.34783303253327 174.48719786900668
138.91780389204672 128.7379468787572
32.28466957403209 81.01721089358246
144.37703633820573 197.80901574531237
181.49994491334368 2.5009795615849595
93.50732036335572 240.69505093040593
98.87270161415209 196.2960824268975
136.04081486480897 196.48848099138064
244.36248514320815 173.63856568981237
4.3062977182112 123.92148053430752
15.817563602286395 37.24323752164194
195.63296097416378 20.970291696762068
156.53506404881486 204.24642205088176
54.125132950970574 115.60496695626674
133.4511243337488 189.68147486150238
49.13646165753954 60.32805181496395
45.42405266201619 111.90294235576623
139.88505326255202 145.80335486793274
163.98921016709897 159.19708427080027
25.674836144504496 143.45079802256635
245.4064722769854 172.79939835313695
185.65016947511222 72.61052202953924
211.62406781763215 95.6197264874184
46.200796308370485 21.88334316818316
189.42438413640832 118.92988821967477
96.63497645330352 172.1644446994205
221.2487470287616 81.84814248664516
109.59018905442142 129.59066920300307
164.9116980124967 5.634712806851655
112.85239150820051 99.78914291978766
214.5450578530482 44.63622516086085
17.253795614905393 197.23708189872036
126.2014885509387 189.16037828281674
37.7298879750306 227.24594771465328
20.40049774124672 177.89646122829964
247.0344993761234 94.43395614647466
206.6646266644635 152.21533936745416
129.08054898067613 191.98352128490524
234.97477633327057 231.91940888274448
87.89317479969438 218.54337004259833
188.32739333532547 86.49842117223241
227.17246837607598 58.21014719769896
69.80845214542816 27.587174977530495
242.31071491053055 120.92785604166679
219.72279143783473 114.53765895029464
44.3197614853445 146.74958767193922
148.8181819507761 236.8108982852651
129.01679946409405 134.50830810975629
212.21286048499545 127.38957212194718
95.9841704430919 171.59241940347988
117.47310685090642 119.29925538102262
46.93001307700498 53.45488607846133
35.3412501715486 206.80491328017365
113.86191968798298 73.17444383846919
227.87021410664 17.287422886439863
193.31079696378958 233.485151197266
122.07827691597598 136.22119519335638
166.1351397194281 26.701067705028116
54.87637843353216 50.76370059407148
45.12624303838611 107.8276518446368
53.31979344328205 70.5193885061555
49.41421263117743 104.7904800710971
85.4198660640757 71.78122204797232
52.4450286611369 185.81973410611664
50.17620673695719 34.74502952659811
150.4036772882915 66.81216482754954
154.18087938026548 172.84037254349968
4.893121790116389 13.91432625895661
63.827586750646034 163.75876995903673
86.04439580021534 200.8214168010732
118.4709871153215 215.1193577003826
166.0539879455218 184.64091160765344
138.99737719704865 19.775888884671634
71.54290732357904 103.85809518550302
210.42094926717252 52.901166681838056
109.43614146525366 197.15224384001638
231.55204465105896 237.83216381245813
240.86692195991898 67.50454409470208
169.7075466825575 194.05086733592987
1.5951869894435255 231.5103795983245
63.04308708020939 217.73916913068183
31.170761713965184 151.21744242733766
8.741074018726035 239.5346738619106
176.275953821656 1.8849803697321144
15.995459867958722 43.95149635259219
16.290520026172317 45.99728237097678
218.41375816600336 71.01089879786407
165.8149789950062 53.38449637153253
157.615969687153 128.63152632140836
181.08250020364494 210.7439840628752
109.14443662840078 110.0023960700316
216.679782937654 220.54316608611074
25.994719445820603 100.24975274621697
201.20865885962732 106.82663853592284
36.5664990552701 71.10917753698368
242.79492199628552 57.22687273960911
36.58396315185611 199.45742725884313
48.97833099922555 85.79846686457995
45.8541588199165 70.87378349016966
174.62786931589702 163.73471614167616
169.24604920083402 95.75802834257254
231.90011099578012 0.5969720290510405
7.0566439980157 135.41085452308772
91.50931822312016 249.39888849665573
79.13001884214694 233.99323731643804
244.36104646404087 94.26584772611938
50.80865955636046 106.3909971639776
53.85297132293002 6.593145451858351
186.75972207858123 135.9453452320416
36.45141595450468 133.20273670849667
7.220512382504318 52.64966716925734
103.7425219861417 13.215080741926123
235.0386220659132 147.84995571677675
225.09483556471227 78.1727151464667
201.16594398864544 70.03245630509811
99.05966096754798 91.3461418194734
116.10913039022269 37.07812947309208
174.35556884498928 213.8697652249356
53.102186938914556 79.7215045923463
5.356596169135585 154.56452100255117
105.85412603397498 231.32208230999547
41.63602745273448 26.901079855430694
60.29059433770828 248.98965668776316
190.95355161949635 179.95670203817315
118.38815928090033 179.34436268625936
90.55646413757837 77.52416408726731
91.47019627983005 239.58736614349758
207.19755439746712 210.6550803509046
232.47180820527853 190.08673763369444
75.96833397846025 56.64674225331373
238.2923790436999 11.01686172430022
93.33710497329439 97.57950350232258
141.56319830847187 130.78600439409274
23.243403206575085 63.964988430635586
183.0108320544959 60.61585075279993
136.81463436728492 54.6453206225791
124.33645631410553 110.9282093700971
139.21134562088474 217.2578006117302
53.82655497290622 24.025034085531388
146.17571035780097 226.6549315649517
102.9666956047832 145.38040944113928
66.7730126217917 194.41893351280848
140.0731067525275 231.9910421173296
137.56727776787355 226.14119474447074
94.77808621405586 52.89003716019691
44.56061337770703 185.24986341100347
8.055367277724045 74.5772174168915
9.069363659778256 51.25429143479643
69.03093885959136 73.90358360796185
201.28572688057432 139.50934553662375
14.644468496600588 79.31861769257783
3.7016657115850062 130.33378264860696
241.13522505807327 112.22355241674516
244.1798432441249 219.76008200636392
154.40891457039 239.97393657488894
111.71673390528231 24.904518410907293
200.90434894595697 8.518220825463052
227.19036804799882 88.3618810253984
48.99979948551908 136.43746609973505
126.50978904263832 202.842706157611
177.0195134785155 163.30140878080246
5.276513739818689 219.3997650915871
216.76591585521308 10.18836140408405
212.04606411349084 39.66749204137246
13.45821204161901 63.50503287663975
192.19587559766995 70.49343128888921
213.8394758720625 67.732446007195
216.7097383709299 212.35087406064955
147.65732717387456 39.3299430494094
96.98205712711503 215.40068430202302
52.6557777422112 70.06246093507723
103.31520569447883 110.33988848113741
124.63845479742122 164.3297574044587
27.44969423875257 101.43222818185075
101.64844390049635 128.66713089871385
152.26587810685535 189.25432467829577
204.13585931442915 7.113591948940234
93.73971823586153 109.96320429141684
50.2012516512311 11.58028713805731
140.86935864738064 49.02720302135102
48.033233806318606 68.03282749833065
2.7637430781327077 130.46206178075198
50.085912038269036 94.05014685791113
179.54552926281113 187.80173808270197
17.452605362673236 1.3893754780077983
58.01030493243364 105.53638237847655
211.05927724073277 233.34852292703218
121.13265744304402 134.39129266693365
48.55235859661902 217.5636377829633
245.7264535867568 84.87485676668655
102.43337236649843 82.41642531611765
128.37027642286333 147.90913542385888
123.8749799576142 210.03191399124216
119.61769064020686 169.91827892989534
130.01774382284805 30.828264028091606
186.20547421291613 203.2234810234773
91.16502793449413 122.83554531461874
96.70328054839588 97.73304211661238
110.79060105065058 65.20806830217732
227.17993103524623 218.7218771084311
150.72068045563864 225.94207321504675
147.02279351733256 90.12359756095692
180.2491647354172 121.32338176557892
112.95195390547133 33.216622486511305
115.83453125802906 246.8709623244741
121.23442922338984 71.36028680555151
96.53068442616042 206.5569729614191
235.13481446250307 245.5666030769253
189.97357446263786 79.9632954148289
54.62238194356001 64.16854585178508
118.43376866733755 154.06245553571677
184.21078554510015 102.40975108591633
148.57779178069268 12.191304711842516
66.36073908722018 209.92481851965005
61.26139147065027 216.75489600088022
1.421996700725181 186.38014888351958
15.728535627946988 177.0091379785046
85.350496507707 167.87331442321187
95.61739844280304 218.88144254059952
149.97248840552288 86.62598362620716
34.9646847443359 158.2418624510219
192.97144417619887 109.315308344745
63.439845407658794 47.73194590488764
170.6394490574791 135.23088144506403
27.458682372010294 140.5115003361769
151.98742369656236 180.1675555916057
59.17819135330493 124.45641515548694
245.2047182413885 244.85691749690167
1.7548211057591412 195.4000890881146
75.10154489227341 244.22398649582362
246.8309925842658 224.18602221747983
91.5531552711271 9.0161676681986
237.4486159361697 58.667091532761454
239.12423886589036 33.25144792227666
8.292223568834356 120.0552062625739
220.25912872069875 24.464133688988255
98.18825243263151 25.04728589627278
47.92063719282985 54.15298523889142
46.65712355164079 185.78345947873436
26.404993453210068 159.11905202957786
90.27445460802427 175.11725085471494
44.685886873671116 69.30162123661019
160.57973451907316 202.40869104816133
51.26393672759102 119.99553496363521
143.5989411643941 85.46391179261525
57.24245961046509 69.9517252555368
202.68878009240382 92.65945910348394
69.07430440596407 151.39054888139952
92.36883808940566 158.439836922966
190.16402834007113 45.93832565930708
211.9171406687279 145.07240648239977
98.73409074843867 101.23888366368175
236.91054231216157 191.22098041167743
33.42922385186972 156.86213832186357
159.86965284401074 147.86775424149576
60.92210590158562 81.78133520448183
207.26758188478422 28.983941667306695
196.08620335008405 92.46026539856489
28.298455215764157 92.0287275631772
179.73714156405234 61.45336492889611
73.64419615047466 73.63488035974058
214.43787214944905 2.230354456973865
245.4099151593773 12.877744185282342
9.507166513985144 23.77122375140192
248.09106362217014 204.59751233331082
60.86431758969049 209.95917456921802
148.06158239498092 69.85096186127434
93.9183075190379 198.88091785110268
212.8438523681319 41.35924341447642
226.48062676732278 121.5092077234336
58.02681149171915 213.69050710120547
52.71873369451552 192.40986949091308
126.71737350084284 180.0383535070203
78.2106124038589 25.107130123314086
112.3794549686673 216.42814333532615
236.59416086828983 86.72609110342358
198.19667350489343 19.570420099252807
213.343794439803 180.8077933990931
135.4128694672655 113.22717787223766
100.61259852874466 213.78601591280534
129.26734417209065 175.10118717041567
166.8692873240036 221.12771711863704
82.56435183948138 158.60322548580584
188.43994554332394 78.18728313401829
60.66380971185034 206.7964508707848
21.23742419592112 161.0467830098694
226.9104912128107 29.62107115623422
29.656082956807246 80.05321579345225
241.4874447677754 91.97394388633765
81.93878565330311 221.89266321008256
84.71235304036503 185.96493333888384
217.17265208360814 141.70096703703882
123.30646433058665 199.24277009656734
155.82119299843785 147.56814452492287
157.05321657246057 12.067556351341297
91.52859255527359 87.03662700211088
225.48225384652793 88.05311156605705
4.865486132498987 1.8023675146485174
124.02845370941986 234.97831262024297
153.26419019227845 41.535749062609845
95.86319793360975 194.3159205050852
27.902555556867075 79.723839741807
38.065165429753634 198.76534876647318
74.79764167789868 95.45713920800087
2.9086194078566665 162.27440575723944
235.5547120634481 109.41004537078136
15.351433430215971 100.88299669360953
54.78594679356108 122.8686103365319
114.06049157772813 50.05998315162283
248.87402846668192 69.8875779561613
107.40015773838887 103.61951964826832
58.81666639669561 197.63475158117612
120.57246960175641 167.4248352107282
197.59023626968425 195.04467829207724
41.63236786831126 23.36154173326166
236.82372655989536 98.67992791331135
163.7474474065936 210.51957263444987
50.58598735850281 244.97873172682137
204.30703935007045 133.18006999101618
147.75449569034245 160.0427761668841
83.19371954730536 100.31700089506795
185.64453458116145 44.55934571692558
22.440382629089957 207.586932365634
160.06415199089656 108.8550538623681
143.35613268686856 93.74685570084907
162.93319883651236 0.6763650428485146
57.87610126876216 74.51061435769232
54.33297661586462 78.32715066248936
57.78522212077897 78.25490358280376
223.34465857570635 45.88854322915917
219.79849652332942 93.84898033647798
38.53346074905531 100.08640023067441
149.99431390653427 134.33917188038538
172.2122268855694 241.2096736093907
56.06932729094036 106.09398045231549
220.35097336780115 95.48134563486083
44.00731430053817 220.4996801935725
84.79862576434341 242.55469838633147
188.11609776802695 68.9143636536799
166.36280282885673 105.36298616184894
18.006117698820184 40.80779990300537
215.37731116175598 65.28809542522124
72.04889461370739 169.52641929786634
245.60991107338705 159.05634239527882
194.60841169768165 113.56202599339635
217.88351467945466 183.6102335378036
244.38303067407716 189.37234827176783
27.723192234170828 208.29659706122214
233.88337031355712 95.37349907827807
4.423841888200136 50.04006713254913
55.82552394953852 92.36016338549871
5.897967664691945 245.66321566741576
214.92307223102011 9.196445868385917
38.30101372452488 171.76145052339913
112.06268528424678 170.2715221579691
138.38580298560714 25.757996955302342
159.02573038294454 247.0447120483284
45.66795220132677 207.80683084994058
200.84254384591853 61.7154753851539
17.409539863910695 86.52669979186464
85.97452367931194 89.14346715208077
170.05871936024465 186.6807943382729
107.13739160459593 159.09200115498035
126.0277705866133 39.82543835248231
59.4020944623688 68.1632121570063
193.1040349559483 12.776401541300553
112.31971011653394 134.50699936808272
20.87009083095473 133.6683422478484
49.85575677829454 231.32762814211407
25.678504523242413 173.20930201866472
216.12730450446034 54.98797138080774
210.1087173434397 124.1689675175909
159.53435173514478 187.2094022160724
56.31404102433682 81.03308015764286
67.81067898726631 53.00178401188749
213.82450497776202 18.222583400640342
115.4687063245324 74.38127919866561
32.76279728097975 225.94559408566596
58.99304764152849 43.47651156030383
30.222795148378196 191.1674299412259
220.77818328147563 193.23768593941193
49.98915502660872 20.758078670530672
140.56240515630333 52.71562369119626
148.14263411642108 76.74969265345413
60.48621011959665 248.1956147357373
241.94989934424214 23.218971458331737
236.16414676802862 225.10403127714574
115.850064347328 121.80826624168695
138.01304582314575 185.44700566937505
62.97439182663644 96.14296583201967
242.18939302663674 156.70920401718763
204.96022529301555 109.89720689244972
127.72474620877868 248.20019766346667
30.853853776540348 183.3183229357867
70.92844909745507 22.504350696230162
187.3298203999712 80.78672371407566
117.54251813584108 75.15897610924527
187.5118291490425 110.8760988478108
181.48533100740346 222.62034931308077
139.53862516805577 127.53116419993741
164.74447862996783 207.1272478228093
164.74728642053924 95.2774372297194
76.81697939517576 195.81807888573817
212.2627695626132 119.79691067412168
50.02926578028916 7.31822304972915
203.04844978479798 120.73533204077044
222.9937446735616 202.69297774784965
208.69009665802403 225.22463539614563
158.83814692855222 60.28345097020477
52.020023367214726 184.83519120355413
34.93081121967187 143.19538981502572
149.53497691278943 56.92659334347905
12.223634170358933 194.56909014352408
66.38065219221714 208.5024332178272
172.89298541963623 135.9216196298545
48.685361199802045 119.7050240259972
207.21206210906087 76.00676158475075
30.76357356416004 113.97916098063166
189.86413495945845 188.8292547007223
229.97064787955185 62.986492052467504
233.66185434725398 162.453543020403
103.78458806763 9.905306975799776
33.30828835295463 8.856169386382257
13.440423888891855 27.69508473303295
239.37051326189362 12.157106163898396
99.35058407742098 42.07100913719899
198.5419446297122 141.6055769714476
31.481887086711986 23.06078984555843
138.93668234202724 222.04366335503218
26.041348966721916 17.10654118198679
29.116342530335267 151.20938086876123
238.159488246717 182.39412565370424
158.37662836882367 146.90747175908777
1.219644498114708 115.60076069514096
119.95609676304925 32.98920040503478
185.88641245445626 115.25418633069064
195.6561820559239 20.605510832210292
99.19321417693943 131.76503788827495
196.26722520507803 14.298370893835482
14.658512724721213 112.46565288759619
95.19702127803137 232.39267770727812
159.282566596787 92.25939662398861
78.25141275064212 45.60052825059036
98.89530181189002 58.74472660934465
6.843226892439825 43.095899933128706
126.55736943547119 28.392047296845746
208.8257909383359 236.96376959998074
99.18344709686983 164.88791164213376
164.83882282300866 12.841640852211567
122.85358311850852 210.83846310043634
132.4636048197729 230.1577322890633
25.923327767337994 124.19104961360213
249.06493208391282 188.60761202011489
60.296028013270025 0.31456015631822765
211.36026548729726 181.0312354426704
4.831264424339316 226.44919154918728
150.18161436424668 249.03716199803762
167.61966304761023 64.42944013353333
177.23379435815556 110.16072230078247
211.24802990803286 165.22733796860342
94.59042778797014 151.50034690126458
135.76966274950095 236.23306115877367
116.08053802901303 53.58033666744622
102.1965270639423 83.35073978755648
44.03313470246425 112.71058052372967
38.17721247410055 68.77621004584921
244.87910109841042 16.95981233101729
130.0236916597587 82.19332600437635
110.01162613809353 45.43034102729532
184.17637682333006 63.81263623596076
52.17491902960214 98.12399087252038
32.44489215635629 145.41683122721992
181.32395531898706 185.764037017054
144.57001103944492 114.82607661626324
49.35061899368034 64.12049016265908
229.03555640287098 215.50491584628335
15.18453858323679 127.66192553816106
219.58885963218998 107.36011268030587
148.7272183750674 158.50612950194613
44.63817036810344 38.3445812575591
31.756664831415787 22.352576990100847
159.21014555068126 124.54761632615404
231.6723990071974 42.804036260481155
184.51890796324867 42.68056600324013
37.158262333886 157.62739809853153
118.68102552415907 183.74419124886765
227.20712725277815 241.5515848214141
151.955750740637 232.91953415561872
125.97546638370622 16.825076046264265
173.99948172968564 102.1042076930441
16.52741221032311 156.68909453270712
128.24067536208818 221.21630799023268
118.62765718379816 209.89770620830336
44.430857851689765 56.813461116196535
217.48866552451585 228.16130427532147
161.99868861372786 161.87205105874676
227.87668971819116 79.29654846964235
147.80073260350864 91.99560066270357
170.19547603104718 16.535876025725425
214.4518659114952 132.32569677182178
148.2038510930235 136.39317158131493
9.510836837538477 116.52842730595114
80.04486236683522 7.307861863520143
83.10218508867598 240.0372801549675
204.51151261182804 218.44518599193108
94.59133017347163 190.36136810183578
214.4564796015245 215.72671841720123
31.393645827278217 176.65120331345904
47.7567140290727 175.7267135100424
185.3251600968146 196.3193313168158
148.55095125824667 20.50523190596973
187.2481942980203 105.26639683805666
85.44743668579777 189.81485087547216
69.5579365604709 0.9535254491794543
57.1445270395898 218.2307405443281
35.08894367405749 132.0607519765506
42.67003929982294 102.32832351705854
81.92141590225916 132.80976233368034
88.3096816633267 227.62429988972593
209.29621191796824 27.790478448211893
207.53175260036537 233.88043777607888
71.03156137721977 176.09171579357496
88.64817671354328 224.6971252121887
235.14332429982395 10.967340539798531
107.17268548580414 180.67170977722773
221.59147235843247 49.464199709710336
158.0447011598387 92.24650810138715
106.45413747941382 31.515798888153203
245.2667197722971 218.14689926370136
136.45212955366975 12.375884097782702
171.5834488527193 162.71438398292833
46.23506316451731 84.6798003268408
88.93729388310167 241.81969219622596
12.384427786894358 242.7791236651026
35.947451786113305 149.65091215683526
119.25940480152822 28.572050530384864
241.7823830788579 163.27490019248535
126.4602112072864 102.48123069975532
109.9339640497938 79.81123681077592
131.55893232867646 1.598503302295301
7.883141169182095 237.18205403429883
182.24636512956585 103.62138608217897
162.9738814428515 58.604162002096366
10.37315170152281 119.03371848809593
44.74332964019878 113.42058521870035
53.545240550586485 58.099791552998134
42.09198603288192 16.735952577209307
222.69396368209232 127.37370287167037
200.7364776433869 230.55547593933488
27.900808206144156 80.84008588651103
238.78453826171852 113.02058473070257
237.23236114865117 13.725504760745993
117.26790408439724 67.49120599474023
44.70077370795544 119.60497503940559
30.424057165437084 33.32350991934102
83.77540806049838 11.591541324457195
58.69963106158529 62.68507069227769
225.6891274724376 80.38755869316155
193.63959823299874 132.06245172250473
105.17663143129141 140.96488250665257
3.483360973523142 184.43010942822292
84.06394013707167 90.76997264515968
244.4171933491384 239.1296012926899
18.649372121808256 51.51385461971955
80.11816685874554 208.6733553075962
193.40127548473833 66.76997763823067
76.46162228661379 207.2896348059421
82.81910197744178 219.37603121212072
226.74283778026566 120.2975470690246
147.8905228701042 27.3723637958862
76.84323631719167 69.1215676300729
239.78551531644865 94.09602347458707
231.52575898273955 199.20459497028403
3.635787558106479 13.99085029223926
110.37845200234128 36.445894471486966
74.82084208360865 130.32789739530682
233.68431300253178 69.78102777611525
142.0462838517644 162.2200829950893
62.34696394779163 38.76282188500554
108.26725960568054 54.17027554927026
87.46089481388353 147.35270537692125
30.986375949832667 48.24847144502576
235.08617340556822 197.53192860328608
223.4449456945409 4.019985570110657
174.8392525458277 165.0348326563712
225.87688683331567 213.9755418866578
215.90223513881506 156.48407369480586
50.97253340508523 48.317886507630554
79.69934631362146 213.54622311461148
224.2907259034252 99.20483218577516
1.1200276038840773 153.3826923498722
104.71244474846755 238.60740544720866
166.00441704146073 46.93647074437435
122.27004668562321 86.26998666769967
28.52998722904371 96.52339920273043
112.68481924391405 109.58502073117809
227.0564642644833 127.85125730494596
194.9318741331431 46.30664663432507
210.73438868148355 133.35426550157155
27.50217178765091 86.67207005584845
101.32395311419725 31.173341393142707
18.603853782138774 244.78415911960354
86.07685813374147 189.11436924270316
23.96199404700547 26.368550835604438
8.24147624730201 73.48402735472906
4.276899278517515 221.76038739798926
137.43532103645148 179.49097503702254
141.2539423965747 102.0084373104975
98.89528382255166 180.2498269580825
66.03754600403569 107.60494046982281
240.7519185655631 236.02410304624937
194.24781886566856 216.4617018487208
39.69341436420293 122.2913887764513
215.78868709327446 182.57633579326898
8.063745012954925 212.63760041311957
169.74848774484892 115.93338942044807
242.2726493877955 160.4692819578007
5.554137626749639 29.836508439397612
230.39619428998844 7.802890584061084
129.2849587897351 144.46857157258094
124.56299973057774 132.43884112227386
136.4817985956758 157.20643447497474
211.15984324953814 215.2850056905887
199.74590468113362 69.54989216021576
245.18887448195855 64.41724362345197
61.06898638070013 78.31812392804815
226.11824903518556 119.79489881241562
219.65644047611366 35.39200395370698
138.14738296434575 144.34295026390546
127.54712841266125 33.161859017226625
167.08833419280572 92.33416672656219
91.80808496215487 13.057144200456005
140.1731245452904 243.8849762267608
152.9056546824458 76.93048341946948
206.80584980905385 14.434712365323232
137.10765607006613 211.88654350456454
164.76042096479804 205.51698454177148
134.28839984634146 186.73226270888162
237.79367446924167 215.75850737137284
104.59613035702046 129.5309883994864
118.71694452501933 7.587284633462671
101.71861616389477 44.1085319351692
160.72831124289004 50.41658092566087
225.63669625833546 176.7319940961869
126.10678276328564 57.071844948633235
123.86076008202468 85.12122378472536
173.67619123463018 124.95759768258533
180.0010577657826 205.97925741597174
143.39281861990392 71.42382088493443
241.25070541393396 192.56766846471405
21.902024804868553 94.32293719042748
197.81394510735697 22.655328031913584
248.66839140260916 32.947327048765764
70.98414528481212 109.77641693412491
200.42955172609183 93.64002650055728
4.097780732283063 133.7258159549595
104.0281778446274 242.96748223170496
173.11583722250103 153.2906056313689
169.71943744213488 82.0384469214649
64.52510193002037 117.99528164507117
19.6839539889454 175.21250280103297
85.04920331672186 76.94161114177686
68.71217856832857 113.91348480689945
246.5400113591969 2.4833409460721656
84.6080424526873 226.01785144322653
101.05398248369515 195.58804908130136
159.45290986413485 222.18197874008422
71.6624043122357 172.17793028019125
159.0389996107791 8.154340387815429
176.02404469848162 34.365674493771564
75.25231677259406 168.1924171476568
154.4980932650635 116.13752767574844
16.890803013889954 16.36190460185419
154.34121078109044 174.14857790381902
24.9317668812932 234.29444410748505
80.82084611213153 213.01167033964848
62.23300391213463 106.83309902900676
140.40658892350183 73.33076887697393
86.52304192529728 243.91563582668903
169.24100873726707 57.461359713362306
169.08904611256045 37.208989844799426
92.52371587812804 82.7607636542641
195.36953665840463 17.545228592670465
168.9462901621259 126.34806308008051
225.67187808666137 132.10399926383027
64.90666331698178 177.9152374129165
111.45364416538314 242.51309645017523
192.88562828419236 241.23329141013795
62.25445561878015 38.482910890776296
121.26021446735393 208.35372038731626
172.30621744874628 11.483518886865717
123.73115950226799 24.40618479151227
77.82439783462233 241.20995259771024
156.46803150017516 39.75898186861623
206.87815815941525 208.20887499432732
177.08914084343394 33.24017922272993
244.4437950046069 169.38568553259267
62.45850105738221 97.59286990781352
98.9699269135852 195.86036463871469
249.12815379589227 196.35312734412062
40.29321828230542 158.32989955310117
238.32508684631551 208.01343854923334
30.314444299511273 34.21035918908066
229.59673882513198 207.16526046130716
227.86059645514558 235.755691585848
9.514222857529314 119.11645469021556
100.1750998041085 22.994542631181503
86.43508354966522 24.541075942465934
171.24562934481077 7.516552447062258
53.97647693542851 56.88341607461611
156.1472513676429 226.1005824111503
98.49872906353377 157.2670916853262
108.48591672253757 134.49081797312803
75.08881879920223 166.321103616133
54.44288372232153 141.69276812042693
52.31085954745377 65.89799998504812
199.03004330926208 95.65805433700761
189.95720663307222 230.5975819730826
176.0114671699072 147.75045590733907
222.92597976792032 32.66473433503222
67.34811347473196 198.01632021218973
182.99593631776602 116.3237009363671
196.84349458866623 171.56890082717032
134.67894788504097 163.7651517196033
57.0848328125935 19.881301041341615
11.399267445398099 47.382279966121324
193.00717959449145 243.32466601294996
196.88999888311443 134.64432129320463
126.18972180217614 24.79068263456144
56.1025912855051 24.56600835515413
232.6358687345861 216.4505930645896
137.8600128525476 30.145096627918367
184.21417369220964 46.210097978800405
132.04618535631397 169.40749593735978
77.25449584271648 60.70307605617278
242.82341841222217 213.9070707694988
208.3674819516827 190.86555795214957
236.65855653163914 161.64550782076537
165.81385051683847 33.22894661170933
201.31369030522012 242.88156585851502
95.49466749128425 245.41970517077084
136.16437447652834 180.15660018862494
4.089198092752266 7.034870479292993
76.67654624772521 151.51807644313433
42.073057864227934 31.556686858250334
247.29548044387246 230.01963224193526
239.4918135547946 235.8561203429738
103.89492421526775 55.740831466050466
17.095521152781483 212.26429049367306
54.817565148506745 161.9956244920562
108.4708782670353 98.74292942568533
81.90258251410489 136.49044592295476
192.3950362625996 91.15131596596699
211.9598054991642 75.51988255822783
176.86181818239132 231.48400959739632
37.52676900800328 52.54222234856387
75.64363188985965 208.62911548964496
126.21384738372512 173.61717286987303
230.18600690146636 70.80765749513147
212.97490510078595 200.14235542543705
152.54045033863903 79.26081783046715
101.88171605641384 48.53124033296369
65.76814406846945 178.43416774441909
24.60805901221952 3.2044631537871684
171.8559231034564 22.208940866555505
97.3653252556296 128.5945582517668
204.2296592930163 220.2014517321291
193.62433272165376 3.4923283165658736
134.33443427768867 181.86581612533828
174.42723947851093 228.73968145786142
215.90886637877384 30.8096005988861
189.43833938300077 147.30492772830465
79.18644324362283 225.70954226659987
142.29085426597507 125.11721657571937
236.36408812372775 216.92525571032695
123.83416120148318 16.77052712116303
198.55382279741795 171.5547087002419
224.75132190140584 113.64375642761613
138.63116899690974 136.95915801597823
231.36930706441325 44.42637198623856
247.30887614517744 64.38703151609754
181.93678690752654 227.94031902712987
113.20068244011084 217.3376651969099
95.45876492332123 224.863591101711

525.0195426350278
851.7319243667151
509.1834409723724
1138.7928281578454
650.6792105252331
888.3437838405788
18.143616418279137
233.38381571997408
227.2897097317705
43.52431554106251
270.317897749829
370.15890226531906
779.9783082313229
882.5569394694487
965.9050873891127
1128.1482098477077
869.965027044484
314.1618538179555
457.84989848000936
593.9945435692482
537.7323476616062
721.5042232127788
1179.3443223031077
373.48415514829765
1064.7453558779725
683.2238658078676
961.7829949705778
427.7303739073177
369.06012055898447
529.9874175661729
1051.8050943242822
501.55417227377626
735.1408585231352
443.7833000939236
334.6082409841074
336.20020213055005
657.0985213387764
629.6963188153405
635.5456966671459
964.179405939615
475.93818302944095
505.3640069160058
1120.2459433331844
207.5522351111356
865.5136277691216
784.7489128452767
389.81786462318905
1143.7025108322152
70.37540452403881
810.1656653129359
63.13156124822755
1158.7846791769905
91.70518650867872
344.8451951585787
1081.8635206760432
1050.1503644620534
1184.7878731855947
1097.6598726068937
713.3229030134636
929.904022499458
1124.039534223136
985.5337647631945
178.96383576767374
522.276066733535
59.45964087816897
54.95982420276468
718.9357295346982
723.0640896498458
855.6361473859889
806.3871010428628
1076.9603745739685
529.5009268691597
549.7399314517095
794.407036115055
1082.436180612483
142.49153063826708
23.63912138007339
1058.3021981414586
797.7467890970951
428.9576759870805
965.6114684893129
542.8987024040075
195.96838877304322
596.8549083383938
215.80532778708303
151.52407587544198
818.3900844487775
1024.6891386689276
933.2538171742617
443.9552936622451
258.0713911227628
388.65865381201155
523.368849945268
143.62187032893138
699.3212521557466
46.23050467913927
18.242848238898684
605.139074551499
1072.8453894341862
659.8816498205682
170.52355915237382
1079.4965001296994
813.9920570534731
1167.370593249376
669.0604627053672
665.8822246842191
1194.7288287457084
1072.2064169170108
414.92329255756226
1071.0207492109726
657.9456120451057
498.54910733593755
898.7435708806037
1115.1829132626428
711.8211288726442
709.385424492743
767.2485603192455
235.77092086519596
425.22344746983475
1119.3868068114778
1107.130087423522
360.0598934033981
190.70336892822402
56.79960241320602
239.30461830491336
892.3483167255725
187.56265998015016
69.26403487851104
1019.4555915284025
930.6911011692171
246.88061948849327
1156.495824231559
87.38727038901771
601.9164718401474
250.38651555228205
20.55142267324075
824.1749190151615
1003.3245205990722
355.9963509663309
360.72155321604885
640.8387360949863
287.2217501171831
1164.060225859986
102.79315534230518
1076.4938031991733
956.9155467466776
889.3854058630799
564.435493547211
634.7034441494726
950.0330910166302
194.24827605751875
128.95750324883375
685.228994792653
1112.6390022066191
773.0480994870386
153.70783798012118
367.3600073911665
820.242186061275
160.33118557487532
477.05901481636903
508.956481902654
1069.8714604726001
437.458268365423
109.36086765314566
702.6827728796978
341.8714305045108
627.9757496625388
502.43458734369403
620.3182810350527
1052.9848477744695
597.623031297959
807.076729042956
806.1456796051568
895.8383936300546
875.7082734271668
90.35477965294255
645.0028661568646
454.3786033755253
781.6104346201924
136.6550004826287
1025.333874076458
418.5331591634824
256.6584018640332
72.41393080413422
595.124475728157
168.61590779133707
898.6968990912624
870.6181573517005
595.3876302642307
88.82656510409038
878.1716200696278
370.72954742873077
1040.1133182897431
912.5481193801762
21.231804758371673
845.2022806123132
426.979737209421
1098.417308425034
730.1104072518585
1077.121083606652
950.2408386149432
102.28176652940854
440.35579384380253
730.1224061875248
354.15688503692076
1000.000397593483
255.80450613365207
720.1044209192478
1124.3337784514129
180.64441722479017
97.27970963752372
880.7034812161265
366.1992608150626
40.196667276845226
495.75182904716127
662.3068131179269
688.0388645199797
1139.5362861114513
8.043721893360214
361.3465637435716
805.0491049305455
370.1691743872906
109.09211488711705
930.1191717435274
793.6457724683097
193.7872695689231
196.9009072802709
406.8649783876421
773.7792041092923
54.248247672797234
574.4154576730459
228.0518215582907
661.3461063240818
1120.720817298401
435.0843626543855
382.5208543641892
702.6817248562115
960.1618715731346
621.0923456708289
505.28303639862685
124.31653940581091
1045.464654230145
570.0432737642618
659.4182389520913
204.96015933339834
287.29822985892173
417.16333334495323
543.2939065539398
342.9643774658115
53.416468055563755
193.898927683683
33.881549995274135
626.8469442663146
865.8442367932281
501.4554045931936
1143.1505102781512
768.5631785136538
92.19385136541138
454.5266252536616
49.22902474622875
921.0483370388092
806.3156248857277
1041.7494352325778
645.8736962624736
254.3038262786512
806.5985302155182
4.56143066635517
859.3925916694841
867.2503154930266
222.72166825713438
702.4441898512324
562.8898566896479
41.31948803301857
192.80454077897596
721.1639566162777
757.5264116222638
430.69258957958215
749.5359973634534
1174.7324291402604
361.7325691974893
1149.807718988749
191.6755183926069
191.6904921554731
1086.9321569723138
1156.380598842385
415.0702462632619
2.6952913449575266
1126.2593442895125
361.8612686148664
223.44809778562524
1126.052622079033
191.59793527142057
503.37799831092127
391.60441506060295
873.6983018918841
248.74701393657716
189.35349682340643
689.4408705667875
169.2817927700191
818.9662406544884
207.85468062879872
1107.9368821465446
418.86601519339746
810.8584251439282
1171.1784525247765
763.2139576924351
1068.9352457838515
3.0233068490741273
251.6431298945225
577.1032435859926
987.0867636255215
186.02176412701002
343.8735913666468
640.4801586824035
95.9457561133558
911.6133215019383
474.00959490276836
519.2176366568199
393.1257880561789
1093.6080131682568
738.3250412558963
272.053610724566
1065.2120890110518
122.20978358164724
100.1917202945638
701.667521263373
1053.0878703867254
152.55459893900945
0.4736235016507435
357.5018927931881
1079.4816399982867
983.4187940887856
103.46801888596009
1011.1635090348808
1199.6489219473715
538.7208689061761
170.19010896960938
447.2155829657008
798.4117675136291
88.19718682376327
541.760879239164
1022.4166491214784
958.3940496395928
791.5054888520287
661.6375530386844
709.5734435028628
365.5884456560811
334.0795909736047
287.88507106632954
418.427556563352
1120.572955229698
879.4830014863281
799.284447147947
691.8788575939126
953.3284640527297
62.061227535312604
284.2324153717123
850.2764788083917
369.99722440878685
20.810272625154415
961.4459717117812
624.6287192310235
693.3612149675185
785.3346045853045
385.0621488159848
55.12047858547456
1133.499244595877
208.15118283366053
582.5310844947663
887.8676894112873
1014.3056569063406
619.9229896205079
664.6761543524792
543.6334282661993
7.850744389206401
499.284973841297
140.16806132020258
1157.6839518473034
158.894346682293
1134.206611212281
840.7225589801626
307.68427605917714
649.247141696412
775.6449664012771
697.5587496897587
900.6255404018278
974.6754807036918
325.1285105819026
1140.1834601219005
568.7676861137301
42.63918269786078
661.9446936672417
474.22317954573504
480.9981599397298
1052.1182893140092
569.806188930969
396.6627280684889
843.1632751587225
606.3232752649805
582.0986285673958
464.854002793935
411.59083286038543
532.2397077012168
487.11408888123856
996.0161676772146
16.71490842398673
249.65983751242862
52.638519418299396
301.2172410241414
434.3349343013626
221.28402034014474
1010.6230515061685
990.3299488400129
865.6770025558101
307.15415999429734
386.3239874778814
683.2057880451937
1182.7720512494443
131.59523609301584
332.97664414011257
479.00602427682685
41.73813611600105
876.8660274269706
1120.3406114046259
472.903831978371
139.47475408132775
482.11254195987533
461.4822226143701
902.1898444784478
441.0355865681733
598.4319331918435
90.31890133862139
1185.5343338140704
1199.2412442585858
210.47502253097147
939.5359036423033
568.5211940976812
349.8147217289626
404.793723107411
949.3376820710652
996.7332633823753
771.3026655301743
965.3136463972087
774.698737747776
479.7411930742423
214.695378165752
1023.8574905296493
263.82359696198904
650.7072646610947
1057.3880671209906
1177.7713098668316
933.7133756392069
764.4008735687717
1080.782440074557
579.4004789387176
756.8029423447017
148.6916992810264
858.9542360435405
1049.0955238715553
312.6468111368307
186.96504139764576
86.26865383096134
279.6066026980215
558.1001101778663
834.8642062635156
474.34474126015454
1071.3901542793105
870.8356997148469
1110.6507281311017
758.0556983843111
146.6492068017832
491.24359890428
798.4299678824559
614.8599876566207
498.1218570963042
567.0739196841313
725.3361096807661
146.3716847334698
871.6063249763381
1094.2139983984548
1147.8719774716344
412.4659729125016
554.1958390101071
50.93968621343675
541.3742674909687
261.39013217434444
15.15242422976732
648.422770242567
619.9522006921931
410.59347619075083
350.46791067576817
939.2693380165251
362.13622743529163
1064.9725902090304
764.8398297498809
686.0852685367305
508.90613658219104
150.3496254380665
52.62452266954005
577.3641486323922
491.49618046462234
279.9316298415315
206.07506590097304
489.2688752338147
1180.3123219564022
985.5858616698391
383.2548654986613
82.32014499009327
377.7373120482512
84.19742531540201
420.1105320454259
197.75716637333872
489.90432358123473
592.1096265132472
72.55723357703813
544.7600179495014
1066.193466727214
212.6689145380924
888.4133247226827
773.1199360954595
864.2482032269932
174.465989351674
1146.7927620056125
84.77024103651515
627.8805324604198
654.4001732124822
810.252250873548
857.374514989019
782.0238071928391
219.74635998289318
13.951297125716597
1198.161594964616
372.1066671234885
224.68956423065796
530.888912785727
52.61100586543405
475.4387069164688
104.44915179353087
569.017289016476
763.4950141812675
334.50293829386
6.943047703690367
877.9214927896733
580.2700843368218
144.5368329811838
177.94757630377438
245.15705482996648
310.95113850868137
871.6202802398104
1158.4499113344941
159.96791503194112
75.24393607860651
1031.5488578139523
350.05480479107916
238.8540743094698
601.9794787746616
109.59734763108423
879.1278215006806
324.3798174478861
1117.1012103745318
818.2241752999893
462.86652064663394
1113.3036462752777
367.1118572615539
519.6401604155766
316.43181411369744
804.223307434948
37.578773318539056
696.1128562859345
337.4024968407072
1136.7412795558314
1096.6853808950575
474.29493335578314
375.9339867835029
1135.5360781440504
975.7485403146073
483.72583702635274
325.4150499067137
315.12688812272756
769.7031730768216
657.4673570487107
1067.6863845835253
589.7954996754315
76.10972773732612
627.2152786652142
354.1252231075472
438.6593937958452
702.5584026137552
971.849425928889
891.7073517549793
304.62331031591805
680.6884924159671
792.9478651228482
383.26634433259125
383.622727734349
1128.7836359655719
899.932994046145
30.633717323578292
832.4660601013896
393.10819149374237
860.8948421894509
98.1506802416328
962.2312235122422
509.9468941712864
343.5053725067757
332.130423294106
930.1785304638863
419.6597042298406
419.8343222640313
459.147145274615
551.7571344412188
314.3462387945561
784.4461798746098
430.12355369783614
260.5069123938763
1137.7682989238087
281.61098807635636
447.7167172831507
444.64869713943466
24.339931433039766
223.76756971088133
552.1913510244286
535.5868693763902
176.40685987001262
17.690401968188795
600.4776889037216
564.4066508940323
1118.2626756760667
286.62164845481965
744.7135112322997
682.0975281996732
24.625733782446073
1125.737567264515
284.193892575871
576.7925180572408
417.0673198538759
487.5082724430359
449.8264378613841
1104.274718377834
670.6544976270583
800.9433692672199
130.47592009089647
424.0524021012702
479.50411516296305
539.4027730143999
284.7970784296728
64.31286787321612
514.524570353617
1077.649771652634
713.3368192866648
672.2978880551976
999.2236381905944
32.0937379021629
975.3902257137935
1006.5469308682748
740.9323341355918
496.3838801196249
533.9222511930233
347.6150211537023
146.54409025225192
11.270288460386894
551.4291904493091
222.79581859313564
198.6156498128588
797.7767356781533
145.95321844700788
565.8963093492338
646.6776974056073
205.37778856447798
256.3181718952699
759.5910651328804
1163.145070575545
370.21424059020455
887.9366377654799
1123.403659166222
741.781598436884
764.2276560727722
762.1360434118311
498.5253834952542
36.40956145923568
1061.7257838297041
1178.8887137388451
618.2874349827988
499.89346282681333
462.7118942868644
252.71926313696065
687.3481427274778
59.95319691380506
137.00574159805416
78.91331965723924
67.11072469031834
1040.5997062483486
779.6282919298807
188.17153298650507
57.51410910665896
517.1123529484297
441.6276137956601
563.6276744818646
34.29342973804593
851.4578799982099
505.41550835045547
207.83823947868893
237.58587206435894
895.695436723133
1054.6760706250786
454.87732616791254
256.2408953021054
494.5683834463431
824.0205230797716
803.348154658738
582.9951834504909
385.36650025861826
184.96045909303214
189.3825221113914
268.2654332119252
546.7209528377092
575.2777828124887
1149.123299446247
303.47021977862397
657.6754884727856
606.9498946174216
978.3075017327536
764.8227112025027
241.80810036667202
298.12085568303917
583.5189442408289
1060.6429113690338
931.2521673185425
1083.537180251305
1121.1750447100483
827.0718546438925
118.40894276550549
167.76340709708919
855.2685163328839
116.51907193714813
53.49324195456311
887.8956845762939
808.4847343653987
252.95169770175502
1107.4546019260165
63.27966370650767
366.53727304987876
8.94929563792869
266.2886636333738
694.7042514186282
1154.324513824427
137.02886165655144
1160.2184504916227
831.0994940108919
922.6275441082397
289.65190296542596
557.7067257146182
968.2707612783151
665.2059516133231
943.386884848576
424.81326808652364
1143.5787340629165
830.1338594271122
266.2980777595916
721.2220022225656
922.601370923436
1167.032017032342
804.5889303952808
907.5171410004965
241.9421297413765
44.24234412376914
223.0495037209216
250.47218604329657
880.0621509990152
938.4761321553414
542.0058254632189
341.6517948564406
343.2574697114826
491.7396115660434
1123.9891612520003
671.0830279299472
531.0100661367522
720.1656946901398
106.2182378047083
427.1727431784692
267.18994123309017
1083.073062922693
313.7314210804303
787.1503137284155
847.1073665893205
117.62125132987737
1149.8572607850372
12.773848347926918
164.61978661645108
133.62050742558222
97.39974016904775
683.5639882005611
753.0960631650228
381.51701581917916
605.0165405009923
1093.7482438164323
526.1547477396967
526.0305641584852
294.2676941588319
622.6608413652618
946.0859439070286
631.1775739688039
525.2150130760945
87.63981752845255
990.5261270087402
914.8784707117026
948.8739528547037
1063.9977962677071
989.5401814586472
765.8894149376898
292.3839940160636
603.8278765926638
787.3291726925594
975.7443454147246
382.5181867362751
473.2960150634587
5.820105738667928
799.4927542043779
249.19936810206417
657.0838670314099
915.9036400135342
158.90449239302652
378.2555455642344
1100.8449017461821
45.07391725815384
270.8564008652468
408.59589422065886
62.72591512279415
393.58058941035716
284.29136593751406
50.152843259663605
887.4750535740468
766.6023243922377
124.44547213332814
427.91637136711677
121.98447459581462
608.6658957091009
577.5264853019665
684.4280899210733
9.329034323732575
688.3455798675408
388.1611717677564
935.6294083138448
1194.5874125454254
710.382958701933
1107.733210143602
469.7540478847101
168.96813675225636
107.97402520769892
502.26791862534054
510.3312989188851
293.9923030849699
899.6288294471038
845.4768643032303
478.9543953816034
205.2088116197111
1122.8100104182263
1155.1054875161274
669.2498846640398
240.4724589011998
437.18519161967396
430.8446847029469
167.80678383777806
555.7336465262699
875.7762788527841
444.61043674177694
23.69612971444449
240.8568467789478
389.4129397547887
871.6316700448242
893.6303843274092
298.69866552189086
527.0295432195533
725.6705478150913
721.9691344129895
534.172421538525
888.6504520074005
1139.1893512093814
60.10596355854811
346.485199504398
969.4582903544037
980.7844966321335
798.1517792884899
1182.5453103026546
939.2739305665933
1194.3368236321994
723.5248745695169
994.5347644738358
561.7082715876761
439.3018123009246
1161.483479508161
949.4353833783216
1188.4516394235607
1090.446220297332
1009.2539102499193
358.32663890966074
509.2228241310672
150.1896851990527
241.39425449825646
72.57361924491133
105.20420946459907
615.0937264869109
24.43984520718526
564.2394853255214
560.5595001719807
355.470427354781
431.63528249672197
479.53233211443916
279.61200309156794
1143.8121019184618
1013.393744489354
190.83345798593916
1096.953394642794
823.4376402907092
17.903044707698108
193.57231871541427
81.79476018359078
391.377913045426
1076.626473782003
127.63158343460414
912.1994938519442
497.7040478508339
1062.945977557562
850.4803241631699
269.6814885722584
208.42602822195607
536.2440188365141
337.2472921552142
406.52617453287183
1145.3067639303933
854.555456692839
1181.125735049235
228.33826785090412
1166.0111093860287
333.50488699459555
75.99800914047414
132.4684534977754
109.23717378209624
325.4710859560661
564.8265049926055
576.2951495865068
605.007180505675
399.7887463995107
379.8245887035068
734.7843014831212
277.03315886179007
1175.2982990102796
628.4567902794837
295.37898541643693
1104.260340089007
227.3984179252595
46.752016494146034
591.8886919935613
454.70572218440805
1149.3875391938745
663.142062856052
1152.6513127465196
1088.1856266676382
164.26936841178122
538.3898794551292
681.1443183215254
432.91244230263527
244.94146014879348
400.5166990044409
107.89935664399675
606.2184531127913
450.8607738826355
750.0040418947635
218.67138967639644
1085.3457137572125
735.7896475454855
933.2234212492953
1046.8041498809862
209.43522471858043
175.77072052106737
1081.8133933418499
706.1104098495241
1067.5602520694479
575.2724972299005
601.8124390557409
787.4800817776276
130.5764631512981
593.7950268971816
225.34979811508055
1001.2105381603591
1186.490603584125
1194.5058470868169
723.0483287383971
281.2027705442915
932.3470054613053
868.5778611003951
1189.286371099975
794.7310744629257
421.03077474298897
1095.6700345933652
569.8195318260508
748.7988331922317
830.2304792193597
829.5264592665303
152.72791073201654
846.6480489254084
346.83670130111756
1149.8942940427953
501.61266823409926
786.7259726869266
337.83611394427726
136.4281455362196
823.6553046438822
997.2952067539271
674.8359201125223
998.7040780691393
28.584547086015462
748.9203868002006
1144.5155858897945
828.9608066178265
401.75460347634777
133.75596446530403
818.3379733403439
202.15381883268248
317.74178930486863
651.8388567289111
665.8252762601852
999.906379048024
361.64168310653156

8.6 17.2 36.0 72.1
17.2 34.4 72.1 144.1
25.8 51.6 108.1 216.2
34.4 68.8 144.1 288.2
51.6 103.2 216.2 432.4
68.8 137.6 288.2 576.5
77.4 154.9 324.3 648.5
86.0 172.1 360.3 720.6
103.2 206.5 432.4 864.7
114.7 229.4 480.4 960.8
129.0 258.1 540.4 1080.9
143.4 286.8 600.5 1201.0

2 5 8 11
5 8 11 14
7 10 13 16
10 13 16 19
14 17 20 23
18 21 24 27
19 22 25 28
20 23 26 29
25 19 31 34
27 30 33 36
30 33 36 39
32 35 38 41

