1024 3.0 0.0 1000.0 3 160 240 100

211.77400509218506 4.614214139009282
34.32361155769436 79.06987352181005
138.84691275166128 17.37775996209681
56.65449005357756 190.82326276138517
38.084779872887026 39.10229164680934
202.62706039128932 60.15135614613196
41.38093406420851 114.07196186974267
76.59848253942447 55.49519953472881
170.2309274016126 67.16649148727552
22.775930652016246 60.57440634663988
189.92527924309007 26.21422044894356
189.35719635787922 55.59242992527563
209.5849437699929 65.00678608883395
207.75617819491524 1.314912338434393
244.68040340396212 65.97834740901301
222.06830222704417 80.96920552343958
128.10867877119875 154.27667179533677
61.232652157703264 41.557022165686384
177.90418586562066 111.7859265500366
21.223122246541827 72.26999668440992
167.28663595159682 70.41190570689676
150.4532685891202 160.74044548194547
82.38014994791537 18.700650864152042
7.189903076142562 213.90975518709445
160.8630564023827 233.09231282494605
157.62934356350675 237.53623394393534
211.35574935251265 85.8644622497551
2.0833267668058375 14.503946965265246
57.66737332648306 97.96892399311466
208.57712684439898 152.39903722376513
168.44419027039623 221.93853846981892
33.76434229064554 68.31820629450854
152.95682355894155 178.39717456294588
197.2968409708983 248.19973204832723
21.285682994320627 70.18953500098301
61.58843171075287 162.11995746034367
195.81010871504614 231.31209015907262
4.432615530532146 39.839757271991324
214.21553204312937 197.7027150954149
239.56317121250663 71.5554209281101
186.95870113283567 197.48348262734484
75.93510803188103 239.83178500964385
122.69223059101463 66.03022890047578
131.463370933032 137.84043808885943
219.19017277696412 67.92819649353196
228.95392309759643 188.11589566576816
30.573175936234932 110.84503773290807
119.44615307133583 177.66141829114252
57.75487546911176 185.4880904016604
62.609217856944674 183.31249673376172
90.37460956609291 222.645771359482
201.29973281682865 84.51406579975374
53.577485658230366 56.829182445484264
242.24171826677093 124.82242722273037
51.94249853799679 13.424447914804293
218.75457717703094 22.5768100435256
12.202649949692251 215.42796390730314
22.929139112856433 28.42470058137486
128.55228672757707 172.31704673967639
2.6108789633944585 85.782063514583
50.919009113673084 135.4729551872557
23.175269859909253 71.62102800018714
241.99149982213603 155.6951840691892
6.135998759665168 128.99684937198253
106.42440357777086 77.31158231244656
215.41717680265722 110.63111239340986
41.35517124753527 108.63027226388652
136.1998574414972 85.37231180920374
47.41081402985273 202.570340676966
55.577259080238946 124.10820323575075
193.5596916171703 33.67481838196873
243.7516038794671 25.62949828006722
160.06480971178593 17.976676676060926
169.10247512553767 107.76720375432653
178.74399742351034 227.3573656726695
32.55053275327946 184.0182251846064
43.7619304628026 184.93562468813815
87.06663715386864 99.50358445646523
113.62704293260131 235.2896650216782
241.5453289367224 39.82290193125862
69.08875277102072 104.71636931825284
117.72296620876047 39.85783906327475
228.01389449523427 152.0068029056442
5.024623112782067 152.9181307878084
168.77883626303233 191.96014816048114
183.59206144635843 28.69568462888547
174.24006181709768 224.16705458676435
153.02910033415603 59.82507945208743
186.2695821316407 132.27616017526185
136.85520779435336 2.744849899346369
187.02382426236798 151.682261750229
81.63057320861058 220.90064278289123
212.55579942240928 123.91120047307572
240.02297905142035 206.2317132424733
0.90236361291407 57.13907014863837
221.63767345850005 112.52542742427809
123.6015798042857 126.87500462250364
240.551075624357 10.359892476674847
122.61243575838942 86.43532680196772
166.04564561453293 236.71026261884876
88.50812542001366 115.27381692396204
171.86192923898176 81.18525601619889
23.220925986903424 36.301517631923744
56.74917450628328 245.21903437003516
208.50931368118057 219.53477891285107
243.3524494609142 49.56204791522775
48.66989915685458 26.017065417506867
131.63192321684215 204.65915050559593
18.945702293956394 241.0455758526626
135.97548186760477 191.2832720009094
205.52775222438046 88.10821967894941
26.484528420374883 166.72354819134657
96.70221469984666 233.36250147884587
242.79727855450045 230.59099466100056
153.44895803660955 216.832413874955
155.186443830003 60.15727563310364
202.23052031670167 125.25774416908824
155.53726642423052 106.74024244135185
45.04672283216138 164.6675393109921
168.63120517268163 212.87139012103634
116.52181384369312 205.891421256846
38.399282765727875 29.00636761629083
203.96685498985573 19.517072737294527
115.12066073883773 25.346488358508722
102.53050329418743 243.17197034171795
32.42541190798681 69.10984122891581
144.4807711115311 195.83728279608076
233.48118685783174 232.0340884293284
110.73234487614755 107.97390405612578
216.42044538703934 154.9625009015851
31.58102809556257 160.14889572373187
149.15359601649362 171.12088602293593
232.98709875386922 140.59960112647974
197.7304724575596 105.60992268788804
57.315229366029506 226.2021150669588
198.8629382011372 152.39806176139436
103.95721319196258 107.72819592442536
80.68543502774422 94.39863177140437
185.77995839921286 40.687632395067425
55.12060520213319 93.51396567856499
162.20109983510213 119.23153638708658
27.75485176363457 147.41181831310817
199.60682782836918 185.03132320641896
29.922037503233135 21.64507427593998
129.6358459714196 137.23261254927058
225.02606517667428 84.9368252478807
51.663708101565454 110.7751257314645
176.86772255127966 202.7746478230116
70.43780954006554 70.8500738942853
231.64233525685157 82.71809643251424
86.76719302194988 33.750475770433304
184.88868489039618 132.7973368272005
182.44110440101585 199.64839482501577
22.089369416286196 180.67813519113022
203.8587839146931 61.802616692251924
213.4374759890829 211.88623460253066
54.661452727037876 115.33025854610705
17.30123089635807 132.38067232126798
22.638142262425525 63.44665165143881
173.47925025382796 84.71698818625448
73.79918846280404 225.11568684968367
29.757252637175352 82.65607709849648
21.48553084540178 123.28801122283798
168.84245085176786 233.67222330343589
177.36022247062962 190.80304303962652
97.03223553005661 216.17631813302026
130.0836734432028 113.2687650513865
166.79417724305657 161.57805000548598
38.871124981203096 118.6599211845761
127.12616562193385 68.8567144327411
148.81449254162933 117.12622153390306
171.94665414022683 189.90424158896647
1.6608169363091507 96.68342559856558
168.2399167847703 191.65455960803126
193.966642957571 60.36077566824921
219.39964084457182 195.09333072153126
117.33593634637465 154.02191620301963
33.92426216694283 10.766666666810586
248.59209204919753 218.21739809621968
133.40379148977328 86.30760850917244
225.0860942524222 208.8261183297221
193.29805179332374 51.11209416400378
7.633964597713122 165.3711048227672
34.27078038117659 41.30735203909672
230.84264687564536 18.01407785027645
75.89516057900492 157.35377943965466
243.35527642727504 241.55056546748025
118.60659086068148 133.22491597414478
189.79959846016038 219.39256117677576
200.32780854710086 22.63105443914673
182.73869508036412 113.01459041897799
235.79404230468967 232.477389667439
2.2952233126724844 170.49990922996346
200.61466050382887 111.72054432095909
108.8266756328423 114.12439730278639
102.7145077744031 145.7680163879757
77.29437532971822 134.02891452894477
100.9041381640855 173.62625453172757
62.65207096567874 192.95112533128534
9.274130755633436 144.41355829836942
88.22081344150689 71.55087541454611
138.07138765155537 131.75157009493535
233.00959454167065 132.7625666792548
247.26810006035157 186.49650273338867
215.87221540156312 170.82105687562597
106.35441399893672 81.16989522612495
211.7249265652745 249.71467844980864
46.53249489387951 90.43979080436671
125.72189178738896 166.83802921839796
154.80571927169595 37.7347547717991
41.418792001994944 227.8410520429389
229.71882422733734 48.23890104134096
49.33392187111835 74.08213721446371
189.59226226630432 60.06155322213436
228.09782365502875 170.41092768211794
175.66482697479296 219.96705589009625
242.94157151589843 132.1360320770532
139.27296530107887 136.54572908174842
187.26890477945253 131.47791824563978
242.31245427895504 108.97806458576922
76.99473683745339 136.65585346083807
19.987676768517872 97.02807079782824
118.65835265251224 63.62351695428487
80.03118399182257 62.86585550319707
246.26214735110923 159.4872249960291
82.58561745998023 202.87477856964304
207.82191300293283 197.77331455635212
225.84128411145727 54.89901207948064
231.84789949828468 88.57779776525437
230.6143875688435 248.62201157808687
21.461688678202112 65.45783339707184
42.01054214100222 175.91763622628756
146.04746561853878 118.5080259941759
93.32811421052322 90.13971658564857
235.98230140533556 124.483719527088
95.04489337965377 52.187146948400375
232.26243609429977 182.2921551248879
151.6995610689297 18.432713791317056
72.0683854298014 226.62452674517178
150.36875364155202 72.94711588546559
249.60473469553853 88.88676709391574
188.6120333855512 21.35363508646429
244.9101134084971 77.00239638064672
206.5707342310277 187.9357579655925
52.24509392597759 34.50635765967095
40.257527806513345 95.6937692447859
25.008499849364068 201.75587706521407
229.71894070317182 68.21872934352446
40.42546870868183 80.32976929434982
123.19628485480976 0.8746562947953285
110.07249419025023 97.71852431738307
111.58112206899817 231.06072976914777
241.7469176436851 215.88452152331217
116.91182881694029 229.95915446538703
122.88207726626007 105.98288025653434
64.83813359340202 21.0463398416538
224.2335643528968 72.0101395756567
135.41912718114747 112.7472831500981
113.41353878780971 119.66858493658528
235.73803522027444 4.003490612907945
1.2717041891231184 37.656641051856596
113.98698690648517 44.88711157756481
234.47549733610558 92.87819677918286
22.67877527121384 236.10479153462856
4.594245818169113 15.044878759701868
90.08415909575243 19.6676542707247
64.1151064958167 103.27317552806367
186.3573001059392 196.89366584606083
202.36913367114408 235.11068393092256
41.04389223841512 79.81253919762274
155.93523446731675 246.04711303518482
240.33838355917774 93.42315224870248
45.901101158666194 47.132439832858196
153.22311066014038 1.0244240038460861
53.5063197878339 213.54211148303642
138.02753745301968 203.84566702190938
154.69805567590888 176.86087573051088
70.10021289424238 0.989828572990209
163.247018835878 58.79677059880684
95.17495095630899 208.7654148158631
228.67508989004725 225.9721183306519
136.62972253347493 148.27525278982563
241.37309770211013 198.3966292755496
148.4643683439026 0.821149706943497
152.07974100830688 7.9350041748920965
1.8485197433282807 118.92539528598233
85.92627827576898 126.25803039140612
142.38723256100116 238.70668530681527
112.92861869873936 134.27061048177438
55.17601413437836 31.16316023568305
145.7909418689779 118.08759296057441
244.75808990318305 35.64412412671344
234.73077218522943 116.92491657752672
189.04734583038507 126.60510830636595
211.46977985475277 87.71986323970793
156.06926385663033 190.702286966741
198.2201664617806 24.001833870683775
172.09558105458018 102.40315815729211
14.637147024143621 162.7727196694458
120.257218150996 112.88430731204564
125.23759967020082 32.295910702266866
121.37767171087413 149.81326559349017
120.1413240670128 148.67234354448976
166.78780227495818 111.14598558331932
205.90870601541832 92.60592083113531
220.07103309159558 207.98013252340732
20.642124813582658 25.470611047999192
112.20677995260553 194.90770754825112
161.0228729542415 109.79450877974367
223.6290676902523 54.00326664714325
178.0241254384197 53.41901506665797
162.58673059025736 238.64578610985564
133.47180801366093 249.00672402661297
93.32476288148176 60.89085696820023
108.98370196446977 112.86812653020186
164.65945989359022 161.52094171146845
45.79575326648419 21.8629742220032
230.8124875672668 232.51709147803047
146.92558244515743 116.32726587075138
232.78169099120387 84.06695741021525
151.65270587975436 177.50956909250763
41.60333868362165 179.2166201019856
179.83917377913662 123.69869708472945
128.62145931946804 245.75249705826576
238.28126394798198 130.1309230935535
39.53817106680996 116.4218346202878
199.34115123863984 193.9644711865181
33.137839242539215 145.68647841023372
108.83167799066565 2.299418116919
157.43448268811377 31.453237370282938
200.20870145926193 55.93611892312267
207.0625050598344 153.5358502053643
8.086420686964857 128.99405192172063
169.99310139646352 67.34801022769315
126.58987272394928 159.8896193180203
81.62863383148577 205.19856530004253
78.71512906857683 162.4239715313028
10.418589176699689 153.46143421916375
128.25079637680037 199.85150144838613
16.57637217691821 234.3418259451903
181.7418670779848 199.88796071819783
125.21181315955724 21.165077849579024
34.22158102933512 157.42201973761732
95.76415400610985 21.701451603947376
12.739482510451621 38.61350557803403
49.139772927623255 196.80439156623882
98.81861466988335 76.16177292910015
146.32130744150166 219.22929868305394
216.75390073436068 35.63742031167996
92.92736283807018 110.74529127977986
216.3914356109577 127.53510200727203
84.40946478723946 26.95325999598411
220.7920228450423 173.55002332670253
121.77869899927438 1.7701402721005954
217.6391970819315 211.31012507468674
135.4180241840403 245.92679272486643
54.97831296262598 37.25406493167921
17.37511772108932 170.7139259142322
81.67845567334808 233.72565825959708
176.75430233698108 243.57921636024986
200.2944622475183 71.66536486277738
11.426873463757426 232.98978673727422
67.41351393629796 36.208122748780795
227.0539348358637 81.6093883276067
203.50935525913803 249.0559097280924
113.4959399281302 145.8507835274887
156.09218393668417 187.12152902146028
86.12491452539778 43.5425921536205
0.42259795290044977 236.5281503379293
154.22280705945462 64.22723596515284
102.42204112003708 201.05461479739586
146.2045603965106 48.43407766278021
178.26277249814422 234.6039583559056
194.52935011241115 142.1514713960415
107.16557092833604 247.05715952621728
162.62094165559523 92.85270321414049
28.479726780582887 73.9690888163953
97.82346481911044 214.22632886401814
192.514139259354 123.12884624232798
41.01320220940855 109.84616017396911
208.15148431840552 119.50333286553158
67.77088482209265 106.61283820152828
114.25759541424537 43.88952439170085
11.16278814883309 108.04894556359828
190.26341185223723 5.555099694137339
135.00053441523534 113.14351219745694
78.3077747036087 190.5423211616561
35.748034001793606 215.92825437895368
85.64800715167314 68.682043286305
173.6111349336535 231.3654125995786
70.19153023891164 162.1804897438177
79.99832822612544 74.51511332421853
90.16963144032411 178.05426836811498
54.75554088600573 185.2507333444938
12.65332112284967 79.01306557086022
62.14704646012409 3.853964035578694
76.25843549581826 243.87056625631
242.4320741042435 45.17660553339981
55.08081113390201 94.2766480404544
198.5530629656367 127.27560286769116
134.2198703866569 198.69393590616244
97.1525873835577 129.7376890320284
155.18332084772086 82.17881816426781
158.00722462631168 84.58876053583323
171.0249190145293 78.44124696925101
217.64776369632088 166.38145373272815
97.09212557143255 69.41576553670265
44.308151512190804 149.03521907539323
136.81604096026018 235.67554368081176
227.22028576621537 41.61108785451514
181.22311998238303 32.51326704579416
36.541814665767866 59.94156806154569
92.42286176410516 90.82322639173965
39.91462247615566 88.88837732891116
226.21902924316933 122.29834168849804
199.5911612254549 11.974388825358172
126.75975393985594 140.9316325134039
195.07248180957146 157.61905956299782
69.17971202379411 38.711406701214536
200.487291578524 67.15438821134104
97.77678912771584 215.03536117039903
140.5992008489073 49.71690031033585
170.09613746804217 225.33343691964424
223.30721562666534 30.631668952332213
31.271170275808615 144.3124983646256
173.08981687933988 65.75742887315437
118.80892181597783 14.809283136509672
182.42443645934077 151.2179216865816
154.3092574175857 133.8540891339862
147.29438921707055 124.62539258913574
122.23817170368318 2.7064538831882423
53.74526379786465 169.3069982960633
132.66175612508306 119.80472817540038
136.42707455210103 37.991763024837894
243.66133477874894 16.856768961440643
181.8034162381733 236.21836595972115
131.76274850202816 0.8953580644164572
108.42026200936985 219.63490926970246
57.08094517399465 206.95716376443255
173.02973064959147 239.8821855585745
117.13765442255483 183.9519883822888
195.96985057780583 85.32773421612872
60.33089440416434 100.11532087239705
121.57814802519115 36.17097103692421
162.92267813798244 166.458351884133
9.529083458051007 169.54410813745542
224.6792175270828 247.40757226808782
73.17242704986734 64.83279364663211
165.61623362453852 193.13256620007522
70.43349862567896 176.09498524161552
197.4096048008817 31.40510256679871
58.83953900576947 216.52334565993203
195.11946220420748 8.43027844817973
241.26870602285393 204.84606669360215
109.18224889359995 27.270215714884692
233.19223985385614 57.12596574905765
104.5722219602007 93.84359535832154
148.90808311867156 51.34052787148888
94.70242478705838 53.265277013004265
27.47329693413969 51.497647144279014
132.55471215224878 141.7870862771694
160.01902670630744 57.56432381626359
243.98617786894582 198.94562287308884
247.80292793981576 44.8202470733397
202.00233695251657 73.63517800775548
14.219772602935443 235.03817641169718
6.096800278919207 0.682529184061087
44.38893954083317 165.73101092805794
136.89310283589123 79.94854034241696
63.81599307860639 114.77243688497444
141.3806942253853 194.2744396116075
133.4634678840184 142.99162721519673
104.56785634512622 185.0129831788073
155.32755258949524 222.11147984548484
69.56316852896116 206.5353320554273
165.1884292564378 48.25940131090223
142.01357956659513 240.1794203802695
206.63310043817737 55.95285364990244
21.68677916938916 6.474533210659689
101.88693307622849 70.79341103251637
225.80762734765065 60.6518260049036
52.7610880976728 147.45750700060483
165.83541462275275 17.705416165456068
169.95666724023567 221.64407727608048
90.77017558673933 121.76701818757051
237.6103071844424 127.98263450153591
66.95412291831029 109.09802698562432
226.3785104189769 67.76369164121881
143.4166889224444 52.19154817139035
157.09217210153147 219.02919123136158
70.73047991785201 42.720298757895875
59.47848530583438 49.615533207241796
240.08392073563385 87.92558112545498
234.7979783241876 195.3113161548818
193.08787171432775 104.10791981974926
71.39929995436228 188.5586929557596
57.42242532777872 201.32494628776527
53.413690546015495 0.33181182097341555
241.87577511046493 65.28200205536349
22.788785462684064 154.20141411988976
95.19941558164835 116.93933252043246
196.661701437583 72.99182142598946
81.07079502550738 127.296408967253
160.14387142208707 201.55351135338734
39.97107577583453 192.11705464723025
17.38663391809642 146.39346526259195
1.7353209669933034 122.30173126463454
38.714553671016425 228.46322532760735
140.15535912499897 117.54883158580267
59.32773898620644 242.6827671669278
104.93208104294743 170.94164867870373
166.66669189787444 49.055985942587725
61.88824505214752 106.72104588272855
36.31932459949619 208.8267128235982
235.22156694179492 153.41703335789856
30.76511624074302 76.30467961186366
143.31640369712065 152.52567382871524
16.05899608436001 144.1667218143231
232.22653117011546 127.24007030775466
98.58353247424529 27.183252145699694
246.6427381381827 132.5805884338874
50.36625289692528 217.9203039896367
131.39243901487762 182.24553840213858
162.1181212786774 246.0773857903253
239.77509907650122 130.14584160572403
132.212273465768 70.8765759515582
112.82388746880758 146.69787259311607
115.19668927205417 191.0737456644215
107.68741622617306 69.0552761381687
7.426179030173563 29.216737195583846
177.24258089336567 215.80479671945633
148.54470848847168 85.65939717326096
202.77473273600825 248.05286498089737
190.04806111556576 81.50457540732131
92.93946145480433 152.30660301297172
18.518174886233947 195.5891836796029
14.597597387738803 246.5525749533124
157.343045939396 18.10969327078632
107.03520819251428 35.39628436977868
50.253499925188294 21.716525129657242
26.878064278362064 156.99694056819533
4.608051562288912 68.94147574896489
215.95261560108324 27.611382110907883
50.9993096149467 120.30022586292571
92.35816499836422 60.3876164757205
91.44572277253802 141.10186297933365
104.69907387616567 27.42958732044415
156.2479566714558 101.53978418679563
104.18552997885702 1.3220344349849644
149.76049955061742 238.4671957051045
1.3578705889244203 202.38766746472018
124.7203061829567 21.138250891763743
59.279345499813786 217.7484705075464
7.422010677097885 229.7470077663032
64.82544064046448 83.7090844228155
210.12636401882406 216.1867466994196
18.89058470438315 86.85510905869351
143.4215876605788 189.8061619648405
18.393443483520706 5.759992479023868
229.36928673376005 86.91463754676296
210.18331092826082 177.3407806687985
125.93899630290831 16.017778750606393
73.27253480604404 247.36562111023312
89.74683870780761 118.67266325237902
207.14670060770737 99.9005862996866
104.54508802909469 225.56895757859735
110.22423817854404 138.77973634561735
115.04802479627097 1.150374861599135
24.92233054277035 66.52415719358598
166.06662790098684 160.69581024212675
19.15877712930908 120.55765121478193
159.55256614440555 88.77627168914412
16.98945853672498 169.54921070096114
36.02776420070411 236.27888426524305
35.33541665597015 236.02874138520698
29.623330198411708 107.12313092072834
92.3021772150562 145.7880244713293
171.34547320349344 0.40209773417515526
194.96848496223035 197.45135699446143
61.00389733584002 141.23011796740158
240.94728169491188 242.7295280871901
127.66079099966873 180.58454316234955
15.78478494489788 66.986200334137
1.6967493897455665 98.55847592239641
232.65836320277214 225.37121241673185
138.88674205043617 1.504501580603168
25.35814938342368 228.96025951661923
163.1427313324588 246.01169237434942
27.93138045588575 116.33131833741895
83.49000088946704 149.83647921141701
10.493825705890691 142.8784711648552
228.66851984291517 153.31311757942774
151.62711433076345 179.92234279730718
111.01801751095839 166.7661368787219
163.06170521515548 65.00869345669969
137.81977638763794 240.61271366143842
51.24977850453208 139.61958109248238
190.38604276454015 219.5922742447065
224.0318993950984 0.3791111502260691
124.99706429473312 18.525812261796197
101.3825661768491 36.704619202623995
59.47321850893108 37.53411425380457
230.07373111106597 109.20342232823307
145.1668227926879 175.65385948939917
178.9214892654692 151.8415402294528
163.94245438689197 33.330013267677096
85.28676943390889 140.9134879146891
12.151086565520053 84.19846371427548
51.51891351135831 51.399652321368336
116.73921746978915 235.4763444310904
148.55633919442377 216.28019059268289
53.29647373994706 209.32212035939463
199.09781141609588 225.97282957110366
41.68323829378628 11.493404764904708
186.9824949853428 217.56511197011906
195.2215707003807 146.4664376656122
223.21343258049632 135.1447226589429
110.29106967280075 199.35517891458116
67.94319463871301 97.80204336950388
173.7099343199241 183.92041569345778
27.6886428667365 31.028337134849345
114.81203742188026 35.40820843547537
82.8149573704153 109.08886615802355
206.57230010569177 185.32339263167117
183.21965620321345 157.00346171125008
31.194755891147395 57.00548990359583
110.06937450306108 30.42389119304978
49.81593840801954 54.97709852424801
181.2213593165561 110.04607280586646
59.052542588854536 134.2463786657719
91.78245190733925 237.06167166457385
42.206621415879084 135.47377211006355
46.73920616412422 94.0817532622513
44.469827714077205 220.13609909679448
61.530907164703386 111.22733808509835
42.21231965434441 236.90962368092596
205.005249013555 103.92680711262436
99.08507419729398 117.33046887856064
213.11029794526945 111.28327670361071
14.92510658150034 42.37045650708604
123.79952881066686 159.51663406420676
236.85943054555167 109.79486213884526
29.863865037229598 34.993405054482395
243.57863213611049 166.37787535573673
182.65052278094169 118.06559711274397
243.02148308391727 18.945235560094087
117.2013409038542 223.6578095906544
133.2090675453511 14.328081415229066
64.25795371679851 80.5181236804049
230.68800214003298 182.6985428384758
218.26000730508432 226.78028184487144
94.0903905470693 11.369349833656866
118.46497106456941 102.92065578305271
44.14677669061656 181.7665528962082
116.68041648423205 145.54970582683237
170.87541315051314 17.494347129130894
206.6482505672051 89.54004660142428
22.027386628835966 167.15012670906552
78.74573594555595 226.51186200587352
30.06835011269976 223.10058631048327
45.03916156257487 124.92756670133356
21.931913930944123 142.92560933674275
222.98046469310907 185.35237075546203
171.66797269669206 43.56888883811719
32.40186187132965 105.72906288055803
112.64623342713905 11.791741662802806
121.42739785898418 175.38175548067616
135.3937906491687 171.97455876440645
29.12213118141202 218.60539038127433
238.947190225616 114.79417261393377
77.73173820034674 70.11065796206337
47.419862651211396 3.848823735484508
34.08198024963768 90.61908301022153
150.59748952849506 112.28406846520578
100.27118163930496 7.8082940575364415
165.25541033689646 42.37516502802494
34.29677763092365 47.97814447866821
112.79789848990134 191.95628919554343
97.39867978613498 85.81656725834021
77.28230773340672 10.758525565234379
53.84191083433898 54.88099140228395
239.75159954577035 24.161027784394882
1.7339993090398353 87.67306098966921
201.83664613836052 222.81352871890206
71.32897710368216 9.208797364933963
247.60605113205887 12.854235386363738
180.98819566021155 6.1175006398587755
42.67344390347519 186.63066985585615
160.8045446563423 224.15133088503976
106.33315914091868 201.78254806658117
91.56836240693193 198.27770958867336
231.71536602370276 145.04040973260044
242.32103481382208 150.3171111043489
84.50164936252236 235.16353568453954
60.28194556671279 84.66726224391726
60.03462336105239 76.85508394095439
179.82464033118012 63.24006990009182
6.407493656474888 208.22328782046188
53.693795991460654 195.45936829419793
124.05594664992536 146.05903135388488
200.64804188582923 237.77383747450423
21.283677149764006 153.64059882848775
86.34478271798635 226.7043251949349
39.92895807612234 13.165894764357505
172.67179575365202 128.71725927353208
222.3038074261037 140.66749425614987
26.225661758582376 173.40572668816273
92.56823546839473 31.527542795097478
109.08130979428788 28.452185353461584
58.77839599713586 63.875096941419464
232.7587925032673 201.56632732558072
3.5052241591445874 51.984051037424344
215.81845317422068 41.17475610619767
62.79213892178481 191.06851071686003
77.98043166071974 124.08121677654616
247.28584027720981 240.44244255858476
180.8675051542946 121.07723865171013
48.49680008043467 183.49870556835288
146.1765560137973 138.83771960574555
210.08341081769473 72.84158353229101
166.7835075092079 141.86045727635056
207.17377878543599 168.34379097472933
21.415704621599364 180.28611026978248
216.90504299789782 195.2621537624401
98.46343365165933 189.52056183771444
69.41000577768855 103.4216804436427
42.443955527852516 53.4577750027411
153.2273462577096 95.83055046046682
207.04010917558918 222.40896131079518
96.61161803278537 169.81599094460148
186.2622130578063 38.48235241051648
104.15690883251821 174.6097767114614
15.486891414036918 239.5578344729597
110.26883267959064 68.04709993783409
190.63076078030022 161.9287342801133
32.06584002754834 159.61241126353275
49.95057507294393 141.73379765367912
20.952546321517524 159.76285625877128
62.96021464152587 126.78143359217309
195.4730795679485 248.10645484140696
102.28114405583982 138.8645687040828
218.53451021970412 245.94094168477042
214.77138142717263 202.7025679328737
136.79890700156616 196.46004442852353
99.26046119194612 137.52804663975232
62.896119939432644 84.94839341984836
39.17376042478912 237.95588224159812
101.93799964237141 97.65371632659503
208.84406166950998 162.58199939491055
194.7904973126018 167.06410437962631
239.10682330027348 159.4665341406374
247.84471738679778 27.049005587145125
157.53670980835153 53.05143639948212
241.0747690380683 75.25354465846029
110.9906034962006 237.0198158938296
102.6656523555102 189.06047137686417
39.74338497787402 211.1692737101999
115.07614853264667 57.84675831238115
80.62076145513811 249.74566865913124
38.430082887746494 139.98809029819245
148.58076160774732 179.0093950817943
162.8198751763373 89.01477825274077
214.14167213395837 54.873427984233224
19.955561800706594 240.18806445561583
207.61700077480867 200.9440629533034
124.75901019852361 248.02648518279946
36.092364512340325 131.91308596479996
193.41377355327512 134.32656245822315
122.48625552533186 103.97375241504125
242.72162864260244 121.04290245823398
60.31034767256388 162.5479248388397
199.4205692872113 112.4753980929799
44.94178352190251 171.1350263044905
139.21882311020482 214.91209232956172
41.38158530660713 201.6313465691042
144.97056502696933 105.47056523341227
69.77329443876795 184.38652077930695
88.22257709831501 178.96348441250348
79.58160378395046 34.05888191458828
215.47949660695787 125.59540889181336
167.29210092258594 115.50535367115947
7.356980445071937 115.63012290038557
162.9469618416752 159.90135140027044
198.1856403726456 167.70436363838886
15.285689144811682 105.77164014523547
180.1891505154788 5.131051630131944
196.33625909134022 147.70675081076237
202.94226305516113 121.9739768575063
235.67187133632115 73.35296072049213
195.24226705355622 187.06651894307424
91.9279180946612 57.73199239826546
224.51888230129234 111.99311225865732
234.6379507243999 89.08979051441865
246.98466831677263 142.84477646841896
191.25343398979132 231.3051179203515
27.207653897935224 42.45099474543326
91.52533722953604 89.5083826438525
132.79163175881718 43.17446982670287
96.40040457126072 43.54949969956662
150.3700173808892 52.755354078965674
104.724616444081 199.4441574527987
96.7472730633055 38.33842275325877
166.84644437958394 197.16815171843635
23.657817365611955 194.57926224558443
69.9236088054672 38.346771417203385
200.4544973143996 158.46747238454668
135.11698916412567 25.93388527902471
19.449521307522755 138.27319026840047
193.66368677408923 133.30824183786365
102.18800298403588 99.17193798252063
74.61598408712966 6.799457435241518
102.44372073078416 165.58967376449294
80.84518056957893 92.41636748390853
128.11642714545118 115.63659648503847
48.55782321139912 233.4084680487141
163.81506901367763 116.31297492504771
5.685283659323137 28.013681816445008
248.43840895505983 76.26072957261046
246.00275839858074 197.32464351836535
61.26490921123221 3.9777346379266665
108.2265800667061 23.795064250844376
125.86729423367632 87.6596964527854
183.36612970803455 196.1885474751259
245.59760343864505 194.10352050853749
25.131776633861875 27.69843960830834
48.5175979384517 222.10214453883978
191.7103884289103 106.72109254738646
79.23052939344569 196.49993427863944
236.51194547151826 62.90690100281843
142.25194406753118 94.23057244943206
106.73738956076362 33.90523590729344
143.04353565531704 205.44850536054628
122.88309164427386 72.20514131260772
154.42875189534266 135.87709449133783
72.92689739127314 102.68421586348892
141.65440898739394 30.69999646087296
172.7340094988891 109.38836946749336
74.6900171439527 234.47821802381884
176.655069055052 31.40328545909493
172.61480692125008 211.7933746218649
138.06760330057097 58.145108593609606
12.96992335808589 220.52064073289435
148.31146707829993 137.6097057869209
153.0851064508329 146.43984488852743
130.54893040085582 204.36659807004924
83.48084081203 189.73531094990264
140.03482128703217 50.70766858838305
139.12001014744723 195.78189343143237
81.52193831500692 146.00895642728017
42.38487466421534 230.38793401073005
204.88621126541588 114.51287993876343
66.95174951377564 99.6237054472174
141.55007640560643 134.7632264022098
34.79908669454498 24.462330171636737
72.35845885070182 247.67311985022425
71.86067083575612 157.74310518841162
223.83279402483606 160.7104291403859
44.149611837810795 55.24100440031804
244.25928981522966 164.05047033047776
145.4502920650136 34.04658432865706
162.31149922321802 198.08657952173485
128.86759649945168 12.041002879095236
240.48593073998 75.34165950164994
169.57282478050308 152.59001665890776
150.74321247520479 50.56261525775441
68.67722126379545 98.35766976773921
156.57473764710346 7.592957230504293
133.2070270634679 176.63811076366383
206.20055892503268 62.467357661902895
58.38344180165419 145.0804339954288
33.29739787452907 14.966601504802057
38.96379159819235 169.13536409884853
51.00909412788168 119.73391869815475
84.46378102509541 145.22239780350165
87.2749016340901 97.84968082158026
180.52046608825782 75.41458938384513
20.11665448355063 80.9039101427188
28.899966025010215 241.78525722272695
111.37883207441759 215.37063379186174
161.4352581541162 88.35011642967994
229.28557983226005 100.65507875460658
111.66649535250053 148.09174657216823
243.63744597801747 5.170008295901973
219.33122447030593 127.42224792508524
217.38268078632632 200.58445190423072
214.23245928224304 86.61405191232949
174.13809848890025 112.17560658495671
77.01765579312777 219.5264097903814
14.768954201009487 77.95290058417493
93.4713639544913 103.21002086683659
91.53787927724707 28.405122254736543
188.68177835432132 63.76104439706742
102.05912833701069 69.23530646980284
81.97216929225556 16.853751416488066
14.97878202526784 146.30720959825527
249.13780443523873 195.34900112724483
206.59529717707238 237.17568576954875
159.09782270564227 157.07647163046326
103.2007730069156 249.34466072871604
32.17718443405474 177.89606622775574
240.0910314147354 206.82773612590344
232.02065377094937 219.41742908551703
143.03783663869956 51.66868820170081
191.53452481818826 60.42477951178377
203.05739937841585 173.57922346629428
224.51278973798736 181.23753511303508
112.1996666137928 211.60372239760514
166.65818479209076 173.52092310924394
114.02013907939654 64.3541464374685
91.55272254203481 243.8764759928991
177.86686026913992 52.34568272544921
229.83322542433925 51.56566360793449
48.6842436424903 206.62396254455254
34.405791526960606 182.17600462116877
13.749714267570267 239.6952308466294
92.57392813003621 168.31248063752273
36.85972881470165 106.13189380890992
105.5306359334627 1.3515087505006351
127.27885753779772 30.08090124302651
42.101996242291605 143.41069862340066
41.55682594860452 64.29874405767644
33.47863036363397 157.42127713262298
129.275477790823 142.4053284604715
119.99861413962357 226.0148232092374
119.25494203537218 242.39478528655417
121.87578122879344 71.93249807799803
87.71121018184868 87.53092699922205
70.75783228566154 81.54140751910587
84.76972008961289 187.80824009204866
222.08987918702624 130.24730666549647
1.1985018642850231 90.72989359199136
169.56063608272547 146.15322262161354
9.566673013986977 12.75550896287217
232.29007197350225 110.44826115638581
179.3120643802265 226.93805652998893
121.35217449959055 46.86779086281556
69.88077128453826 120.5802825504034
67.8762286371202 248.35095876912297
128.80596715584355 186.3450441944524
3.3384472268114527 40.853705274895844
160.37746799119182 60.84736039004948
92.22477164758308 131.8200250250302
105.56670158522094 200.91827521288016
121.84147892943773 97.50553921681899
30.178869057805922 178.18773873139358
81.40245786963904 93.69126972198508
86.87813419189533 233.08992884756466
7.032026811573694 181.07580546759377
168.04573948680638 19.185126439585087
97.17883581076333 92.45810007860914
136.5057333018574 160.50690139913175
45.04706901398084 228.32513445726002
79.69097158925031 75.9321815271139
113.19483840968755 112.36278034260677
170.53064569282876 186.05655900377297
144.62044022879752 201.2940655678868
209.70999709474995 100.08632684270968
86.16785031807217 75.91771979505873
190.9152113379686 19.0444827806861
124.02518214267019 11.111812812588607
237.8317791228888 42.56798546968871
181.1487425676695 77.60465475504924
60.683240469316836 113.7571747879336
236.6025864527777 247.57635159278664
226.5174432948352 237.8028599846093
114.27119710574316 166.74835161413986
119.79486661280598 15.373936234934577
47.56932784795728 77.83849668840764
209.1845744433438 61.162521463174855
1.8779193184345344 148.12876612148347
168.92840392321 10.451865911891318
136.43388714952462 120.2988213015129
112.42398388805236 87.76274963645764
67.96382258755584 170.67491506208347
139.07753481799736 167.86110156927612
216.7020193910619 213.565799132972
84.91133536054107 62.29181201031197
70.60187395008313 166.11760058969742
53.767455704756635 244.07968145012012
224.42344975416933 149.38477898085762
199.28255771096357 66.20918022482446
38.806210921183556 39.37797566158221
19.100786380127992 180.243281526538
207.74456597716744 108.05367420305595
32.09463913326754 194.06126329690363
147.4741562678834 245.90372739950294
157.90838449196013 91.2332100458319
108.48416609599529 47.09001063681753
150.32171637829524 239.0877139166673
22.966031286998064 203.28000784037937
27.61081223807993 52.90746927315093
191.88068262275885 36.04344506240964
150.62389083640284 7.840102127957577
40.930030695886714 178.8157483275538
115.44348579463836 173.66514140462192
221.83748262244842 136.92925838932237
201.84766942357354 155.90708359547148
213.77474419474441 82.5280799731957
59.5391271107098 172.44191988590623
166.61701183327426 159.3735955832319
195.58460645553646 202.710214725381
155.85789783146936 234.8724531592481
76.61556000476541 170.02925845601786
164.0563994703168 11.134738482536932
188.1848410606768 83.14316174395331
201.73205388212799 13.698692777138477
218.52178830267385 182.90676252640677
20.70837713492682 174.62150686154217
159.82552325505355 4.130404342120642
106.02443786767674 207.09104451002486
144.1479509462726 67.04239384522293
119.62781145051446 235.06916033025664
23.411244522006157 69.25911162276228
52.713985787444656 120.68101451923467
181.38932619033616 54.23932565375023
139.51574676350356 5.997480925006959
146.68161784805383 58.20822557575755
105.08105202866206 21.430071578846494
2.017257968391389 127.94244818143733
5.760661424687591 27.822247621832496
214.33767902033208 80.94896137270327
200.25114587321133 68.95524639913575
154.93886767141646 227.54267637803966
82.53870197058427 208.9545510380808

217.34280556642324 3.1494697243281413
34.81906789131312 77.14797268246015
136.73530341462407 10.019132397576957
50.1685366055861 187.59787972277257
35.34619548968831 31.55986032030564
196.25500506400226 57.12695011367075
39.98547863135915 108.62372759553418
78.66355914058288 58.42344504792718
161.9882046446372 65.7022908634313
23.549198311857978 60.54742857329759
193.41521397293812 28.002224742865096
182.39372649002277 51.414184604198304
203.1080700005591 66.7188083652685
200.05822852810064 1.1076422647049444
245.80782846294122 71.06323551792335
215.77970500405138 81.18814755503709
126.41089251919779 146.28027513401162
62.11721063936462 48.79607623691767
175.00950998717218 107.53767464600891
20.35445521293444 71.32851319118613
171.585139153895 67.64556737228638
149.11515863866265 153.78264083501082
87.74858596265689 14.294833374757982
6.210932314215379 220.99940134037126
155.09051676000732 228.26649458914554
158.3803172629349 241.805922209033
205.20381065958182 80.79688312797273
8.234244887608295 15.946391220510753
62.70446873792243 99.11002375378256
211.76129982238757 155.41272685594458
162.99093317711487 217.5581246887517
39.33909726532436 71.19433258236104
155.5929649762269 179.7695608627231
194.694085418938 249.37369871898392
20.845665340935902 70.85200390389213
60.63069368233936 158.0156967322519
191.83950874764443 236.1180864551142
9.223127197625747 37.60461489007902
215.2810497859568 204.11647131894642
236.4090568957518 79.18720514907659
188.03820086453493 203.88624471191275
75.86317359162989 242.9415067669782
123.79577556664113 63.368905186227146
130.89761485268932 138.69065059326917
219.1517028361108 67.8489289038979
235.92323996620655 187.83711311753208
33.883882936744406 104.1178430760897
124.64944524486965 172.88521058729756
53.253177319006056 186.07793439260482
65.79963373334652 183.8959686085693
87.87907112498387 229.5651933634606
202.52492731433784 92.26123491854821
53.05940758696415 62.79162352473011
235.4384951924412 122.42741090089926
54.66811003407168 20.647457853873007
218.93775140397005 23.914529058101238
15.351875534341724 208.3013541358699
17.043242180649287 32.22492219227915
132.13565241855167 175.94267200914314
1.5328456017682512 84.42330082396856
51.6276394821161 137.53351729041736
23.14211447589934 71.54483670924385
235.85839003870774 155.28821604558308
5.611638576878381 136.07501932114712
109.55778842322125 83.44780439880023
220.4418559071933 108.44641310509537
37.2668528154923 113.07055769627391
134.765866305723 77.93289653123911
42.637915452613946 197.69338202692012
54.915482009074815 116.7022045765859
194.9727461099891 38.10503974529087
247.2722471310331 31.953677503214458
166.45216666025698 22.814439009582966
169.1460262183618 105.31252197451619
182.2375794772292 223.58950186509165
34.36778008221969 181.3762358238299
46.86644352823205 192.680716356246
82.9742304761851 104.45717572121258
116.45419487076208 242.06929548684204
249.33572519559337 38.669575457162765
66.78904382202 101.10851721239625
119.06310455546146 38.31017250107843
225.18249570551015 155.22113672856068
5.439591236769958 159.62301114554
172.76697796969088 184.64969590183702
185.86204715159053 35.02874386116706
179.99874595235065 226.77689679875604
147.4302966685393 62.72953910830134
186.58428803879065 125.40629808929229
135.17696323676495 9.780431343281853
186.09263512876078 159.9904139960102
78.9229225620878 216.43392729468817
218.86224738470415 122.84068131494202
233.62310653170988 205.14118294230101
4.810569457267072 57.210742996381484
223.7803897678709 105.79683788512426
120.87415525659662 134.6872026158902
236.68160060929696 4.464150823922486
118.78010121338149 79.46543675954857
163.63155623166693 235.3325837131197
90.05750656710954 121.16099624729523
166.77046930584157 80.12453771632738
16.30016456318589 36.230264011987785
51.57127496076441 242.3672697462669
204.9377593390964 214.4366102946548
236.39061095919118 47.28035689715354
44.63183963761524 21.531339114809313
129.98390450765208 203.90083891004969
19.24116311537566 241.91996523243512
140.82927099795765 186.61728193760564
210.3782283954015 91.18718710979911
24.890396699556312 161.16923634124535
94.704712580694 234.88365017837256
242.78047785411337 232.96546206558847
147.74096732505996 217.5225119075601
149.02679423052143 61.131504219206654
204.1583087265923 119.13435858867597
160.29669443488493 109.27675688937924
51.72677844813162 169.69756955045096
170.86804529404748 214.84689424664435
116.43960592414132 205.07864622273274
31.40372366290267 29.50224117055586
197.17833012716284 19.48358066054523
107.68977953510525 25.109061209922817
96.4524610198354 239.80004252515306
38.57894330118219 70.07723399869106
142.97663326483226 199.80831757220705
235.23467040206233 226.10919056339765
104.18000576976667 112.20085533736402
217.22300457777934 160.1618347517393
39.665828065082096 157.88662311191422
153.93895990296107 173.58215096245746
225.83233986088666 143.52680274819193
203.4899917735655 100.38146409701041
57.68424848216902 220.64910665364403
197.54969025274934 149.3185347333735
100.24780875167406 107.66203173764264
85.02956383235552 99.8550699110792
190.662430374214 40.92175903306936
49.63453306206908 90.79430701230135
163.7919536873312 125.49986633192096
31.072364889875832 143.95433316891882
199.76151541820207 191.8289383152444
24.181749833182497 25.825448129566553
125.35388955053958 138.08121486097025
225.44101149587036 87.09859562356431
45.22547651960673 113.71719370717109
171.3351689172553 206.97382448601562
74.07331726378186 66.65470188207826
230.9644988692802 88.33211552375097
81.24766185807624 28.261380448383527
186.0922980655696 135.5120483792419
185.8392435605773 202.47122629587756
20.095487585955112 178.76448564206402
198.76950353501172 67.41494334990763
213.2989369868003 205.91318181475987
60.32119017641765 114.75324997184022
19.516825453731208 125.94722435492595
28.227571282917502 65.9328255742467
178.3201344824054 87.25102740584553
78.17504690631738 224.9220106440242
34.69345011128361 87.47190506133104
14.113274403876302 123.74639836234405
169.59567302361455 240.11207664399373
177.09168099494048 182.67335116539033
98.56797654767122 218.58672107683608
130.7709983402019 113.57698123552576
162.24014376719225 160.71683465950488
38.84343875337659 115.72159700069099
122.95209029196025 76.05328771383569
150.95206743770936 121.96883284814861
174.73305205321196 191.00608876790645
0.33147701188668277 101.4237744270953
165.71285194958287 190.99190730002974
199.69476310698758 62.049528576443414
226.90804970481787 192.53528316064725
120.44581766754439 156.97753046113036
34.14111339345472 14.618543728593197
246.64223134139448 217.40880569688917
135.5248605827987 92.84968546453793
224.07020851434123 203.0815502321444
189.6437905455545 57.2360040566153
13.748861034771853 171.04721218493012
37.94461342098835 43.04107929083284
227.52444233856008 15.248583555861728
82.48423929660315 158.91686049423066
240.70151130375234 240.2694632039582
118.24194768511778 126.20160990618717
183.15003404133358 215.40420382279365
206.80206252735098 23.476845740326603
178.7685337209298 115.75391164876837
234.1813823053649 228.12049980496815
5.299782070865705 173.26667346946303
195.75582324830125 106.12842059205968
108.06352910925645 112.32984135072158
106.798320733546 142.0519205689798
76.44808557302751 132.2318243929802
96.08277676980617 166.9151435441533
57.12068689530972 198.1254022202775
9.744795422378132 137.10464775240982
85.03008634390471 64.30649243171236
132.47943082716182 132.11593486743826
237.33466818087655 131.50089557720216
242.5977707618798 185.76332762844183
213.45418987018024 175.8504141654497
107.33835439169978 78.91130516148468
214.1037951005574 242.045737794171
54.055354655022505 92.3917383833702
131.53812810748977 166.7824729167607
150.73851425783008 44.124246531555336
37.00986419230143 229.6082449129626
221.46051976515042 47.61467541628001
46.213166599990444 78.31983121160307
188.28884649341617 68.09511673167285
224.928599164566 164.15636430715256
182.24065011967144 217.26256083483702
247.34014530548183 137.386526363909
135.78068241067265 136.04564000083002
194.12946098155834 126.48687889707658
246.36650601325465 114.31144757163833
75.45045952574145 128.73474395765572
25.86424253303077 98.01593044758674
114.31816471696618 57.549849251687434
79.32576268931949 55.58546469536063
241.83352118146854 154.92635137779328
87.66495528112897 207.76797929589463
210.27956385421132 201.21005405156632
219.46386526175064 54.722629961585945
235.260307323166 89.38027136872357
225.595543467602 243.41071399068335
29.273089836262674 67.15380076463944
44.5658067354909 168.12688612365162
149.2761160572733 124.01427125207937
93.32464661039458 83.88174068502896
238.23387689892107 118.44321886855438
91.59833467043457 58.14916193326941
235.62498226353182 175.43334079363396
151.375642378307 17.236886379608656
73.97659476286078 226.8110885752994
152.47323330664466 67.1365812211479
245.45641603505442 96.16701681497722
183.69091421225733 23.352400540389812
243.0627992912772 73.29131553621646
204.75805768708972 193.06266871244975
51.7507467563445 37.49410888973828
36.640198356355626 101.7666930186677
24.648970579975867 198.48770890458056
226.27787059528742 66.59203092455934
38.8715381625368 77.12562780711588
125.21984207719774 4.252593092726159
110.58333293436415 94.33542848139945
110.44698667828726 225.57036585538594
246.62539724549947 220.70937450975956
116.54436597839332 225.8614295388593
129.03032268432122 106.0800029352775
70.11631337943989 18.38535845225417
219.40336241381547 65.6072886844192
136.64207884326066 107.61977690713844
112.63201663313649 112.01739191366147
239.046881557566 10.084107847804669
4.090259933924035 30.781534626236756
112.46064384820365 39.961060302849376
236.72594743755062 85.4717188183818
27.224256992928936 236.95117723211698
10.313737008478597 20.482342132052633
89.32878134602362 22.127364499326063
64.8436005714223 95.37528146211008
184.01487424465063 191.15007892082417
205.34857482597246 242.26094166402976
35.235530787189965 82.9932322003247
149.26189221875694 244.80737761513035
235.24891840530822 92.8527845798946
40.340352346778516 51.352159969866804
159.55928614370197 1.0500542428670268
57.67621127495759 209.82858342972511
132.58855301454335 200.98264852613863
158.38156609591445 172.4239150335876
72.10664811146061 7.479418261682275
156.78995096911558 58.93366095965788
94.5124327552542 206.65350787728792
227.13500924031848 223.666018543614
133.10419623340647 154.21826305256755
242.84620280856865 200.13619613682718
146.61122064258277 6.923603076824797
148.99034921151335 0.6060615398508773
7.758736456114828 123.96397203793013
81.163146918036 133.0127799632104
142.8046726981164 233.14597975080088
116.0144240338763 131.18058997854962
53.04139696797261 34.1036903524175
149.61731892171463 114.73426472727067
240.65185260759657 30.997047960982933
230.92692688769623 123.90522242792579
187.47520768091607 118.55194561882007
205.15856181124252 91.6158588761953
152.3687672044232 192.98452346010737
190.11202837856845 22.05166791835819
165.5300539843719 100.66482360303058
8.30811920285618 165.0114504020476
118.90342866665627 118.20467863139444
127.51451951447635 27.34510849125915
120.55395496700314 150.0140463995677
119.06764800377509 144.57313110955386
170.01343313189167 111.3276137178334
204.29982978908922 89.2607894476759
215.75636556583066 204.25399697676698
22.146477223932067 33.51402933262218
113.93380494497555 202.6976770109867
158.74011432272462 110.6195846792381
227.81964453909904 56.55343562212967
178.12818043726853 47.436347373108646
156.23261445733954 234.76010206132057
131.74511791909853 240.7407350670906
90.3041184807577 64.38688566275056
111.22289520734127 113.12846611430646
169.7237836722451 162.16979518284472
40.21584141228224 17.563986108080993
227.69508149246457 239.76329277935497
150.31976642425354 118.13944658905507
232.5837878415381 83.40736066726848
154.52173403206302 183.34618299590988
44.22925196521829 171.54231137087493
183.4712796801982 126.78455780468792
122.9479171802145 244.57770879519012
242.97258805892395 128.93284969800465
37.45687472226625 117.93223557614962
203.10704768357704 187.0658365544329
37.93628434291815 140.975904258962
113.95716185027585 1.386095999482223
161.55114351585863 26.495038554227328
204.0638764505128 52.24790120368028
214.79549370746548 152.04295589590419
7.87304508434647 128.383342540486
166.55269662059058 60.18000080183994
125.29743825150582 151.68508490997408
84.17142164261077 209.0264493094743
76.48267447083134 158.39026891421761
2.4367876801180133 152.01143429133592
125.19739338551963 202.55220739398018
13.476209924654231 239.36728438000645
175.12028833455906 196.5503905620643
127.72292296605026 29.03736852407601
35.70419111556397 157.88331780943227
93.88185445862918 20.201534758144348
8.084835635253473 43.58333558504657
51.053408871408855 194.58869422169897
104.29443159388497 70.55893724613927
144.59022200287302 219.77971551896522
214.8957163106479 43.61157277455327
95.14810446541414 110.80548728414315
210.1897207978695 123.14350561553242
87.84853925550593 26.577764205530347
220.33701507709208 178.95830104201139
127.89325350505202 0.34770128688341173
218.52227178764898 204.25479114133188
129.50093231184584 248.6371914703496
48.92057062199012 34.7312247588048
17.80785857647402 171.743966652219
84.50356595410838 229.4448120306172
173.3999904830163 237.00403993495615
205.00227229332984 69.1084073382264
4.50153834937439 236.71789382027455
67.394825675999 36.61408658718018
230.45229614243982 84.83805065988089
203.2774659787228 242.25175118997245
113.42434922494165 151.8543285505806
160.11004493940368 187.1874027473893
81.73556063700049 48.78399333599945
4.9050735331267745 236.1470254552368
152.92010701148584 70.66539263273263
101.8865042344968 209.22017664590538
142.8326598456123 51.20646632595246
181.12367084033156 241.67301120102715
199.8172204120425 147.5070928277522
113.09862964488954 243.72027733465853
156.98305257318498 89.12898926161029
26.01722356460648 75.13008515509512
104.05090849407273 216.7842472084044
189.42539855911946 128.4141103698153
43.52082657437622 102.86914931241112
202.9369370417034 120.30267096044928
68.11147701628742 108.25371220261013
117.12551955083642 42.81651986610993
5.709490917838622 111.78587877469609
193.93463442866286 8.483623273796702
138.11115599955835 116.05286525926886
75.23254047943809 190.9208400220587
34.06017585369398 220.5422475015143
84.12267799946186 63.966597860720896
169.03600553565065 236.61114826499144
64.2482879986784 167.04388908555418
76.64012155299513 75.41630943769842
89.66486740180973 171.99465827679876
51.005068096505624 184.69941847152964
14.966086637960952 79.72922738227669
66.16663071477238 6.30197819492545
72.99764273736753 243.37902727706307
247.85836034310086 49.54981439493267
55.64552762329214 100.62866685634148
198.74782093195935 121.58607012442846
137.68480597997487 193.49971282613586
92.8073589227242 130.46209431581548
148.41626109206575 80.33409246921211
154.37705367728876 90.63723001793217
167.79795857985485 78.57159672481487
211.04454218110138 167.78359494708363
99.81480729495549 71.34255540798898
37.12292758562491 144.74958943893665
129.34672222064918 237.60982787863168
225.93257645201953 33.35415375616327
185.20628725207425 29.360630528134507
31.49546133605777 63.8735037193583
91.86344242023495 85.51307645167455
41.01161335091899 97.27989937163731
232.15628039308834 117.34797508703026
203.50907630938192 15.833355023165435
125.95037937560241 133.571269270259
187.35741111727646 156.05666525406647
72.07207323550313 40.517311624938216
194.0598924593678 70.22150314687744
96.30246366901521 209.86426547244275
141.20855000202974 55.99647821189579
168.01614989074866 232.67196878175838
219.4272857706133 26.362055721134535
30.385192422565737 136.16143254964143
170.46093778798132 72.18094123410218
123.96284366047139 14.822395802758958
187.11723753081304 156.68184377170195
158.45884131610347 131.42276840752808
146.8695377887542 117.76257312280953
117.2285986584884 7.934676887740383
50.09081989457339 165.02580988957553
124.79055363263619 122.2663589558188
134.4230100553711 44.94494203046129
239.1551953235566 20.56015270442518
188.88131633976028 238.56069954171426
136.01293556536544 7.443516866185995
109.07222141811968 212.78349981942375
51.049321883518104 209.21055933765285
165.33369320542897 237.87362141933016
118.33833413490797 175.61737744310017
195.4953814947622 89.7719294260524
55.98922062020203 98.71907935445081
114.4478381493225 34.732973230760436
157.83175166944181 167.55216734092346
8.021366067817336 170.1570378358402
219.40424161226971 248.04189324710717
76.45505763737573 60.89811121191935
163.67078093266005 194.88555543313137
74.66596711192582 174.87870952792701
197.44043153088901 29.930434897868146
54.6438928251268 223.0929731997233
191.67509957868353 6.8825563535342695
249.41392581892882 205.43610142931846
105.05029842278063 26.18967303508593
233.80364918778378 63.54158126252843
102.03487314810569 92.09698377112649
144.2162385027776 46.99481675520886
95.8413855660385 51.38788263027635
22.670586322731502 45.94615129056956
129.07179773546525 136.81524199491864
164.98673501569425 62.69863180798449
237.96298362438944 201.83663471241604
247.86285564312874 49.186398259691565
196.0534630889365 68.4170258731405
9.015114305243655 229.07297763373305
11.641448967899926 1.7288945955344637
50.93674315179012 167.347691058367
136.74580345362523 75.56544450599742
70.16661522986998 112.81930183543906
143.15981450721108 195.30584834559068
132.88091134771983 148.3773094644039
103.67045565859131 186.63467429173065
152.6485579985731 218.41041628679292
73.69720428129442 200.55234977501559
167.97552157495335 54.15629898476384
138.2545170424426 238.48909353442997
210.46200338890037 59.00604693688732
14.476957776573402 8.530661774552417
98.0605878750255 69.15637857551796
232.16973327292092 58.139895995066084
52.739124297093156 153.7193628508128
173.2160549961355 13.997412558443557
165.2818480369079 220.80378992595044
90.35541086823868 125.70888303088742
241.81464883458204 134.608807590496
69.11958040745422 104.4910588337919
233.1368598443102 71.53265099733733
137.86254988168173 55.85101298497697
159.20271152944463 217.18163109850124
65.99315022029297 40.89858550308667
55.061161787243186 51.47325451518958
247.03976802724483 85.3641873025433
231.15179502814533 197.3758839891245
185.2671178758364 105.49742385313768
72.64840667197386 188.6862471243071
50.606707255395065 206.05191627251588
56.954271958829516 5.2665732125525
238.45819580773468 71.25573070965491
18.339155696826758 148.37071274571184
97.07863543862452 123.08018747070048
195.34044427011332 81.21853811582083
83.74526398399045 133.76444313662245
161.6645037625216 206.2576794206479
39.38112401642677 189.23573444339635
12.380757917068719 143.1435972270054
8.26068815550418 118.85878041606144
37.26962041654488 221.25341981371795
145.8841407605155 119.00456215420019
55.10096359786332 235.77738245080295
103.77729755929086 168.19629290856642
165.16260265197712 54.011575815283905
65.3315640844449 103.36588418563733
32.06556537304872 208.10021838069156
236.04070237457117 154.36006210375024
31.006719636202938 68.81360268415432
140.04347259909287 152.31685605373258
16.513334545034482 143.39740604731122
228.35217447029638 129.28068849902203
92.32637562074794 31.772141730761096
247.57041711355555 139.60230584029586
47.34951231003348 216.2212486927112
132.4862370962539 190.62542032727802
166.53770539076797 246.47462816594805
241.22833231494621 122.1691693835
127.8786806025731 70.3333768691404
118.00840839101298 142.19020402153714
120.60219551254204 188.17849726387865
106.80971098006364 64.04017727763802
6.454527468972709 34.567901628727775
178.63905755636455 210.86387338740724
153.24091272085963 90.09303836755672
198.3724437971789 245.57146812840276
187.83072542323154 73.81418080835067
93.33723024853313 146.12121426871968
22.864240733099837 194.20176014952813
16.43241888475319 238.50700904154937
160.26827422865233 16.20921292041219
112.4040047126717 31.343705392317734
56.6372537902623 18.340064927528793
21.24974910200514 151.78839438151874
9.16271584632375 64.34441764561494
222.1327695063469 29.158147437848893
57.935665815820464 116.1378241703603
99.94663349683131 56.85896029049875
88.77720863321225 139.98984281065844
102.5128155578879 20.71202775647271
150.04662352201765 104.40836994881423
107.62384135925659 0.3294816935699163
154.58826577504163 242.5328486587571
1.9334524573326184 199.56554977761778
121.2026713625628 15.465252274823177
54.73596355310348 220.15648830483133
3.5198934517317593 231.81136526591072
68.05389897435279 86.66111423419268
211.36770415584468 218.09038191157995
24.235336851634205 83.16932608223276
143.4477567728013 195.69451383554656
23.970208492755052 9.233113117714826
233.5387551221653 92.42101517585033
203.12690035009223 178.07197534363854
123.98516015871847 22.359033046142144
75.09341417661672 248.22762991697712
90.29562461794258 119.95015201500375
213.84620090675526 102.21874286758367
100.04012542917413 227.7885446533566
106.1182116415193 135.73407316549924
114.9978254848833 9.300097855432094
23.826950063488255 72.48366052809469
168.92541161692006 153.9267163336931
16.498650691923938 114.09820122503884
156.4055297392629 88.10529264019904
13.256151072986471 169.9703518744663
34.40047390613271 236.98815404596814
35.66571289867021 241.47129082355733
25.215940671820285 110.94319875354766
94.70873528746992 146.26017549089883
176.36340844569906 3.458137918934928
190.560867706549 194.25721101134766
63.239937224982725 135.3265783610831
241.79051379687192 248.27269095884202
129.8962095598793 174.40584036748373
18.260795250108597 65.6307270541694
1.1620218157615547 94.32041650308467
234.4947195112305 229.54089645989683
144.89020669527227 7.432455779856461
26.628848676399752 236.82519599147088
171.07020662490766 245.9575045806529
20.204478746316507 112.86517154136835
76.47714102434347 150.72394233137092
10.904337053607883 148.62750554264284
232.20972980132015 147.81242109646178
145.34696839857227 181.31351662329297
115.10219848072752 170.03846501680675
165.33237279497413 66.6911037562472
140.48632780440678 234.37989653661631
52.8825257104546 143.81279871528073
194.29641571259916 219.40776937299182
230.52906381116821 4.71732191289953
123.7678576845185 21.543227623728566
99.90318956364696 39.97215554920691
53.88833795253811 38.012523886635925
226.7091916250013 114.24561785558784
152.0293892737889 173.52289174831458
171.45401392288588 150.25832714480367
160.27815729942006 28.73113688764084
80.24325755077527 145.72642802484842
9.1945498531521 79.47325890857546
58.701347201777025 54.227303754405014
110.86229865353062 231.0889242960547
155.89132865808205 214.09282773513044
47.61072081941953 205.81424471983473
200.92022678651543 226.89359175444784
34.71429295671588 8.362700497732023
181.91324805428823 221.2703748354823
197.81421869267663 142.76654384078037
222.62103502949236 137.3088509058259
112.20365815284627 194.79380661474488
65.46258296617133 90.60573338100616
168.4334652455409 187.58863112998694
33.437940499055266 35.686390458545766
110.42666505770077 32.77916180742596
76.67512762964246 105.45151861379043
212.31419673234143 179.41392052054368
182.57674298327726 165.2773495541419
35.714442527578136 60.9756822835717
108.25054784982547 22.140321971227532
42.447057953237916 59.04960253106425
186.5051323708683 110.7235870117074
60.96689517217973 126.2845239412138
94.30301015673459 229.0143021298762
50.487643541563266 134.25850766120567
46.93517535989056 92.48038937373896
46.19789899719126 228.39719635550443
64.88792303526877 106.16709771464383
45.872658375140375 243.90162815462884
196.58717084570856 103.69934139965076
102.13292714361721 110.62009289580108
218.97202817299723 107.40390424580553
13.310926376120857 40.34803737287945
122.95419659626452 157.51076324640738
237.2021429371132 111.19069069785894
33.431788211682026 33.38780573124911
248.56596999717317 168.76165298807615
180.3528449772297 110.40815692460836
239.96696322582642 13.168157573669681
109.70290366868294 223.16745321579697
135.69821005899746 13.920362118061524
66.05858473906895 75.27660302588002
234.62099571847185 178.56773231214356
220.15684751882574 234.0247732148419
100.45762751064483 6.3700271207554895
115.06824384455177 100.39110901857659
47.384228940314436 180.36783971617652
120.51605725423326 144.48860990028635
168.5818323411911 20.893532069741706
199.45952451507586 86.57659938523499
16.23728885822795 173.12422737711537
75.82334993428249 230.9018952506264
35.61261068077487 225.2989313906497
46.82488011796368 124.97630532725069
20.267344239240508 138.42556465501352
219.66768811439266 178.4186483440284
163.7320717450359 44.17094638888103
34.8736239619295 108.92102538634104
113.25672705453927 10.690608139992591
127.33131000482913 178.66758593791369
132.39343834900953 174.14315459424554
33.2354836797368 220.14520321153134
236.6253156159252 111.09605776329862
70.86954969844244 68.30818961431156
52.32394550420633 5.4931590091784885
32.144673506643514 84.63199514007289
145.457322625109 116.8950806544329
104.31514146941193 13.79816579199264
169.97977223422953 41.312557990951156
33.11055004010618 55.75541297534095
113.74609888038626 195.71549793332102
100.62398854829435 91.44963974417935
74.36152535554771 3.5816981793067857
57.57717433888987 56.451131403118495
244.50060694732753 17.4282825908707
3.602808859283657 93.1498543690497
199.95916838050198 216.512979378457
76.58504931325763 11.245799115586014
244.62643014708937 20.30191713228291
176.22888999826586 9.687324743709786
43.29603129439288 183.8451950769836
160.62270760579932 226.97841938801452
99.19582301264465 203.49072392619414
97.40482808522421 200.22229160347757
228.9187589262662 138.76075092339696
247.98262306734372 155.16596221175558
78.72426052031986 229.57790306615067
68.20922672843783 83.23918350738693
60.302540736822976 72.09548021312021
185.03954025002258 69.00133211623599
13.882842502272618 204.7981357925256
55.93087586710235 189.6026742534504
124.4150446554903 142.33179858815345
198.68771666109507 238.4470085816514
18.907398038844196 146.34020333048437
92.06930952496865 228.13398419500493
45.29191694558474 16.920449052793774
167.82734329315932 133.0695772014819
219.85081166003468 143.49181696464518
23.86903024115711 171.1488034832079
92.62884233482735 39.34456369869665
116.27880033649174 27.921324776386037
60.390371011036976 64.02196599741895
235.01087324582372 204.70791375745256
6.436697470168368 51.47745314911706
211.58416232874782 37.09447320801076
62.092418457522726 183.4411614783469
77.41209584086256 129.449102326297
245.29365832902127 241.5374147464313
188.0945208894101 122.70237531451944
48.523200658318025 176.93094127160268
146.65071505071472 134.69638037107015
214.12212745261203 75.19509851275652
167.60510350445085 137.56648577598227
212.013215308558 167.63139856488738
20.393837904582075 179.54335537455805
211.6623751810979 201.28009058832512
97.08916699556639 188.0509666954597
64.1849664146881 97.9482865894499
41.78077620886278 58.04927212045141
147.57927915312806 96.1744323785644
206.656145814842 219.35108326969674
98.67048381693274 174.2923079775359
189.72048655172497 33.835193913960254
101.45933778716656 173.30006045020014
13.582650116713918 233.50159900858344
116.41443303811947 64.64574791499145
196.92027603982572 164.96133941498675
28.214724874754765 158.40456041788755
54.80798642704404 137.32441122760525
18.579847475168886 155.39296481752547
60.096039277674485 121.88473901611152
189.46765322815946 247.6272590731442
102.10641758919436 130.51618627466047
217.62102710148284 244.26984127456205
216.73132600087442 196.24171521778706
143.05341611148012 200.64005576003365
97.88928345276877 134.16618214089345
63.58957041079879 87.42682231229549
33.114798390886854 234.6484363567296
100.07946166362203 91.95536829962056
215.81332607920208 166.2569252437927
200.69506616096575 163.23794242169976
242.80429899176582 160.74517328406031
247.7559280504021 24.29864993805286
158.90494267220825 59.04203040566075
238.7707780377224 82.56337461321591
111.88341035272595 233.7581211748145
102.49614441862629 186.7473430898191
41.440265230780035 203.24691501231004
113.58043689974737 55.852661427540504
86.95728577675504 244.31255328495905
32.29956381227536 145.4797964155312
153.6577835783304 181.30413604548755
162.71863201426925 93.17584387076289
221.83575888430371 51.346011954040065
21.881828486912614 238.1850023692125
204.3477926496411 195.49665493546098
129.81957597305683 244.14846331704535
37.46868567731956 139.43227702857496
200.71749264626888 133.42889379920405
115.68050644335531 100.37820799515315
245.12292292592474 113.11717482331606
59.13859533305704 169.45880788803012
205.62849186257728 108.90646134906399
43.16437473931789 169.73826882272215
144.371273840508 208.6737261923204
47.043013936749006 204.20997657719454
149.062360189697 111.74560114076243
75.86118521224344 186.80569505806088
88.45523345127276 172.74257685795348
79.19055425200244 32.067155914511005
220.535246099025 123.70948974515217
169.41973982469554 123.55114179434456
6.296017512563229 111.2681036435453
159.96645174118325 156.8703633345029
192.3290320789644 163.8550884620226
18.40137028148617 108.51772118301089
187.04030429456688 5.037607216236167
192.2496901657735 153.4959036981922
204.2450005099799 117.39602754853995
240.48116597956457 75.82592842151412
188.703121952278 186.47274986779763
92.90605176703664 53.51038090953713
222.85174822900385 112.6837842139069
237.3611787322829 83.5554319002283
239.47508195616885 143.34963339967175
186.04802015349446 237.3798218472371
25.625566566635005 35.04756081350357
92.25224238591936 87.20977768933052
129.7773016523292 44.15673457568609
89.37069111027523 39.323122984698
149.61661775438793 49.11158650232578
108.13722302581158 196.37859553809764
104.58182550054862 40.92177900671795
167.99999694056078 190.12506745197004
20.119177019043477 192.4000562906066
73.46530588553371 36.835568451846626
200.3385135830431 155.7907419385816
135.00811578070304 18.965240971249575
12.706532063113313 141.06877247214862
196.54532387688897 126.76884277174743
105.62863995686669 98.02099773708267
79.42882751193578 6.2511354106014325
96.94939169099459 166.33868704186293
82.34176895855302 100.6968472749534
122.1698363315031 119.31734509807617
54.10523691188959 230.75178123018748
164.08832670925293 115.56827624595364
5.0955244583498205 28.928580777707076
248.64826027636974 78.26095056027107
241.50881877313685 190.3224573426957
60.22283044153273 10.117820250473198
107.01631494838365 31.9094908223628
131.57467536471853 84.84353223710572
183.63909449058437 190.8439971636866
245.92880216601523 191.18082064589214
29.88193765625477 26.346511465549614
55.235575158741554 221.8619696930742
195.4412405057238 103.1812780230964
78.04725583743202 196.20427573975985
243.00696976071242 60.92655311620002
141.3988628398462 93.2998961517906
102.77658113546606 28.823460293296215
139.2003836211071 208.9082050866537
129.63920830288367 68.33431442457577
161.08098482933863 136.06741725835838
68.50465675681599 103.71843864376798
144.8848276274866 36.206356556075434
167.5135728677146 112.43240477853733
67.41406243126033 231.6602564226487
171.2989988605595 34.63065475280819
168.027775071903 210.14625949082247
140.15914984334657 53.73951233520691
15.408347107906618 220.65355003284068
149.20029033616103 134.19990499738114
159.97302509699065 150.6838553509795
123.37898357403057 207.15530118333325
79.79184883262744 189.06934685306004
139.23891692526706 47.925361465106675
138.371084232314 203.11448480558366
75.03427346338856 142.62404515510866
44.151814449820606 224.34060882928475
200.45864051274344 112.33096769361845
60.75634017446149 100.32904376145082
143.6459151233663 137.8778793238036
35.40712648633226 23.307803232799017
74.79647181300767 243.69781091518053
69.26336538878047 160.42492473812638
231.1700123990433 157.16057171313065
50.47822998293896 60.07910278359307
239.3572018741548 162.14940633684026
149.5056494968115 39.563773454960234
165.44849202778374 196.35787765771357
135.14723264790356 10.63326015487548
244.1165926079159 81.21803148393778
166.09761297147662 156.90566960180342
146.49501383713152 57.59810114969402
73.4513961264727 99.99121981325248
150.9353647267665 4.813825766892238
138.88618306652674 178.0776046993626
207.1437647324779 65.41865011390816
64.12480344701687 148.2818731800798
28.93858027427429 16.96848669686299
35.67634570100023 168.31791661673765
57.68727078016467 123.93610623674314
77.64013422471328 141.0377158145252
80.69681201023543 93.0585525017322
184.35056517721978 80.23554048798995
13.61565896762093 82.58735329082667
31.123592756901573 249.12914009406785
110.07498570680448 223.68321618201097
159.3842271079581 81.86845893170191
230.15890278510264 97.36309049735317
108.75518952907548 140.76449033715517
241.348493141422 8.294017960406991
212.84778329413254 131.58076069866098
209.11369619951796 201.03451663200926
217.66553266941645 79.89027061216773
167.37261777594463 115.12424561109589
69.75634875323932 218.82906406479825
13.144135336545265 86.00651117535254
90.4517934405768 97.26094352816025
90.3916109307004 24.78491192367996
187.5027359276267 59.38352456072235
104.98366536584999 76.80122676652798
84.08329039074091 15.887529836572433
16.332528901383508 143.87564884027708
247.27365917036897 202.50178363631943
203.69823454576058 233.58467085708173
165.86386284040572 155.13657256040858
99.03294862604878 244.00849851314962
38.63722246459575 182.49940424885284
242.4881387542848 212.24755348587058
229.49334424325022 225.16827984691074
148.12441640247144 56.648407183229914
195.1705205725121 55.8621925602589
208.62719426404604 178.1093595744112
218.85257636785983 186.2131934783443
105.40535652301925 211.97536105162544
166.56180784772246 167.72361698460006
121.20582529118329 67.43582825236227
92.71823757347633 240.82451381256934
181.45589733851887 48.52581402261274
231.9028518720967 56.931357462901595
42.77150508625927 212.25117411336936
28.785657221035933 186.89114144664802
12.26890038841949 231.3947044941844
98.54368028578061 168.4017360473598
42.37039999197381 108.50853255385773
105.46467391839312 8.801599275532507
130.2850521213351 22.247548567180086
38.17201058455941 146.80545344526848
43.01981120044459 66.85700931867372
41.45433208143643 158.85591108521345
126.30072678958462 135.1048637887037
122.90895029348576 218.0639165985284
113.19388106449668 239.14786669549537
124.99310606305913 74.4375122048268
79.86622205392854 86.75102998738188
67.2418898486801 79.0649923465212
82.66274690419634 187.7649754778419
222.87903255152048 128.09972605627974
2.763874633657709 92.46946241080803
172.5293223709687 152.78803696782307
3.493681645740293 17.751556726529476
239.69244328306112 110.23159951353936
178.86615129597183 231.31013136291614
116.77771380666869 45.933776163558285
68.9184434611613 124.60160548726328
66.27516145534507 245.2518972805818
133.30981927147772 189.12369979887774
8.23031206569591 44.213902159898566
159.81230642278797 54.67615173684754
93.69594960168968 125.277336726615
111.09936601339557 194.71172345498064
125.90735668949333 95.34965306342549
25.137036998612526 172.40797689539642
77.01010813538126 86.60215864455958
92.85594598861712 229.39277823457513
2.872734326302695 183.54778345212003
172.36358523278238 21.861211370132054
97.7170965187265 85.32612233100743
136.0547439437391 163.42896700135262
38.51090710883537 227.57748312376097
81.70498144949929 77.47034373354808
109.65455190762566 107.45300363696039
170.36230958642514 181.8419105573548
137.4707483744663 204.82901657179264
204.01940772991188 101.09959856948817
79.61485266195098 76.56612842175356
197.40640943857358 20.69593661793978
132.2735825230779 10.644806460076401
240.3482068460779 34.96654368897434
181.96242251685564 69.18688500242374
53.14333947339356 115.41795432803448
237.56383751283965 243.92073706304512
224.5613218761461 241.26752640752915
113.18634847356643 168.85555359405274
112.8412500910945 12.52100045079993
52.13465256781261 79.35588616905015
208.50548054736745 65.05925228622397
6.361118292791651 151.98833813656066
176.28617529691454 10.296806616316601
140.6735492832252 119.95995260031503
112.17828404916006 90.46498451595703
65.63284097250052 165.1499564179755
143.9211189374581 174.0707781909015
219.24594576197265 211.9774798913157
82.87173235312753 69.10229013209943
73.9141610013399 161.4042383594174
60.26389748969871 245.9216570967889
227.2646137460199 155.3770635193106
196.79220986158003 58.231841091087865
37.05052333205844 39.56446035310341
17.53157702496236 181.62543823762158
207.94493774999492 106.57178345350685
40.40719729841291 193.93599114356286
148.4480771831099 237.59701133374043
164.38793636319207 96.64529915310035
108.12447200830164 48.4466100894268
150.1436613283219 234.2940837820066
28.401942223752364 202.99105193717003
32.902902829858974 49.64596152401357
196.59921202116416 38.94400298518594
145.80991935731143 9.412855114033448
45.027264326158864 182.8720928248433
121.24987104781896 175.08969196219726
216.46639636094503 137.27412467810586
195.24759325376104 154.264331773551
215.19837085103944 78.68635569054508
64.41122104026232 166.6663063811916
163.20417457637802 156.19364183518312
196.80692024063657 207.5348624932437
158.25125450848336 235.7427371223442
75.70660336651858 175.34548566476926
157.0894137628165 14.464481642312816
193.17757428680176 78.54733950755605
194.62435125672894 17.23465062143792
221.57770675203665 186.22855057815696
18.960452368945834 177.07576603218155
156.91947250661863 3.2474654057213783
109.13309412378683 208.81077423359335
144.51804017807254 65.18501005544675
117.88898541779014 238.04794626247997
16.324987007864777 65.22375249764828
58.08095220150519 119.47302851575012
174.42482322806006 53.097998776819146
136.9744881448948 0.4024084063677935
149.1278071041681 53.591586583699836
97.99073900307035 21.971367961065553
2.1118426811808644 133.42042087631026
0.7436269056933786 30.03228727849136
220.7465082385029 83.29352604766372
202.41523087845303 74.58322421770825
160.64948714788827 225.33490547229573
81.94482442125503 210.21236910254166

856.2829568722979
134.6247724197868
0.7093741643845705
215.98269495739584
1021.3376307414024
822.3317568224451
524.7690551762319
444.75113477686926
534.1697475740048
133.39125604009658
175.49429394973453
1051.4043392107778
938.4539630185494
1020.3020528742805
175.13942483019545
849.4045279347816
635.8093303140789
143.05197138308273
770.6434745756579
1123.801324313907
303.91979421247015
1068.480244676937
1131.5461441597834
886.7416339076892
236.185181184226
691.3676141373105
740.3210910952756
157.27391834610023
597.1697878282131
208.58939435891085
806.2449687589742
516.2015057038479
66.82309875533959
698.0374171616002
981.4342335646824
815.3649132314346
330.29885409127013
89.19198566807307
1043.745115926814
700.7367092773939
167.32944684076716
113.87876149178867
553.0399862935813
408.4457651909493
555.4408680778106
603.6117001329285
1043.4413524739196
570.0838474924665
791.5500580551312
662.4258268653714
702.4309526402485
1125.2482153908318
859.9624834652973
429.77692973398456
167.4897305622278
1192.6904047741425
271.3420673509591
356.63238026777543
797.8666020345397
747.4144459839893
1050.0420005357714
355.08910582075504
674.9665989630141
449.38567047604323
425.41110851573586
1079.8629520916982
590.7056619025655
732.7530554566807
1003.1699675833659
906.6265004184573
344.01396066449996
1086.1880706000927
135.4393868436839
63.668341174212436
72.11528984149625
976.4249361849396
166.69797277659939
864.7484302925794
756.1699950536832
986.3695467705248
602.2734053468731
662.2990401390377
150.70019199534414
371.4266902616285
747.4380005030885
810.0104328402952
663.3394871989348
725.2073658415494
204.29217236893095
738.886248449398
480.5318553616251
402.9501339950122
1133.6102295697983
450.14015629221666
641.8074775656244
517.7510085968495
1003.6753519766088
254.76938715970715
530.7964171505284
355.1301423895395
464.61794981335436
881.5957877038586
679.4771030671051
793.2093505250414
1075.0778376289738
60.999820711053175
684.6801434791004
611.4919366386163
770.4988041284307
790.6631650022068
344.07397232144734
841.6441742251982
528.2794397409682
523.0081846474701
65.64004621169799
974.3552459796965
256.9538556639808
413.7361504443043
697.6841173561194
1127.2971405453147
972.2881117577825
870.7412004943166
1146.8034161391658
1119.2648799015342
1049.2021572612462
181.47603577142232
73.04677515340366
805.4687089590664
705.4152332569598
250.57869677462963
234.47245815352107
1016.3349075235832
1017.0919309816363
236.8741329815924
962.6685977788685
878.4290920324934
954.9445955534884
131.80975599008428
616.6672432441321
127.71305968766065
453.1548617730505
559.5785669864107
117.28128211529783
647.8997818687534
690.3174996383966
625.5439789130604
561.8466072825627
103.54930529897216
879.4400539325301
932.1555104152337
254.56815493378275
78.20839603955639
1145.8395907401944
188.1756651838591
1005.695187687904
697.7427786669788
1109.378792707154
1193.1791792022511
157.52086341957713
1002.278602890528
65.76042112794191
527.2957855034679
186.9328492568845
259.81643710737717
869.3126727453309
857.4217412267976
332.14943106416155
464.3017123663847
369.42372492324677
1151.0019147470098
560.4631300309908
287.1845563108756
719.5299196641799
377.7738122365817
305.95074743052805
893.7128832310588
531.0195847940948
33.41598069299768
929.5176032744448
50.5150447311205
694.9636741752335
898.4411791327124
247.3416649415168
617.4482474541197
276.2793133805103
603.9353711584037
1147.1305187675075
550.8405308468925
973.3172057598684
1106.7701956766352
676.2979734718372
224.21129359383414
500.88279897264573
313.6639726245698
580.1623432988537
24.75781900365215
854.0260249195155
1049.612083952505
1055.9259741680914
262.159281190087
1004.3770942664426
1009.0068357618904
389.540024775331
913.7704654796082
314.51605437796087
754.3955393547078
913.7111127219574
1118.5005659565873
80.40654388465018
737.8529947575684
50.124098409369985
278.98361033010997
249.65374091342144
835.791900644018
818.974888522151
1013.1604755753131
54.88425297267468
508.34232835353157
840.8097646751023
219.5793109906066
829.4441930544451
792.7827724239186
1048.7170349238122
247.65093402768662
354.0493521154414
847.3737385152414
1186.048978081242
993.4498054226686
814.6930547390375
698.3754899980025
276.2842792081054
737.2942004774031
300.93595276658846
500.5985062780205
815.3897798172089
1055.3639477399097
82.66381593180617
556.9099864680649
52.36912483154212
34.792761103153346
72.34877815101858
544.6195799048397
37.102965495494566
962.3976784765918
526.4774914143633
521.4898259754269
193.37608122665054
925.81754132259
310.1922339172835
195.6269228179047
436.7225516516324
460.89416700785387
594.5302428032974
420.9796445422174
554.1338449544612
500.76428454318864
961.8166463870307
1086.6606814215022
508.77576116687425
682.7684929498429
700.1810297808777
60.67662634769142
22.40995972158356
32.07757459657494
729.7436974544752
928.5604307676202
887.1578452616699
539.989428185837
1022.3452506957844
851.0235065825383
868.3933922860869
301.225728154085
795.4958945057018
1078.22875069993
1118.4305796359943
1065.646255881094
280.382809021543
1053.5530672057557
1190.4173920304245
246.6861444700361
1147.3635603482187
728.8034208353926
72.83749394696828
461.51258719932684
21.417826303044112
1092.2737212230275
775.3586537694769
514.7830931086105
1038.9795015368736
874.6382002102577
1060.484515038273
120.4948751928362
452.0726770124412
24.940346385920254
649.6855817410086
474.5302635282315
992.6425182184071
1035.2707751616085
441.05414554042653
709.7013232803855
288.013404457457
292.9065631176351
597.5258016525837
382.6921350858449
969.6092426587717
1003.1951955645401
1060.7917698595247
815.1170081810468
634.2097837295344
1080.0825202564254
114.60541267584144
840.1314821681564
847.1268830285815
804.2729667348274
916.751564682867
674.1687188871924
466.226416860551
732.3126603219496
82.15808559587202
500.97715143820494
18.29936410454988
918.3789744392543
443.4299272010931
402.82905875598476
1099.0123953042244
1191.6274285625286
1147.0469161881601
125.15752205472492
479.3980781962046
905.9064436279253
246.38306188023378
82.37520684614726
343.2623539786318
1031.0473626534003
475.2307429447054
514.992845068748
589.5801523180739
346.64496415282844
69.0954666743356
300.3216449465772
1034.8894885003378
953.7143056300326
195.180979724229
72.08338820084724
1193.0356887752844
32.403677769293346
283.435172118064
281.8267318183124
83.21501170326586
207.46786577961845
54.65804182932428
79.87125525403647
437.0852350097097
548.7096931461916
136.3568986059475
1086.8680717246116
369.8193247845839
567.8435841844256
327.20330831414395
921.7685913980637
300.15803235274365
512.2527118569823
844.8476003859298
174.266387350471
348.8958998224204
642.5391423116611
332.8774941219744
1033.000234521612
533.727812766914
67.11698887744366
653.1574490074896
653.7311405781091
532.185243069439
403.9176362356853
868.597432358937
842.7861081211566
838.717657435944
841.5691984278347
576.2106654091958
694.2681535899808
349.2199319783656
446.13012280065544
1165.2813713946234
808.8843307770054
386.4963934535756
803.184979563496
485.98971937519104
92.56785626463778
941.4136289918926
119.97275887244523
913.0468246414774
990.795659322311
276.2522109626005
250.59791463324623
818.5242680078752
530.7347351108243
1092.2374275756265
153.48417471567083
256.10920593044176
400.20417934524664
918.3011458628943
1169.2614672194068
707.1714963129044
718.0943110414377
738.0101716883648
408.3342669691316
100.57136892014339
866.6161562699673
609.9635670563093
1054.551988044767
1097.496409427747
1064.2121564846925
836.8600689555619
79.4848675393467
716.9595728529507
29.071437985705888
923.2775166667169
689.1008919868707
831.4779766817817
755.0190033394277
749.9232320345158
906.2498964190319
540.668215990279
534.8015712813557
91.1972234867156
1191.5098309489786
276.716567260875
152.36180160551777
320.5290872303774
1151.5447046660615
1065.036225760579
689.8796553670688
851.7447682516142
407.1581189325805
567.8438747414261
231.19508650634617
1074.291508747603
418.9435852669115
904.1476193627861
324.97453638913584
771.6975991815173
1144.6377538652223
721.8235734006676
1167.1746438642128
433.02383267072105
901.1024151274534
938.7866962291823
1135.461187749386
278.3952200351263
999.7189453429542
69.76147460683896
607.2100538471217
1021.7744889174086
886.2357569132531
400.2990281906062
888.013634700475
219.50952164260084
937.7302151864801
637.8062522718612
968.2208505498278
564.8934373549323
641.2893795736269
412.49211935845676
606.725683890355
969.738030217664
454.0120921638141
12.88088968650912
68.40772610892914
926.935791195351
681.1020897999402
536.0621353652792
167.72766606311225
690.6106895828409
177.60963494755788
1098.6625557566592
790.9385685687018
853.5423338981996
797.3054380507292
654.4652967606686
653.8886424819245
984.0790944423686
688.752108662031
762.2729820694542
939.9473911037383
61.46724687633329
556.2262433145239
583.682683677549
256.89756590230627
576.8024618746534
1028.327552013236
871.5573063330953
630.3586305174906
403.29389734754386
1075.782277141357
415.9323368748144
653.9593944744322
1048.0842604731258
167.92611946308713
1046.1351402121813
550.5648521137534
248.44059646376232
801.6154336727495
872.6028699124577
984.7244222820154
878.4420714728942
18.858701740433784
42.70967103588571
646.2161979468503
265.5218074032321
492.03294873579756
176.85697765856693
479.6375876630487
600.7627274113639
363.03655530478665
43.928951496053365
108.38808250066944
658.2559476284528
940.8688099031017
375.5965491975814
398.77758214686656
1137.5472646534154
514.4320381644699
687.9152546329199
823.4931530264219
713.5630373912369
310.60078374700095
1135.3516153614664
116.52498131218726
679.9836835412664
1194.5314905607172
275.57931254883647
690.2755890489391
890.8840932782568
840.5957747008595
96.14063164241108
76.86247376043296
974.1409273152553
559.3414508945149
575.1295129819673
27.215254800105257
1017.818187859945
315.45435091638024
1023.0154935471428
1024.5060227574236
968.6964664686097
652.5251815363358
757.3962086395251
519.9143230786443
517.8735873234139
225.33894777179384
1194.7299023497635
601.8487433290234
432.64783836238803
272.117223088725
414.72242925150584
661.0414245509603
345.682354318573
976.2593020772246
390.36133218136484
969.9151326899866
401.576191576026
707.0030644563974
515.8040895590307
338.47886505319553
1062.8603121219876
913.8562312977248
688.6665222257775
518.0638722842873
806.0700446517218
360.1519085833151
373.4889357071689
975.9399966959976
1143.053959521155
501.80253583589825
8.510965147298162
173.84815954045155
1124.8910055140007
378.7192485443057
1177.241570315255
918.5922287751323
539.0858437253844
252.04243517216423
891.2546942964273
491.73482931343506
380.8110762797973
613.3398984756126
599.2435955581535
372.9685976417575
485.68398879931146
124.23429986405229
1180.2634679059422
240.44299307951775
1010.9278964077469
690.9283311318426
104.18388704553023
148.57799458699103
694.593034830738
491.8439663378447
513.3611744012462
1085.0649797737574
872.7860437511464
556.9150295321253
86.75308306997292
447.64725368938434
952.4326364937466
791.5321026170908
166.55237939152246
218.7242070761805
84.40207815170658
589.141468449938
51.62229298293268
151.36238689828102
1030.2749499517154
333.09284762707455
388.52390926715714
728.602299686257
844.2755304951809
1165.3467305267734
745.8890876456455
1186.7986852827298
974.156360587136
866.224008147755
552.3585289036505
639.2291864377177
570.0427022367351
962.9501019748161
303.05495535504605
345.2965932622255
609.8026216858323
513.7356785827847
649.7112134611754
473.5569084714599
561.4645186705142
667.751687015973
180.72231719068395
951.3196732336867
965.6727004861051
1140.3378427209232
534.8656751513696
134.63402646149873
714.0318961269502
687.6420339279347
1085.274943263979
545.3095204672394
1015.512204745605
1099.5110100525358
487.18139148100596
1002.6483185293456
288.6821030351904
276.4042024603995
908.2524593613751
233.23104103667464
793.7700970039427
513.0606181329263
38.84307396254152
214.5559221822166
986.2638116080082
326.0211397235142
1196.2334356000868
431.7077086767951
760.4218241040951
686.9738628014164
85.00221259711205
526.7004859433222
1073.7675085533435
658.360742781413
211.05621720194125
639.912546142234
850.7046438816515
677.8052841009458
1139.6646072773367
724.3042489839992
551.2582759070156
1200.2364040940722
106.92166781444875
527.3961860682308
825.0766615375617
902.9064889863498
44.6129496199672
756.8512248221502
301.34895541084364
494.9690727648319
338.1199775190213
1072.834812238169
432.7024193756436
556.006504320585
122.9672141848574
347.7744088057458
1052.0792781039106
465.791030782899
201.19379658938735
1116.8308004833764
726.1828393115098
1110.7503722699648
635.3205881235506
1152.5766293066551
259.80524374272835
450.78053189114826
758.7753083512293
246.59382684400973
650.0051960548284
653.3883992124127
862.4416360366497
126.32161491613104
1086.5549027296422
467.0154080539944
507.3903626244383
135.4722247457034
863.4031645505241
19.358339827184523
175.15838459539515
182.56063855861441
926.8986586132202
814.9898304600887
802.1572772110708
470.34930590914274
446.35721656177964
205.88384718894994
1024.3881568748857
660.830759732274
1077.8652184601615
546.310922336816
244.088224974636
582.517738949047
1120.614119202587
1116.5194993143418
296.29341022845085
1182.161988940272
230.8058818813824
361.54590163428696
1051.7483743534788
262.4404284801892
809.4664619668507
835.7955260829922
358.83552506150096
660.5987772304475
255.94120770560232
1007.8040311319577
31.49539029609017
369.4810133247811
534.8917054470489
1196.9975713339122
1153.2827281205566
573.967264395094
1038.1839750458773
231.77641449808877
1006.105256014764
420.5940571459294
101.67488708757885
234.61351598881254
562.3178591062166
1194.0537025684139
835.8770351727057
472.6638957096379
1144.251551323467
443.0281842043218
949.9673978548017
192.55231541956255
1149.5937773446633
885.9806918679815
40.526355862903884
664.5419699022831
202.00919105923782
83.38136137314206
35.62996335874813
712.0995912779026
13.394121626161052
650.7546190833217
48.41951436079649
741.3326765665157
1060.2005540926439
46.73694119081517
780.672179827116
836.3285247088469
896.9139744621308
822.4727788365444
789.2210014805953
920.2144008772631
544.2069376165413
966.3465984977653
8.117252886257196
300.30584704250793
897.5037195512868
670.1197113115497
635.9907738065293
990.9474258458762
884.239518763166
854.6797314652553
728.8841838008199
403.79664434052233
935.7874819035281
170.3800424308048
476.8970792031065
224.69560759032584
301.1735534258178
212.6565589571113
424.716240196644
1086.0565491625766
1167.2199164539145
462.7862357334576
647.2894096298412
136.96847705230317
977.9249322737506
986.3135901515049
1113.2540077269161
1063.728358597484
359.42439617938567
812.6372771468664
578.5513431925887
336.1867360685013
369.62131924823046
627.5023852983537
140.3174158175034
436.14417035521456
213.90348970587672
1075.702611298205
1200.458989900999
327.77327149847645
126.14193129031425
1102.2655618403412
429.22167637452054
39.19327469374283
958.7759724580267
380.29848838062014
295.4852176973318
41.523365378171725
627.9396207733873
872.2415021523908
126.60480794930054
981.7359276613163
1037.9037562126716
177.31753995221314
989.3393796363059
296.0940423976944
631.1480046700119
64.09950205940365
1012.0721572818869
486.573610320321
168.90829327491275
293.0071513703306
40.93498200763565
652.5792354538577
148.70378447810236
68.9570038851922
1110.3586146970035
721.1421393824324
232.45594431477866
98.64552244584523
739.1154039068454
1174.687551888236
248.8433406948333
224.09140060273637
68.48724153520787
217.2593379452577
879.8934668708713
342.8967722405163
641.4430234353462
1032.2875912103018
911.8316653858459
92.42750358165188
1147.9905210312263
638.0343469586328
800.7283813650637
573.0506695050984
1075.6502451753029
1013.416190090209
333.7305775441299
426.27921159444406
1015.5993754992936
1060.7828527580896
1140.546288119528
828.8803844050022
882.1706534256809
317.5204786524334
286.8365532788206
438.08337489092725
1032.4468887137175
945.8120999163986
46.4419976515594
470.00898446265774
520.5286754950503
330.41217428270784
34.709969875775926
629.4216047261226
931.4457313712703
543.0608738257165
275.01935637758555
817.5058221092401
304.15793611175377
731.0377538372601
634.2055781063704
753.9679145551513
1018.7705693146094
812.5402286875037
399.5239392365598
968.2899549980859
485.5824302740212
346.511465719114
1019.080012909364
1000.2165757597891
344.2989244101075
1086.3118860597451
277.1688524105752
216.9165825784031
778.3164852032468
89.59742085914307
203.29217782476894
130.9202258809894
369.963649722477
67.7435839571753
881.4332238317139
705.5252184128644
174.28936492845577
968.2453769846695
384.65544000629177
1099.9021338284967
824.7859907907439
964.8437877594633
790.8016488268861
681.7140765056913
397.6129011894696
377.37064087182733
24.770640853924807
71.65664554555703
1019.0021469115143
284.77973049238625
767.0014720596229
132.65924170468227
512.782666078031
603.41206641459
1028.340198120126
333.4083428985631
392.11940449173443
395.4198957172955
16.831426932291542
426.6481130951659
373.4632214043656
465.30822286778675
514.2910035545596
475.4197509151317
514.1830944678144
440.00506926943365
998.7519542901666
442.33255978960676
477.90168786121427
566.8955310961253
1060.3164149974145
1036.344712341443
727.0502059277403
636.0490547144651
590.7339553790838
898.5149995282452
687.0203220435138
596.0012318995678
669.205440929069
1048.3422428881843
426.42297606663294
1121.509787746145
810.3679821334375
563.7010898326168
366.43401721290985
0.13650545621828125
653.1946686194168
916.4809664117299
690.6878381061895
196.05165337208334
642.9351064981349
253.58518375919013
358.19682247133443
1042.1751494744099
707.3614879272067
354.09709319807166
76.336842468325
884.3825931992311
733.963870766007
426.5240659971574
878.8774823908041
1012.1718976640808
357.83844061060296
838.5163511814621
889.1273343752393
857.6771177896942
1005.5276635672446
594.5669740547353
949.6818626165924
198.90539541713267
947.6232994689601
749.4147258047913
141.59282129468312
87.3926528889558
365.4966871377851
935.9606597625977
1161.4742363565836
586.1214178527125
973.4103023622285
507.03167192840766
307.2646468350332
779.3271858705668
29.666266430932158
1084.2128760962164
1053.5114178049919
699.5084558800563
516.8736171244508
913.7733635789248
1178.033990009137
109.24560310290268
211.37510001275712
876.5548077112094
411.2695518400623
937.6207567215523
640.7379618613403
316.7295204235401
901.7801110045848
801.7582607876136
83.64649601106014
754.7207187934542
383.22199797029276
578.4916874877473
1143.2913943823705
1097.3483064348468
870.7890975383847
1116.1663657348718
902.5057916793985
394.30912103125974

8.6 17.2 36.0 72.1
17.2 34.4 72.1 144.1
25.8 51.6 108.1 216.2
34.4 68.8 144.1 288.2
51.6 103.2 216.2 432.4
68.8 137.6 288.2 576.5
77.4 154.9 324.3 648.5
86.0 172.1 360.3 720.6
103.2 206.5 432.4 864.7
114.7 229.4 480.4 960.8
129.0 258.1 540.4 1080.9
143.4 286.8 600.5 1201.0

2 5 8 11
5 8 11 14
7 10 13 16
10 13 16 19
14 17 20 23
18 21 24 27
19 22 25 28
20 23 26 29
25 19 31 34
27 30 33 36
30 33 36 39
32 35 38 41

