1024 3.0 0.0 1000.0 3 160 240 100

131.4630496711151 104.52506717008039
125.17771132831287 80.12826929074174
99.50723329494079 122.00820523141343
10.53545236585257 58.512005260231454
80.59813472094606 131.11080365519945
24.536969151491977 236.90837857866953
157.69297933355182 31.56720496227247
126.365318902594 146.79344231447635
114.66124838938998 201.278913536084
92.5865181853866 222.76047557662733
125.83667633841323 247.99823705965932
239.74853307834798 165.9799105337244
8.694967813326764 104.00233028752015
22.115205359845763 21.32347638207552
12.234180331906874 10.331408605541936
111.95725612891891 32.42346576360078
247.86341139287822 112.96942855203851
236.4556240613115 109.15675111882689
128.62838059690625 99.69159877075242
175.72434392260894 27.880113841738467
42.17098868681746 248.99845903095337
183.21934990402377 159.33539648480678
96.43691714391598 247.59940280700872
20.250010500138167 26.09971694273641
113.96272918732534 237.8009792310083
19.364764451714283 204.930029436956
216.34645587740937 142.60404257252588
0.6140513044304297 88.87069970681976
226.60050782667815 243.8910706255599
66.90341549306467 169.05062405498228
19.13234979851619 140.88110937540063
101.98793527936445 89.25641302762105
157.97669452471112 67.5513886174823
115.31245238982679 224.18750417521764
6.789819913359918 132.32777157979925
62.76489620448686 174.44906988515552
98.47266340302063 122.12167948596644
93.80785288887516 165.90359789935985
73.64761413131829 102.5471489538013
140.15902129912774 165.96850835844074
79.14650457556974 40.388068598483706
124.37810911394762 58.36525858487407
32.30380935621216 64.66756606151982
27.806057819378143 20.165527119379494
58.515421283624555 209.65861906942936
49.083412051468045 178.17273803264803
81.34080333203134 241.8901677332874
241.66350534019477 153.49549483365087
80.13928428329258 183.7177744496235
21.661965512892817 84.80853705901553
118.84030160381273 22.894742438889338
25.284808777352286 74.9513705479509
95.87746856905436 212.3263257543436
157.04459896512986 212.90570257864056
207.01547046029708 66.870392828148
10.841836041669051 173.62830612672718
235.65075311773631 155.5047293125176
95.30646469786433 110.51481812255054
152.79794498524458 202.85167361746196
183.39161189652512 64.15621176060998
58.44968624921454 186.20099263182092
62.22619427076195 98.05437488394267
52.75984622238336 211.11143829169995
105.28389457045415 124.43163323939702
137.31127179789632 92.20513937172676
43.592203395739965 178.35613337464136
33.95168695371697 201.22907546026246
74.98798695901915 194.11553889872204
143.40802152789578 59.48306075415205
4.080832613434699 204.11750814878434
13.06782754804342 24.42664127100813
100.47231239781124 192.7768458928222
242.55326938236806 245.8852279949654
197.22179199592537 186.55700359469512
72.97445189225266 119.4101692501669
241.1581787075629 0.7370838033655402
28.65639988226737 208.7297173175495
216.30679375408116 142.16116797551237
73.27269003088959 230.6549134125831
56.422508182731725 177.338717565992
73.07660229935279 93.81517870596883
168.08818199009988 57.479691515166905
93.13223576662436 7.1429183713608015
200.2874509932893 75.1535231819127
127.75101786924759 233.2747443764486
72.28162108814723 188.97714572452827
32.52102150005726 227.82430331234755
146.92556543248472 63.817935465497634
173.67637971099384 223.7746334513736
84.44816318894013 12.130055075617458
206.75919961598095 158.7668304974511
19.11865904284665 17.95819913725058
118.36782974420404 9.027555161061546
90.54668807991526 172.62274781463594
89.88879952717186 112.10406494715005
170.31952269811623 63.40497781386845
34.595484480957786 8.960520749718038
11.313572010825501 121.72827548112963
191.17507841090747 26.174077450646788
14.15668610256965 228.8211148018138
230.90547419817364 119.91023036450943
43.83635319997331 163.69249638036354
124.85119864318284 217.461056844688
86.48683967792032 92.33414856135305
171.1578583610435 163.78419750638744
12.347132801221155 187.77287994972548
73.08482360746771 217.01833821161728
86.4913514212707 165.49982264671357
165.87240583807684 21.188976401264938
168.8966381596173 145.44347168000374
187.12312151240198 234.6183685665005
112.79328561620005 92.32825091292062
137.74396200393917 92.04499083035267
0.14811586112384312 151.68454027006084
119.24899903715338 38.499537675818985
38.687945685450586 119.25709447817329
117.7942749810458 108.61415257000759
85.02041018962004 107.07163643976708
13.909023047716683 71.73558682719484
165.63532945794125 207.7343235417116
128.93267658498476 227.61949535851227
138.37268305576438 30.289993995840923
46.873032781448224 154.311493016616
46.71961234511515 185.02769758033057
10.733064134922449 99.33183562803785
117.17388816449312 148.10903996755022
68.55973557238282 77.18868536302026
78.18306760407728 226.05961740705553
247.23829892967035 129.37892319179355
173.3022830867635 187.78379471102633
80.03735729974895 95.13437926684861
69.85911091804303 46.24934099224348
75.8205376536146 170.4836482841761
63.868916485391395 19.15202458518944
201.4590872340311 21.083181242576853
21.160194991785257 100.13191064057433
134.22927817721512 246.64664612542325
172.61714743322017 38.906920651150564
174.44189719650169 101.21004429537028
73.15534343417993 149.75286932709886
130.0380461473736 93.09525113681549
110.52409027554286 35.78592369774011
207.5302703951464 65.9020018986868
6.310599862526578 98.76861965411257
205.15018806484835 128.25662633246944
231.45583997600068 123.92313953530146
234.96228975386342 6.450785894240502
61.12349218348567 129.00716787548512
41.10153918228812 204.05159644759664
124.11317416267035 122.01354229105338
111.75959795597574 183.1895250186203
14.36267721473966 200.41589639121673
130.93378823549511 95.82569227217726
96.88544819933284 45.77593774483499
224.37522851586786 166.6627612582123
65.78170795539478 208.62473016328212
63.29729827737482 64.07716876058817
103.94865121332208 17.626841161593966
42.655468558092686 196.52941018818987
192.080291633474 183.00158398634738
49.0814266304418 196.67510003188497
89.40605312571299 241.60371154448075
241.90925538213855 212.23394091954245
17.005683447264886 80.08681605620838
20.8540587355662 7.836939100697993
68.97901674536081 229.31163939664046
225.53664370363933 215.34683178682556
234.37282194470163 185.71523060615283
217.84124397452132 137.04503525793402
65.53382524761878 21.500534981060916
154.91478451851157 92.48395126563037
139.45013548032992 206.17074377363056
33.244338568157396 104.5529292999747
180.28341186632463 104.2194617231329
34.95419465945842 133.59748804086163
156.2835661022823 233.12136786229513
161.73340744379414 108.32815279177605
114.12569662013163 0.5366032745040272
8.32901408124398 153.9009976444396
207.07522079644002 39.04645813193957
25.713035040870995 215.34724677335046
56.896176083765596 247.5007513125043
218.57723343940063 106.93102626821948
153.99147561586386 87.44272582993415
239.72825600782778 61.67306682969123
123.09318104765087 98.61288810548666
44.84843447701212 186.37071461182134
163.56764192562488 109.52762181627237
47.653320570959615 193.34584076223513
115.51565850187706 13.809144679947178
78.35093601021883 172.70424920795736
247.1680145028722 38.72903308879641
245.98192309479137 138.9678473559084
226.26629197403295 168.91746066872787
206.79950648314818 138.97275964366895
135.14332352310373 216.3896132680439
119.07210542881181 222.86861530752918
55.60104885990055 82.30501053131414
157.44485868765557 164.51300227673576
44.690220573956715 38.85348538430247
203.8328801710145 222.79670967977134
220.1330309348874 90.96549871154832
76.86581084416025 236.2744895011034
16.34941721110647 78.74960788567942
142.81088690154093 173.59164594704836
113.32025305250656 10.857416320387504
78.5213503188892 200.66467833563092
186.25566445665328 31.137616514025524
42.06728734203782 70.28051236600567
10.292833026160991 172.14073466003595
115.26483308861334 151.16119778822954
242.33101016758422 126.01931911148972
2.4780950427921167 82.55423016550934
114.45090686991018 16.32188164358589
69.85905397247188 206.54255970496595
153.8220663087805 98.55496159572102
235.0185717495637 1.920262999758865
221.77542289356765 215.54162261665104
139.79111297864304 165.9889140415399
53.73463149210031 74.7634067666022
98.4505894991552 206.43657356322493
146.4119583665247 157.76661101525522
218.81310785886998 209.38030303807162
63.900245884872724 51.95175886344375
110.16147676917798 27.67876850959905
171.5051578870037 214.9152554037825
135.6010293998223 77.0509085485363
206.9273325899181 242.71393628475874
15.98687215745942 186.326599688081
154.00188968947054 241.42812755451408
62.35306901737098 57.12501075714074
33.66994517420738 242.9492427237188
140.53801596507782 120.19541050008885
100.14018879220568 112.82869924529712
125.41225901075384 42.101520623013535
159.19807519169626 11.83345515986317
27.927159007561457 134.719860652063
77.97009239683526 166.64975394695335
168.90912941386023 182.5741916334935
196.4376916390353 210.98371889119252
200.10200661753152 183.1750431841576
7.963753575852245 129.1095924992785
98.10619022426559 19.896955664413795
79.52660032923333 223.28574319954987
20.274268210804635 130.37753236912425
125.36986294041272 53.98670423977647
73.17355986918722 150.81127476676954
53.584938263962016 191.87667150349003
143.29018604242864 161.30305872681643
144.70438542034825 107.33862605597227
80.16723136812246 42.602342211314756
241.4532680851042 4.282055552765701
212.76790372025923 68.22346516139213
153.10174981618974 207.23663680028704
218.89265969238372 95.86630250852821
213.36938154360078 249.59575183341613
173.3084736348198 194.7217113932426
197.00014957237792 24.31531800781503
109.18691209487311 213.43853784704726
161.41585520049287 123.63382299718032
178.30211748932194 117.36216833922505
241.54265105339474 194.9662762548507
209.69705065555752 180.91448314997936
79.45014188089888 130.93722139184572
147.08814165056066 100.73334416552593
8.188568586769168 85.48015196754206
156.78668039243686 122.3286841702719
50.17200470942881 123.78996928661293
165.90531107002923 223.92311009674646
66.74106967005433 243.92251027261145
99.04906373294692 112.96948974122708
168.89423588833645 226.05702179914525
57.92215165721778 76.90324948947058
161.95353706058356 179.00633315693827
190.28280016657664 21.529416497948233
47.27726142712735 29.008551568879383
181.73218000155626 181.37835273376513
124.3548203573753 73.29867021439401
135.63879621420617 55.467026225805185
31.787680613268364 112.47578541869424
159.2303666248171 185.79804487783906
177.37914477740372 0.988743351006377
55.6211188156184 165.67491654436006
185.98076290951028 211.1015621511
237.28035136708425 51.962703085250475
227.05515626378372 61.98828760051101
48.993573752567684 102.46975708662853
173.45170014281848 174.06531064119196
68.5987145040591 188.44040977608358
123.87832355233408 123.37602497969868
32.831509197062154 177.1995814493268
175.0730352146381 72.62511037398006
125.82841760627153 10.489334770237058
145.25761473280608 122.51177058450163
16.445286680243505 45.568347706532506
38.89146799547238 35.3661601542507
237.3420740828624 157.3625994660465
143.90330119819316 241.1692924315814
168.47565142368222 199.93258132498346
11.489695603567828 97.51468151875214
168.33928665415368 247.37792403788902
163.8467011025503 39.860383954204075
126.79055223095556 48.07415327221018
11.604958615503758 57.27678913061021
47.27185647147955 147.2226441192398
134.91428496480876 19.735077596142347
118.25006380335957 33.576548957764544
191.97418293439785 33.558964771706115
56.1443024171342 211.7868006371925
45.70674602728494 76.08953680682717
219.0972895332163 92.7577807657965
117.89066098441154 228.56948197148057
7.381645189571434 236.83258377308567
188.6431461542109 208.9244653888966
4.995577065267737 33.923047602579
25.374852357495342 167.70005188949781
81.08451330101151 171.06978891075383
5.319376405176324 167.7290725408343
230.42562270199997 22.914432633125788
55.17802972903288 85.47706642688533
8.493146001312956 120.63016875605379
170.97458976418068 77.71163368519046
207.15159531661055 190.24275178860987
13.707416300930003 87.61307309935013
87.28985825043253 156.933902979982
2.0737101827501547 37.319541033587925
115.93329593614705 99.96648319233923
57.96582567944286 102.79266810371446
200.08424408454687 24.035773985936594
34.167598740755615 113.03245389563565
112.92639262599677 76.44355034587818
91.94720968660091 223.72300700854987
62.312806084774294 4.350060766748709
20.92813240201491 42.0327200154669
46.22992550479349 234.82855323509423
192.4709809002919 186.32536301872446
121.16774585768417 120.62652141564995
26.975856389739565 113.5867313078655
164.53624216907056 40.66993335143271
147.43379648275706 1.8589671522616924
11.483315096932179 214.6732325985991
68.27471372134377 24.967375432641603
87.9865367820881 234.33595516877682
125.51425010324671 106.42355415419667
0.9386284460359273 221.47390620272594
48.11517494604095 10.271707428999271
203.50095019356135 78.58846659237942
233.09619861137708 13.320660485207137
78.90655546434863 203.21458819411782
213.9801591723106 177.99493858923202
161.3052266688988 131.112871978163
119.43167162900284 18.45883390420358
172.39116672666313 168.57751745815858
105.41479127714493 215.0717335439229
63.306404837178754 88.95039062417129
152.7517663024938 217.15586453173506
107.71266239675656 65.30447966170455
7.927003829074603 65.40781583459265
135.0321360996232 106.56322829775442
133.8954803283629 206.39418544306474
3.267233576236178 79.67644444890692
193.49381296971916 223.69851413756206
112.48314388632159 195.6762642651191
41.293267398103325 191.69323109454967
136.03343200206993 70.64744332771467
176.91103470533392 204.7716797693265
67.85492104727689 81.04546796193132
13.228786929157577 170.28818800918074
226.15721461452569 48.699908424491625
18.178515933758575 65.06461924021228
176.477578792151 192.8139775708265
168.78101323393813 165.52290555471427
202.56995255551075 158.7259684524617
39.85383737674236 146.84182125542347
18.56652036336487 35.239056755919925
178.60887788810078 99.62659705574679
217.0743214994508 134.23981724424206
3.4683977216211357 46.52790651840944
205.2990085405303 152.11428471303225
130.78752172402412 78.815616245832
116.8114303286302 44.856366405466474
80.43483573275454 115.73167512675289
71.24577448197267 7.715011994660875
181.03726411217255 239.90896322454833
32.95624802342212 219.65142060984869
28.366993373513395 35.77790139132722
192.6757217181106 167.76885617985684
208.71291078229493 16.16512192750699
220.774086058108 101.23701488185178
72.82689894594365 84.29409593381592
178.15850414124935 164.6930901604649
110.65446881946156 91.80856597982893
109.01543478229466 209.30750083195178
167.736082492036 229.50832700080906
50.53957830497413 204.85333637552338
72.856781966164 76.86039112385568
190.03194880502272 169.17201729672036
75.59143341474616 5.144347302264263
229.37531639429235 245.49665257236046
136.84202688729283 231.83967241637384
103.63356999744838 207.2126334440883
235.032724535894 242.4344061311476
205.78520131641363 143.7632352857816
119.14209587303078 90.87524132650235
10.651459940480501 127.05035082992889
177.87523171198606 30.69247899284472
124.67972880481607 40.3065621524841
120.4712497897289 236.08014086649217
141.25886463172517 154.70959841870362
225.51533311741687 77.47723681658711
153.58419312157537 73.22723221825956
35.4227443892999 174.71186292463335
60.49703109036725 146.08275590722386
144.06284028584142 106.53048450382515
32.221963200820106 249.69019961483056
130.0150647696834 222.95747851706585
17.987340893810792 51.78854657274526
148.72558757453913 86.33470310055483
134.05633902741425 156.9016242726951
90.18920431162972 117.09754475790946
55.11673868761014 166.96055443215343
136.51623523412323 186.58212403532656
12.42879602595806 230.6758015132966
107.17428521059477 9.637192324324639
210.21097211005076 8.124782728492319
238.22964367131354 183.6305788762001
64.41433012119182 199.63044738551386
94.99267021673352 210.05551806953247
108.66606278743998 94.1282430157222
172.82090561835955 74.12461529183076
102.51785128444219 246.64064675309982
66.13581774899669 51.53980947475939
55.41499041007164 184.73848631531425
12.473472482967457 151.30106178361697
209.18402309706147 16.864942022559976
50.619744166500446 162.27780788700062
146.06485884032864 200.00934932272756
190.61608860343034 81.24165868979472
70.87863950894376 21.834142216317325
85.15621341541865 79.76547110062116
56.580685812583134 133.68391861386743
220.53508959018941 60.622137582984124
104.16750655684278 229.45240249201564
43.55097586029519 143.99118566969506
102.58781260713054 60.47460128662008
150.95617309596508 37.383886626009414
121.87926517879578 24.915605712746704
206.38768726044518 166.46929792445565
1.5691792130525517 92.01886170153176
75.24755706778826 212.1814951204849
47.38828323641328 112.28763150048668
100.95645985670699 165.62862839783338
108.28909354345254 177.19457773436955
177.7626403106259 88.45156744683564
10.021977831542046 247.43048830404572
185.26789893987652 132.522588847002
89.28126931736871 23.867090083149023
216.97944987062397 176.12040483769763
210.96464977820918 9.987274282128395
79.71858627626638 81.03821116216648
144.45590656285202 31.592694485754663
198.44348409979668 9.72357724627676
19.94628821271477 209.64823507658008
121.17024033029416 74.7639144988062
30.927789287064883 132.58034626604987
85.58666900814072 43.17351387089821
231.0134297461739 67.29489743921155
5.221723221216889 155.35984191816846
64.54692529576856 38.50523068355835
44.03302358513064 124.42825592559062
89.8659951573991 187.37629012266953
210.15938044551416 5.90513995755887
58.61364468143337 122.42929517000944
184.09995062602513 209.98990006190675
75.13333561834156 21.504093893796927
230.34586901531617 136.24413835920816
27.89789405752352 2.007905357386014
46.18366302005014 81.37055070667931
232.454443995993 102.68686616368075
172.69283216708945 7.14377784651779
113.89569450521736 69.6934535234443
26.780990294977908 110.23224584033417
21.915743581957276 132.40419588318446
112.19539043757862 233.4336474046772
217.33315084950593 89.94718880657304
110.12142016422847 161.49988040727317
246.55736935109974 49.30287910400249
48.09593705695092 188.1309533621232
198.38684529360452 44.488913508781785
61.25546176768218 234.85888743560187
17.253020293437476 179.75194705861045
16.068602303947742 71.42380812790816
111.13345402394104 193.61529357025225
106.96745135035741 205.0036778770336
127.79200524723875 170.811693902912
187.85338998432977 108.64649085410633
32.6780059820494 20.645605588639484
238.45287010930068 69.86768487063655
81.54445224295392 123.66953446352343
34.733299206635095 238.4339585168096
97.98045373548331 94.1983737517034
82.04377643126676 132.393499536953
51.97016933646636 171.41744582890763
163.81457285079966 179.68754449157996
88.0399339895337 203.59367613780358
38.899897429200415 5.057349623610624
78.11623809088908 174.5338776219446
210.9934429213223 210.44327821081154
190.7218082647261 26.309572668451185
140.66645569162006 128.85981922456565
124.05510682582438 223.24906070203141
146.2475416030271 123.2894496065462
212.85046685484477 231.6077895861967
31.84658266402224 220.36959909371186
188.72960654680844 218.11402373688517
62.1614678617268 10.500665624087802
57.5387071677696 27.361284220447285
124.72535802284926 97.66036389052668
12.993977179576872 148.23452651404938
112.02637610021159 95.27332615078146
248.42793422394772 130.3228892526401
7.898905867757739 146.03396615126601
68.62132844190738 57.430350979419785
132.83578214212667 74.1105883004321
150.46256963422854 144.18638463275656
46.89190239353685 168.85813045114025
81.5800435973991 84.86195089591462
210.08068224540463 90.35308901944947
15.48882764761797 27.553308677153193
36.280030345567674 196.92454263132598
6.134712004476405 193.91681535571314
189.98843893151727 120.97302061628088
156.3551313551881 26.298486298305445
244.58075136066418 174.6554313302094
148.47175281945547 130.8129401942458
40.997643036987995 71.57403567359749
17.65580114297094 207.53967219364043
229.81080263240958 116.82782051343652
74.68753441580122 155.4117692144451
14.635873176861269 153.92424429301235
52.04019739707352 2.9661252364474313
157.0947000094354 0.846042794733215
63.97506231338576 174.9046114315283
3.968186398111029 3.883213357423032
109.60063869809703 179.0425903586529
233.1321105607528 24.860612139049888
112.60447142812579 123.68548868167578
122.8407938810456 131.04677747569912
151.98525661974523 47.665253233201696
95.67465910625977 239.98919716430515
204.01469165778997 219.4624969959434
94.74300819414248 75.28351443716744
151.03424204902345 4.243959217500204
204.393431772276 75.649489633935
199.5272467962505 244.5103212911386
51.70608356026163 53.135348202209194
204.56523210306594 19.111709634533653
219.93347727968612 67.13391404116028
138.79622497040683 171.22203889913501
175.51599347814928 90.93291052313826
26.69048631625848 238.83446557321452
148.9920898746851 65.8186715102382
104.03403843385054 125.78765775102677
187.2160414176371 179.9473579096989
175.85622531946348 69.40460068546977
21.020877530652292 93.40357024434806
41.09131272917538 163.06663115233016
11.506674091351282 93.78038560951288
26.62287551699202 108.47455150340501
44.48053534171126 189.49240653714926
168.47414827902722 95.79976692569441
190.6939754099244 36.979914350324634
188.27118347461723 175.98448305055615
75.53617126519715 140.8098868470665
186.9637728749533 198.14244045745457
35.509588261315535 170.56745647811428
33.744753887213705 160.8254592336353
79.4079386021587 18.513407955588256
17.182022253898115 26.619005779627226
34.06365196384783 14.499796974488582
80.00237598253734 107.14485898341792
4.624264683775442 202.48395166501126
30.66938638364042 51.34178335751105
51.60623573092893 100.69945661468077
76.44017020513452 18.25714776538645
247.7628267085198 132.58494871229357
133.4281787708173 33.16916274167803
209.7956041573976 200.03717228725287
70.37936182426782 104.77605434873783
121.36110606218666 9.972020232472623
230.685461195958 174.80036475529045
229.20445035875153 217.53479851856503
67.33310213830848 23.792655836481323
125.41734770423652 52.917878712257085
83.0724344794597 3.494173627816677
184.31235338218005 57.65604662650997
244.57868610444748 136.07975459072625
116.07079868854517 95.44120168461647
22.843118065435984 154.88295531657963
105.76117957949572 31.95184331936246
67.46200716743317 7.356305173602667
5.404657317537643 2.948020184687705
11.523698755018463 199.4869830573394
102.37323926422468 27.54524801632427
214.85812983895102 198.24654966009783
16.22487502501599 108.1394510587923
200.37763551630846 30.14752577873356
178.03928798087594 171.00660993142358
145.29084198175147 11.001539481812733
51.70088270648549 237.07951084746074
213.4750667578652 223.99119302814623
54.5432130117636 104.20538425585626
224.65682381879796 178.66503186649874
0.08986189361953612 134.0737748158213
71.90079182434084 0.23874874981383298
143.9082791032547 186.5658866348529
233.6198329303416 89.36317260830384
190.95570696077786 221.8899373370587
20.871245885109857 110.86015123822598
55.611535192667425 155.29030563108094
88.95876836370483 183.69496005881695
59.33702260878829 76.48554801370369
232.89464551082776 199.68293023022107
100.40281387220071 181.6806090644452
146.68000050085536 42.246084047157545
50.81907045061465 223.5770137093734
104.63448624267804 123.49045737516649
19.9032615535544 175.5204062616593
64.53744261912233 63.81028445389919
85.75323852347383 33.53189875379153
94.38614292838015 41.92647520385001
10.187183312935804 122.76619258673588
161.91005332662704 85.76594664636053
29.04820005072395 180.17143098864406
196.4572256826689 135.19932435241176
150.80921540525765 21.200240968287765
106.78408400096309 197.38806503676625
244.5811013963638 126.3077867397249
162.06925922317546 22.238486700084074
243.0666850736214 200.9748886549421
227.68678430704963 121.75972846168781
200.56380795294552 161.0195699092901
187.47664453016796 100.91982570565156
145.88920773522452 168.73560225030695
28.525499402512892 171.7956593017753
59.861270209575764 159.96438826319115
58.7946125858079 0.6542528778667456
118.26371815393973 33.39783358531648
217.46915228660032 125.37080836735298
213.47496534122658 72.786226462458
33.11741277598313 72.46888958478709
221.38329849060017 175.0519894085791
207.4228769910855 150.0194158337898
135.12979054664584 102.97697038336376
160.2628330815825 188.71878274424353
153.44673791164635 230.91697701737095
169.98828948707649 36.03146703845025
63.17110511413107 61.9555139071136
110.99313430543062 193.3912895083802
25.13403274228257 205.02688868337694
176.21603170320964 38.48555693620897
233.8506358287374 242.62957666935742
104.80029147616388 112.42928905440219
223.99426580802808 134.60742322866287
137.63164801770324 148.4725221166267
52.960138183245995 110.63699921535714
222.38485328588243 123.72898863855858
198.70101806994978 249.40650775773634
27.04551187347662 0.5593526144293814
222.7192262558187 244.6764025740314
60.77315319944679 182.20500649964384
115.56262352178615 156.70908527285692
177.9602915877749 107.85396313108178
7.122058296753636 62.21380274615829
175.14550964984483 6.5220553935348144
214.31551054593882 115.24269357037286
199.0601330675444 139.77678763331875
87.23871189325455 38.46649382264461
74.72189909802071 30.115940053265373
163.96176147696835 130.09409011624246
238.38532838887363 190.000031314632
181.4318334052509 127.72890197700987
108.64501000056053 117.96261966471444
75.69701856363223 130.76105112856055
141.70114324168608 118.8376940902221
176.10028519461974 122.65464617554689
163.57689345453204 199.17503662600626
85.80619177221487 154.9244542894706
163.12458380268885 88.82834142905594
33.723726763033675 187.67423278061415
166.4270857951087 111.24140717169587
152.7534946780817 9.87491884929445
243.11292495795203 103.13394255486143
110.7101707266308 46.97073581565384
177.48430423494935 105.05696655515557
156.27336554154738 161.0900213359544
218.81610048835336 91.83849446965716
7.715831512329075 106.88304962191106
249.2655363588183 104.08162413047533
88.68790495176279 196.63353565345943
127.58696846522282 7.876841992095596
95.82318583832183 218.17864777370505
107.25647987413176 116.3115585743252
74.24328275247738 60.77342426763263
194.79029462609748 57.4198172780297
110.1621848777058 70.63907759796184
162.31100061577675 82.77562035119385
174.72011918023915 235.39010689439823
69.78524461196844 19.864807692312525
241.23958830684208 108.71478208091013
80.76425254641833 243.83719652434033
5.2679710427692426 36.32391868007062
174.48368372963583 218.066235988907
185.15595150382285 94.15297890630333
95.1143340007883 132.76715575466315
111.81204040122614 128.97596261897428
110.04090760644513 55.306139898538525
81.34513366350552 60.28279627237074
58.31364020781077 163.84576422601998
179.90253292266377 81.36852579900814
186.81202175343313 243.24573875108305
101.15899471647627 116.40376945715933
241.32723217891788 94.89552332913908
231.79106286294 154.85440059308905
116.31168981742745 216.48076041729507
138.30966215640166 232.86156946597728
4.167595721826456 70.18958804251596
185.47306509786821 123.35286479551499
111.81551317546287 248.35456154994685
213.14964254174208 33.83607550957943
22.054957734548797 46.911108868297106
79.74069692391039 227.26330780446727
144.82230087535473 189.97267883565434
85.26981129649494 161.33915566017595
1.4041226039499533 115.32107761489601
130.11766732231462 47.50503468644521
179.24270827901674 92.82506493545614
181.7717549584391 84.53574686296619
41.10954238813225 112.19818997307365
115.33583226224334 246.60697873203299
192.6383591476426 147.15950359545153
201.72037020553233 100.3423036825784
246.51452014624022 236.5274726912794
217.39072927025623 192.54349330017675
43.52015386453506 91.32154475573967
220.7124100886792 245.9949407643859
11.53070493505967 238.68201914333827
166.9529290106039 160.8384887327628
71.92065698561015 199.92194377249166
101.23515314169943 49.642542193556764
174.04321527702382 6.824323327005249
74.03294970717376 51.40834096283789
42.92143022087372 31.545409675412415
203.26709068608886 234.88971668404528
205.12474752603558 59.417479945890975
73.89984952026035 120.48805673400925
115.92161093435315 72.63677250500822
213.00993521498242 93.51181055297891
203.87675830988331 185.27580809542633
176.27377711364764 132.71567728929546
193.6622259320309 86.7272436783087
13.137232452318987 136.29509747877614
11.045680323124973 139.5230012741773
37.24516670416045 56.537820996267946
170.06294007461108 203.37496750639966
143.20383467907365 77.54300144371571
40.366066341557705 0.8588594662679583
18.318573850147292 174.96510861763474
217.89788804035553 110.20816118894159
197.12188673597345 161.01790234610462
171.88554209506538 29.309695349091726
45.22826578621964 27.111781358588466
136.31046994937526 205.02766898316784
181.17229815072662 103.07193462464897
221.3255740217555 94.64962355930331
109.66096531971536 92.61811833999123
197.25172686626163 108.82478646127109
78.6592590162562 97.77782887554274
230.37365742603976 238.08571588585485
98.22001492459489 158.82638018948927
39.70053593376899 34.14041091421161
227.34130599158325 91.80142341720251
47.02573982979194 111.49132834533984
153.51395597265446 228.42628880536978
33.38616182895393 38.46908022102593
186.15280490477525 37.49970919606122
32.5608550528855 152.3634214140951
137.93024687523877 89.52105982459877
216.6410612086359 218.3289270717085
232.08811249912546 124.63779009194492
147.0619544370555 21.522354998591815
188.81784560490877 129.57691251984605
132.85541499252227 77.30562404315447
26.76698356851148 9.104777020125438
29.154548975717955 50.17014196948386
201.80155279416687 105.84437334811395
146.52110162386933 246.9381183489905
232.37582491865768 215.00953976799696
71.81805007841707 42.70150171618919
201.88928785285538 185.563809462337
111.16869480672395 173.55991478367744
204.19622938722588 101.4899888761758
75.23632920251855 201.6728678326366
46.38255573982633 84.05165592906863
112.718085913681 246.16608535879573
63.22181117265816 194.65088631341357
36.461687183383134 33.12841812998801
13.197819353748558 142.52988402558967
196.54199116735276 141.52034444140094
240.84760535081293 125.18361485310736
213.4034816920314 44.643684855507374
42.98497616071798 106.1547746965964
10.418851885100915 28.871379477665855
146.6818034312632 47.20785861546992
117.88098468801431 211.2183239787006
78.47129086126908 117.34756728704355
123.21454948976404 184.5715754668663
34.69644169415304 101.25214664551235
2.4516874937790254 134.4131040481193
246.56517146853517 36.54373812569367
20.370204340840832 75.63598924338629
106.06632594869345 103.178524901208
86.25928805652374 125.10807355656836
92.03570609620724 37.35222805137592
111.36298707523163 32.62419305672187
41.55858800971238 239.30596075529039
45.29584066599998 19.05805702714025
6.662296153040148 248.79855643490157
114.81988667358198 137.09240587025255
166.0516661740789 99.86471876485167
136.60587535910528 100.29636945951145
74.45130525999896 24.71119185185583
211.6491493247465 125.44638076644632
179.88628264949153 206.77602015681174
189.05858036531038 37.743872330429525
112.0139991137458 165.46723737495054
230.7692931054734 233.7936266889966
21.690445271815545 204.45768534842392
163.47700715469847 159.8706887827952
237.03429696862887 3.310102869045428
92.35450916539887 14.761126071381497
78.44856494910846 152.33135066943015
208.56526245511762 221.17760103107182
79.46655143339993 185.8322934341629
98.70882734145131 183.18083968263417
42.12301470902888 47.18989826539424
245.57169852122053 230.74469646280133
235.7733213040839 41.94814337196029
105.11265033860579 60.192143685984355
53.06631306760271 147.67095840887313
125.36249223404391 29.778338768468473
205.84084528636797 125.99232148461248
177.80007422433516 84.10503292385275
153.2810398473744 130.01095256736122
67.8673272989366 240.54148659581585
244.8060327549807 46.486320857238056
65.82100694079554 112.95501927182968
148.54873426395255 141.3073271313918
7.567930569359449 242.32988204284283
130.2653585298249 223.0393997185169
243.93487227069437 196.11081823778505
237.16548268325192 57.35479450982181
151.3055041155819 127.50150220291462
141.289696202473 152.4351449036981
192.36393039682167 9.761112887555434
170.86861039236717 218.18546869103233
120.04325122577897 239.67694719285512
94.97651087685705 245.6848301271591
102.16096932658273 37.81081926538857
66.75214373621569 116.9879523431215
64.79133093429759 4.181614865580774
1.0270798857177632 28.946897049316217
224.59827755434293 223.61460199280538
195.6704006629096 81.28971447862845
176.2089174910914 210.26852133685188
49.542108163280865 75.32438062980704
146.5319820952273 200.73553272739673
169.87907511743862 82.1123493491418
4.603156666584008 5.652412947332902
110.13541574337182 99.35931832060321
90.55017538152785 200.0626587212744
132.7913804030761 213.15388316069863
58.626845314962154 6.441997597469329
58.674503676361425 76.82385765217334
222.75715600609186 39.865400770372425
168.0314423541932 130.66467768707858
133.62205623410975 12.37787850164751
122.77881508988237 185.10154120305842
111.65998613119766 27.354225060600008
238.488425824538 152.56356031525362
21.733396942538118 163.83776091805868
117.18731103934832 141.0644831796453
17.11226665485116 36.229772634517516
1.1311304094025476 101.69494669584562
139.11782482750894 128.36030139661253
237.30759384276337 124.80038764636126
209.19451864524677 6.920031660684501
167.8552173228972 124.73997682936594
57.77180664151199 117.67078747652829
32.04936970282399 118.46439203380257
174.46340355071138 73.07454107600448
189.91647466300356 47.55886790371097
133.0715706444443 29.234737131365762
115.52726703847007 46.46791452445126
60.82711248321038 210.12341972865715
70.02471960200984 135.68948256168784
20.073469252129687 245.89205765139812
12.94567624199372 53.13525626629817
52.448186329555476 74.10149372896205
89.02698595023809 96.42058720930171
170.99221904733915 191.12085517479895
42.47658247272337 112.10278508367652
90.65362368377436 45.51070101327043
5.193781290690702 74.95722055068754
50.69424654334964 118.12502330712802
196.9613138487011 142.12794712745713
104.82892983487713 95.5604921548261
119.91231634147162 122.20725156913035
27.717310284267384 126.7027276300462
68.40904900964343 89.9151193120773
92.646549761803 52.06127725591403
201.6000691867655 164.31914185392338
187.66393883961985 110.73110244824153
187.51909792390583 76.13494370399378
153.72107272846023 177.18293819138304
29.526545755486495 198.5736172235006
15.539717947566034 154.134563951181
74.3836017118141 169.85278142073602
52.119806564749126 206.0919674523552
41.38941777129307 219.24383449395654
235.66552870427103 5.717998753008047
3.60893479476096 232.045735787058
249.1221486116939 188.8768809567497
52.09040203109169 198.46963396850262
17.811585943030924 113.66515836351726
98.05836532732937 192.44216375913138
62.2540731226994 27.010328517720033
243.9497909028753 212.91659200676378
199.9732191296919 184.20782450880577
42.057982792693764 81.53883244866633
53.48065269949892 2.127975146068606
111.37319480979401 63.296849698342484
244.31520620966756 152.1008157557937
222.4784463415653 176.57799193603998
96.58359296442227 233.28166624949222
118.94657760845165 213.6057027787489
135.31721203715415 37.19731638490853
163.9086196531502 159.75851371249786
46.642726285490184 208.93855280644294
62.32295080615849 57.753871543310076
173.4184073160949 146.1395822760819
231.98008418258667 89.61402590383204
108.78706300375256 59.181152180310754
70.23954613212477 174.7405211513964
52.27409637701494 39.74822819073226
96.9507990823466 68.44032691690286
207.30516955022821 27.208852002376883
201.78118993340138 152.43633320202474
120.7381824494616 69.93954209376099
239.950205187085 179.96230782200715
38.32262477041973 161.30439389607756
138.8185470070563 77.47281005525342
63.326293516248576 128.5879420682376
162.4076169267184 207.99238013224274
89.92060520948588 105.49853840537341
113.676273904399 101.29179197390889
139.53606193889235 104.26528013358045
18.324740484991636 93.29169449809093
2.314125639322623 177.26253374657722
70.36639558754965 9.438082074420844
22.82173875208171 146.55886038475447
132.7931826176345 96.19634748307776
19.371354445764265 118.64459352131706
172.70243301188862 208.46267415536937
86.27258709565768 60.083334141856234
176.40094040987663 230.5717094513337
1.2804456944796039 226.00358119909868
16.65633468756797 188.17929316320863
171.97037868557615 226.3534596087475
238.3683973904504 99.58222908124293
136.28386483380888 59.30906424023497
18.687092983786513 50.83382408594703
160.34457814455828 138.250982277452
4.6598297952393235 196.96937146188392
246.09136435564258 82.14810909658391
168.6155332420286 2.089804562841857
99.714187586542 86.62919575346811
146.43650002689557 191.0458721621543
234.9404720252822 236.9010253666039
184.79284058956918 25.47142520890372
177.78681459732405 239.39701326440655
111.5904245457419 203.52178487883305
67.18355036383136 74.81717988514636
89.15371823773222 108.36490196329468
52.83914366427303 148.3786203778356
168.08197591175713 15.265105500490094
112.07358259826164 81.83137425843834
8.87876999411058 208.25511412885703
85.31209771759829 60.64686912054204
117.57225573733426 218.37871395842927
157.60329478471618 141.11781321146046
0.10764430041804163 234.0423535354327
239.55810064039935 56.89769119736635
202.092502905721 87.93411173274748
203.31777500498262 106.89968984079071
59.96749271368012 190.10406563796616
52.993007726657744 35.286558746832675
154.479079253859 145.47170570055243
208.20920043421282 65.08210794065486
152.4209328320631 36.95957985690604
47.77037575086365 158.72061223527174
210.73963344482215 89.17193398174241
93.75841920050598 194.04455845231058
160.8966283677202 20.47485433030094
37.558547560711695 67.06492864783547
176.06098046420885 73.9653561082913
95.84480481726318 178.30810027336267
64.21169246017988 116.46788663800028
130.9775297909711 41.433574491763714
222.99561872266554 7.871739489203083
93.63856163683046 151.3058335832343
78.63964437584691 33.85262826719151
231.90467247554395 128.64486235924707
90.98854278885662 229.72313940354638

125.436109990191 107.00059980456064
126.54127975455168 76.06821421180351
96.1181192838206 124.77194248077936
4.041707955632578 57.02026787045247
76.81762784431601 138.34502981457027
29.02695277949949 235.14240927227502
166.17349925573097 31.634371185822964
118.2831746272184 144.77956378330245
114.27897229385096 197.4602763699616
85.67475771839045 224.76444554532452
129.5403291169857 241.2248261142365
235.31338435101668 172.311851203983
4.7445012653485055 106.70123059939691
14.510668782350772 18.081294223958906
18.327484507809995 9.15290041056338
109.78244420562066 33.62429495101904
245.7400187574017 114.76049062313179
238.05966013716844 116.25194036586711
125.47043670357664 96.00287882753194
176.35956605670057 35.83478924675512
37.16981309835324 248.32233140242693
176.37188058807575 159.77633404027156
90.50766313791576 245.43982706724788
15.365063403836505 30.81062430317391
105.88694571371107 238.92376731038036
18.452365575160307 206.39301317363532
222.52595734177928 142.45140629028074
3.700976845883247 95.14699056484349
224.53316620289465 238.44020915231428
67.72766654787968 160.62711187769432
15.42102941875767 142.42961303630952
110.35653066617951 88.87404768731686
157.95294315172282 59.4709825145473
116.10639126936745 226.35253847155516
10.186166379328176 132.62454347337822
59.59815897949597 176.59872277632425
99.71878377696977 125.99804097930361
92.1772877985765 166.73422893267488
67.42945436883166 100.4603702465514
134.77455517205567 168.8884590113429
81.22441124874952 40.636103857148775
122.66415542892764 62.374310240159545
39.136141816321555 65.98862257946348
27.145002303118975 12.541664012430426
54.76156523568002 216.45272846209133
48.63142855947286 169.76823608562145
78.86821000219015 240.2332853024977
246.59649422492944 157.74868470266458
77.00781911148694 183.4173054448911
19.180178582656165 81.21130702831042
113.27625382144998 19.08991213527181
17.610992533241276 74.478563325988
92.8846197396632 205.7410692112414
153.26869868523997 207.59398417145397
201.63419186256334 66.69245522657691
16.80546742032199 173.57602008840496
241.88831058458578 151.91322098634953
88.25942248641408 107.86275116387584
158.3531238758417 209.23868032132873
184.54314743233016 71.81062064257934
60.47536682805135 180.65458882753381
58.6925090880793 94.05328089679237
49.4972989951207 208.51196330066222
104.1701911232071 127.66238502349248
136.33575504526934 97.45396557002364
42.53485638383553 181.76372804927306
33.301153931469486 201.61082985430698
73.1559087788253 189.63745329108298
141.3884302031825 66.87602743147423
6.323593945967626 202.62897455872692
17.476039005779764 20.64414559810082
102.20213883339638 194.09765238228786
235.41509674382652 248.6849764230214
200.9503469867547 185.26669666021726
68.25361015087763 117.72990670212758
238.2359520561814 4.479356985206795
25.052137370132925 204.79511225206429
212.05444698538244 141.57791090223182
69.92894899398114 232.6227575249721
55.66419075229309 170.8898814014769
79.7426241568947 95.48667975541966
175.48371033917599 55.40867375854994
92.97449725595075 13.712638860001652
195.60186849112202 68.45998839082803
125.3420508549061 232.8740038640026
67.45241227198456 183.25796513393516
36.07973834621164 220.3507705673588
149.5863046941294 68.0284299623516
181.94987494752647 222.64912346947193
84.33231055717586 18.49881719655369
201.85291238519355 164.18341656369176
22.454575374594388 25.034165069847873
110.98830656307632 9.453129193339516
84.26506447188756 173.36381016706835
81.5796574705357 111.78932254721047
172.63392887411348 66.87614725039218
41.864159607109656 9.000793652982232
9.509199216907515 129.15292499881713
194.35599602468034 25.699453669021654
17.431607812134597 225.97924522926013
224.57613151359627 114.69535887721133
49.36023413581403 169.32059119606805
130.69019539889797 223.44766341873733
88.10958445225329 99.34610105536396
168.3690313522248 166.01564747079456
10.607807761813248 193.9503440085985
73.22767784813003 214.4547038727098
80.841128619874 161.64560452646214
170.8928899415341 17.00243347412472
161.71425133511937 142.53296534150866
192.1480072026559 240.87765843800148
115.51814774009888 89.11479508320222
134.93909196311947 95.70246626290105
1.8295003644588081 159.7470040286422
118.78584796790557 38.71190423949456
41.593287068122294 116.67792176862868
118.26862519074221 111.661250611934
91.34329130318031 107.87137914306258
15.904613560877273 66.28334262822192
162.54753124280086 214.37049386064592
128.07038042617938 221.07112481686144
136.53724042049762 31.188783174897456
44.1959081865502 157.96252380288263
48.299804286483536 185.18435610461077
4.62487479124643 99.92061747414755
122.00133078702142 151.45741837569886
75.34059885324248 77.88416830405997
80.49642138419061 230.65131241364992
243.90399337767448 135.385979166419
180.386579526301 185.31778462264674
72.59936467364983 93.03580470093512
71.04569242305054 40.02960605423888
79.88020592590497 175.91567118062596
65.30193051454256 22.298941405595656
209.14323384559142 21.682849138607185
23.680863126385095 95.38175250447634
130.6449105783092 240.76858811976473
168.48472539306673 37.903587104942794
177.73313176355902 93.95899422674034
72.46659780538536 155.37241921227124
129.8419040010031 89.50292032055121
112.80204673311792 31.42548685079974
207.65675048949888 64.09521857161054
9.748514550696003 92.76338627982136
200.32396199381023 130.4729934566026
227.27677433611274 125.86474101959233
236.54810005847506 14.760276072055378
62.28959688842328 130.47333457254268
34.397086327949026 206.83406563967625
119.44266751986108 124.79063488653352
116.04629712178193 177.73515096759482
14.353079356731024 203.28126368332073
123.51087801722835 97.64440430942736
96.81636445052963 41.74818246374942
229.15719323994335 164.12078498718066
63.82059523379366 213.0046555167794
71.58257075599799 63.01728239543769
107.52334582992762 14.776436556734302
48.56760379412542 192.52269142471408
199.90478480489352 184.26649724449996
46.012569456843984 193.41834709672162
81.59976262013963 241.46344856471546
239.1421670814167 213.97386833639973
14.21030332783349 80.44198886242765
19.676131133373076 4.729340190804759
75.10869474422086 230.4698370404918
220.38758135546036 217.07833650890836
227.5844811752044 183.5569221855226
218.56212530879114 138.3577084067743
65.18369032105284 14.498340953103428
159.97925638679916 94.44859646321466
131.25102348116957 205.24387851513802
30.804336889821204 105.71661250371761
185.05206811859645 100.00960136530398
40.0901845845775 134.25167704936712
150.2259185549569 235.51593626244482
169.1267495976372 108.69816782290337
120.72796572857511 0.861356455333695
16.55406184927033 152.59456592475362
209.03751318460473 34.92613924928062
26.854942038447017 207.81525926323053
57.535392174862366 247.91603727931403
210.74254251383934 109.02355329322816
159.67686629984283 92.35772864649397
240.38556149735265 53.61646454961366
121.8831109463876 104.79527522024729
48.206422892834915 180.53455038593623
159.031967281556 116.32569212868269
54.649422100792876 190.73499498739514
115.96121520865707 20.675259761132352
72.35863255511862 173.3442675466422
243.0719006538561 42.23333836045756
241.9560562510448 138.8126665277916
231.33358107318625 165.90960919396863
213.97310216897276 139.10418592466962
135.55696675893816 218.04084718422564
118.44403603993447 214.8907630919653
49.51357787369653 81.51970883221193
151.2754565181654 164.33843899086025
48.70384304400505 33.28688624645168
205.0454965864799 219.442644869227
223.23107370559006 97.8258552702753
73.12717310126224 236.7491342131171
12.965478368703625 75.50559099301668
145.01335485639044 170.48351074862984
117.66270858777075 17.33201855139971
73.807056709172 195.93699032043162
181.3340640711278 31.183299132911873
49.25645773751497 71.6694757742028
8.557772569971117 180.28727997827272
117.69908540188781 145.48634977628925
240.47068847772798 134.185549685338
9.05741476434921 80.95172559905379
111.57353235391463 9.275623337389295
68.58908896494928 202.31225368959355
154.31170039163953 99.17679974370967
228.29572420006033 3.2584358555550197
217.46204498679853 211.6984807588812
143.62714249039618 160.58528394932696
60.66146652533458 77.99450924414342
99.34378582476741 205.75422179408162
140.03925777836204 159.15398996746336
221.27212049654352 206.49015225189214
62.397236060319436 43.70370464550716
110.19900254269682 29.129214857006424
170.3562805065945 219.70691880876348
132.00428617547254 76.9150701222667
209.10265590991216 244.4357090054315
19.370573335112663 187.12884869184612
159.08956122521272 245.53761967992222
63.0098921276144 57.47169752999015
39.381344422152466 248.5236974137021
135.75158094965747 116.51979514055085
102.26495658089571 120.83917445003611
129.17567727407672 42.65920779034538
158.96213068460642 15.260959754871905
27.77184157516163 138.0213109385111
80.88575065466283 160.3464724193839
167.19212349413883 176.58052664196686
202.5060971649962 213.83393734894545
196.46216458636658 186.99303610676185
9.97615517004502 130.9940717792172
91.72319538162199 18.35789621188308
75.32932040580175 220.5757380996691
26.33082937188533 124.82375162035619
122.01995630353905 50.94465784975838
77.8082213766946 146.26521667434233
48.5979079434547 195.01248821727827
139.98325212784607 166.7337799344567
145.85695759793566 99.00798818693023
80.57940664056976 36.68180802483004
245.118325082359 1.9259220937547228
210.45700550093582 70.6753472021878
153.0875762733739 200.1944026472495
217.4116192579008 97.1942410986636
218.18030193385593 248.05110038405073
172.498438625597 193.36674682347976
192.23465730106722 24.291198018325105
116.65302767080435 215.71104009481135
162.62288005459303 130.72358204694746
184.19623212683834 119.30745526488658
236.3461665425784 194.80185527852115
211.7788715784462 179.92039181570388
71.40563353318038 129.97373013155834
153.4666400409493 97.678655270061
14.222329776566262 89.71686626308353
160.05328222930274 120.37882022964685
57.200531546926335 124.40029881243947
165.76191041084655 228.79830012485377
67.4757981177977 240.34109768746382
98.57869532437834 120.63457627305895
168.18697487996548 224.75660517009965
52.2299476997056 75.56440425056302
161.62528628329216 184.32268170871387
194.55438418900889 22.24571854664864
49.02645407856432 30.92068606653864
182.37062840022944 178.41485028272155
127.76082357971721 77.06228168242099
143.90644222063995 57.05899604109918
28.57379735550411 119.68656386969722
164.76307384695716 189.98891896984418
182.518869971302 7.107025929623479
52.48792554295298 165.74785740872238
183.41213919945207 203.10973215793948
238.26951554453092 57.25799155767927
226.51950751082003 55.50053131619856
50.02446039462252 103.87445802157966
179.47030503010063 176.75811406426286
68.85953386754962 190.0001496994102
120.31231638972947 129.90350146210284
38.611642445203735 177.63892176598114
174.59881478782603 73.66793990156408
132.38344058178654 10.536778525321367
144.63722377628727 127.87088798999378
11.313217404882309 43.75161006037748
36.116336281369676 34.07036796885004
234.05110611877896 154.63025470930663
143.5391870688137 242.60973227085242
165.88344676255238 205.01926243081533
11.819266106174647 97.4098425001978
172.96536929061446 243.15463465608005
171.32961085714976 39.44215132449164
133.74000463759177 43.24473156804101
4.086890470763355 53.62241414463564
49.56708766261311 151.30521508424647
130.5993410485234 15.452380067676714
123.51376053400301 29.70189073109805
192.53609574385683 30.873926412478212
56.2224084468784 211.85513291029085
39.5518882299602 73.6210718813197
225.5330086613645 94.34594846352945
121.5958604546693 233.62070703247224
13.30503840227723 232.5364082713794
188.0539551041487 200.77171617608548
8.043012251844534 26.167740119730304
28.895370145168354 161.35019057446726
78.05406025037969 172.92015992697543
3.605878611803781 164.55565353742196
225.71484612118482 19.26621297580697
58.951330554409154 78.03341188136764
2.1176419864314955 124.14874785757712
173.91896932331815 70.15540292429853
208.85703000104752 184.9460452214754
7.769538591563485 93.03184311345541
92.36873322558581 156.71067441562235
3.7113654353336245 29.66877229438475
115.80394614387663 98.58315475255556
50.13011792041494 105.37338606339614
204.72117805563875 26.66611473223901
41.43086715584921 109.32579186600665
116.93865545847821 69.33111148541565
87.57033772918265 226.78933346201788
61.02081848716312 11.368832267160483
27.19340348609986 41.942329855756604
42.10698816368144 240.27124261920878
190.41124607300557 191.61362753874766
122.02507927246167 124.06093890485941
29.74297631822792 115.61597101016277
166.15408387251415 43.37225298244316
148.69586891541593 5.283491278119251
8.81547325650417 220.66687605294783
64.5164434439534 23.23417665655178
83.83369261090387 229.28352640194151
121.92862269843313 100.03236685120315
2.830729380176061 223.50849761014916
48.91533077354898 14.816838774431101
210.90101074303348 81.88500667039553
230.13808601149626 16.307595032695467
84.46623769652842 202.31049313579945
219.7547023469213 172.56064250221803
166.3303110914701 133.8412871429744
122.186525725373 17.597942701669535
172.1492875912103 172.8577575681439
109.29726792154382 211.16241979264655
62.55553065447972 88.52483454374857
151.8670363267936 221.11821923968762
99.76344246641177 66.49509529148071
4.053685837684617 71.18892006994773
139.97793648862947 103.66100532320586
134.00401297300823 200.97936862142512
9.506605023235664 80.26347189654027
200.02915935185038 227.18587572732645
113.72767863026748 198.41231340475943
37.80201392837021 198.0025779394867
129.73840903222313 69.3752778582211
173.72747672063917 207.30210619117113
68.89601372928223 84.50025165733594
20.082643601744554 172.07761276720964
226.55503181578027 46.546566203276015
12.423415937694138 60.92809051219175
171.08095255972242 194.5719457586591
164.1836549207648 164.5796939914568
205.2814356258625 157.32942316340026
45.02773508959701 150.5147828938152
20.11307799992673 32.18748669221688
172.56619346230946 100.94543801052724
217.5507518934254 127.75491363907493
8.590589715787633 41.07532476461781
205.14270544840622 154.84786096687913
126.77189117488419 73.56867016204214
121.70274205433424 48.52348283948435
84.77525731171731 122.57137174685381
71.11906629317163 13.892514656297372
185.72548316590536 244.60655532231286
30.52811915097392 218.34511456487897
27.785166307948224 31.11082154364378
191.86415861987714 165.69884554785597
212.493637474367 22.83474927261353
225.94801474489182 98.46886606870167
75.30774409201346 80.45929851160366
183.75205057020256 161.92006526862494
104.79035322600777 88.67437458558578
112.26959525916259 211.7405645092324
166.2962541989353 232.8638860962775
47.83017790442579 202.0017328650921
74.93481624318277 75.08424206773645
192.83849725414095 164.7064286364824
78.68745707107693 11.52311695053293
225.44295421309553 242.67524134212067
140.190579034568 236.39548423036376
102.56006738913328 200.78939942926505
230.6072000712897 237.91683458450248
201.69909332022576 139.9635629676456
119.12760397380303 89.03708287442697
9.497367234292343 131.5923918291646
173.27364217235873 34.2687051303602
119.19391178994127 37.22081674889943
124.35207921605287 228.8246297746163
140.97503658261058 160.8443902053494
224.19946627759657 78.44877270142597
156.88697367351145 69.8810139713644
30.376284195144486 170.41173534762393
59.244368195406295 139.1225890214513
144.53559418113602 99.3739580133683
31.25719232836266 242.56770511175745
125.82434250513383 222.48059674814706
22.484506996482327 49.47210517434045
148.74043961554335 94.65966692078484
139.73880314996052 155.93886083385706
87.7218524321964 112.86784670586391
48.236932509431895 163.8891754490744
143.65294005082305 184.0030021571313
12.155662826536433 237.82875518398623
108.95037517883907 15.824021355559658
215.9568576467269 7.896288510872096
245.85932998063444 182.69460351959916
59.03878829761358 196.8475778227132
96.89498342946925 218.05388233147139
106.80721681546108 87.6790007803189
173.03779853437058 76.45285312647987
98.11950138397205 243.37332186662914
69.90480654654979 55.74691182911859
55.403392520604 187.35567261365063
15.944099820118545 158.3245005543304
204.7560632596959 20.447836629699843
48.081035475840864 167.14545655913628
140.27050327436658 199.77124751866705
197.75071663891393 80.32434106017367
75.07165902898555 22.57104330580631
81.95852571040857 75.83483597604057
58.94833743876812 138.68281690545402
228.53288973199255 61.05713878491576
108.19047275065022 225.2834330564661
39.906329247062445 139.09071975388972
110.50081701545663 58.92412199085592
153.39438828713492 35.14074818915036
124.99441923030871 19.926871915193047
200.52118257193527 166.23149552445477
5.172919846802376 86.2304023650135
69.65440953688181 210.39317616517084
51.08958279214812 113.62137515148294
108.69802444591045 167.3457960336374
111.1606368369474 182.79750423334482
180.02375899015152 80.88361139587225
8.216603241175374 242.84018461161781
179.77039968805602 129.10356989550104
91.10731551152482 30.028782680033476
216.72160770517024 173.17556110456172
216.463791225026 14.46837981619531
78.7742747067747 86.51805631453016
147.65770857295107 34.262938169968116
194.86124999710813 5.4722949885610275
16.180324835609746 208.94096803640065
122.31798496614485 74.2118987829391
33.69778669243784 140.24890205295802
83.21475393442148 40.4111501568096
226.81223689621902 74.50260394812163
12.69943620854122 153.93132617064057
60.958649393806105 40.60321859256799
41.06438369665352 126.45616255348749
84.12074673398983 183.08879740775248
208.0199437228686 3.9393384606201955
54.28459498960281 125.86453596449867
186.1877901728339 203.17478616140642
83.0234779906242 22.933163463570246
236.9021190822089 132.20896362275124
28.702029694238767 9.62796516871689
42.28066443073078 85.32404902043422
230.84884913975287 103.07767192932857
177.266653233083 4.009306185229544
107.81691276542016 70.1744007737482
33.05567514383359 107.63396536945977
19.996289930527656 132.75643610526393
110.32012431068655 228.34593973299928
211.42843638919035 94.4636622396865
105.72667148345619 164.1187566792907
242.81361056901835 45.688453586189084
49.95401662149659 182.47921132008815
190.2565871406057 44.659976491879945
57.677521214941265 237.39952069345438
19.17604042230714 173.04287321600347
15.825182996908243 75.36272069073041
107.12342501666957 188.77943705320624
109.96529581672095 211.60949798741385
128.4085046641616 165.29332179726748
191.4215525216046 110.34207440039953
32.89316342597057 12.500944643748236
231.7356524169324 68.84874921975914
83.67590818653025 118.30683652225524
40.308845742118876 236.34921888424506
93.61687731577895 89.06246365745
77.94148751434813 128.4009437636225
54.904508327289605 177.5113252603401
169.11019054591736 182.85962577479108
94.56449310438656 203.3884287590756
37.008747465366895 0.7754355423567616
78.05501037584308 168.67794768137952
213.30519100011009 203.1597006730232
184.97955004270278 27.958023168549616
146.69133314363543 132.74440847599863
118.12059807136407 221.70455745169667
148.48988312630644 127.87762151774449
216.76139079477625 237.69952458171744
38.30528498021127 221.14688316282377
190.11254487815552 224.39381309472037
55.429270138000334 7.815025423341476
62.85183769525207 26.876473079496392
127.01923357511036 103.51873532271408
11.513438564600603 141.00169199766836
116.77537176589617 96.39327697841385
245.17478361590997 135.6877941929259
8.007798394433719 148.38759574843854
61.65507482533075 61.26963686921058
129.10683211212907 78.39301438979638
154.09833930154107 139.32608267141237
44.70582578303844 168.27649991365624
83.89749964222496 82.0694038340477
205.01578423697404 90.51866647087745
14.726061201844582 34.835861808029975
30.87838126072476 193.74449754001515
0.6473143571683881 190.6668121748335
197.8665683668786 120.93642135608034
153.84851584594975 33.14971118764865
240.5097632613256 174.66128912432694
149.9324262286744 127.4167710524857
39.107698733754056 73.30884904757934
10.159910990278936 211.3786830395405
232.22604108778762 110.5293036214203
77.04484392735522 160.65458189448566
12.697231959782119 159.84917537007942
45.4597908455022 0.28169594865787295
149.87041899643938 5.121155249398212
69.32123602369519 168.78774862521382
5.796683043764989 6.6631785498241225
112.44768315826457 180.06941158992686
236.3794932362673 26.93140594991722
106.76137024362126 122.68863795955886
114.52981408439649 129.8552081294359
156.34173007927106 50.02423718172122
96.60390786966747 242.95431701611176
200.39007823386345 217.9950440126808
90.46276363048403 79.84052614759857
148.39121095178552 7.689026407933397
204.65456602437476 68.49409836555401
192.21084700551543 244.57341608633502
44.91653338987236 51.30944787739502
196.59012021523114 21.704381414411444
214.55485895643767 63.63836118649513
143.84948740583286 172.73610816039476
171.96524117531345 93.40967971796576
23.76034481973749 234.80780827551615
152.67929340225223 63.74647442066458
102.54003584357066 125.29495950396374
188.18616676364152 176.34833034722496
174.29252064702393 69.77876753127093
14.593344971298633 90.36195316438805
44.509003506109394 163.13748283367985
16.54662777938809 100.34101198577547
27.604060966551046 104.77389883208151
41.64593438033054 188.50053179922418
171.7997855368458 91.06862497809438
184.34298208279867 40.8860992451596
192.79231546661885 173.66911488268332
74.14801670587163 144.77421225389725
187.0368653972411 197.85449831617436
37.20402969902029 175.15610887135756
29.826985583258637 167.13083412443106
77.92345797577474 18.859578035562347
20.589327925786076 19.00868116312862
34.8874680319311 20.641788171322617
82.73280457088752 101.1406501968558
12.454743416467768 205.28969423765577
33.35384125556218 52.126338951719866
45.16099158383288 101.16855545670877
75.95074234989777 23.099890334550178
247.17681113577916 127.89257307413406
131.25860769002233 33.73256581568479
217.30513012907497 196.34647253001796
63.552569010622285 109.36494023466604
115.64156942802842 16.160140757884577
237.03544346385812 171.6758229815858
229.5450144449856 221.7002338493606
71.9442787380378 23.767861018186064
120.52923115379815 57.43535886666845
85.26567496504234 9.863350694587963
182.25482272032966 61.97146898732772
248.53303484555747 140.98815094883184
113.50711842391375 100.87020437070932
28.65019223587292 150.36453836771832
104.54307487577883 29.427250440729857
62.40658194184459 4.614650307394913
10.641685552064406 6.569559316078221
13.543116756284029 207.027700177649
94.28296812151137 27.277479157812785
212.17717685882664 205.7165896420821
12.240679470407079 107.69475919010574
201.288938075331 29.324831063568897
169.88673665177672 172.13223313236477
139.93512445988569 5.700940767989021
57.935736437688625 233.84103834204947
215.9594815139101 222.11605874819602
46.4848382353536 105.16347838833137
219.60861621742964 178.88727154102085
7.589786369954499 137.94153073011267
71.48784589909896 7.218540005678925
138.36316706478863 181.40254530753023
236.47889440950004 94.73153407478307
194.3249345971843 214.9511116552741
15.52755923128632 109.02137684014903
55.99003308023079 157.93872508856342
84.87288491259648 191.10270310437235
58.6543595604469 75.39867133356893
228.5757067615519 202.91553330189254
101.8951473928836 179.07482418854988
141.07743335681565 48.38483028461879
55.87711870963963 229.44397237851462
99.6198744002991 117.37280097153946
24.31283545483395 178.1743731747387
59.949740639174045 59.52089552673534
91.5622763255574 37.83017106147185
89.25116226700142 46.398319175677244
5.344773354674786 121.08190307099612
162.1872950358024 87.53634600581292
32.02842444493795 178.32358811016957
199.9045652066166 129.80212245539795
143.73226386641372 23.144003646707517
111.58473527824819 198.2336290561759
242.25713828603202 128.54774865914064
157.39503459176893 25.593884159098607
239.0245392134495 198.11882078631206
233.16304244620005 127.85656427142841
201.50283698512942 166.26699663472394
190.50873199786463 95.19100691087223
147.8917627071665 168.77560083441412
27.64492633792881 164.06933966950706
64.35814015268043 160.35631744390483
64.9686695019574 5.956892395928392
119.19557566459623 37.65950339695948
221.17599596865296 127.40906514685832
208.26474508293933 76.02237202451833
28.00651716583752 77.40253661539631
215.80870293284528 179.2470647486759
214.96424253781905 153.60415265277808
129.3240838311504 100.17293467615906
159.2363686004803 195.97528180804125
157.61811592140253 237.02832880006113
170.26513847403973 28.93939828094713
61.369363630546545 65.15171078449892
116.23654534024288 188.71040315181412
19.976430167049003 204.1175557854846
180.22305532214435 44.18595394285207
233.78180690608275 244.55803544843326
105.63494587343214 114.40479220269701
222.6410923881323 129.63996459927608
136.07742559770296 152.51676327816477
46.04815507081528 109.53896686385801
226.11315559258585 123.81059885034065
199.70978132022793 241.2906607075478
27.37856298191832 6.5347080788783485
217.83849469816107 246.75857656069417
56.41232367803281 178.56166253266395
109.837609876616 161.02633793903345
176.48443340618857 104.15274693707535
11.028701256495271 67.11937337595414
175.53822940185705 5.929912602704479
210.74739244995683 109.56001176345612
206.2298066493229 135.97411286532773
81.17990615749515 40.449280757568815
68.60214510371054 26.875075865386457
161.54890735982505 123.42517631921407
233.0737510791824 193.09433800203058
186.34316556310154 130.4340172827074
113.80485545355407 121.79344714002634
71.96513823718925 127.95085522788536
146.411434006864 119.51754744066592
174.91826661173292 119.15226069356935
166.62879184755562 201.6874238407634
78.56352770072276 154.6906436245218
167.11096592665456 84.14355741506826
27.832647792515985 186.72955087425396
169.52934027908748 106.39739083791116
152.68872105837121 7.571516232208586
235.19467938095792 105.8263056235004
113.82645849605153 48.560406897955296
179.56768442929652 104.39234238929265
162.32941712067768 157.5050677637686
221.7728465456578 86.77570227986584
5.942493842341801 102.21341403247375
248.9810192465143 108.69893649080325
95.47641210695745 192.5792394434442
126.42680947684772 4.422775256344297
92.22754954093928 211.1669005842441
112.24316538062266 115.95671721295783
68.99102211631839 58.059836806977486
199.93851793745046 56.60671609686291
115.74492670829967 73.95202430551178
158.71517721176767 76.4199935085849
177.6176696996228 241.24326350588976
68.36152757208563 24.746517738055
242.46378257038094 108.00740585041038
84.96995347614708 242.44295473203823
9.025451015856639 33.412308161252625
175.33952642882772 219.76895301367188
192.37192918621994 94.10911733307978
90.27389612820966 126.73868243639558
115.00223841957077 134.87270507260246
117.41021802868326 59.43443493673698
76.92160501743369 62.553497518571504
61.74200487378884 163.25212273628102
176.8653290554097 79.21700224927103
187.34267076854417 249.99401609673825
106.41072511442631 113.51817727922547
233.70740289864906 98.15565607415743
228.95487227714338 161.41298019569854
110.165915964035 218.65333520039735
143.90432801023277 229.53489642970058
10.915192487873925 71.94455949960177
187.11502792548418 115.71125026493503
106.12329459486564 242.0750434151142
213.60645547299103 29.411221805224542
26.300613571890008 45.753043704146485
79.06708647345711 226.27830786216026
144.61081210023093 186.62415717857294
81.9114060896346 154.43844600459695
5.983518081432243 115.99719484369838
133.51522047532262 52.97621050809115
177.75126337143058 95.69756574315166
187.5729464411482 83.27801002743621
40.393820458310884 119.36558095338756
113.84816820028348 243.48049170956435
197.7149178973983 153.4095660098786
208.59851298615828 101.08724438225883
244.04087541957966 241.82498013025958
221.03595852113088 198.46718643734766
42.75698963405819 97.59891241957294
220.59134995029055 242.06709644039302
12.226770194939258 235.1074766426174
174.70815787153845 160.13384724714308
65.60977133870102 196.29368971727087
100.62484212353559 43.91956128662453
173.31796811246966 6.653677535469499
76.45078165828114 47.24534913889683
47.13361243665071 34.90292789671429
200.15174988752597 234.94710727022596
204.37554243335828 56.64424640602972
78.18165501141422 116.03316231572525
119.01321249667771 69.57382752924075
211.31531765374234 90.77749351012402
208.44728418572473 185.10915675255265
169.50776281465872 128.58633903441364
198.26467032457097 82.85914388689866
8.49383204124543 143.3645463003633
18.295857072671424 142.41987370997214
31.131318539573293 56.31947006437007
176.2379046299292 202.47090293240265
142.905436191657 75.68702550665759
39.955427846722955 6.6396145500228485
21.82749659273994 167.79681237377443
212.17743294792982 105.82755041196585
197.1276892283032 156.86356849744826
173.8701771832081 32.70525635991145
46.960402915910024 26.75728674135683
141.5906665168302 206.59932040114916
175.672173200399 100.48620959470733
222.13730369485214 88.11499899261435
111.6855902934868 89.05881821187936
194.62885630466204 113.99429971031141
73.36249469358056 98.27751666506477
234.1360483697878 241.23156437009283
97.2710658163018 152.37338431112428
34.12200101649146 36.33316590245011
229.5604735931766 91.93867629125707
54.31289708751963 109.99456671956919
160.00643804465597 232.04465397296426
26.307123155168615 36.143422092825894
188.01435416164233 44.63521448332713
30.11482997354728 158.12868078531386
136.78622280713253 82.4887332570332
219.3561005479265 217.57019926686283
230.90758233078287 118.97736108841389
147.15343402791217 15.573257816279023
194.2840762976908 128.5702658076426
130.7948914955869 73.55881941359274
30.64347234890674 15.3608111387529
32.757671334786465 55.592920250331524
199.9313717108036 108.12761783943888
152.11500560202177 248.4764221651879
237.30071429066538 216.4768066675991
65.88875390271393 44.136864205552406
195.529082717728 183.8221290595689
115.61625195928355 176.1995692540645
209.84386052353426 101.8821573481869
68.62023866238306 199.66633283180357
49.87948366555492 89.73627017477129
113.97641421651444 241.4208523210633
61.2498218973421 202.04340936728624
42.259992450330856 35.22062450656874
15.02391580114068 140.81976466959026
200.0338807438999 136.9205862370245
234.32044091169703 126.44960426997982
216.35165596894763 46.36423177793439
39.11529707787581 99.0987908425683
2.7266350781580684 25.457305826139613
146.67034783105447 53.6299184574971
118.42990376620175 212.6870978512023
77.48260948284796 116.48450489516749
120.60955857926436 190.84154569229239
32.85577698542494 107.3305235564733
7.245245521973254 128.90776323551418
239.35484786801234 35.5812894757721
19.585924259912428 70.65132128994642
102.04682886619545 107.7909400703645
86.89874798041788 122.08310482109371
87.45710991262636 33.222848684043655
112.70497696239423 37.50239942930356
42.9613057253958 231.96314473240804
51.559126016876455 23.212639338474478
8.911062440189383 245.2478987996738
119.78265312292086 134.61937264565145
169.60325856138118 102.32095493343635
128.38723171553812 99.99266469464271
68.88092424384575 25.55247617086834
214.64222510990922 122.8561820351089
179.13581861122836 202.85081800017664
189.10879329964598 38.738978491271084
114.04759394894786 162.21583019880111
238.5900901049724 234.39227632880068
22.413108436282858 201.67670284832468
169.40621138607528 159.50595335528104
245.0304783013896 5.184483056566769
92.17639703663649 20.325541432903076
85.79991308051765 152.66642567239612
202.19985654210916 219.65753213616043
77.87977540350577 190.888787122887
103.96018344025454 178.49206572256395
41.59386536051235 45.86355339381798
248.4649905195627 225.6966639532707
231.87939720507885 45.843888598299216
106.65500119657123 58.90161357008719
53.514973129953184 144.85052621705339
130.67967181218373 25.72621858615526
210.63490926759553 128.49508157371173
176.4281749735973 91.47828500850083
147.34054990243766 126.70144490555369
72.65517592448101 245.894302484447
248.48743495599797 43.54040964272535
64.74090716251482 111.90455257031262
143.75437076511034 146.13919481936446
2.90018911762005 247.18871568586295
131.60653515988238 224.9287278569136
244.06953314435725 199.79665029431717
240.24891055850873 64.11011037440814
153.2485355115743 134.19799389261388
137.95400361568375 146.52773913496105
188.5685040908028 13.175520486647969
162.8450113805201 216.44085817060594
116.25146619292408 240.73125074363992
96.64555081076293 248.7711539460133
95.28099212799043 35.16904018409014
68.70540544508493 116.38212967559808
70.67247114938236 9.797066489903166
3.078614016397002 28.53503011515207
224.8561963750947 218.87776612553796
195.54177078259173 83.79415763177161
170.0857579196448 214.8417133184655
49.45792076648608 73.47841104769238
151.04292332359202 203.1898795409464
164.3600751238259 79.99236589673045
5.504242930160053 6.552792265538648
104.32090757725702 95.87725376833501
86.34099629531264 193.63346450142288
139.40505123421985 208.4413692581564
53.413494957392835 11.603978775412639
58.36611315216814 69.9020450632948
223.31127217045596 33.99074621484669
169.62287110616722 130.198733492292
140.2927943377194 8.653317132482963
116.00302807907042 180.5584689093782
113.01461179148033 21.96896642784371
240.99545169364936 160.46399706168683
22.477508675668584 164.8386554556486
111.72614553371571 144.89697924418113
21.609684370297867 31.5025763306043
5.983165084998659 102.15352245706971
145.47913795813596 128.62371379020632
243.23619022637212 130.80385412613316
208.2665212098965 0.6262801984056876
170.33890456269987 132.3322043935903
49.513241504884924 116.83657083323423
30.90807060330064 119.67808317383258
177.96830785157042 74.42708640351661
193.17520294741834 55.374728363525
129.7023170395426 30.279409513140287
108.27867934466626 42.3185407057817
67.4662272659732 207.38286903519378
65.31011997107028 140.51458482165637
12.908044892221165 245.35619434969965
10.298382281228507 48.972439732095616
52.408037699156196 76.93647489978461
89.66099823874279 103.51268193035887
168.2339936061595 186.52330871290567
43.89647802180954 111.69423062700903
86.67149835309098 45.989189470826666
13.152207574535362 76.68672199526955
48.98865533341465 112.11268099025729
190.18799724126043 145.928687755278
106.61512407350193 91.46389401382504
118.09452874880708 125.52061299483627
25.708835342945658 129.815924968145
61.69855530116042 94.96658818448745
88.88500463151824 51.08619672076936
200.66470507728556 161.37489537211357
182.05090090560887 106.14660226524641
187.69850900059376 79.42273015277804
148.5498161752478 172.5564020927283
29.28931935540216 206.33853496714073
10.390120110172651 160.72554075522584
69.05545046946857 176.412002493553
54.972408227328074 213.99983322157485
36.334548175881274 223.3787127196771
229.2538664489319 0.8007758050031233
8.668635692123422 236.79712523971895
246.39836366681428 184.99260766163437
54.18260772771813 193.18319791290662
14.07639108266337 108.38182343315198
96.07338141045918 193.49029372574083
66.497936171106 33.00900939851611
244.4119872844299 206.99283246058897
197.61130199327886 179.93997766227352
34.9728937969318 80.50639019210143
52.26866157948107 7.517406343326371
108.23459680863981 63.596324613618
237.63513186306363 152.53180890016498
225.56141786327714 170.93448607982558
94.11274972626563 235.35234456110328
121.67105524910981 206.22608208793065
127.76927968508001 33.8587098454046
163.03085029591625 157.79725059445707
52.73612698192473 214.73848130282755
64.20133503032424 53.5898388786277
174.7801154246584 152.1430684205685
235.01553173492024 85.4795596045029
110.51919644926706 62.03492054549925
70.66237296700575 182.75929947590257
47.37708918705719 38.43948570193534
92.98001301886747 67.38874233408498
204.9293586845804 31.19926302047993
200.98512567442796 148.29590214348406
121.77661178616225 70.02514468598092
236.95898437272692 175.13948209100994
43.28466640357858 157.25274837873886
144.39368562202372 81.50221453407467
60.60676900635823 126.59184738263771
153.98667875100594 207.49895347053405
86.35653192237521 103.70571501797119
110.05346897515966 107.67684326351626
138.4904719969165 102.63249051289993
22.71210081663602 92.7494254207866
8.059913367432253 178.88896457088342
78.04011054362911 8.135498714985035
23.8773985001377 149.08568303879147
137.9243621839971 98.71779842670108
20.623174091824932 111.41192901339642
176.47634223628643 209.4457879899348
83.37986046124132 63.81653452208466
178.37184415174147 235.24968361326714
3.7640315197651484 224.2755279547625
19.998498596168506 193.81424699448803
176.707990033501 228.14954814267202
238.19500035529853 100.71688224679568
138.8509968049458 56.87926051835696
22.295189199468407 51.892013904821596
154.69434637643732 134.21857257878418
2.7028390629034726 191.87814710121728
246.46505164622843 87.3848700659339
174.75098776718727 1.5106882812393474
100.35112545243615 80.7079404149601
145.08221592257547 183.36270675350588
237.54917769172403 240.46017262826476
182.19340855585855 27.4145456732684
172.93507112088074 245.34669673052238
105.3788321479834 208.75141015842107
65.41884630168907 74.12532174928046
86.94470731618314 110.36880653150519
60.97165023356871 149.25338606413723
169.18073781623036 18.477474194029064
111.41808403727602 89.67744418492035
12.97549245281468 209.91743732285215
79.58703875967632 58.35712045738295
114.06090161216228 216.4377331009383
153.50641240880233 141.526639990872
1.1752727661998308 230.2683458509491
244.06513579917672 60.73220584297065
209.12948811562205 91.66992676442942
200.06590772290508 113.81787005986482
57.30665202680163 188.16408516978007
53.212035208222346 31.776286896631422
161.17494185204984 149.15005112454574
208.12300616467093 59.69123411911695
154.79650076870425 36.5100682559478
44.332900255043825 151.43195142550158
212.5679370698806 89.86346161236456
95.42282061902776 201.7259044155446
160.73602837813482 21.743024832541895
35.58007400083205 70.29753041259163
180.7151984449164 79.5564451624593
91.18336665514134 181.80722900570885
59.62872095045307 112.31793301810065
130.9596599082823 38.97137445233365
230.85000938981742 4.978420981104431
93.26439118087654 150.37358010261912
85.50076363498319 33.8106498594993
234.06898496621892 123.93081057595649
98.03795546894264 230.27430656803296

79.38074651107314
749.6754798913139
188.83324798068418
494.36846292749556
1111.1087724786003
104.27956874613645
594.4568286947755
75.73602918475426
505.9436956270238
975.4655294964818
169.02627260784763
559.2250252790502
618.7608127489242
802.5789148399739
836.1733673596977
985.3235847569418
987.2401612942118
1036.3752942687279
190.48230156455617
280.5535688116143
266.6382572883305
234.87009375313704
813.3354148328757
330.77188046383213
37.52203222146589
50.60221784798689
87.77899693327134
1189.3340183244823
519.0319389139511
428.9891025290413
457.2201957213713
997.5780220379353
809.0672823483703
140.9768595407646
1106.7569037890805
410.3054928390244
749.4185597713213
1003.4339292266618
1125.633472978323
362.085930843371
1123.000260008092
419.43416321179495
1020.1862965459247
633.1518338460695
1144.339326988511
981.6140808232396
152.4045546164072
1045.3797182885794
345.06590345020123
1013.716137944216
384.61454083496665
426.23639285571977
888.74170366775
262.559552835657
726.6559938673124
644.1838834200049
516.9198140692608
295.6838885563853
844.614060265061
398.75665146794285
895.021354924623
81.69877436805147
1034.3570315743793
730.9129115684033
1020.5503689699258
56.59337257624659
166.94930810447508
977.5410107273591
853.1443068417567
854.9621368668953
591.1807915650581
664.7401866091236
82.1921118374768
240.8951486298568
445.68262829710994
465.7173481061795
845.1644535313095
1183.7117665880614
1091.8783949365716
1103.3581409980106
527.1081247657652
1140.9456715659837
259.15328087070844
1174.4411014932268
696.2370279064079
577.0687903264949
1075.8711535928426
373.9713428839175
17.49291507592864
1171.2989626325937
955.4388137086174
285.9237406457018
784.886581816974
1104.847421732937
515.3615437403996
935.1342036961319
933.6052489606301
386.14119349668897
392.8390614775296
511.5965108921356
349.4425508239708
326.69354236381565
353.2971018768371
897.2458783336576
296.7318451068486
294.43208036534816
274.0653243184444
1114.5138449341061
1035.9145646039565
496.0234581476944
1066.0778585140679
694.511686833548
383.01985000105293
910.9061755383376
708.9511069342803
59.38154827377879
1007.4126058490077
350.8335147324143
586.4280743579196
1118.8792232045314
913.2257340367626
1082.1851762165747
1120.786073594394
418.3018080753359
1175.2874667329102
1002.505991942492
1160.9575888766253
480.06750142839974
1095.0036077197922
458.64448380463404
430.4007565610325
179.19877572190217
293.2278312635517
516.0692027622242
667.9600268842987
844.3264504271917
165.6187678911913
528.0686248365897
300.9765003069899
361.87724272166184
527.114740419836
565.974180412874
976.7294821199287
1098.3501114315127
831.5836929299542
445.0091770812752
309.5567575619806
1071.4532723828008
1093.9863138414587
127.77569265559745
480.43080261725754
827.1372325470227
968.8437811132293
1010.7169024734073
356.92201333284595
575.9590854486738
480.93767811862017
199.89210450092992
430.76344754595635
931.2658782852982
595.1328100160102
672.1692114840424
554.1621837478823
195.09971269950773
861.4611120800703
676.1258771337222
51.92096817486525
17.496319135962604
757.6387017454566
683.2152912122482
912.2264189605116
550.34748112018
644.4388470705456
596.16992569935
704.6558100771035
883.5472982059033
622.944542361816
214.5927779269872
901.2853452909023
264.66094722964795
131.9463115411517
37.610594615427246
552.9681640467835
495.8218999927175
587.4334481938505
1062.2470079804273
820.8666501180295
611.4378149226786
749.5679729483578
95.74528473896001
515.6501425547581
822.3060876705986
1115.4493664178472
115.36321818739768
723.2305290275237
920.2677523321664
517.9824464950823
1012.3399546245372
386.2058413987868
1145.6044242237328
579.1480588139534
963.1235831970208
256.8282817963533
817.0032298182965
67.15784186693394
1034.7868003926612
207.34092878555768
794.8483967316259
83.93024329813605
800.3068595915453
1150.4868190141733
1091.0319486525714
127.94957921958145
151.32802456125455
109.21333143427866
821.8634271368462
392.79510120863756
1080.2484594913562
730.3251399047936
687.454310944574
360.06073192594977
1191.5509968447466
36.97053817752552
107.3211142991886
3.319255278523763
56.246889168802326
40.56765171858817
1142.482639614038
143.42079642099256
1060.9448324343412
735.6608220783428
612.2592148985573
610.0710353478335
761.0692295138905
994.0681209309736
256.94233184362383
912.3579920865425
287.36925137147006
164.4070185005026
296.5250132372135
168.0741475514947
1121.6816621369867
81.02365117430448
1039.6249509307647
71.45645596655804
475.63100385767694
27.92046362688462
487.61542223328695
1172.8527340663409
1037.3198498112038
1176.939251684455
139.92176649752435
833.0754477023406
302.56367013743744
467.71787109061273
1111.3607893909448
705.1552651546082
469.8431692678398
222.27323563205286
25.589107994588442
673.7145803978087
500.34304576162043
114.68488902332966
40.351733045660296
488.52837921170385
386.94558520110616
121.95442457419406
1094.5217835901403
1127.3912061828723
495.3992023433039
1042.2457365454193
330.8707111216815
23.80012706102999
333.14486915671193
910.3972788632574
110.3474707367
251.1613765048821
906.7543320865763
1120.08982526384
1058.7928898569191
361.3278719720851
172.04467162887926
531.2679433275957
45.23893163401575
345.29896790392746
573.5780809088137
221.1312159743241
1082.4219752332006
1076.238932494578
416.62760890323574
534.1658506701524
1058.2790701160527
3.034056294106665
102.63854201258576
744.37217900241
871.2267496393549
1158.9881608959859
305.74890412566486
768.8556026488687
464.99168901989003
193.58104825912864
531.3063850635516
727.5100774696622
989.6102998064928
747.158661091055
981.3601838390406
1101.8376575058783
974.8967690278503
641.1129361920514
224.10877410198304
1040.0618947519033
100.31605304109539
1159.8815696222086
985.7116710318111
471.2906286833546
420.40921315198943
306.4429739598567
1.589588507593867
1197.3839361070247
606.7177611669538
635.7671104003017
1020.3986336706341
272.9465591627893
919.843013739617
814.1538346475145
902.727138389345
432.34560737928996
630.6727090886446
1050.0774764451594
47.4029169538878
668.91144115075
661.6853952827188
620.7509837387432
450.29736879736765
1092.319933889686
375.3861113208418
630.8880666237702
532.5931339785828
192.23469377962385
890.7374267213281
136.59487972108704
316.14631787454294
437.39686996919727
919.6958322347037
895.1730839400726
456.96004719302675
207.9392234277475
838.4101645325152
49.2466454575425
613.8182271908046
640.3230477782434
613.0883949490046
786.7437979900834
828.1143365847354
471.81005649949776
1000.979548861379
135.5224697009589
951.8341414316625
157.25517300334
1021.5894468260988
832.2618273915895
1135.7639549365213
436.18458143694306
960.5102733747356
575.8058211156351
626.523538138528
360.4483383202579
1163.6033611736966
1073.4789550536204
1117.643903888807
1195.5877055214569
689.36742537641
782.2415449152645
1093.3603761153302
715.2802039110876
993.6721169008056
755.6511391130689
219.31541840617524
409.41783146052023
378.1670208136263
155.05656198635182
104.36260379746287
937.9388469707715
852.3266157912532
704.1474592132924
457.60348829831855
40.02287585523921
846.1717470029325
833.096922769382
357.29469463887506
1026.3364008564706
963.8802595594009
1137.8863347921313
525.1361636127718
42.84288479594673
49.990675111110306
1093.8959912671592
241.24081065575731
60.126396664816596
429.3058067797546
1018.7710116030429
532.7809878556657
122.2588723680845
273.12783510766843
1038.369572092109
393.76205840806534
155.9032726799348
846.7994061944735
684.7202730769882
103.8273827324428
1078.5874166740593
174.07651389178312
153.07494686457656
472.3858563933513
1140.0502686864895
150.84311272769835
386.5492773329285
1128.2098258348176
998.1067608544596
194.3135024147674
931.7750720216661
902.0612071096637
306.39561359469303
1026.1475545737903
745.7277673567507
89.20092380876935
685.1919392429945
1108.5071564005946
613.3211390638014
179.32944699903544
1090.5773384243696
308.2277679384279
912.1601839863071
689.1190639295099
378.1177724941401
379.49279011505547
489.15087559707723
1029.4172349517614
1006.8644737402274
240.99027707760365
779.4591107018409
720.179367029132
410.0508870542946
413.1666402037012
716.0586480291792
213.94820724324347
274.7233471504105
1008.6773909976673
1121.041494478419
682.4998908109279
55.559916716402796
993.1239864576974
797.2590274635346
1113.6588510694803
541.9256360337025
1120.954613470901
290.8831602525216
686.0426732886434
1060.9873603676012
88.79130928817457
365.2135121028832
1185.659068190669
675.3878445770127
511.09574164007074
827.1423925891128
695.86890196377
525.8808405764446
438.7917892362701
33.24576945850128
820.1647997926511
777.3106053943834
19.45129005536174
865.4649922685348
478.4573111087747
608.2524167457061
772.2555074339392
100.36994173551643
387.4527846138375
158.16618334108995
676.3719554356478
1067.0016907901384
834.8678502536017
1137.8276270878719
377.87041906894024
677.7416958988042
541.9764210323316
870.5251791549381
764.331240574644
159.12528916178607
514.0582164481841
854.0171082309558
697.3784839381855
32.26767865356025
1163.6853536346523
521.5026281168773
281.9329141267405
730.2552205614485
950.9138228509196
1037.331575742213
880.1304610628889
1038.484232794857
149.8147239943046
617.8455157940882
1134.0688850917445
602.8086416748143
852.5329630704515
258.6487242792282
370.9698388138649
814.0599246992006
131.38513161817278
102.63044240329917
57.23034123110724
13.421077171321587
643.2352682100577
1030.5572848367356
137.04984723683077
138.3291537142758
93.1355531664827
1145.3167438688802
255.63430961476058
1185.228124920774
358.3868076056094
1116.2721774992597
1052.5341209179087
331.3300306348471
501.9775481310517
952.2866199044139
521.1330645912576
148.03901410454887
681.5595658649283
875.9453573262472
538.1022535428668
1199.3884655229797
314.49353748620496
51.735874252562965
1169.0293322925281
789.5614189598471
602.6114789830056
219.68186636218937
500.79501531579604
769.304716082918
730.6192377388718
370.00602427342295
410.3122497419883
1099.8341851564235
895.7876306639641
847.4879962545139
161.5223992866899
1147.7114708841402
398.81772032237535
1109.9569633490225
606.7605581447212
628.0161282900322
607.4001815486743
303.49633495959256
716.8546219223258
575.791287679753
744.1516579064618
147.06166129925427
1063.6952578237785
766.3639068326445
215.51182749232703
1124.2709999329272
652.4968658861039
943.4427360509392
402.02640372554316
721.6730408939482
754.5601115630603
245.1652910103355
1114.6385576268485
691.5326913434138
698.3283257116653
1101.173397424199
886.2819303608264
200.89768460091383
1154.3241648075448
986.4948301947835
38.3763604946669
911.1285015386516
141.4060492612882
816.8647047259765
1044.931818611678
538.9629070535791
278.87807088102386
786.5976415391228
949.7457179405164
577.3199844272209
341.00435342601196
436.39252172242897
174.68840714754535
760.7483414718635
308.5516206638401
650.2129256357437
700.5489529997817
273.6766088994311
448.1128532324094
610.5035244738099
998.8406321810152
572.9208754146177
706.4850622581077
1069.5260959741715
1152.0618300954714
88.91970653791122
375.08644685296736
913.3681103539147
589.6827712208329
615.8503810343731
706.769998816465
152.1370958910747
835.6198220156326
997.8534743121004
658.4881915105879
158.0950257695302
343.6345437369348
888.1267553398209
860.8254852889754
57.29573624947506
1154.7929115778145
727.5984368445427
985.6580956482859
303.09127992547764
75.38070088911726
219.4151060478863
786.59635165209
168.22834414857093
801.5356404026193
431.7285951929871
747.2340998293078
610.5121133959575
928.0355768138178
1069.9289044807442
933.9275676822542
739.8548648384773
373.6518452551449
1116.0449307820274
614.9344150602802
560.3719508970609
43.86255647704227
484.9157151437446
20.97998376673729
1052.1933336185261
704.8894517511486
975.9095784106804
115.85552970886967
647.3719805437523
189.67597346007557
221.0013718457526
1176.9694363933422
1004.7539612854683
1121.2139281797633
968.7491588271419
409.603007195475
675.2176671993672
167.8785679213311
550.5944716254883
1008.6450412371356
1101.5197855897716
163.3451868379264
559.1695005244435
70.50773241818
837.773891692416
581.9406221536824
647.8576771898572
141.90222663155478
308.0274047829927
36.991712888422136
205.1544093423088
1138.1990631616259
1031.4931714551326
31.549936239429783
108.8503460187544
616.8235035617985
557.2606808343841
261.84648837102844
1071.0242118894334
335.9507972247399
321.9896221684759
765.7901690163017
234.3453701055599
233.1891157654971
1026.6656408181718
6.064095771817127
201.32192244937715
155.15005980421105
902.4329888524709
492.2837760907997
638.9146331298315
95.80613263931309
1021.5872823313468
1051.7023068228614
2.4703891029586025
1149.8198156931696
954.7159765002519
263.97311043515924
356.46812551324575
81.26487303735367
61.28126508307876
611.7752455120344
338.5600660825778
528.4456943510653
515.8529697741561
458.7296099570912
525.5701307709481
1140.1150245934246
630.6216394017824
720.4860883806172
815.8818620159161
83.11753338187216
621.792156442023
285.3091210467985
100.21019896034893
830.7269188511569
826.5981844027602
914.9986459091242
37.21363642677343
471.6901086379089
123.86070812531769
565.6220685476102
228.71870471116674
946.2128995877229
715.2344390598377
921.5487111435625
87.40229812858331
812.8055028911259
1057.025293768057
442.28748142099977
737.0031201171695
942.6458352492766
491.76041440489354
56.90945745476062
1191.6562735131058
8.589195619188835
121.29221580960704
659.9385056700721
810.8981961204307
550.2498432981796
494.4251933906894
15.239644923171152
25.38149223529127
69.22361814848514
1127.770149436331
536.6290458905726
1106.9723241785077
166.01488947433162
875.5453110895578
760.3436269202332
504.3520788598425
1080.8446601402422
927.847669846239
1046.936625250711
655.7441662395792
1200.7081493625847
862.5461265637573
47.01722184114378
1139.570792406977
428.75436957113106
209.3922229009068
297.9645919559964
758.7716242881145
728.1362319265255
1022.5054664239888
688.7119373621831
342.3100263777121
681.4392757789749
215.97899855713112
519.0066516346157
95.42119971373042
862.359354400973
67.69576905218906
35.949497072430155
905.8955882581178
1188.6959734913505
89.5439145312054
360.22083980717025
986.2680447968568
268.12271703699145
772.4139652109274
142.96342487080204
752.5847001241495
388.8456022283187
443.18003264941865
908.48639586473
731.5568939352869
444.70676180205646
798.5863270529883
385.50127757277613
762.1118652977422
696.4088137076465
599.1479235355082
414.9032833474443
166.60864473321294
356.8137442850021
412.1650381816126
820.8376138254871
225.2432526861498
390.12116225600556
1037.3768327782905
626.499282769846
41.43731516941227
1073.6860417384737
396.9849037187094
917.5969434454194
1088.0561167327135
209.91899220414132
130.06439661505328
186.88729724992038
72.16565186046674
1072.9430774219643
1194.673474319823
630.9852587821945
1168.631800799507
740.2840128883286
618.0973076280865
23.1630644908914
968.3626610238589
724.7409193965742
601.6677949131604
579.6361508552369
1007.0257035286093
307.4252645392119
592.1901235014677
130.94186337471285
437.81150942681967
968.9336214035982
453.67230410571585
828.0394827051507
409.6184485159982
342.80975407662083
201.32415907687226
750.6286249915318
572.6022431802613
787.1295977798934
538.7766730818142
175.31127231261422
239.75523698070586
409.7519613094213
635.0647413382993
371.1857164293377
770.3658686565457
955.2712841057875
50.707569907785455
604.8185664546172
802.0894778667539
937.4129540315226
218.59634526206528
243.35394165761863
600.6271299970014
618.0743525272039
1199.0700224286634
6.071064833149817
716.8096924037691
91.27875231706092
532.1985695494003
462.98789346036074
488.1024969511959
1074.897973655223
470.53871423750115
988.2771255751267
1079.9492593021284
151.4485672623508
1029.2894233876198
89.32674493947678
1064.3138438189071
1137.4105036324172
593.5072607899875
641.4556507816666
966.7820341786637
1161.8487562418425
995.0593959730832
108.31057120954127
341.9322008254113
409.5416977382372
586.498691390555
1071.64398782171
736.4655465585491
1041.8943821950063
548.0419540609413
1078.455048188818
126.81376359336662
588.2325147142217
445.90956950383327
881.7512523169112
434.55218277273804
232.4175316615966
182.07833056542634
879.6155232739567
971.4716601373906
957.6231299410317
291.07516828610704
898.4072215479606
453.0084146795252
999.2655246217938
449.85614786970854
418.696187244997
328.8776424725656
255.39164017561833
85.64870670639318
235.36811549238945
564.827460096536
1018.6933541595836
992.5367459126182
1169.9189016448108
653.4035915521154
985.8929805898036
543.1063088998114
1131.033845785472
926.464974768228
32.633319677964025
307.55345998035693
348.1475758952466
1081.4724876048656
1100.0000500407375
736.7527569902248
1087.719843893804
1142.6342196937646
879.2203853042125
846.6929269440236
64.062851638737
821.7776425355177
650.7012767822116
867.2221328648664
529.5385115794516
890.8870379562067
111.45035057202091
720.6167687425545
853.6803508588966
922.9679738369115
853.1070087344926
228.2969390586784
1200.4321007349645
861.6487148295332
399.4815554482647
772.9595776337965
649.2090178406977
932.4682867641161
786.0128235284376
1079.091280578
1187.663910730693
901.2933159034882
271.2924718935375
139.21078000183394
655.1859902153437
632.4738030606622
608.5193560494946
1057.087895492737
603.6590618887042
942.2054214694834
1178.9362463357747
527.1152976247095
12.460186538194005
1016.0023371346424
502.8883805251514
185.39087369788896
494.96881929209405
1195.9214735445871
127.98737201015457
355.5612882395847
535.7474209871347
196.32335976415254
391.23071356059637
1108.140614749198
131.37249570533265
970.068761112971
1141.4828082544504
472.0512605424512
159.76583320019142
445.42090382575117
909.3133376325991
293.81977779227645
450.03852231496154
971.8644914325272
76.6695091892199
852.8243642599894
556.9174589915153
323.79005702474484
779.5066930926012
321.3690363431824
77.43809772615147
742.6630970993692
1158.9527210495871
202.81717778417854
689.3417667914368
717.1583178715059
742.8231552449618
500.0205753638219
202.86412029552636
295.332199608084
343.7806214482488
1013.1628695302016
87.83432152507952
1025.272476723073
526.6143867671663
95.32368040674442
263.3486540543763
417.29809456843105
462.5875814275249
181.55828485735466
896.1013028701482
705.1378359352032
133.99886311319517
887.759581907356
1038.4338817116052
370.2500678502419
1107.9936913362624
686.0178593800268
20.85316572598977
505.830628608499
633.9113967827163
905.8688655508288
546.5178476232661
199.84523642804442
754.5490989303605
727.2954029575029
1103.60356622057
130.53408127660907
888.9331413477466
385.6222578442503
893.5852166905952
397.21914583353185
744.4750046864302
852.186019179469
108.27410356365317
466.84807242493696
42.290265173940135

8.6 17.2 36.0 72.1
17.2 34.4 72.1 144.1
25.8 51.6 108.1 216.2
34.4 68.8 144.1 288.2
51.6 103.2 216.2 432.4
68.8 137.6 288.2 576.5
77.4 154.9 324.3 648.5
86.0 172.1 360.3 720.6
103.2 206.5 432.4 864.7
114.7 229.4 480.4 960.8
129.0 258.1 540.4 1080.9
143.4 286.8 600.5 1201.0

2 5 8 11
5 8 11 14
7 10 13 16
10 13 16 19
14 17 20 23
18 21 24 27
19 22 25 28
20 23 26 29
25 19 31 34
27 30 33 36
30 33 36 39
32 35 38 41

