1024 3.0 0.0 1000.0 3 160 240 100

163.86379180143712 10.81154218698202
13.610052699617931 206.15548435121363
53.07911792244069 186.7965158908148
180.4195553240641 178.50232588263384
93.5873982022799 2.448160260839188
33.91810070075071 229.66080765061213
30.443523956991736 179.15824132434815
92.00526191968228 183.2843811745416
246.52055643846904 165.92953602290038
243.7814511565683 211.84930510115782
187.95958881857698 179.13007186568387
204.00752511697002 188.4951761303429
22.262158363430874 22.59299315497085
130.65975793786978 11.314900012914242
104.03025592198833 96.29467048179455
248.25005480697135 28.32741987154322
115.90202758162502 192.56153346104634
70.57901683855117 128.16229056067064
231.08132566974382 127.65057560670124
171.8839262299485 87.67293511987864
246.15723187257592 9.438750473482028
60.08747033784295 71.6207654685789
225.93178400711173 55.73615314938463
42.05914400645458 59.614153910137304
170.12337137569278 11.555505195220084
204.42973912877096 67.37877480821597
108.15868764753981 249.12222105699553
49.42541316123855 84.31569879159456
150.93268732989972 222.4739306206731
49.108174474497226 70.29828130933797
91.06241580586195 235.44775978263849
197.29101185619547 196.50422248988846
81.23794046753183 76.85310857242864
124.3469739806318 64.25908378336781
103.74270842939181 49.26083125955535
169.1752264554464 65.3354528900364
19.023633804499063 2.1073897764241343
191.16762355379555 245.36308544072222
145.45195345741197 15.872538630113342
160.42299450440257 20.667271925746217
166.48524319778937 9.425794632171748
200.0205073831344 40.08908493310087
168.54030489747566 22.202791310869607
225.6184889375769 249.41943755205367
213.67572988309837 19.856308202790522
137.71834041436816 209.49462835422145
46.39202405275258 210.18175435906574
145.73892220272728 246.49847432879767
95.28128362044421 154.44590611260853
155.09378441869788 125.55502136237479
10.114654144173063 32.98036059455733
68.05871331941101 188.02199633372857
156.70660251832123 128.89394892155616
239.05521954581877 31.776985925878463
139.82551851296532 217.72333868612634
61.36474964401351 47.71195685813848
102.98923191080111 186.15204573062886
217.46560874576383 207.12569994160927
170.19844772555797 248.35259898758054
230.9536795993137 98.12367237216388
60.08178093503569 203.64620949533722
157.29376641760604 47.00042491962922
124.31782522483232 164.29615606262675
106.75992735855786 168.93134960958187
119.63970930244544 213.03767532981686
61.39271274725952 61.02235001863735
128.66932531210847 31.73142264436393
86.65985573099708 245.1055519369268
230.4112188926661 180.59064244291238
203.16664106805032 188.34462262082837
95.10144884594848 70.67497358446428
20.735860326320743 166.2351348354457
102.50009582713601 201.3387475445725
70.24820945542223 25.030264090371485
48.54097555585743 153.47707005001433
209.70317372340696 104.43466755086109
172.8926236346906 80.22168049661266
9.804371219489072 231.87107033979547
104.6174508298153 243.878713422504
47.12384237001399 140.5300534682199
116.38074545743821 71.34203302876766
74.23936115372287 83.8695087058453
197.79433007012364 135.50956897043397
59.97576715998421 17.577171252805723
243.93886705452164 162.76580294599202
97.77831216367336 90.19648969481293
166.96957564989154 74.94853787371022
174.18035974263012 22.398886152380253
118.0033879025068 108.68692373295902
76.55017364291925 70.17601873819821
215.98830007718269 185.6297246743528
195.74857833062694 169.65310777145862
87.28168309821305 80.63075978685188
28.127082092521626 215.64119443207522
214.13903092547008 52.64735387834271
30.230584612645718 168.39458838140573
58.22932355241908 121.70769895816072
93.43602518451819 206.05917639038515
14.153978065019917 164.55989320132792
188.7997102356007 105.45956921213947
10.179223636464451 44.42353756651021
117.62512028324262 242.9218884163777
183.0272414807025 3.1656226361991555
6.5285014567748325 154.9937642509674
81.01796563627262 59.00109985085919
208.5102772700594 74.04896511199973
216.94108766629128 93.71655252685854
105.38077986596572 217.39324391516456
231.57286633421856 66.95636193530896
72.93096118366566 172.78683589057007
203.06341344431615 112.80907417309635
162.79090522032732 73.77772111350677
83.87337182769004 3.9083830985189305
80.20491793771114 144.49373276691492
51.23115420567256 130.04283030385417
128.23326186622228 189.06757524664204
233.5801038566593 13.537665397328619
34.73564029392004 190.9784499219651
236.66374556695612 136.5400558824709
170.78232191540957 176.91501223239683
53.136432601011975 117.19995949449167
66.6687237849421 41.817559101500116
2.4436354544672136 69.64747019487963
89.36697450317 63.45628556666086
149.8393421796178 118.6989560417237
140.94428956091855 114.78239540236588
142.9034373003713 91.56292622446982
152.55486186122644 61.604541658389884
22.5865617934925 195.2672313672831
196.22138542965365 97.94011366955968
48.52662020358894 26.827885100330988
199.117707469118 84.9956500650244
29.892353122654008 18.533151499944584
144.8406414575123 69.17148334894463
100.46587546463908 113.44629551037474
72.50955194817443 82.07359056656519
178.3105056986128 181.9329256470267
92.4641387446845 189.5536595943875
99.52991949776282 128.5590399821216
108.20136691632229 79.98123076368499
156.41734183484382 93.76915275513501
48.76750732361276 73.03155156332421
9.928829279523155 155.23895062538412
210.21906103504665 213.32719593927212
57.39805705300627 80.80244587945162
223.9137713339945 249.26280853885032
213.65882325891133 172.50422437408383
107.64050894938245 94.83592018372639
244.60574111737463 241.87467600884014
232.06458560649278 31.154773063015895
212.12077074758972 190.5309234689296
213.0747787722126 205.7801920346838
50.604502986967226 136.92764578226038
183.66772435911923 234.83462936254043
40.116731986527626 167.54579889326249
147.6728099659675 27.00991438942879
242.603481042632 182.68660941770858
79.00959386457465 60.69864690009744
222.68061618507275 85.15333163718397
17.21887385916926 7.705350379468484
216.68522480992107 221.32305121445987
66.57412081371159 183.58324467839716
172.77251909657568 193.36641456046704
4.76636659624266 170.4207189982928
57.71287818626211 172.07776331330209
248.9859838281826 230.9405124562958
236.662102123648 109.70643858979068
89.01827340724161 227.4453442231569
187.32796279512473 76.47189602805962
195.06269390913758 85.90608056958304
65.21832021261123 118.14947812837617
171.63576008239195 99.11525122138946
95.35043652783318 115.65528492130747
174.66920783671958 137.54405744214446
103.84345622188646 94.56546841186176
229.5117540432239 2.040291150192941
155.58034174424466 133.29723096549935
47.580041219418945 94.97063354317761
182.99457097053659 65.37691068158374
233.93258982338043 229.03484080183338
76.88988240541036 18.7212420827349
34.2679852288712 242.44029044931298
14.910995021088086 88.67072481369246
102.38949062034605 206.5865812265245
21.294726877562454 96.68328549485977
102.11911539452676 120.42849558853625
173.67942335534795 83.47824452956937
165.0604201348716 81.85194344055938
112.98329531834369 67.53179352896332
71.27788249102687 5.583680319509843
102.23187464251832 167.82782990271883
151.49746651126264 58.3546049705396
118.64052208527457 204.79914117730866
69.42436753590803 140.6448861208723
198.65113688818067 157.3629491109775
242.5558294586825 67.08757675172427
22.277238063830808 94.80936772888232
151.21687965195537 55.824459045701325
3.0404901622406166 190.97087331328336
117.20450232189272 201.184148325279
14.361154168393202 114.1206268085877
77.25746134492212 175.75165003273594
44.87317890820555 221.7480994335099
129.6885603035996 186.45156617561
237.89044872174435 177.4097026788191
246.82305103183023 87.13498002719992
26.259425364936668 8.550394116695891
100.99698088984226 215.94182054375491
173.8618168968718 107.31500096414284
218.5851843049958 180.27970406625747
228.32492300731636 62.771990568518206
120.06564180843901 201.42224721090554
185.8578776062806 96.79621482341402
7.777226991043023 169.82289762432472
108.78497152835348 60.06775372991793
30.086623694267317 232.5021159373133
191.1840425479868 66.46406898247974
124.6247825741234 11.431225152054553
218.03812134659046 23.940836154251937
24.6554240770267 31.630664586904306
131.51498350279047 230.29321468292588
112.99766699669708 166.00328137047504
53.58743208920166 194.34119609198055
144.7870826255585 169.21415562795013
179.3960986381842 125.03761180450485
100.04532260805723 89.20635840959568
166.8120493321812 16.626942158407708
120.96400604010826 59.580714932752244
207.08212143071557 163.46257929494183
176.90912470956692 15.221782379866989
212.01315300833141 226.4251970863843
97.02983899871148 31.77791950477815
216.34312727903102 77.14469370166115
130.69801451433935 97.22214973291793
25.063724688234174 166.71201679888335
54.03994390282049 47.412700732903325
68.21396371600102 8.045886201943048
224.9710929568118 178.09444167913074
208.5874370123509 150.80846322318686
182.65759160755775 183.41875287914374
17.81315348277343 226.21605691325036
168.7046528649537 228.92315590567793
80.3191360232571 7.888698118070275
93.8355901084188 42.17378699692753
55.82012149230064 209.7710018894226
223.05600595052235 116.94563696905091
76.36271330851879 22.099916359911763
72.40065012246517 246.4124092309774
61.3170367886452 20.098660977828644
69.96096244279312 93.08952186978131
225.4317538562808 96.34959133109847
59.08860039039293 154.6217422040073
10.940566132239232 93.52811461859295
94.50192948381172 119.48476037918151
143.18119583113378 101.15119472498333
203.6827522891272 159.6362763125369
241.79087148835586 113.71225867532361
151.59682540674345 189.6546732843013
228.32320734981346 77.66849304395792
129.52790937348843 78.10325313649716
164.0105074738217 229.46096491685194
118.41530210247703 165.5676763584803
85.0045606911575 26.57758173299085
6.302800909841117 142.78199658001756
144.2503179485164 50.51962540741178
247.41344856640825 55.32574014297376
190.27730814930646 10.954694873314796
248.5507920946785 202.06107401898774
46.22316203356041 153.06703743486747
9.564734285431891 143.07171121972752
41.63422744666004 141.642308529812
9.955600210086901 100.02051020227212
125.92037076551291 234.2033379030773
237.19099940236867 193.24604665748708
24.09737136111187 18.480542594308314
142.56481969468715 42.80983796014404
28.170397161763894 227.74451856308087
196.26886282540363 45.81531856432414
240.38739722952232 189.20448398029174
170.83527870849855 76.51068832728892
142.33224515747983 97.82819939446205
176.78162896310562 155.48499741706985
27.24865605495838 76.46127657445808
63.319165309314776 45.441458338663615
158.6423278462566 43.73111599767432
126.03801348465052 23.47914982711122
170.5931535908187 75.90839894236397
168.39128749729565 135.4730700114268
28.0894257092571 241.76849079340215
216.00235499415555 245.31343051004143
206.74477851740775 185.50913322295614
51.39036712152609 169.39467064513602
71.96291970325817 33.876828655035524
204.31935496017866 105.46896341197876
74.02807360598007 83.56693834767395
44.46021729602834 4.005537674187487
40.63370017278156 0.036864086672749874
137.87710816099272 80.07110741408977
79.05692350524332 245.76891974474137
62.28928249192725 39.5390266122157
180.65183691595496 153.58778207693587
179.1382612518359 101.52166952625221
236.77042672731534 98.45367569783431
157.3163813045793 192.30678264451993
37.06316702631196 79.04656150349051
58.051206748435916 31.22424547552047
76.26835997973558 166.7769820394745
4.783340151643251 236.4504527139484
143.10461940512917 90.41256979375912
164.6307097064008 152.76764764535682
162.44272175367695 156.16842771290555
185.1194356809837 219.9334782138052
182.16371356531357 247.7713039892848
153.94892124035584 63.67026489911765
48.408607348832014 172.43931175567715
217.07120788475862 246.0634965005938
23.890982150469643 244.69694764241714
91.90251235897209 149.71013502294957
7.088178938923745 203.73978328078653
102.49736265503545 10.316095095154992
84.14135482846926 7.851347036495787
183.59117538894375 84.41320833279245
134.15839493025794 13.144743853844815
220.56231299053053 247.42879694146504
41.89391251993452 66.139216923536
43.25436026772772 79.70017169236637
14.057149471958963 125.52686449914252
216.9437131368089 95.52059608992927
64.76516697867596 204.93271138601895
88.4313972780621 119.66612712608047
7.573468637260078 165.05352082876485
25.707160695876834 69.77213460610871
21.512913357767673 165.13375029452644
183.82563950199147 179.16177068988748
168.69699607281666 245.8897250559258
240.2622441131782 141.0227918604688
235.67480135415545 90.86490966000792
13.797641464806942 64.21725379303636
75.18267888172817 5.054576805984618
95.12401058204806 26.93220808301902
79.89830553981528 90.50848531468611
88.794657375914 113.57575068411796
173.6886622926881 131.4438866128403
35.92351124437079 89.19994764910147
230.68757791345482 155.82799131745165
154.1741296298685 219.971085104088
65.72583364027918 117.60552984935713
82.43774156771141 248.82306037604667
157.2488288502723 39.144562982134396
117.0213597847986 87.62043441727305
33.28074175036752 120.89147684044546
73.12787680174928 22.95953278027249
55.51506874638082 170.27991364416593
98.62229515289506 8.736632947652728
159.58612663413115 14.223211126769664
240.49359788409916 222.62817224091313
200.79719189164555 156.45942299120185
173.59862785306314 201.69184416373506
105.0623862249723 66.96414949581921
47.05261362024285 247.22931544272683
93.33340367463805 66.04721244031911
132.12376577043824 223.49741537045054
11.915659149489555 238.22182829678678
99.1629091901084 209.59095906005217
30.556735333296338 231.8863717334676
90.5076897109671 8.323372146335494
79.49741529008314 44.511515350990734
120.52416755302123 31.687627187019896
156.22987273409407 124.93730508041345
170.81252480701045 119.62484307257674
176.5171275838914 121.47077960164037
2.0715901702433035 98.2245986089752
31.651280662387205 139.1258301793629
101.15636793479716 137.25728430283363
55.06051800744746 72.58614158879683
222.41427398773553 125.28525486574577
5.088679381194671 152.35237790871096
110.56637837332389 99.03342760260526
125.46343848762173 58.27620481871418
69.35267717068 29.231470604682176
158.36754971515606 57.59694120553257
60.281911599796985 140.19159357319003
165.43725663281933 143.64313535242363
140.7163273181427 123.08046491596247
145.39651968372013 21.226944082431835
230.5388868897779 227.22452621130083
23.720897579126515 198.38589190216865
169.1515386451285 37.60854183557768
57.41215700799651 59.985026196708425
230.6354578179622 114.70475827715842
217.23999166175253 208.70780921198414
231.8354073246789 174.19577285687518
233.8132649297852 14.615933931446195
19.038830831497823 86.36105203612526
128.12960893719517 36.07489839308303
2.5934800200423935 225.84954460774023
238.3709838472164 241.59651501073182
207.2172609419686 59.45989086860459
102.24663678347093 246.27242566529682
229.9298471351442 232.08342774262903
190.4483751582337 218.76458810795353
144.88349849569713 26.02654058902984
88.05656054259944 10.117131118960371
84.82496072028162 0.7619387256582177
239.45261702769818 113.34215252631516
192.03758037256108 30.663895815137927
197.99282496797858 53.64543933340427
130.57754441603723 86.25725586183661
44.528096492280625 22.201159270897165
110.96549343551887 101.78419024969928
243.1960510519273 81.96017432164099
224.67269209328305 117.91631273430889
99.1889955368356 232.08901900177742
245.88441035347353 59.26823161789291
115.95243821909182 249.12000364029194
238.72263523801612 206.7994684249107
92.74698913056793 9.387989382937917
217.88468338850268 79.07381717032192
141.5787511847004 30.3461786550141
141.64360225200417 158.6715002422501
58.69525459927999 39.511830437954195
235.8399536642181 41.05903157030635
81.32578124427062 148.8608013719759
85.72289686748627 44.85248615096707
211.70737735944758 110.8739804853208
193.87219525345378 8.053569738572076
152.9585365158075 108.2479790399328
248.99152864207485 149.63909039950525
65.73907079129435 239.96995518123757
201.8852951625136 139.11138686047823
51.80255257718711 182.17026373459834
16.507745183206413 181.26491761406683
24.524528535690926 223.9542842847472
190.69845226855242 193.8089623349481
194.45707449146252 212.5205923274683
58.80784926941154 210.45043349782372
151.6104678509043 215.16724723612225
128.88207391409463 23.895951681308176
43.057050892767705 7.51768276149739
163.3971680195981 58.09242045991259
161.7039729994228 208.68448231473772
1.1827632044225656 162.60813421736069
114.37262988971291 159.31376003433965
175.54387334086954 70.30887442719158
150.77563896142968 156.24186356413853
58.04649121262942 128.3783002149401
141.9204743023774 140.54175913540323
224.10374405958072 110.70150085757544
201.89397030971836 107.1418814994545
177.5307434111922 220.88375265210394
225.04813995657125 208.17677851836262
242.63026160065075 12.75489669215074
199.0991989022134 69.1290421485845
130.0253517490937 190.57449231009724
20.214740190029612 249.91010888873672
181.81904835230063 186.69503873004513
76.44157979179656 35.259021303047895
153.35870261152525 95.63058272660005
145.31012467017058 48.84433427850132
61.31656764595414 18.689939735190315
138.40751101724356 238.95489142507694
14.322734932827597 212.6551297211146
17.423398664432266 233.15378879395786
114.41842074803168 153.58553354916123
237.32557043470683 185.87361278825946
53.9323083193452 208.07065729484188
53.15559220395083 182.2436673985437
125.03683716368974 222.89147559199807
197.40918764139192 91.97722503598968
44.357144804924616 22.968075556269618
197.65853429622706 75.77977478942802
207.33306372786265 151.93121758717146
149.2654112537485 127.90775788761752
210.01154230829317 220.741620646685
245.36872293064573 203.965029879358
237.44357875301296 42.5727919552677
172.2076536894958 220.23289518913904
163.88532805671593 39.630898592362186
90.98838086679837 7.204493395896073
200.45376928599134 158.72386096564315
182.9213085048 14.6720710415279
234.616456329339 22.139868041642334
118.52551454318824 97.10327452562737
61.760017065144254 168.52463612250062
113.61065920253044 216.58767886218143
8.11015765765169 60.495611803325936
6.042853631063549 236.65663266964287
111.55568854203757 125.11737198068856
114.76125992357566 86.81499018419828
120.89840715936411 29.58875357769952
135.0202573214298 240.18116706129942
87.10056066584659 9.987986604708315
140.18516680338692 229.5001927272386
120.38147855247685 209.34942717833604
90.35444151878927 187.35613166139225
124.57650885502203 95.86317025397376
59.21942357116408 220.61290998683378
90.13371530480701 11.731945509294961
24.26623416364923 62.360838093894614
174.87062107010453 121.14189771740422
229.82684201185273 69.86401202723877
222.23177610528577 180.79484420341328
223.6344171121559 236.43756838654056
174.57193180458805 234.06579457473947
51.44053721193922 140.33344003043675
64.6271366318196 135.1825100674455
179.1325859283107 106.80064096387221
69.82761229112494 222.56847334073368
124.70510322649366 230.19290713103706
137.78384732336738 175.38089736155712
27.38046568220853 240.4238237626219
69.67344729443614 182.3001861485156
19.058665257750906 13.711294577311655
247.54913665487624 90.67934748789364
136.29129908291938 118.66198144985616
216.5464767552309 54.11852930797087
60.78201803094793 131.95227100278385
24.051178442690972 189.1197888477763
209.4753891290401 194.0553326336512
119.58935405018676 124.68803577178531
49.290646935098906 225.21433589994095
107.76017470461427 176.761103829846
16.739039932032266 196.50637144850765
98.19571546325962 232.27972483347918
101.77798938633032 3.1050732166512383
158.88001226125144 44.91543752625171
145.97308152398486 91.60805601950895
36.06818315900334 215.5951100889718
214.48974603342018 121.84227300145258
212.96408547786848 51.60959681278246
69.23461505399231 88.93572989702875
140.0644829432197 27.860313893270316
144.05338839177577 80.21698225505133
206.17865789675272 189.92378880249228
145.2991284260917 102.02709780840505
141.00341848290822 40.25577378505782
131.5459303115721 138.51941918871557
38.8308620007129 138.45524816321236
59.08272467179046 233.61013920745032
32.89859476413673 167.0234490549065
194.2921792487567 133.07812750135588
46.230748206745055 249.45669705289686
97.83741249336822 55.033699047295045
10.626777607004728 175.80578630588775
229.39858404157727 107.93030018616628
235.6948183647137 104.89224447636772
173.41646954282498 20.55796707065219
56.841973748172016 168.35520959151452
190.50566986258542 105.52040289724852
216.3197502830338 231.1052227117825
74.15724420466016 228.85717974643234
66.27132670535346 240.46229642505227
184.2840259073427 138.72014373996524
101.51779918205162 167.69661013719653
107.49384314072444 42.3891014450769
166.14915335376972 120.49993733761949
13.177912004555425 62.09704825284365
93.1056096790834 109.66784099925871
27.115574928840953 32.60336502254224
166.04443328697408 157.46263146339757
235.73542834854285 106.54397308422675
28.184046794333145 98.28123585084973
232.12681920415253 142.12364810837647
213.03730242277703 0.9850032966161604
144.80292140005622 114.11786628265367
143.00561840161015 86.29958447661684
227.40420325669137 177.75462265093697
21.47891389267176 195.53408325876057
197.92232458508485 39.66070771518571
244.6581467865767 194.44239742722536
42.02007407582345 10.33468549230307
118.51440943279357 162.19927128197511
99.93221667433374 62.823660182466796
237.54083291542292 200.62647787138258
50.66689124506249 12.639442139468022
28.278643482410825 86.09903100156963
224.2941062678924 136.80523735161387
107.28862907164569 242.61570814983293
245.45865496192627 235.67330987863681
145.60700934040332 179.4781652495799
28.845972015449057 25.6616903653033
230.66903469735473 77.7261047532421
190.75489017539465 33.747453238609616
174.16826147732564 109.57027723883398
144.98471450703212 69.71243119510095
35.28593209838898 59.2676319308755
187.5099800418779 63.66922346437845
50.20531676384374 187.77731227491185
78.01013469370555 35.727464036534094
186.65817388839088 179.72928253463328
189.6916570782291 212.87606147074635
13.076091776625304 130.04918751564188
135.36950243241742 59.88964418431442
185.52130612622176 221.28598973701062
56.97015808191996 228.3603474623198
114.54421852910076 80.50657130950279
63.6734178632066 242.70049329616458
99.30291640231592 102.31927781095563
66.37112794407585 219.5394157620286
27.59547014732741 41.1548661770588
201.91441838783274 133.17040088484558
156.67416963056735 179.79350868063017
100.06572624095955 163.34296430388528
103.68312911142446 176.73055931378605
62.441513300234924 190.67203929513764
208.9592958188119 106.85258949734983
31.659894054221954 7.917683949472288
138.46329108652247 185.9734417127446
72.57444348012504 23.865873770607504
195.40954348889792 178.00131904915924
27.292692625867115 42.13901918497773
12.895413479493994 73.77886511403304
180.32110927375257 191.7289618072579
229.16953194505615 160.9602698374396
61.87208319893014 103.92094009057514
117.7401939746289 0.32292251039028885
128.54305439969016 241.26131736813264
203.54645765459324 73.03221878909766
217.93782659154098 96.80836512309351
163.9629440317457 40.04188493058622
209.07195597635632 23.3882210690676
60.21521036276281 22.06778416786087
18.290556919058343 243.6292917842979
8.635910165589678 172.20342077305082
91.62965607678322 61.0739213803424
197.96927332155585 160.61433285443923
126.14370663656821 75.98972764950693
249.64532610170215 4.901142315353157
116.12385899799868 217.90361369033417
145.9856415538702 231.94625013690916
110.28944443890238 33.41624575586435
128.93667479742976 110.3599962020812
63.064175610950265 95.06066938874974
125.6732919896392 56.643926949148245
72.16137669851643 29.626658932303208
135.41022923289643 111.03449389461365
118.12663761310932 11.017868603239666
177.13505961336625 166.66287990411794
12.085927959048615 4.23378463509011
248.26399612832566 51.31937248629423
204.545550246614 122.99165326048703
28.47459291632759 205.30044915651462
149.76225044580275 220.20956300908554
204.90365379170697 177.73971789661547
187.01113713031324 26.42951918213604
90.97032827517332 118.47758143999323
68.560776004888 45.30634300215694
246.33157442822758 195.64168265474515
43.4749769320667 211.41133010258466
29.59909890873996 65.27359928767684
151.78963313078393 39.851114509806635
194.2698346839376 55.04995248068475
36.50621121632155 241.3542568444369
164.75137132602518 12.446029776007506
122.32649853604136 74.38630677137061
200.27213310227472 196.65364628460856
39.800468934221314 109.55437714009456
5.493926537288058 118.91425409391258
61.454860034257095 236.8785429302363
36.91003504279955 213.32635694592074
130.39699348925748 213.82917471802833
61.91609025366626 117.33433576250785
245.9276976984466 61.0912850692244
52.19252544301303 107.62586763712775
135.18119699413882 208.44418051025315
86.78664073442171 227.6296604335212
242.8255088129517 151.0971020679891
4.494567763730389 187.0826461385922
232.60000784638962 74.5431909101001
8.752139426262406 62.38946385874475
214.66553879567104 119.65816247013849
181.81617603759378 53.03439738019961
70.58122540950961 176.42772881937137
159.72824040245015 240.2183514354874
67.78648539822471 161.71299639897953
215.4922507107348 210.09294893346686
46.76385188734478 230.65423744076435
137.02036218540513 75.8818366383447
202.93723072228667 193.9548639208977
234.84685361744604 200.40907238813935
222.29638113988412 168.48011283028902
74.87920500822831 39.68416769311692
69.98287928623739 207.84012436875528
113.31473586287879 226.9104741711464
66.4726408070419 81.99940541621692
101.62065293176295 191.24231565361765
59.82779830885482 180.17513338204228
50.81642712391926 135.6268104685955
6.952796339473627 0.49194191057874703
126.6191898631055 106.25922454314198
128.60476655101078 165.51258110401693
152.25080916646436 155.97495533692572
6.757228898456424 168.31452171699826
231.56820502635904 32.692168866362806
221.13209930747186 72.9678479129662
57.72688878941129 119.31534378841474
209.07711211359677 45.86211746965635
108.0070107126096 23.45057926616842
116.97523446901228 5.146676757708413
116.86195818534145 80.60257899892525
210.60905103435553 233.3583736933409
126.20018855150883 237.9441819655264
158.7883799963458 112.74099321308728
111.74642568348142 133.02617184404767
94.82621875348451 142.91689024806755
225.4390289479684 26.295688645330884
43.78368598353089 10.064098824387829
47.70986660574453 14.192819377164989
248.55042819685977 95.39187115879932
199.13599100438125 112.85646377854968
75.81432075998082 121.14388846473634
96.1541411189919 138.0882502232941
201.32182724824492 221.288385392955
181.22285229119817 110.94475602410932
160.46415745190205 206.55701674867484
228.2316899610256 172.93888791508365
191.82615487309755 144.98388940823443
133.4025611319794 148.44617039748215
47.586844035092085 57.85954696261303
201.33374659378302 36.78064321655047
166.546541310913 193.23838944445683
66.85373346167337 188.28105517559564
95.35607276206571 174.76170619449442
27.28891771036293 233.01689283024015
68.97257113050922 38.57657171404919
5.604314516944598 179.927258851581
215.10728012544877 99.43344863810974
5.262459298791461 162.4239041430738
35.52758301762776 90.0043003942826
161.51552492853358 211.81797850955527
148.26311103324716 154.21712578642808
149.88888286675413 156.38237706955553
135.4358225311095 13.541424087222948
190.55059883130474 156.64266526617152
196.6545646116836 35.54636774896683
235.2694619156543 72.4591244323455
180.13885746058895 189.98089332450857
168.22927424029115 203.78479559341557
203.01071524740001 56.030642602967056
91.08690144084785 188.60462366030876
249.50593252556087 190.77129034714298
123.85845804959713 133.10120874879982
53.387860133380066 61.051893695049095
144.10076629927144 64.99040785274515
191.60126097524017 241.17264424145864
167.69129738775587 126.94510024154698
49.66240994574256 32.918473385012106
152.59020315950724 111.68047197351419
19.425840690657587 33.01157620691875
210.66890892011565 168.33297488052992
110.42415049437624 87.04606879683999
85.02160636442626 35.24770534881985
249.6601336377861 156.17215266240908
89.6757626678164 49.83644585807973
127.85488717228796 72.54174095636523
147.70787092977795 231.48032440792161
67.05324794916545 32.111432206578556
4.478492531308942 94.80860473603559
241.32321477183368 100.6226518214956
24.409868656487614 163.17071326222776
130.2270544262875 43.75144161439834
44.23600051831722 211.2721257286108
124.89908857862892 5.47541204158683
97.93707366891222 125.81246458281542
209.1337548526061 179.7292696968244
93.28058970306117 154.47343986376666
158.93265900869312 50.05390140818494
237.66947697280946 46.64663917963599
16.613314363295885 30.25116996607119
54.93860516962243 29.07269403736801
13.492885569087647 237.95537344638183
114.12892493203336 200.4853492388707
203.53721010723595 9.552381996150745
200.38793723764198 58.772223753043306
44.76843117697021 48.51562659169972
34.94229476291816 76.66040122210366
24.90326910935048 155.0779105805968
232.62931721363697 202.02166575660982
135.49688924241545 23.47838772702293
218.58376567367247 231.4045619221776
209.38901648459512 45.19160284815263
99.61390460079733 24.80308596762501
43.462623009603156 28.218473798172855
143.57348013183696 84.21913662650223
87.86193698806157 135.70502676900165
119.99519140338977 151.52261064809628
60.992140328677806 147.27079481250487
248.41423680531304 29.163145777866937
180.14521905853908 2.109575119739721
126.13624215322983 96.72663098325377
12.52541470770599 244.0509656557616
100.4024614551823 111.56682979914892
235.18895462853894 180.380961030383
45.94737857835401 219.06316402825814
78.79286917815901 70.60525471254364
166.6114327307333 164.43904303987063
64.31506295175416 231.82698805842426
175.8118960697389 238.28777186258847
73.33942062594437 34.089308782442515
71.95046307104411 112.46136115850877
194.89161930594202 208.48994407196815
101.27445655925216 65.65683965538372
39.14217058940106 240.43648179682185
151.33005975389105 57.5084103531506
2.287263580174254 143.2913117126178
105.19328941723884 0.9550612751324239
75.28206659741576 47.75620605772987
140.09017770397193 87.17497278679176
46.47568494191251 65.09869148984104
230.06166760555132 0.5693110291264958
28.893875336205937 189.43223935962425
93.3220426231072 236.9000022454272
119.41683735036231 99.23098038389142
33.33871241552725 46.40214515895344
20.87976435540731 162.38187975408314
212.50841858818998 123.53361017246675
52.25941368137549 26.67344756275536
186.6611570371811 126.25767824345657
11.970899621604413 159.1608240734239
223.00426109569773 8.238597986021972
134.11421941293654 241.388929951172
154.32943577185324 193.0135929301278
129.94962897449767 114.90835815825514
60.76714708578701 224.89138358774778
87.74281082731655 169.0694426346057
173.26456195377787 1.0629535252239808
153.31029846923903 244.9081527145103
125.10622015742112 34.633343812999456
208.97517265628295 36.025565682930775
135.0167790978516 230.1835096074675
146.55784830401805 120.94695407205245
200.43305004130477 173.68192756972977
163.23049695000122 41.7389343542523
176.14096849343687 77.1489384796967
216.8474030764954 90.40072194985613
126.84320584331327 133.7588117870924
31.809763625979702 216.4561520734842
82.27838076271627 111.21373175640656
22.385574321944574 52.83260318962435
38.04663073216638 27.631470507077676
210.5131110675316 232.388673484691
107.70287778215393 220.46341447390216
108.38547461513276 167.66936462741987
76.77504608012694 153.97447999497751
142.28861030621593 8.470557069038348
106.5270723610418 59.913262448149126
153.17351507894588 150.36953716030666
180.3135954347361 126.73712433109976
118.83732936779792 219.4666976844009
60.64415192819503 63.15998005037338
222.09767311615 175.34699186999904
17.06084395530408 69.130621262774
46.89441747220732 129.42493523527082
62.50294903758624 85.1166493679962
209.30461868429114 30.390206999440228
4.876974161014513 112.70172965477279
68.77876223572967 174.2648719090473
220.14529394942636 247.7766918166392
56.64647117231969 41.13108974905444
245.57737188565648 160.43809296924488
102.7600034796052 200.40134214113064
24.578723837409832 112.6333875344475
25.66089077218603 200.45897859633072
16.381397150568162 15.794761766968534
76.34781244583255 92.56062713117821
167.59801405933035 146.15071511846216
243.67697110085962 152.60913246702708
139.74615931598024 98.92954062646945
101.19107696861788 224.04610823083968
45.631843184984646 180.8390869707679
94.1586505537628 20.48269108861603
7.37410679887382 87.29964788358802
219.92403771335623 11.337381867776969
103.77426381390947 206.88827214028709
16.422921428564745 70.85698675995641
204.85836444397762 58.237297966257515
180.5137838425536 83.04623633309276
99.24353367142191 124.62177863575916
83.00073913090364 68.98782577455518
213.08076458862004 6.595945911084922
112.51431098918732 156.68412438008664
188.58193639456005 89.01020188056997
200.8621025764379 242.97398702904556
9.285270785609201 171.07743895887504
1.0332999418409816 200.5977314416421
54.655125551243025 184.2611237822167
85.92266607517435 160.52604387481279
246.91527426248666 170.75734977836774
133.59584124284538 61.17471477494593
242.4112370032814 166.6767472997107
75.75632133600956 45.22714909621936
223.53343498585835 158.6762948061911
182.96640811325335 149.66080341104984
214.17816168394103 149.9543313076343
2.774872899155789 106.78644207666605
184.07728933429524 92.95419102912713
235.89335823795508 9.622815933505724
15.505448872650456 208.15253768140883
7.3367742262069875 62.8403733029122
167.97255868054543 154.99464268134886
73.46637239449578 25.058253903128826
155.6199170210945 147.68460090222132
0.14727750418086494 158.56517320098033
202.38478131379577 37.961531063890746
140.88154169062665 161.9533031053806
117.6805745562588 237.20268232644514
195.517601892827 171.20672303811796
67.91588635893025 90.50935736657661
31.94762055782732 197.75988273462443
176.86574175455522 221.83132757526036
121.26315113462493 226.10578883753314
86.7577823359173 38.731256850578376
42.99889379203317 152.32786073568238
65.79497583850824 56.94265709620752
55.77853512026765 198.68833331158098
197.91748323461238 137.2749497284146
136.92319289149268 13.609082837234027
165.30099465444096 19.251385237313013
249.99862710071014 25.86940382506117
156.4167711960954 87.56416059227554
4.527509524321155 223.43610131196442
94.50709991151862 163.03142091299551
198.719245314945 241.7358623003587
76.40485365836503 137.701781122887
59.56160616847253 183.0264820489386
65.65404174976638 131.5129507500057
209.48166483849903 6.366220435467168
240.78350148755536 246.1153822355361
185.50843017310697 55.49414038046835
46.155657236412296 21.566302206811272
129.7734738492195 7.781056604525549
165.65783420708223 150.96951031321527
93.62518878370146 63.79604171907361
200.70765460225584 116.07606033138407
194.62291605327496 235.2362534555874
111.60171102927885 66.09481419438696
176.8202785970804 130.2764488799517
108.73515355115599 185.99487283062626
211.97189582978424 215.5101940846817
42.70721118370835 192.1943669967987
208.23958709870587 168.5056735276442
159.84057923830733 180.0888643344378
79.50833973503646 216.01253281304557
67.76902917178143 43.07112115348605
82.16648596742814 79.8792009391484
29.112037647437305 129.4778844588823
87.28560969388607 131.80490247724956
220.32552236660862 118.70129893688241
120.6713275067213 20.166021227248756
141.61102936524983 174.59581918817113
49.90176808336228 216.00454159780372
148.07478536041964 139.43143328462853
246.1217539286172 199.55433147160562
51.34554479315889 93.15571576537943
129.0752802153019 105.8168616083392
236.6155757351604 231.27599990391596
176.2529705448567 32.17981699237807
123.75497759144457 105.4387678457884
128.61960245855454 137.48314544748524
13.595840115157937 153.3674476099586
67.38921774443105 121.43204785285958
13.55672277379963 113.74042255288647
198.65080024576523 75.66959798295098
215.23069183171214 135.41490193104556
129.28936038762555 103.597458947182
217.9693396413017 64.06397013114362
121.78237129338332 200.80394137050789
6.681551455929302 58.818635656929324
125.04324782171997 17.746786571491118
165.13849588740285 76.92533512705054
66.98829917790073 163.2616361799307
185.39308721197136 102.35086507331553
91.16438821557068 35.13523121332548
228.4039951114392 226.84244988263384
170.38113328757336 60.78661063711174
123.21809356027877 158.5574421821164
18.632978108082288 129.85225908412033
174.46441970707897 155.4889484857911
95.76391284047986 155.15480935560066
70.81861255526692 44.18541367444273
31.696406765727186 23.880939073945896
214.5072826267894 192.13896755347787
27.479398596853223 73.46042774801609
107.30220092889031 185.8986759868405
75.04264279004092 1.3900544179437646
243.3668535298773 124.33075657377246
27.38578890302257 157.894928183626
107.14889498226674 175.37252139327487
247.5511288409781 201.76728595051182
187.97724200866162 192.45429627820562
211.37098669914798 47.47759512308345
163.75631374810743 196.15686357502804
5.509799639837332 148.924459446032
93.05991124524682 85.95091377015824
238.33321415045566 125.67740088594431
170.12973464873403 146.10377902191283
248.96672818201026 106.47285679428522
232.07758311519663 56.74661425468419
167.74496663551903 59.999858953526804
153.64059395143713 115.31817998902754
68.62154601900295 3.277885757477117
77.25937596435098 84.84962637214075
2.9154359842686883 196.53055570536299
25.692588178604538 194.65757936694456
84.42785977159731 242.9848239619988
122.21033027226491 245.91419599958988
163.84831706089113 143.33097893020462
218.20337557404645 168.1884705448586
100.71505933657546 174.62134115762325
85.90841229125313 26.36662691897157
245.35519192724166 5.48773544908504
146.165226671642 125.63104169035074
176.9024654194061 10.079308896718958
88.53549222113291 174.997820940801
128.8861694784373 69.97731971826393
46.12535315517474 226.82011634177604
193.20963711670598 82.79975544560223
64.30972450995608 151.30054091604867
224.33654762255125 239.01265210342257
210.25460853035642 26.901495639748585
222.0503535087625 243.0803462403864
12.695776966792332 104.44130599219677
182.16020447675038 153.55432667283264
11.535684405656887 86.05846469878544

164.2960071861684 18.091437461092514
13.222423254127092 209.60283916750782
60.083131449164554 187.8169019078414
182.46246601697172 180.31816769090037
100.72955701053557 4.466254182986907
38.42656631407468 230.8718588042447
27.179904500847478 186.03318941683054
85.26774508490954 187.78557955509766
245.98848245454792 160.21171979754118
247.79046411442664 208.65172019105594
191.8017014899639 175.88764901263724
202.39096917722603 180.29301177985417
17.04284512167517 28.652103441564964
132.86157015597735 3.135346143965018
107.30479107315688 93.2713853141237
242.05525153932493 33.55240114804781
123.09967105167013 191.79102465263492
64.0840689501386 133.55803998444014
228.8910899848304 131.48001976643343
166.9004390655367 81.46582669270994
249.37197933514548 14.080800481857752
64.64489914865109 77.61334030552011
221.37658050753436 49.93202624675128
40.72061899751597 56.74629245223256
169.468111188512 15.354499051371068
205.15032604348661 70.61531646240698
102.28884423756804 245.4452129748759
42.96313017988906 83.67138284713432
147.78209695099144 227.03138167614506
50.876973673868456 74.24027782603257
89.01756550504658 228.55201679447973
196.82242597891172 189.5403686389206
76.90915293623813 83.77592449466079
124.64879251254904 69.04609108844906
95.68699618032328 49.3878498081885
177.03665350899024 63.353539310039366
18.35557877780247 4.4842621842288155
185.7957070010103 241.25728936505226
151.3984144734908 17.368572060734973
160.44224880027596 19.90095803073816
165.239877567954 13.663279468159207
201.35501695942366 39.338955746874184
175.16202490793583 23.424787238477325
226.44630165965683 244.12820233966875
217.2279884650624 23.34743901210365
139.89035632367847 201.59372703944305
48.487146272855 204.69744394719697
140.89154144808435 241.98996684094033
90.07089385415182 156.84355620085438
162.849318599165 123.9788585418018
7.588870195606612 28.258056910451966
71.38062463857361 184.60953452466896
153.88885573366997 134.84544632117695
237.76940408960797 35.595859444615854
144.14564441636796 221.4895259123373
56.360824571755145 52.39891104787539
110.78296543361382 185.25607093238787
218.07977245146944 213.81474411709507
166.79297597690856 247.471383467619
224.9728590929694 100.35678394627881
63.55773326920347 197.99512219881794
153.51763163837285 39.718947174941704
131.65057071413318 162.1619131148078
106.50791580741728 176.94847144373477
122.3761744557275 217.0074997124141
58.494235702518715 63.84282708565253
135.40699564984467 33.001453430040684
92.42953898625403 239.42952768289277
232.5117636677493 176.81963360507797
199.43236769083367 192.79428283899887
93.08972001702698 75.62416760314916
20.456067374012953 171.97549420169108
104.11594918614655 209.4405402983941
68.67352826905923 33.22957998178172
55.76706908229034 149.85139880075937
207.11288654864418 96.56100584501667
172.18611844177832 84.75936504086171
12.863217316841451 231.16719427109282
111.06171143615026 244.27768992388218
45.326313438119826 133.62056695347852
112.62098422623812 63.846015525868935
72.44652315060718 89.40841747954228
194.81328862914955 140.39059015353624
66.62073402890984 12.649912086794501
248.12058614035755 156.25706474877904
102.50831017857193 93.96396210462687
172.8712266625349 73.77636635165203
174.19832946947034 19.62068844345277
114.70037307199604 107.80245814402234
79.82141666988124 62.68132799078593
217.4696673364025 192.53757703631692
195.5688808109989 161.33508745130888
94.76858181954178 81.25551265213454
35.86825371305311 218.59735063802768
219.61070069162557 57.315616071310856
31.588880057588558 161.64908352195013
63.159553288422046 126.91423989056963
95.49028204627305 199.31426453802828
7.4024120399414635 166.5252256135863
188.24148215317945 100.10737113106232
15.340390047954955 38.30097856620823
117.27032974562049 248.79735643847349
191.35013669328856 3.728238379588383
10.989085708327684 161.90615601192084
88.8859057940806 56.25842955621926
214.77150203903358 75.68401935982087
225.0325801739324 95.06575960254763
102.86319294323951 220.9822391740254
231.63158143860912 63.29449432448567
78.19277841409922 169.32241350745528
208.00650198042288 112.38832610910707
164.66164902750447 70.27678820642971
80.37155968709051 1.7157051206758422
85.46094659872743 140.90032823928095
52.55729123810493 126.44596204815203
134.65973229365613 188.06222254966676
228.20767751596773 10.787573961870994
33.0449000451111 190.79574505276116
243.55044386062005 136.5678444182493
167.58043011859897 181.88551248766885
48.89398576746318 124.29499546334077
67.04402871338783 39.326216638118666
3.3631882259818893 65.8230688251937
83.15129935021109 65.54538426127333
149.1127547474976 117.64066923664315
141.89281415490905 115.95603396295517
143.86138699205796 83.98769398525744
156.07407108123502 67.94410515339194
20.473632521544243 198.70281569365298
191.27750113398028 104.56097929438099
56.343033454991584 29.467302831598513
193.84655787614545 84.04542284990016
28.538038704673475 11.450390054602606
140.35553906741686 66.07394181815279
103.00448581997875 110.07890816265964
76.74672949763762 75.97538929595585
185.80757286809316 180.50467319653808
100.2798299544367 189.3393963931279
105.75821426257684 126.30209025741121
109.19281474195805 76.29638062902406
149.8556952535581 96.19750928415652
43.72269969608652 77.5977273292368
9.645269661093081 154.19773648938877
206.96357425811135 217.53940568002136
64.81228891484672 82.0972607357491
232.1044041736054 249.67532778346182
218.4904760173721 178.36796296842647
115.20178908332903 94.86445431903218
247.77839537697037 234.1249858637307
232.23895532299005 38.112363876820126
207.2732438021567 186.63549939567284
206.71624129365873 202.71466444161194
54.22088172354539 134.59495154319592
185.85029860565984 229.00775246360996
42.18944641449043 159.81995716233422
139.72936431035313 27.398284384057142
234.24556130808938 182.81510079356548
74.35775259912502 58.2281786589749
225.67176266417428 84.70131757562125
19.873796849238403 9.406762324601136
217.98580641865925 229.68447782068722
64.38445663611064 181.64089696487557
167.608939443892 190.22083929684786
7.785676217085424 175.2670115908144
58.78574360420932 176.40981085169946
247.97264955945667 239.29953092959835
244.09302552465613 110.00578835683791
84.40474530652587 223.82602672576834
191.292144389412 77.9187710551365
190.1356814723853 89.12753037817315
69.83898051275051 118.85963751364493
178.38292287278605 99.61535673038472
102.2976876576499 111.19978459368626
180.9708104433032 134.58385214330738
104.2419979763716 86.44128137462775
233.85030407281792 0.48190619439458793
149.49172034089102 132.47144718877388
49.096622986692736 87.67841867866218
181.34449478355194 61.850379812049496
238.91015657788097 231.56847129807977
80.24448853211061 11.59891949903502
34.1413283901327 240.88583668287384
7.960273155772912 85.6005997850206
100.3718095698114 199.67018797290845
23.259036113935316 101.61852941237059
100.87344138483928 113.81559155603213
165.79987300569394 81.80791875962117
165.01946643562079 75.18920885327812
109.30327604294152 63.012650290807024
69.30530076861841 1.0727689778953498
96.78816370784763 161.71788742548753
154.7927762438764 53.480070222721
117.41530633059133 210.29499233187647
69.51926393183986 134.99586145993854
197.128916779825 149.4506871184507
235.74226863463676 71.43487288885441
22.714004969096813 90.06580216364574
151.85599976127966 50.81652037972001
3.277286751448144 192.59669581901102
113.55636107948771 199.06159340579276
12.350447291256117 114.58382759291847
76.56336760120632 177.12288750847338
40.88655755678295 222.37861318632147
136.18315343223202 188.33153089511222
243.30227455091338 178.57856431073193
248.22863804942043 88.2295586102446
24.296974351294796 15.835489610959709
104.84527064965093 219.48946842839584
172.1804088990648 113.49502370484646
224.39832094257304 183.24016178964843
231.62413132626753 68.44002040858722
119.28420863413847 193.83545997777964
182.37655908724287 103.01629511609845
3.8925555853764893 162.91767218257468
102.98551668067871 60.7657885155668
25.038006143718512 235.4381450120859
182.8625476412382 66.22100710376432
123.70165112883016 4.840523693620035
217.97149411499015 31.97105721594573
24.3077613235983 34.306342408329
131.50821557663937 227.87617143727127
107.9143064954102 161.99378545339803
56.22678824033478 202.25233962555237
142.49091549453632 166.42806947080575
181.67249093001382 132.15388239384154
98.76402717226507 96.4755450598102
167.24734326349318 16.541079901984308
126.09027919703378 60.251339305344764
205.89082103685675 170.84728935601987
169.94363160318323 19.21499569361096
208.60607126811578 226.93805031352105
93.76783477748185 25.04267440858754
214.40684952225786 79.12075302836877
131.1281890157055 103.15370049711505
30.06405272416751 164.86782459820944
47.89693718641325 49.76148418623574
69.69725777460964 7.5800837569556805
231.33507926531587 179.14361823686198
211.8150220881862 146.30405945839826
179.56220745299967 189.83593774462514
15.583556549556231 226.14957868735834
168.6390798115543 223.1249180733432
79.23605854525107 0.17619457935863503
92.73282736558347 45.685053984378
57.30978956160426 205.3134353585042
217.15305625993733 117.08600084857524
80.45244132924995 20.51548205905329
71.79989757019825 247.1048388726113
53.4260665895186 18.350650315566764
67.88800863486324 98.38687601181645
228.50581003469458 91.83329425145173
62.82363175975156 158.1144465108572
16.056022981492003 98.94811743398904
88.02371183962077 123.28220782982949
140.51912006298662 98.18109398670263
208.36123070332687 159.0761167345567
248.85997741830644 115.52759978427332
149.9727451823559 196.46060101497167
223.0906465380727 78.21211050646632
132.08374393052225 80.41004747829875
158.80377911622637 230.0532520161418
115.42560577601868 165.17626311935123
82.11967446133912 28.58898951743652
3.021409019037413 138.20155043765348
151.40871748335798 50.99035524021342
244.1120789225858 56.06149728641186
185.33603686206553 5.194339743730292
242.84409497163455 206.40057351585205
52.87065948656139 151.33312411391353
2.837585455450431 147.00512348331432
33.75156331135096 140.5885374427688
7.979764878232515 102.03701584262076
127.69648649284775 242.43458047905247
240.05575854107028 193.27290120889052
20.672076338244416 15.029760378289069
141.84181866247016 47.01335984275434
27.698540444334203 233.98042111090362
193.46461150271705 45.197528813080226
243.06195296461723 186.84474645116555
173.71366165079505 83.30016716634326
142.98207743828124 94.8315258351086
182.89597972343614 160.59601186528715
33.05998939344853 80.31511863243695
69.37631956135992 43.796948595970306
158.15562348761185 42.348338079526926
132.59563959825303 20.320224597453556
166.7245132384451 82.75758811649375
173.2570866472577 133.77994935459176
31.586462647266362 246.43823663729202
215.77183313073886 249.1667929870422
199.85788757635763 180.89070961471586
48.79744413378501 173.38531817481783
72.98875683095976 38.750176331506346
199.7633318548996 107.4356342452091
70.06865239025126 76.4561436000725
48.50845145526789 2.9508208369084796
37.803793640056846 0.586226153213798
135.47462344280467 75.7874914616224
84.68017847705342 249.0904099268031
61.11335454078654 34.65018823386515
177.06203326847768 152.95313571829385
177.0525764103088 102.70209782867848
237.8597422819218 105.67798498876782
157.35021931981925 191.79575465818633
36.434710530016375 84.64358243136638
52.79810450377537 25.249139871141523
79.5855066307829 164.45421596421264
3.6792528905821573 230.31364120135922
150.9363832327171 92.58035115332378
166.0837028485732 155.69297068504406
156.00124371382617 160.94013257482354
192.54680881165098 222.76091380028527
186.3322234700177 241.417860470581
156.93030191462367 61.88681763833842
42.637716927801826 178.4187741246893
224.11639669578406 248.43444513657934
31.32311624319131 243.44471696164229
96.37645230028077 156.82307116989503
0.18100198789716693 206.64652016745526
100.76088101168068 9.091844302828529
77.91251845529825 10.343466547825864
188.26240308223547 87.11640659188339
137.52107648046874 17.198038743773125
221.10430820610534 246.2031262734678
42.71025665330308 63.635172978751015
42.43754093450916 81.40557561937072
12.760959920901676 122.5145608932481
220.27370633462795 98.67296882663035
70.22017238214411 209.39383113222493
89.08702059226533 117.4728751712292
2.596331130544111 164.27211931198832
24.574646148341927 63.051694122219196
27.470977579283822 170.8364919091394
189.67009939052804 175.25492553265698
172.79211466411866 241.52320765037612
246.295959341826 144.02282398355263
231.4137318380608 85.43095211240681
15.96326322274788 72.15155462548842
79.36577528885178 8.988679312905369
96.3801995464862 29.132307992077582
75.93815194308262 87.22113486487976
87.88882855823086 107.34464088088177
173.10562420569332 136.4333758309359
30.255070718205296 88.65251107618712
235.9394725544789 161.4120550367462
146.4305698815103 219.00540090526655
68.12782291211047 115.89204665941894
77.9571412859271 247.3784897713093
151.01211082958733 37.08384399932327
110.34719300857226 90.43809973969516
29.07961473449827 124.31809298056756
73.7824872319733 17.403456193309047
59.426933388470246 166.43605352207118
102.08556683522313 5.911194487465049
160.57196660927008 6.465795327973756
244.78368194359075 227.24591888324838
204.60958001070992 157.46604782571208
180.21537203974287 204.8266779798526
103.45854831440937 63.880343561531525
42.56317984075361 240.87931049725813
97.48273147936523 69.7381063761952
132.4002189988524 220.55545366435868
14.941717931515358 232.76801849329328
99.11485927166397 213.39641189344323
24.143520461231667 227.97787210147445
85.41954002985652 6.46682152858788
84.57730594174836 42.10825865978499
127.12271161515388 36.11230458805381
149.12600752658682 126.76457283948481
174.8204611081298 113.78251450770018
180.72393615144466 128.12234471985496
7.981092779642846 92.5136820435134
24.317404853472002 143.08764104451532
104.84234863061046 140.52011701504395
54.87937506798071 66.36203388169041
222.40682955203218 130.2398928261677
12.17207361751871 148.89824025380094
111.54191988082881 105.69776989192576
118.07765900674514 59.308245329537435
67.6943923540412 21.465227070518566
157.3679837204481 54.40466644957107
62.422216825777255 144.43839767469035
165.48809306555097 141.63265961206642
140.19681639581452 129.55925364535074
152.36401675742715 16.55099511222896
234.47339541179932 222.86314904313
30.884703421169306 199.3358490935307
165.43735777593773 38.61350686365575
63.9571753248396 63.075153091034814
237.15401506599574 119.91234580475368
223.19052686222926 208.3671074041368
239.1015060954993 175.8243062290654
233.54473805300807 15.579835940000509
21.37623037749542 91.80495752015794
126.95833728039882 32.89159902744715
6.936413592841529 232.06669448955333
237.3120412063754 248.72994358524429
202.90998109364827 56.5790306027788
109.62345241591868 249.41683578837817
235.1077817238351 233.4633890750521
188.5510496504484 211.91822076440607
150.9928284974717 31.120138415746514
85.42852065690681 18.11537841040081
85.30243113707375 5.7357293777201
234.9882717304814 107.1622494662104
188.19043035840104 33.15245468441114
205.118171959075 50.583264784944845
125.76545457204821 85.46929040714507
47.70082015211955 17.758779370305707
112.66650928262811 94.54119128658914
243.42388279489822 83.43532025738808
223.59660109231766 115.37939376588439
107.23234548077085 233.13484972383756
249.082454028474 55.596561460733966
112.35350395740414 243.2248116602646
233.73677304605394 213.3599168900974
93.93933442010565 14.808956842587067
214.01625622913872 77.33832674444474
137.08607962616762 32.683545101594156
149.57911757376462 158.0770202903955
55.598061641698614 40.34890259417606
242.3888571846338 40.91882538188002
83.48708055055526 142.37663424070539
85.67292888759518 50.754493943734325
218.95030304041842 114.90475280528439
195.69801447021646 4.347549794661287
153.95070462978066 103.2769242321055
246.10732690687283 148.93580834328543
59.81795129272685 239.8419723831271
197.94974540615402 143.73229073988784
49.92536990447283 175.95202099419168
19.990940249554445 177.7772515744675
24.157440123734027 231.23968544122644
186.17656543419824 199.78814137052782
190.37097155971776 214.68797146854308
60.53375346199799 211.287308002716
151.9716262147157 217.14094896669317
126.93762068683864 26.954280640922534
47.879695606591525 1.611892170673035
160.7283218755222 53.44477608647072
158.89279561276288 213.40391793865498
6.318103594955965 163.66339860165692
113.45902298412527 154.49860555410305
175.96540623655252 64.17205427935241
158.8436550845165 156.45203241929747
52.687996719352675 130.17613044287555
140.3423233845436 139.74674327638735
230.59898219565642 106.81079870818019
198.78650723078388 114.4367493227533
172.5763597163925 220.03307744677917
233.0467817761618 208.53526503405527
242.68274089348444 20.983218369442252
196.58156387484087 75.9533776189475
132.96155484238355 189.01957013737737
23.543750285462018 245.9027431713524
188.22559055427644 182.24709598900375
71.65746577960572 37.98370837408008
154.0201359365457 92.05291231257668
150.84734929716507 51.36771223109832
59.27102139255327 19.13283131465654
130.8031503013904 236.88867354406693
9.528871387775862 218.07071463025335
17.977054579450535 232.40773310249196
120.21175349260416 148.1861990828474
238.8591241559507 190.05289317686163
53.14464616521972 211.76562259586083
47.18503799068138 177.17638350945546
126.30624944540556 219.0147320295928
205.48574431302293 93.03453608282425
49.91983172972478 16.865425904285857
204.35213492370116 78.84317211532755
206.61595643660542 151.74750140040223
144.1960010435853 124.15535295028604
212.59925936981477 226.44123673607663
237.56127596717573 203.6764074632887
236.9210922017542 44.564758673381306
166.17633244175485 222.1499983582478
160.12857493921325 43.663689132030726
86.76786948996049 11.016326752824574
199.07346144724326 166.21671497780932
179.6846099647369 16.085235944399145
233.19454345772354 22.751971763519148
122.7421724230647 91.9503859521644
56.19954369793448 168.02950711624243
113.55858390585938 224.54099114526772
5.23197821221244 55.38646488726911
0.48855843721576364 239.33451599758178
106.17954925081571 122.93611798455584
112.19268376233742 82.63999173052441
120.0071309458626 33.67754930628652
138.3738859494059 246.4488304354646
88.00273691572072 16.33698794788535
137.72041913926492 237.32748373079832
126.32234433961595 206.26569710227426
84.73528464920938 193.02358428292249
120.7247376224696 96.44602901348847
58.54457979698777 212.62860451567894
96.65494340560684 12.505437526764362
19.33042365902857 63.28910423666245
181.82759184695527 124.54482234775438
228.58573618959963 70.39978441542274
228.87008473982218 181.92170120386274
216.1769212777553 239.77200651902655
178.22588666025453 235.37500351559507
43.822271147045065 143.0374136961824
58.281893873909475 133.0442826086712
171.86872932283023 106.69962459108082
66.28259933418207 222.91522498892172
124.12995553548315 225.44147979465407
133.37659100905748 170.6486730134852
34.42086546733405 243.4474864670476
70.85892558688819 189.68124310605904
23.398706943533217 17.124706929905393
245.1298843948025 94.70291511486766
134.84130757008944 117.77838827720267
209.43513960164466 56.23864675071655
65.90907929508771 136.44752037123064
19.284139561127926 189.92698667281047
209.76549901914777 200.98510452344485
125.9316775805627 128.3998767287232
48.71172070202165 230.101866949883
108.44059793767963 182.026846633476
18.83504873286451 197.5865133742655
102.17097621472251 238.29835754512825
109.46659035824263 3.3244417536146544
158.61395586965537 42.0050451398587
143.79226571261387 89.06305294051975
36.53755712771439 217.09939271446947
212.23175332935216 122.4853666678306
216.94347552687134 56.54208472908309
76.13145406935263 85.2408467303137
146.98959849883164 28.105538982890003
141.90130988862086 83.76116141766265
204.18780520299853 188.08932329420995
145.44618458042262 102.72780264126789
147.25676159014446 36.425250841398835
125.26735266518263 135.91137978527075
37.34281171975679 144.58643275047973
60.92007221387935 230.69735648657098
35.845031421941314 163.26712035197065
186.47230748580353 132.8271153363361
47.98037370083513 241.81875223591203
92.06757090275939 50.156982674442325
8.85413512381042 183.8061658942941
234.97129825069584 110.7492655391811
237.41176686916688 111.16447178980704
172.15286166117144 23.009541689211265
61.04337832816176 170.0249038339815
190.50310899029188 102.83691858935973
213.6187045998851 226.452675680829
75.53249696003994 229.54070967806513
70.74823860960825 245.57048602978622
185.47828866783195 138.66359114422474
100.04030887307225 159.46703268002878
104.30732495110567 46.634930440033614
159.56411530990573 120.83955188322929
12.779477705561092 57.549907664255414
96.29148818735273 115.72584564838975
24.48646747376859 30.163398311587347
162.1751118014458 156.60437806143113
240.70973210442574 103.14546544781506
29.491598206935617 96.01592497638126
229.77209067946154 147.6711757684684
209.75207511903776 6.152909341089891
138.10666684314472 113.404568810795
145.13093109986858 80.85967708053465
229.05143142437043 183.0393718049679
24.46087235438654 190.35028983324307
192.3103875271594 33.68250950291371
241.67627244862052 189.11940512111403
38.25431884738475 5.3409405723678365
118.22374917378961 164.93873287040003
97.3399537670408 65.99920248533559
239.65446893327248 201.10772320087358
42.352874493917895 11.654345940103394
33.73461495132199 89.61902428530058
220.25246228992128 133.08662470934027
106.986753004295 249.8615487944632
249.4814842009929 234.6291670057212
148.42433056554154 184.80880319864443
28.792712869836397 30.43479283580722
230.1627452405642 83.45458868581245
190.07479337486367 40.14088054322043
178.70602374299048 109.58028654905478
141.63414879412082 62.51433837839895
29.320227444496528 64.91114356655022
192.79958655863527 60.08234658742354
49.31374786953832 184.81093196465932
85.82418088766691 32.60989042469936
183.40792773573392 177.1268751490454
183.6121781481908 213.56499283166647
10.094690501449206 125.14289404648777
138.02231680112655 57.66860874681537
185.98762884608325 214.08211158280446
49.981540108091224 224.23203642461317
108.62995013740789 80.77455429713048
65.37578983203149 244.77826562194227
102.70754864392748 100.76346751836357
61.02645468129187 222.5539156416407
31.865993889470285 46.65883243002455
202.85320779898265 133.12888335083332
156.50631746625376 185.90292904054067
101.06156439708342 164.75675477016878
101.45067449205058 184.7803372334437
61.919934398644514 188.97205131312262
204.49622715950392 105.84257244223302
33.937517116604646 11.20564616586986
136.5666186669836 184.2187815479384
76.52504719384662 17.837209214414866
201.25986181817805 178.73907115217972
22.178233257842408 37.11739244664602
18.649860549766196 73.48594064796654
183.70929521107217 187.46012471950274
221.80705968443223 159.43564040809406
61.813280543078584 111.90150920304035
118.75783048270743 5.451056184263975
129.11528449442267 233.27391668944432
203.30985177945874 67.64363926325498
211.70507028042752 95.16196718243557
171.21771463439694 43.593364255318875
204.97211315725428 22.00120937997607
52.9325270562368 25.849608750323966
18.407991130820257 243.82995496239496
14.70414038071563 167.20029759234373
88.00959239331705 56.476254221447
190.48154705290267 159.74436878677352
122.98212664619679 77.80881786173371
242.8480577301062 3.5478120553035506
118.02304582988133 224.61687902706797
146.40991296211652 230.03223206603994
102.94952458390955 33.752658834537876
129.89983577845567 104.14461429216453
59.885457057196305 98.73924287583979
119.9899572917282 53.00933890953516
72.8758119343481 33.284005930189956
138.73936142299348 105.6811113695714
118.17407683850246 16.643666431681915
174.998471057156 160.0144118472545
11.610242214938477 3.293730203701023
248.5150471706114 59.75194378876303
208.76921029749053 122.02164858379838
24.85210907728633 205.78044583190464
149.5472106789749 224.43683821086069
203.30648605917702 178.97572732077492
183.77912745322982 19.706929591730148
89.98613639113023 125.0243489722831
71.59660236804405 51.2854755968703
242.10282832064826 193.84709397104456
49.31283850960014 207.67795009952943
28.296215479775732 59.725503537038094
158.54275003928288 37.17849517728228
196.8511620975233 54.53009003997292
36.11904355910867 238.8843916495746
164.32476045277483 15.289573145962631
123.56274979760848 75.10738974849329
206.06502369897726 202.75646716340813
47.100855329852834 111.11546657648618
13.322463183252337 120.35504819431395
57.388660878916724 233.53242595944852
30.817630999078055 210.62896632415624
132.15117234973306 211.9224503297182
59.20683884068739 117.52675469514226
240.00046447103603 62.47321710122644
57.07888702015812 114.38349228550807
137.97661351362856 204.61626665787506
88.4945247809224 233.37166434934
249.0193132022723 154.40689675038928
2.959481574295708 189.92201177102402
230.78564669156185 80.02962628463526
4.321437676470113 67.00975466924112
206.77193751603906 118.60258212835467
185.06019182662337 48.39540141188811
65.38746913781723 179.56116280265687
161.16758138817707 235.3641467460679
71.72083688169512 157.3051362874984
216.11543358490718 202.27900718951122
53.05822915485178 226.53914991488065
135.43855704196338 69.9539798390374
209.65854091169925 196.73631933773376
233.03510341898098 193.2236200165754
229.09918551200934 169.93340058018376
76.06401695205479 36.13919448336195
69.21578267997758 199.60993048577274
107.65940135001642 229.16409311340382
60.97998640105387 76.16288982013609
104.15394763560121 185.1506149957725
56.90969218382866 183.54106229204518
53.110568563588004 143.4801181345415
8.934395146711378 4.3962168004927635
125.28248170570174 103.65444790762595
135.02794367052383 162.32124317640236
148.27632801609604 162.54708361906083
6.53323078785692 163.56528797912196
232.75546647898835 25.371662217877315
220.34328366207234 68.48115159998483
54.12249242399936 116.34471679718037
201.42512441471723 43.81543884426295
99.71126696116406 24.08435345403459
119.97416492738542 11.125969062206476
124.9075347588178 82.15105786635132
204.53260050850142 235.12653470748214
133.26678094418108 237.34338735680754
160.7683198521433 120.3182226008091
108.54414064008971 134.6926463530763
90.50044039321104 147.09578849145998
230.82741004383234 23.22604390405325
50.183714278140194 11.131729727354351
53.31770303077727 17.459588340114184
248.40059720260805 87.02613848449926
194.8916192703214 112.76919786176772
69.21778053425747 120.97759790121776
94.64909949943923 137.1053588156765
200.05564032002727 214.72549288868822
177.66040557623563 113.41029079318105
154.8006580859401 207.80098521928937
228.91588555410718 171.0659819446488
197.0751587711005 141.32208288926662
133.59537171982373 148.1099135603377
43.86040043041131 54.37175629483629
200.98747231308067 42.57762312385055
167.23930753838042 198.0605615868837
64.4143081974331 182.68779971858328
92.08061783723012 180.0089908147685
34.121183242016876 231.02402021387326
61.19371389247921 37.76293881688933
3.5184043535416434 185.96796252716496
212.80206666965285 104.7360746249322
2.7717977463923846 154.69507283201384
40.26412347161917 95.61373600072342
167.13043168858954 208.59915037063388
153.8346733045674 156.0735905505278
146.7664466569428 154.78864478165693
134.0987340668293 5.727214669730751
193.10330438756193 159.4828083827559
198.0687788250736 27.445928131348357
243.06099977349137 72.19599760370599
175.4256034160716 186.58547038622996
162.0501450739092 202.88198944004216
210.12119338824527 55.4591077813186
89.67099634931012 187.04437215874123
246.4109693201016 193.0881218949569
130.23149618987094 130.8143332235892
56.37742088000375 55.84563849245996
138.93168314056214 66.52181120952855
187.1915383176314 239.87628007901512
170.576204082226 125.78886579629656
45.54206983476228 30.18966159831346
149.52318636414998 106.00787477367568
22.82611608188523 29.97710258619188
210.91003506526627 164.4426339216088
111.52096150848249 93.66378901175635
79.73571673150012 29.52243604019414
247.3481640550824 160.09817391060736
92.33227614969402 56.49672875731332
131.01033731334732 73.33403319524237
151.09168633999485 235.4763377878521
62.78820747733452 33.71786401810814
3.1070697744772224 87.08084549202819
236.69390118204169 97.88781037361092
26.34205024306188 156.13930549757302
125.28735890135032 43.3444617666596
42.67809813425577 205.46383601496237
123.56435998891469 0.7292163036111965
103.08178948739233 126.4500834766168
213.95154590671424 184.01405767607017
95.18185046544178 148.27295397513922
163.52274545117925 56.48118209820036
237.82368461794934 47.75428325143666
16.696965890584114 28.48059404985581
55.685439591319025 28.969112771474347
18.10543165390399 242.24848454251992
117.78190007122336 205.15868557623247
209.46169980879856 12.189646091188832
207.50703977482428 54.62935063369631
37.419184335913705 49.93842594995526
30.039528994984494 74.58859057642559
26.59600934798781 150.34897525516104
236.23391388825976 196.35058637546507
128.40707746949076 26.148493233378673
224.1021088788356 232.89448501036998
205.4554504733429 47.59105181415091
100.31084413933606 26.84961098327926
38.75239167657432 34.05178753363528
136.86944663412265 81.53659297497367
82.53034434854223 141.24693425985382
116.70949565214615 146.80382328350953
65.0125533456724 150.10114207123098
242.71207530499953 32.06178993564493
171.75800994969129 1.3543642150292412
131.19597591532823 103.2141137968661
6.72293356586498 249.87049769757434
100.29188247133733 107.71839458364882
237.02648232499516 176.3528815240862
46.609809464333516 217.5136562246242
74.32597199463942 70.98801406805391
166.78829820610784 169.14203327617827
63.199793344552944 232.72613748312315
168.63219311028536 240.30988489822107
70.00514966474839 27.29769412715691
76.5467941739801 112.43935946264303
199.56081757236663 213.12165242003064
99.64810354295409 60.57254566452227
34.53696021971647 238.54537661153023
149.97094413680003 61.43649151479952
1.481497422326672 141.5893040899506
102.29119896555883 6.105604996403308
79.39340936153266 42.074905448582776
136.3647874347312 94.01015420391329
38.187483642758785 64.04183362345856
232.367052125971 7.768561886506764
29.924850392461703 188.53467299097088
98.85204762619487 230.48995930971554
124.41422269811717 93.06979383473477
33.37387084893645 49.44291934254111
25.93811586369649 168.1399845198222
207.43360021086664 127.98877927322644
46.817063077305626 30.447455593241525
182.1676613852396 123.8749760762273
13.946985036379422 152.49701371075673
225.45709297647693 10.940802684297395
136.1677654833771 244.75488768400044
147.485380505931 197.18929989129666
126.84011483593926 107.66108189027094
64.48314310645823 228.83645199822638
93.10087213896412 162.80057311198885
169.6910372839354 4.530035194280691
146.98882749893966 240.40362757932044
128.6595611551944 27.506238681680422
204.60082711589737 30.567761948380014
139.94875499328327 233.62795132876406
146.58208772999726 119.68467116957778
198.990564433336 165.8967066322167
162.4370460036673 47.29960002853423
170.24336710624098 74.10790634639955
215.6546625578189 85.37597599042981
122.61721250776041 140.24997767938342
24.967243188588782 214.84649044087067
81.48872884374455 104.4979166327297
15.691244580399083 50.85281464292607
42.640103299678714 27.380358624139095
207.03980243748785 237.09619473503219
108.20868424308993 215.53341687397239
108.82808267264681 171.76440340835794
74.77351616241835 146.65894374600333
138.84043189012954 14.154856018548962
104.27535916057332 61.96057774020083
154.7716148035859 150.4836227818488
180.2070285245942 133.38183899044293
119.0347961628139 213.84949178654625
63.36799021104897 63.78088387434122
222.90896013270927 179.31283146815736
11.93737097423353 72.45589855679849
53.01575637638006 128.86705434662431
59.95930461733817 89.27500800629298
211.24701964836964 28.28018947070704
6.762273025125332 119.39873694873515
63.32502314823099 171.29347386493905
225.10649409485995 241.9021799598676
62.54701828096526 41.017373101101626
242.67487930709714 155.0475536522416
96.83523140857369 197.81630368049395
25.401523838615546 115.82658151592054
28.571337000687038 194.03358254735977
13.280583017590663 19.7028209830315
75.94415829430915 91.32352310468406
173.58686931025613 152.079997781767
242.24297542578407 157.75225629182628
132.0115178377213 95.44606416897419
103.83759452863548 228.28925588912702
48.306345406303215 188.3663819044165
96.65900968077665 13.74948097137582
14.139390258018775 86.22013397854802
219.43514393679715 5.85862403561721
96.58748600002644 206.37691586729292
12.583606178305201 66.61586472629085
203.78480519465995 65.07971323648171
179.5005097970054 85.40301417018506
94.13237035688135 127.43318907789283
83.05663073092944 76.48211327866386
220.2186921399438 5.2606588072212634
108.51595716910411 160.58130232729272
189.72630185703554 96.08207345162769
199.34262569452926 241.9018109001987
13.928297455607918 167.43760534063307
6.550249752045989 199.01914028736047
49.48809210913005 181.7112616323834
86.91481706111048 154.72127596503682
245.20864824673242 176.02586394224497
137.42427832875333 55.16043843010282
242.0796757228119 172.9046235585961
78.31359692692197 52.41860780707877
217.21078512231915 156.5031060234681
177.3347669623608 155.301748327962
216.27167749453247 148.79218626220833
3.05048460571275 101.29115982766851
186.30487891230047 99.74632637578237
237.1056642020059 1.8745153431202755
12.149441962882173 201.9904327393053
6.274691722207793 56.85952597341945
167.6988885986245 151.75659424234559
73.39500479440255 17.22182975089964
155.98888888587808 140.64937794482495
2.6222352161950346 164.60226234419915
197.22397483282901 36.853174978014685
143.47089277396393 164.59926770092846
117.26307259088296 233.36278119827455
196.47571304222512 170.5677809776014
63.972298714726676 88.6148140657589
25.605653110525427 195.1067609544238
181.01583456657846 221.4773903005506
121.19470953326764 222.5078875401012
84.66166022903224 31.55890568449829
42.418799914469844 158.8619569430581
62.10844257839659 63.4967086325858
57.42521588734051 197.98103488881594
198.20952267047136 138.55221826458137
133.66106629183847 13.748640134566308
162.732265254507 22.98582747589656
247.23389188372906 33.59843918607583
158.0108188337016 91.59746567658797
8.631281265641972 227.181373402784
94.30046126864819 158.21762006369815
196.7613003087674 249.41043331501882
77.49529850281203 137.39515403870016
65.07020270171724 183.80866704231406
69.23180583750505 136.64123787428616
204.26314029382783 7.599515327499917
248.888772434072 245.7091761580934
192.6936467894736 51.973663326945086
38.48660031020315 24.38032421757316
129.6688686407607 2.7395457113945643
163.87221136936142 145.17238540310495
91.23253528638506 70.43928587241219
196.86067615766103 120.32013550515968
198.21572560995256 236.51735816036035
110.40376741324096 73.69211720019764
177.45002051229451 134.01107945312836
107.51972686334149 191.17904843059006
206.021284845823 210.91137351529963
49.917185666236236 188.58099123366353
210.78912967977132 164.09948203623645
166.16894294657203 183.96964319797627
82.38642456676493 216.51887090209595
73.63389426237357 47.88049741739869
83.40290748320592 86.18349864360061
29.478692557310143 131.99866995488992
89.1857993397793 139.78151423786318
220.2540153414728 115.61083056282206
117.95881736490102 27.681255311187257
143.72690160921806 177.8658832619757
42.671349512172604 216.68681891693413
150.65780677834024 145.3875133590104
238.65060345321982 196.2597516804891
44.01532134343658 97.22576275608877
137.4452200374309 106.98631786954996
241.77873155563725 231.30926805139043
179.6411786346201 35.18370703145818
119.10854198196719 100.88383205345843
122.87414529245339 133.65418319002112
8.953486273626298 146.95960192241432
68.56061588948509 121.87026487545732
9.538443443956268 112.5163239037077
192.70817540088296 70.10840112526596
221.95770133897088 139.51049428034256
128.97843931955 98.02911241626653
219.61796214418962 57.55158821189979
122.96396908709595 206.033569566837
4.454049849103415 58.02168677317088
127.98400380076161 21.661458253056402
163.77875281446134 77.0830207451525
69.13544179801548 164.3358233354574
184.8930290423695 99.80084175815831
87.9522881590199 37.11125525958714
230.6157088030927 233.36400244704166
172.869230099407 57.35471588321964
122.32300126926205 160.801315322954
12.33659679935184 132.9541192338223
178.0992072745491 152.76931988856174
97.53681805508407 154.25105634228163
72.52323321061435 38.54542581498535
35.88306286000464 17.35031114252325
211.16362179521454 198.60038970048956
32.51287515116633 67.26038102592291
105.36396616611573 193.71392703165444
77.35624266807022 4.610540144264041
239.1067432973363 119.20999974903626
30.44712613475334 164.0630063742739
102.78418945386322 181.43806111277706
248.22736564050737 197.799441548381
192.96566149772977 199.29875844528442
211.12348529177143 39.893114238583465
165.00425835398082 188.47848018969776
10.804949216484728 147.65528076824853
94.02090100593064 85.27202081457067
230.9301663008366 122.7978701383321
167.39600574923062 146.8309117309598
245.4044962044876 103.19441262686865
225.55195660615627 53.98689050595848
168.4588316292642 56.30316924573214
158.27450977655312 121.60707646860023
71.77785773394 3.9301878176289664
71.78046501491286 87.27057280289883
8.41373328644876 196.55393851633187
29.062255555899558 197.4063475223713
85.98485432002148 248.4920831915805
118.20662761625994 247.4247421931895
167.78917116180915 138.13403911240096
224.11378581441025 162.29656261624905
95.85420033503381 180.82632858443478
83.91226860425921 21.66811469648011
242.73064927147655 3.3368939405824527
146.72886575132833 122.73703119637148
180.92636985856169 12.826386619412572
94.3447635504813 172.8521859753903
124.6114034869749 77.29411724813129
53.20148558122073 223.78473637661443
191.20958777607177 86.48414055428519
70.38668357217678 157.1228935955008
228.36852144674148 244.52107123650293
204.820478566537 29.784137777979446
219.33809731780576 236.29217916673804
10.534103232400033 111.34568473256485
182.07880224592583 157.26236560175448
14.479184429420616 90.54679310419972

573.4713356147925
485.81173406111736
262.5885505240763
30.16742834535627
999.5443144213046
930.0329811443182
1033.1625422432878
1073.0566376526644
1110.109635812348
1193.914730791265
334.6579807005132
492.6565589311083
285.6693540153685
724.1812554565032
697.341098693957
267.7950532513472
115.26347910331452
456.27447111481916
272.38946387430667
194.56783057605023
1080.5105705896783
213.70899865418036
1091.720369743594
12.194379909326075
781.7669369887738
792.4197431154112
468.3240341225363
206.033220999151
484.5667380971233
659.393113531779
783.27804080916
1096.4438349700472
1078.6322976280426
631.2057390446867
433.7232571882644
613.5611313928468
100.01343871773385
620.8627798519163
246.64205306423816
802.0733044757249
805.5967825511406
638.3370806955074
211.02301545736395
445.98062624822313
298.10234645758436
511.11985864227927
881.6287985437787
467.40207589873523
1090.2922173234845
517.6322100531274
395.8611535292492
654.6509914641068
63.98564553918053
674.8104552946733
872.4840228148345
296.05654135024236
696.4741462409565
1006.3913771642522
867.5897588605527
1086.7783120116392
16.440828567096315
697.0189571435002
986.4533230111258
151.42017578476623
51.95938978977002
328.2661426462681
727.0275920215104
632.92502881908
455.52215767071965
811.1095912632069
404.653864473541
358.5703296926609
981.1899986807541
487.3560689003453
228.6496450605646
1034.175736251859
1073.1565018854262
595.6135954548531
838.2188377030151
597.4835275882172
1162.946004654014
22.597380928630102
1132.0494760108586
197.6173446279574
319.2850598391355
141.4522634693909
786.4265657026023
938.0326963826365
996.9630222253394
797.1581975862583
39.92545067042632
1082.1669785326333
905.8478119246921
590.8448616513707
713.0173797127625
815.827247162921
386.8083432102604
267.35960841308696
443.20583515441126
164.2916005381729
755.6404609538658
74.25710750161346
935.5023379050891
67.88116099234674
515.3076632755617
155.98979453696447
175.94660340574063
993.8682745461339
970.8063024652292
476.3709446420262
765.3831485597532
299.70381826147377
513.266642365134
493.6173389931914
269.89512645482694
1154.559935125169
950.3679095354223
34.22410252174757
1107.8631817722473
504.36279933287597
109.91088160438623
25.24835471246488
210.90833559951793
304.6699694956298
1176.117029713967
265.8655283183862
1139.1661428216198
1076.1377172314526
354.20244416570085
319.29935613288376
100.31354988397186
944.4628973345256
327.0729170398778
905.4172918861547
709.1457633102812
992.5066512715077
495.0574003031298
974.9350783545214
557.783808491076
606.6385177000599
401.6991393593046
1005.9618267608411
563.547506376998
69.95224153186419
246.37617872975218
67.57344022994859
743.1048745543038
577.1493575055135
722.607614518256
297.85464428013756
739.2427877704404
766.7562989811292
722.9356301350197
1141.766015349601
334.387773502466
153.10887307122667
95.3779058817848
276.40655439297444
325.9685820373171
418.7889584169817
45.602413733562784
411.70061946436414
686.5599038008277
90.92393364452512
1121.9240212664686
112.04020036430501
133.91030386057844
217.86630035293695
1049.9731897102304
908.2655961276912
1126.4942110119866
690.5641156024923
853.3181370919201
221.60095595201292
790.3306907730025
666.6415818663465
1086.5929963761039
506.02753153107085
399.86786154691174
351.3160297865078
27.91727801010477
1099.051560723083
1048.8706867430442
417.46339221393805
1027.9922117567187
744.3467370925265
882.8709673469385
599.5265807186728
247.3656756172451
1069.6587677839893
1114.369834607292
618.3008344909956
450.8831374519901
949.2867710951608
1180.300092353238
587.1163268317104
4.997051273803262
799.5084597154845
49.56989588584378
1190.0464783804703
984.7931794648543
383.97526696114636
540.3759938499392
236.85748168450496
708.0091433382124
169.96801317194038
802.8984913253104
652.2651574498516
794.2357953214465
405.1853519924704
785.3377418760675
1135.4107658734492
121.98810140111901
656.6300948664408
63.26489898022792
595.6174913784505
613.8973437560861
380.35852428534525
100.60448183113905
116.68766785873794
763.2031234102733
434.080205591844
2.9512120341544437
46.4907747114845
146.4295980863781
987.9102018175678
1184.9789071194825
429.7292000393957
149.16163258770825
81.22673377189568
266.75410429313973
946.9996772066422
225.437839801715
348.761853354591
812.3844452928294
101.55915327121612
229.3049671138358
737.4798998059673
1150.1062530679683
211.20907579329076
652.3948900446204
534.5989841261218
1087.6194018400145
1175.8791458896478
1042.3206613175273
230.58898342433008
160.35686976780102
145.1979261597825
362.41303203178506
630.3957251836972
370.3240572015631
467.6660575415941
796.3311196809778
789.3842107993415
867.0403781750568
1103.2915469665
1067.4941256440984
628.2470467426577
619.0646372734509
203.80645228104223
474.76656509633364
812.7761749909502
990.7652684305489
158.86784753092746
560.2092350192864
463.9084965486913
157.87880118554926
428.13110339928096
565.4077403048093
718.0824175935714
1025.4901432460172
1020.0077838954244
821.7671923436559
515.0859176848619
75.44905710499596
1112.3522259469687
965.1625713660567
650.8155266853012
49.51549821602997
144.92770083637726
1092.471401279288
19.252153581477497
157.11944005225996
64.43667014938875
479.8381455368447
872.3011667330677
836.0332905506169
142.62908762528073
445.5025389932056
896.3432721273259
1014.4215566405045
723.8159888133407
101.81607748013981
691.7341116278361
798.6836282479784
1118.6805436963298
1129.1676441739273
406.91237011276
1031.9568939032715
930.5439079941966
888.7146401216556
448.6782861390859
1108.1074246966941
1044.597351048998
437.7127582183399
1041.2943713627774
716.19877995729
873.6879249876152
874.5836799991581
778.6688557037819
292.0692672068063
444.3467307214033
328.80634047988303
302.3117923405048
1009.1392314443927
525.6187482548371
444.50244787487605
824.9414569418649
206.7489746153578
760.2736916219673
358.19099051320796
770.2314868830487
855.1268872014366
1039.118675372312
656.9005326442702
51.390125670699824
1142.1574980775922
200.04074304914198
240.56494210362686
735.1792225143231
931.1023354267478
949.4141062834497
250.2612946069498
97.93303018969937
125.74789169891041
653.431030501669
330.6407348979798
382.00916968890033
251.0821082853985
658.8300035626148
56.61521189218564
736.215071738326
856.7194488615271
562.5142223115777
79.95368615662538
978.1167404661568
453.3768477965753
665.6139963936985
131.74147678377082
700.8427461682875
141.91895962530273
218.94113995716188
391.2972338196357
770.6123106014377
205.00926778331933
342.68505476227483
603.8061499072189
394.54200216604954
775.8252534446706
744.8987847269054
120.80627749188426
943.5932276465455
466.5453630902941
15.291008760598936
286.1965733466223
1157.5075120388128
952.7268357187253
535.2038519858903
1142.035080359607
374.68113727119686
972.8862370289522
332.57482410986654
26.711303102387777
647.008240646944
747.2377237797836
188.4400139788379
1121.5113955543236
87.20615121239057
861.089319619686
330.23964165895495
1132.4559330441077
440.89587577585115
524.3367167418997
786.6623335472261
1008.2545976272631
392.6455325589409
1093.4506820941765
311.6337540304827
1144.2323779041324
272.98230673504975
883.5191535544292
1006.3559710632394
1188.5299831705418
569.6297805389523
354.86120888247933
693.4737854489174
115.28815229868843
69.53072555125331
269.3504799157568
197.9894888127626
45.03176036270435
403.6434055028398
1014.2867563079
470.67855313563035
875.0767308658614
949.0862912201268
535.997901192153
846.8187615769745
541.5885872789804
778.5313429182148
644.313353060687
879.9539051712047
611.3537045406417
259.4598123526888
690.1487959141103
908.5051330311295
220.25978180347238
645.4609743796619
395.8404249850626
889.9861052471023
1010.9837927583176
243.10849050153382
987.952122575941
468.15735992662286
476.02771735866776
881.9026734901612
120.01048250858392
653.4407184126973
288.1832863394309
1046.0198099061327
777.8545921204711
39.87285488342608
1051.0491135235816
827.4066068450798
1006.8729408498587
540.2540100836629
420.91714018608764
914.0652823467345
855.5472703448781
106.75525627726158
347.1929568205719
30.345681232423644
66.87807091230587
507.1791965728894
1022.2168305880645
81.41091843712381
422.94313113169346
994.398382459022
224.2423024687596
713.7489072582975
416.78498733043085
812.0498800328588
58.78380726507853
762.6724616617391
237.84912912754035
754.5613201571855
878.7349120049914
755.5291014495767
441.46003456483913
221.14989590193372
562.4174818894039
562.0375985608662
374.5118011475715
759.9467950642686
405.37351995531077
245.12926551233664
708.1986060617833
602.6046589900146
1047.1841678573855
67.94078739561621
937.673603177113
750.2253924619791
472.9251105315545
1087.201760712072
870.7685036912881
947.5793970063529
1063.5430387019844
502.9413341394587
25.934132906091182
1023.0117702814199
1059.5547685240895
294.19526048277794
201.70427466741288
13.070759622034048
109.80928389447082
884.4941614500203
957.710618351394
1138.8108669071219
432.6774293864033
608.8104816644407
901.1826763203534
1093.491466992163
154.00102446189535
762.5708754458263
1199.8288738925023
494.85006631489756
1148.1423708200277
73.85147258770385
584.8741494756464
927.8125579266691
769.1233641609015
712.2989145494241
359.47778758114976
319.7653525361149
1019.5866733787943
950.6218836685192
757.4545575478431
1100.7615589960121
18.25028015476424
311.0612943233108
731.993168426164
997.7627474403243
715.7532160407943
1009.7737454568672
991.1974965597134
164.2117940814649
211.56484618188958
4.231300840746801
773.6942212121719
464.5316393103016
424.80234529603297
34.17073623056656
1193.40885750845
675.9038302084252
720.3022237085055
165.44353350118274
1008.7051146445654
34.02494438223781
763.144754976006
111.81494377619373
727.6050519944249
1104.9651517738555
554.121548726411
619.9219782283407
32.85660461286899
616.6991325012747
440.1518769400258
895.8415821574392
1062.4408096780462
161.32650380838638
974.4621697868732
463.09736896627476
1085.0270284794005
422.9391092992876
769.5129267339279
958.305776606583
747.6220711765441
666.4091587566012
937.0951259798237
1057.9195492842005
1183.0807773413117
780.4871699849045
846.9408464408365
1053.0635481128522
516.2104352287669
13.233981984997396
921.3573412055866
538.5691742431417
6.398866797830428
945.1907927120974
306.3977004310494
586.8199362770495
1197.850972947102
555.6962828516947
1135.9569614085292
1074.2894962596422
87.55300590928329
41.32909042017411
137.7687642107966
706.3157247547774
260.6308064896002
901.5923179262552
616.0364661124935
111.79602496138104
920.8965127462021
779.2537734363249
606.6113648956486
79.92465169552227
746.9860007913715
659.3512909202951
1102.8052124724122
89.35675242033871
892.415771903448
570.2821768458082
1134.9885729945586
497.49554759375604
1068.7012440036324
648.9355396687209
488.62416933859356
642.5264471240131
616.7035489641676
158.39857767452708
858.4399342397065
512.5258934992477
541.4238221585299
29.383153333278106
178.32341567523113
735.6424473151407
331.84745702885067
416.75040585929986
498.64469962726236
491.7018732617776
445.41035425752955
735.5856916938636
1050.5854827108249
820.9838766104634
1088.464750757893
805.9825468595196
974.343728510081
631.7911946369813
743.6175218957702
848.3725324760724
1115.235732958939
503.26650763127986
588.928131541981
673.4896806002595
383.5439705272339
256.9890503980781
431.9519924877784
243.4093204230604
235.65281132401205
301.3303316835441
510.9408911436458
388.1148861304621
971.040100654237
499.3045344448741
494.76578614890843
1096.1672165518041
956.621545486897
964.8805773343404
1146.6923710587912
589.9289341761962
170.97271024170192
101.5581606957865
165.9637402484255
354.64789265400015
904.5901164513236
420.90560390245935
36.46279481098194
674.8880340444978
544.4935829535043
553.1714303132778
1119.5622467514331
469.14750881311414
190.237493206243
74.20785098945585
887.0751371760634
1065.90186654946
919.4700984631428
930.0966422213797
1051.9771644525922
704.7995574379617
126.99233961752526
641.0053652811234
226.13684476340495
423.39872260547247
159.0982806105292
245.0033180407718
809.3394792094148
42.888253039821876
53.58366385507372
189.71589596926466
833.0001030652603
218.7897030196535
981.5740771454238
1022.402186846526
447.52019322221406
738.2125691675249
819.481636356067
1168.9442479481274
1008.6473075576843
194.69717752908386
511.26133265383174
391.22614029368134
1016.3328296926495
552.7420132395141
167.21497097826926
698.4009904375241
600.0121952412262
379.84028449048185
73.60896289101993
829.7808533549984
515.6050710992374
769.5464556711404
28.70219838233669
1028.650732692583
791.9438012463778
769.9690960937231
233.88344937352974
597.3666029952198
734.2824346441274
884.759481874682
265.27075715126824
266.3547356403425
511.0057181975784
16.579485740168266
1009.9745526551054
983.833727636207
82.94638967649374
124.77312815073888
308.79319965544784
3.1578608591706416
543.4612011751085
646.2422398256437
843.3062434498543
674.697326470055
450.5957492844719
1046.3543133521498
820.8364195165252
634.2985121475455
803.7117778100308
135.25812077543364
456.3352717268625
334.6962103502905
669.3467384580088
737.7763760247368
1140.400898877523
1028.854593871151
2.3762067297333362
331.62760730806116
195.8284421875301
251.4334233430633
352.14834479336474
618.8240120393017
364.30955458196985
277.0779742825822
1047.760580472015
676.0578251735252
361.7623953418361
57.92736848057218
1102.6255611019687
535.6766798652604
969.6351179972166
1148.507841454939
841.5092262502964
391.85758281333017
106.07175231909336
116.97671756182766
859.4994689141162
963.8451052515601
1122.328999001341
262.1774172581856
1144.6135178016739
235.47430398367518
312.4824526086715
555.4517445025753
791.3803044395225
968.2132830350212
969.013393098388
404.7713211276334
986.5610834326195
141.89023909034336
300.8582420138066
714.1321196975122
311.98260772103475
164.2252163024093
595.1610284214474
592.9142704379819
10.120347628803358
891.825809324208
54.68260080700466
1145.4165701878694
258.2215544472697
45.18317354848062
505.8000972918425
600.2988507737546
498.87681686842694
530.7205831143308
851.2398490132805
1025.175089500862
862.748254943396
343.49073115668193
122.2334333687134
981.1670432732159
998.7762158041041
574.735788296468
952.5525031329365
775.6995467441576
629.3771980799035
831.648737478154
809.478290131543
1147.4535795030642
615.6258171339674
1098.3938853518555
898.9714251745547
576.5555705440845
88.04440080702649
1127.0233083726218
625.4545621730626
1049.4951926901056
1022.3785528532153
1012.3903773756534
774.1075589703323
46.51125781718091
772.0426331186875
656.1391721722485
701.2138526561191
197.1400450000326
1056.243715115016
557.4213372430983
881.4741553745247
85.39176413388572
624.0224794936529
1146.0007860244723
129.8896373940917
817.8040155409532
1103.9931350878376
1138.0215895745669
676.6587051852833
1111.3945103158812
179.7819225861001
632.9464274192464
1181.7711655542116
1187.5600979805906
3.568141282163573
603.4599283854612
438.2249536249805
1064.1065838910981
1194.2712257417254
1146.7051004886478
255.6809540306079
305.93311944737167
285.308734387141
711.34533182199
252.61293784579885
404.24554666321893
904.8573180958665
1116.5320261664517
83.54415972135
23.09481763276945
117.22783763125342
931.3360414506863
112.35474681381949
905.0364377601909
1137.5944903873203
735.3735739600972
855.9042206583669
871.239735322307
37.68756552198369
874.9359652653391
1139.0922030417005
203.54884154400438
1131.830812413425
175.73834237443504
55.17013886091874
1022.9065951726068
142.3422744371253
915.4037412373093
693.8075819911131
1186.5923821819
882.4221572114152
560.7421047572194
327.9715465873588
840.2085628256377
508.96480530016504
1044.4159946148952
1028.0415549657657
672.8794078080126
1155.7289568008803
1111.0145119730246
611.65038940926
1183.0087222553302
725.575653798592
931.8701350612166
168.53364872528724
636.2708376426923
1009.3161762134961
391.2878304218769
186.927923368563
444.92317642736896
423.2923009784626
182.58458337442843
808.4546162907056
1089.6076014479286
251.94857587488977
454.1036921112845
1109.1574061627327
67.14008288240974
972.3789501135011
58.99232395356021
1118.8182563306432
984.8060790824554
162.19103462584636
10.545159640112622
959.636977243038
440.1303890290291
428.2030251715828
694.8955182755321
262.59812959650753
243.2230830717596
93.38090799300899
116.37085019360367
728.8478780071014
32.280175760122404
604.8581438485928
383.6597616788743
195.76605564072233
1049.2453806850503
96.29147746859776
539.3883617901678
900.0737205786256
534.3607272025813
1171.0672506647675
1105.7864347916886
805.6344610054135
767.4053631150314
729.6569744202761
981.5655801621158
102.84321363290802
436.0300920664238
1199.933550808115
872.3273793527848
1157.9207776945295
317.80544760640294
327.6602327218528
482.4738358528866
80.2008577595321
479.7395629038687
783.6141020999263
1071.7840086358635
548.0319086187333
1168.504326694264
195.5884667024959
1140.5249644853502
146.19103531426293
682.0406132754212
1031.0488497614904
1187.9813833305666
1180.1715957270524
493.7734059398429
962.2286034573193
87.07237039335173
754.4338228669951
897.4708162222942
278.23188897733195
193.26691711342633
806.5235927766463
585.8836011782068
731.3424729500769
846.8537029008212
97.85197123009505
1019.0970604925756
845.5920207790641
152.77042321999733
569.8947662340024
529.712955481786
778.2308382401243
327.27562088786885
1200.5071266644575
824.2076615463196
102.74376648069091
894.377926342431
96.71340047004598
986.1435774311775
467.49320274344103
1025.0521719861006
1029.7317344302444
246.33387901159048
720.8710372656087
446.5761401688652
240.53237771228092
770.0814437466236
890.5818120051698
80.0925840710382
1002.172712520713
607.1813514621349
398.16995426909534
320.25082716406934
219.80315084102924
1068.2151659186425
601.5640674336574
874.7470284095715
58.41720469661242
722.9996651767332
753.9956223010048
428.33317250125754
206.57517641655645
1180.946032970964
793.3508372959988
430.039749919138
181.7303483993601
517.4911792766417
220.30581897625234
747.1650053744672
801.8753783160682
620.9422180991986
954.9551686356775
885.1942067516779
1103.9602897592536
561.3891973671939
761.8198102524964
415.3627008700186
366.24962566365434
320.0836350919153
362.0840988809523
332.6419926374261
818.195818775885
513.2875755865583
930.5289105768545
354.2234595477384
933.8459438313301
793.9597009991926
1199.7637819256918
222.78675082547255
680.3058507601244
40.308528688631554
380.7533000878178
960.6847489802642
887.94148069951
896.2696289982557
739.0050091818231
610.4514816167185
48.519274631083015
1074.7633951756015
724.4702236382172
1069.933809910814
383.8409922514344
275.41815908506754
635.9428704651328
1105.607352981189
1044.2952703957812
255.90515392050193
61.97465896186996
1071.5008780885216

8.6 17.2 36.0 72.1
17.2 34.4 72.1 144.1
25.8 51.6 108.1 216.2
34.4 68.8 144.1 288.2
51.6 103.2 216.2 432.4
68.8 137.6 288.2 576.5
77.4 154.9 324.3 648.5
86.0 172.1 360.3 720.6
103.2 206.5 432.4 864.7
114.7 229.4 480.4 960.8
129.0 258.1 540.4 1080.9
143.4 286.8 600.5 1201.0

2 5 8 11
5 8 11 14
7 10 13 16
10 13 16 19
14 17 20 23
18 21 24 27
19 22 25 28
20 23 26 29
25 19 31 34
27 30 33 36
30 33 36 39
32 35 38 41

