1024 3.0 0.0 1000.0 3 160 240 100

219.8798589354435 165.95317248641817
153.43889170942373 215.45625990032454
58.4370661461727 204.02351928043095
228.72793969423032 16.213494860947698
45.65877786046027 217.30533909900106
148.7377269794694 170.12157846075067
74.806014792377 162.42577210253026
74.7942364759789 120.81267966443465
201.81470957311578 79.63542691910052
225.76217945693378 206.47435683037392
79.13851604509809 192.07135279012456
173.7449349644772 157.60612229582486
131.6851599487218 26.60662882371273
125.43158103185422 152.8782261034098
202.7601403388674 53.920464866870326
122.00392713749258 187.54896773408703
24.812444036273252 141.39204243505182
73.93447624590927 40.05238490789107
199.2546987748466 45.346449609808936
36.008327616598 46.02006915628149
163.11549214846522 61.38278330486463
124.55495184469062 148.03802019362672
44.59610853807294 8.629480924941035
17.022636958931912 3.9499512338884992
202.34367385666917 156.5667297296098
164.99333921919455 17.956619850986925
24.88165354513655 23.29188828428297
208.4588692472162 85.10126862766238
173.62474600402987 64.61625739522786
16.234945240521963 20.39114848102075
143.0204313898149 74.62195249766893
240.95019804473236 168.44903090046947
182.3458721982859 130.6372298574496
73.31971399101825 145.45240931071282
102.47466067531127 35.5668452095039
153.44752520214362 76.07870868527733
84.86209490749658 34.62099776636729
95.49648102682964 76.45656361518357
29.584896105510154 60.02046317396292
56.49054846132481 235.0998473631455
140.3142391968092 29.10568217930487
131.12041045334595 172.07578197592974
97.2547733497645 224.5807937402772
214.12080251570708 154.27724490431774
225.99526692189818 161.08705240681485
54.055051872114014 25.453560390866965
15.358238465738056 48.45891291764875
191.57682336144967 41.242593437333554
82.10678782196703 197.07181707752372
85.97319303580403 124.78430713884428
231.69903915778758 62.400127943318786
76.77737284051128 154.31669989645644
126.7674081958197 236.67450843231043
181.87727695149056 75.07699151733932
82.97799460911698 162.29912488329117
194.9529248747518 189.36553875874006
151.9456542987363 20.023879749240386
69.55991291956221 214.83051352707636
62.59519043786238 131.91695411624414
237.10781725292222 169.27902515328267
178.07345764525164 158.03476276404677
19.196938737915616 160.7679125031036
51.20251677498114 130.74702531798587
209.55893981851077 68.80788733665436
223.364624552445 149.12429032504764
228.4218658859966 177.98686918516856
33.93354925236125 47.14652782304574
128.41135151185725 81.7434342995074
58.247972111641346 84.35540112369866
2.0976538932353517 129.10039141153985
204.93827484677678 173.1562537198729
128.76561921158225 239.4639618210044
56.13260437279813 206.94786090977215
131.19501473804223 1.2314366449800163
140.97087008462887 31.771961494496598
241.14240911138438 16.68525719460634
71.02733683014961 131.30421808574854
199.9119944023274 240.00317224156754
16.368569730298127 30.982328543508103
118.13567497138034 212.19870193332946
25.13656784948462 65.45760327283267
232.18011106850577 180.4850392503745
65.47745922235684 141.93961380238613
9.239273070919818 196.78779276039464
234.67118051459562 227.07955752621973
180.72565269935342 175.8863520732484
22.349908294384075 116.27082833326135
122.91679575848045 232.50238541430562
225.24874502248372 197.0811919442492
191.11818556810695 69.12500439588406
83.55574304905619 6.556959823729086
44.59552994972996 198.62798833762082
235.34645259065712 68.94156890444688
124.32403611714373 229.8759729850001
146.79618561619245 219.82651810726492
56.02684002081179 220.6783761800405
118.08347812858955 79.25951059311426
80.48889494773526 139.51250453673381
56.269865527453696 102.52965909366715
76.97187363262864 102.8640647419106
249.40691041681788 89.09417188035823
126.46441106135819 242.96581128361444
235.82730114562892 168.78751617775671
93.74729991177466 10.894264782249891
219.4744587386475 105.17039928302232
85.69365103945564 100.24677066231627
205.46962548089292 200.36828845071096
233.1005858717011 249.7133747215648
214.73029938253867 248.1053441010796
67.3872737431982 209.757569609704
68.7830697751488 112.57067545411292
149.43736551627853 96.02738630305016
158.9617820657699 89.20590598307598
50.84082802273054 1.3944275371899906
137.22064052084087 43.808914097948346
30.08127931180357 73.30545555534859
248.10634435324334 248.90854791563146
36.09570489019182 125.01512939739992
212.03168342882898 86.45961602949309
41.39872923680824 229.61938911939336
217.3127773853427 178.2551327272394
117.57002196064268 226.61983870383452
242.03040172489565 155.6407998352949
55.663293513949384 96.40972645254342
9.67387196022801 230.2812415036879
146.25410844151784 136.38073432253992
113.61815995879462 92.49921435638548
133.34737380818507 41.2726294638254
19.026466244309592 145.46361976012474
240.960826922577 46.871118340547355
67.69441966743823 126.0754711942562
5.633821017470453 214.47315603182943
103.90432351470136 165.90163587060758
48.42928623727821 84.70584958565472
165.80756651658942 205.67616924086488
222.06077322443082 150.90041300895376
80.87728350485823 148.99689731217788
38.24669216335763 54.822780222511746
176.5709887866045 158.1536026200303
5.772864104816533 128.45754931459808
7.988239876396685 171.29131541433907
57.743041777014916 16.956950802400563
23.444751200393547 145.6075683210469
215.9635868122119 89.65171815201131
239.52392350498798 154.12065642989847
117.5750300877956 114.05466788131571
123.64442867985746 87.89428216222916
67.86833517564939 146.82831212688876
119.49118053186083 176.00627242653212
131.9581588178628 129.1972839596548
80.51374470151107 93.17710175289653
83.76727650006468 179.4417466307284
162.196064412667 64.61599008461182
33.695207279428736 134.75520464830743
104.93308247161073 168.05016851347375
211.13398411269068 68.12959531782151
14.043250278915147 58.93584376095751
218.67432532733278 213.82378625725974
100.70102623120091 229.800412690424
15.455741788671512 58.12913599290959
66.56489593889017 65.28222280196339
58.09035627642936 218.73326585673902
175.01428697860933 10.509087298330833
39.464281561935735 228.0877474852716
137.42075824550955 85.34923937828428
137.33102578281935 63.16676524008752
58.48209600852539 59.58535154148426
215.40394079124943 66.04598371270934
230.7422956750015 215.92756853241033
71.39478077903902 81.59203824639688
186.2571615067718 150.19576836192556
204.8498516151288 80.48199807499785
40.061037939747855 0.4999868389313211
163.00191130495577 241.99919023170906
249.65996067597848 89.36779961245838
93.49034866742853 220.92975192973566
224.60495196577955 107.4956783646601
55.199432106406796 4.548052397941316
184.99887704011343 138.52602858390372
191.96796314213023 49.52938238050383
57.59991811921744 231.14448900495518
28.2895029016538 60.301085678536396
58.998401006458394 219.75064905326312
216.98022193798727 220.38432051295723
78.00335416748258 209.03399030860498
142.73757800325703 62.47460331528132
146.73035093744144 5.151266887300637
38.75625279597997 69.81116907362312
38.81490173166047 215.65285341644187
63.630435366349104 132.73160111364203
54.46785553470981 223.91085294639228
21.43348041846546 59.98731003335486
20.70179321688731 172.6039331562517
190.22585815390858 112.0889379820329
244.29241716157483 167.30630932410546
29.35341703065464 132.66067847696675
208.89548094810175 77.6210074707458
61.617062288994774 118.48938525553052
123.90181679311755 9.826701748387206
4.482757605393878 229.36261386366607
58.13919551636784 16.05863551847428
228.007215082559 114.14060696872777
93.96341007096665 114.13613084162935
53.197151240424596 36.81178064287907
107.27339971327923 175.4176657039767
46.50598089842972 88.50820665336254
243.18528813060604 54.6254659324065
54.91640347035984 4.542227960746493
180.9647323028563 155.10829596829163
173.1412157002159 40.60126194754351
106.72946437989658 210.9215829885747
213.1657426595929 59.81458149886948
46.996668335736764 63.575253894715
106.37939513726252 86.13938037352814
22.289798931269424 141.26498893339848
107.31257237208457 78.74342700270118
228.78473378259554 84.98790104838102
96.20122661247655 12.010510920858863
98.66178050702892 2.386107322282088
194.92732563019666 151.10876929585913
52.49253956628041 71.59514496913476
209.3023722905827 179.4591995421261
7.843446839803065 40.31831738166191
105.41120357285145 93.70020766849859
106.68059760775043 219.07929427163035
101.6304725978902 179.24725009901246
51.71607741993572 177.4888380182662
148.4144854280639 160.1878102390644
59.76465744721052 204.45840304942732
37.72674077425328 66.98009121988049
42.14000533846365 38.01217714393565
185.99255927620842 244.8747678936596
221.51475193514074 153.8356408018018
165.03873991996718 5.366834768066736
237.92479924976348 142.8312574115834
36.432177406749396 146.58814530085863
197.81164813852274 68.08287310910599
83.2075735361387 185.49146841008672
77.52325863838111 106.79819288642078
30.597407118895248 118.47045751281345
151.0542646184441 96.38560169330084
7.220181226938266 88.09601997793207
12.46996702446934 210.25420276198386
189.1610849626351 38.56587148581475
49.50920088653357 128.89364586265668
95.74547936184705 175.92369340625683
61.321628221215924 177.74712532372087
54.87425350077249 18.646376186824103
230.10287432119108 230.89671777355446
142.86136043453334 216.2418352789021
41.86789808916791 214.08167042064636
89.5519206404537 8.495930163521598
131.06999286781866 27.80324711932994
11.163318208222888 22.292424548435914
212.78097942671528 162.4986275236385
154.68796349151137 38.23642354501675
168.23225759773248 79.87621233445356
85.17568405131279 150.367623390854
46.25709617654117 246.62013897143746
232.52077009102794 234.7681601899745
55.49922588193545 85.57902180770066
28.930954000846025 227.8520650062625
243.56591940558317 19.498263561136458
138.75520511958484 157.33569138244164
44.671835636682005 102.47119720339423
105.10114036355564 138.73036081904706
155.3640191284457 88.05050379887433
16.110250091530997 130.66517433452168
46.515106145854716 244.33075442986453
190.4895653530853 196.77068189458598
98.95272976881742 117.71563806117771
135.87747373891617 18.44102558394439
71.61834015635519 187.64771013145352
163.53195486740267 194.57060351783028
32.22005772772979 201.53041727155454
143.7291312202011 187.33393445011572
206.3700704653204 20.83953622231563
206.6843014535288 230.24468030104765
210.02437530063617 126.55420070881132
147.71157737361233 234.76428479663022
75.33565895380818 33.12113286341287
108.87082420181743 83.46627593197061
10.852913243176443 162.0097108303254
151.94423003706265 46.94851020321419
197.69961370426142 169.26286671584688
43.79579395809605 13.45321133410965
159.98509982308695 110.46227066838496
20.363399482798748 95.19123205165747
132.272061770131 133.86529717066324
5.306600726061622 25.188293787300946
199.90180049444467 124.31291446239973
180.86074188937056 103.26337660319751
163.45675696463104 198.84921080838137
40.930621835473914 158.9700074506682
70.38720614103406 20.956108041377792
148.429824662778 10.140869126583407
190.32741670894342 54.60068102722301
92.82091183185132 179.97472898461805
169.08243490927913 203.3715355491554
33.75597762197255 172.16315061400007
228.91691436085637 83.09422517756673
82.14303484763826 19.76047008573803
151.99363516510832 132.03497409835938
132.61187156024252 30.099098097163214
81.44260795671829 179.49819247073657
83.28604391445266 173.7224091237999
118.16831966478078 167.33706972902655
230.35211479331488 238.33215448585435
77.19402055207198 194.938674285104
88.61805081680069 202.97610444750003
236.09027721035883 126.08574071974321
215.86679728656006 149.9149523511502
237.5780504506222 6.746433305471977
63.20398603145863 148.55860423902027
93.35834592801059 182.7746466409826
65.46294128048025 184.63835450175762
66.52055544390606 86.83893056275515
157.100289695649 88.10734317718719
137.93456983337506 119.66158866222065
161.9213895997867 198.70303018369574
83.29838898136796 73.8858639617602
79.73044694679865 5.179157917149735
108.78245517645846 137.49935173460193
171.53928597115902 174.90001449018436
157.04929252121656 186.5277933751215
229.57449836443845 153.58480592418306
23.309776001375404 202.38627800266156
229.53203288798073 207.22138730965818
85.97251416165663 212.34427832349397
29.68773177054168 228.0559499224733
91.30720624678484 194.70497661889146
83.40862781587488 100.44811396545042
28.393784617680883 165.50995294721392
207.16308745889768 200.0758086565
81.29738808402792 30.619764393030184
159.22801930538506 249.7253308311986
35.98695753199438 36.816056074895855
229.92037005465392 181.30812720160404
23.578387232761123 66.11553200275394
75.37279888224613 162.23387902682643
202.48999548710455 143.2574091382741
20.986328496767374 159.80549611841278
186.8205298069062 235.30991023986917
56.00991149995005 70.28971379364285
208.7061087617123 9.8640150781934
36.45724328780128 73.675801663593
147.59735018176252 185.13711600977635
4.59546478031228 156.46702373364948
127.59344218491276 29.16982478613017
37.509544802504955 238.1812935213933
179.6646790101265 83.74135620410681
6.929591501651094 96.69584353688442
128.790373490733 12.491946844080836
238.75601877821614 74.00019733128751
68.46243008495034 81.9002563529568
3.976258961302576 90.96025965928601
213.0108957968513 240.3262627690483
109.30298208603065 55.372294859401485
108.34657932431882 84.52282730223456
149.65705350081 113.77148196711615
13.27376720176493 150.94108871403844
186.54806594753805 188.18743932710717
165.6694640344701 155.90411735223915
93.15657152941014 201.80830999925274
202.75782561760437 87.63922609846031
225.06164791288305 113.00661542968518
157.68066245906272 135.16996146463651
165.52164801284542 147.43412389269534
174.51603582755084 107.98753118507301
143.80599536688413 135.41518407174226
66.7432048032967 99.40970978565302
83.26326026734857 161.10500176258023
127.62471668607577 86.87472619847941
51.565020738190555 164.7448651766599
3.564470664595698 154.71143505168706
55.52354936657741 50.45406981325334
133.32474654349963 187.7826421273662
46.04231113609997 98.54234807851347
170.3486715611423 9.967763228869748
52.907593362368274 46.06088467116043
117.14987614178516 42.52397192189139
88.49980954655784 4.94382193680265
142.25898855221274 95.68609882202873
28.172044459354783 176.2134020580056
68.32372239671302 38.27204329566589
129.4096044693192 161.38672781267337
104.78511716723582 38.33986332225267
204.18288394263513 159.4874695195699
211.7163155941989 180.83166567146702
151.37994713509892 150.42528587012853
115.81299718294835 228.89997803515806
140.06662517573895 31.925037226369803
182.22703615927682 42.938874858144985
59.6370665660019 162.27205408514075
62.38572227872513 105.17312246873541
152.14622995727996 100.02350521204042
236.51857924475584 49.194704590629826
67.78045704737947 6.420342090423469
146.4596518286363 23.273151604793153
55.133798947239214 112.07543451101179
202.91226752018454 47.88837711978727
119.92442904659748 195.62817362522767
31.04655455141228 74.29204020805858
114.11384432353722 26.536584857993955
2.0191633059556127 233.83610895844743
108.84899344035847 178.42144577624398
42.34194497085023 79.06861375564586
85.4428637261381 190.07820951080447
183.5761439292322 37.92268730456849
141.72505612434685 135.84927973663852
170.40538009112603 121.87808513894885
249.43414510472044 137.06750890075887
160.66995077836 14.405499266275545
245.36734692798615 82.66976196737002
68.02512893661522 77.24882845343205
148.3506665272631 150.99163280367438
78.0464314524279 144.82493905363106
47.35023140316724 174.7877088864858
212.566867933233 124.98482016700865
239.49002340551135 196.9618999911739
92.4072658777469 41.952633664308046
25.354770517190374 63.4314092749895
208.54851525821152 83.49865047021
53.867283163466034 191.3531790209245
169.6376165396619 93.31748113464936
73.70484492214189 232.98287975531116
141.0570066415046 128.25298298796343
203.0075975974199 208.61156548131262
181.30229362919215 47.2867366187473
46.076116544752885 193.99725441774905
96.51220541810906 122.16501910890898
10.361844425522376 196.978514099485
183.38600462156418 167.58652085978704
107.01568644503931 11.129014309501972
124.1696115921222 158.13151620781463
82.12554298711261 76.68151047424388
164.67560296887416 87.71113873043664
84.25085949754013 241.29575653736748
77.67247152075177 153.1182343209202
200.5304645925776 203.40265398935787
231.0602050857711 116.09388902268026
207.44541361521755 19.130773577000575
158.29330434674657 213.39653386822675
121.92989317515479 44.62806227047375
104.70170851834872 108.09843627489943
127.54900129901567 51.69266227060046
83.17769815813122 64.74361952313232
78.27266182194714 246.3801322198827
35.20637258033618 112.6183325605774
2.9841332495838255 116.66784905887754
10.10883763143411 136.9226336640497
239.9877736961599 214.2806675517669
183.17987637709413 55.11230067921072
28.785933693258574 9.049779923051588
35.470652963920905 211.34927420260303
132.62027534707252 194.10601535635598
103.72060629299543 187.16325757767908
148.77539836083753 205.20355880938052
130.91238650308924 130.82994982180833
120.24137163616128 116.77267022087956
54.26870806186515 21.005719281096624
30.119444062929045 85.78444188250509
1.996742041683014 117.14850850508144
25.052966278028 115.64769165133696
16.880104866843105 137.83034905113698
235.79223742436687 102.50875722177757
150.27243216218343 30.345851875552444
28.06047837978379 4.09456046563525
127.4176732588304 32.757060416865464
72.86004570457388 227.01789223817934
19.382006936804363 43.23701080476039
216.32622044917136 102.94512922777166
205.92335868176855 27.256450137159327
64.61983470485718 97.07147377635175
170.45443924035945 82.01908872561629
125.58457977520307 61.7888326082878
151.80088847044146 247.7646064328019
23.146443773361668 125.07853488008122
20.62162629615949 1.6897784390343396
248.03658186383953 159.32328109723034
199.77746240385417 133.61220044244754
27.207737907095158 191.38514067336027
149.269233947741 21.300872675854453
109.93588088912362 31.481315182098847
53.56309392722392 84.80449506029537
154.39933480443324 60.62360840493344
115.97857543928188 188.67409428174162
5.001386996076496 32.279278697377485
131.20489177384044 208.44663194391575
243.79026731369993 96.09707567930367
72.929099752813 213.817728958703
89.66403763192577 225.94432193820137
87.94729631783841 25.61533163049029
98.9075951479178 149.16012612417828
54.16069362359621 114.39514768437117
92.8138696773232 121.20924058612827
224.79444971132676 94.59217748434426
136.00667288181464 71.67202689064719
122.975412634211 114.44125336673946
177.67318860141177 165.50797254364008
77.49214244167341 233.79563946206179
199.72221300419403 11.330265901666802
206.13541547815998 207.82080038127225
113.23352431415812 18.775436332547358
7.813064988297619 13.35783206059879
194.03465200360642 89.78241035488169
6.5048385389496755 210.2990295533644
168.5952415085067 107.15305884593538
27.24256108768794 155.00623268295888
125.69352415487556 207.50141472697786
125.12493746141377 43.82216763525898
176.0212695154811 72.56896548371921
146.47737538151804 179.65162204774927
182.9986440285126 217.23023980618885
231.91713806736212 185.30112059657236
60.963181376643 96.64841794294402
3.5990294021409075 41.65689200566317
113.3314243675917 244.1094409763285
120.39842198097483 11.414171813887124
59.1699284774016 201.35592121190535
175.2332237094125 198.80141078743088
239.346406053716 158.76155062976585
203.36601579432764 239.3177648674855
143.46694072427002 79.57858063299936
109.23352497940752 184.82400728509748
101.60533279025782 48.16897855707206
93.00721460561897 152.4755280064005
25.385829970581753 73.13066897968007
243.68487441390775 35.02683374472038
184.92612807537168 160.03205316553556
133.92571148382933 114.03082433611209
68.7976466253544 183.8868202332545
111.94339096821956 116.4125680612961
63.163750372275786 160.72972473301326
57.32820353587495 173.72381014679632
65.68681844705307 6.228623748621293
100.84627691008585 58.033064492890865
171.40240294749609 157.85895284600392
154.66354017935228 187.7263460646591
208.69216622971794 110.8669445453487
14.150265073034518 224.8191207821709
40.45445855725857 82.2464294484925
20.40507627498686 144.92393146727036
62.04524632983502 37.983721761216614
85.39682617851315 234.47169366409742
187.97258200075217 244.4783417607125
39.89113165311664 1.294020652284622
174.95322337278526 55.47776251437458
179.77263164517643 7.547515470739258
160.7365714531019 163.76336795169155
105.44090011066024 201.4838029670767
242.86098952335695 45.207085164165775
200.064293834685 45.994877916078174
38.877702463807815 162.81506827708728
152.80337201760722 62.58728372632097
211.45712248019143 25.644208580318324
170.1641894856892 7.093674900367053
225.70149547909287 225.25567306903048
95.86944550713531 224.41545022550636
241.2672651768261 61.02894619625199
42.32885729117516 21.485774543616248
139.23997121711034 89.67043845809
219.86129766019417 198.9178866971463
227.29609200282968 80.76732339309356
153.7765856511013 248.02121816015028
105.27741231521887 213.5088025843505
240.48116580209685 236.24583848036585
206.113725143961 101.0767589115249
218.5671115531229 195.79908088615664
65.3642833333965 141.3289189373494
17.904764460915796 239.57696105199395
247.1589265228409 12.924456793260847
118.94380155432363 249.26803438148602
224.79673522208014 62.086179303776966
104.02690386907504 128.22104926560945
115.14096172653538 168.1185284954044
244.84479792180895 145.65339447039406
204.53417217839777 220.14909956299715
187.25812173762642 178.8498504124746
245.05892849998648 214.46749008056122
217.9510211589694 146.12780957122422
178.9963201147919 35.268172128981035
115.30258732652057 241.7930532893659
160.89353520239098 121.32430465742158
67.40836195776897 86.6069394917498
170.25386509747077 248.0523745931804
187.55669756740716 226.37137896848395
188.76241381625144 151.2194509385016
196.19425185492895 55.282813952993614
6.609302525802551 192.4402196779029
178.3418910896558 14.817275695142795
114.21080330550701 0.5843757217310896
67.39939415012583 144.25347805515938
214.0665175529903 201.84655260832275
48.33663644152031 9.8811292823833
168.8327390630858 18.07111803292849
85.77418927035968 162.05966883685545
83.26364060643921 73.45350509785372
7.898765700058124 113.09683832627898
152.18843256566996 135.90503439446226
155.13373841684566 50.43694418272046
29.568821730359936 178.6270867920342
18.75459446435232 114.98061672237145
125.94766615785585 196.73726027843844
89.08115050518306 216.75094859330656
136.92720461194543 179.7777664902733
217.85486996345082 239.93278077068854
228.5483457299772 90.04976464733444
205.95201392776121 199.78478271981055
36.10839326781165 241.52782710649683
79.4545688838026 16.80137216832986
113.60101192141562 164.41789904681
75.39930627844265 155.33760845954143
207.02138488590793 182.47530295678732
108.2251394856707 77.8625368788266
216.84642795816248 125.83864307879894
185.29915809376294 199.82241141131607
47.33914552488238 199.6124187286173
45.798263891394356 159.9499320775885
166.7468911658994 70.4577808473769
247.76827742131627 129.95058621646484
42.19659655323965 204.23175775750295
165.02246976745553 214.10143173344863
147.8636833552798 75.96462176962123
114.2960298993726 73.50184726518705
243.8208040166353 176.27317384414022
101.06832027715734 177.22497126501136
61.528445942942795 45.53386511042312
164.97226160268667 138.32718734850792
58.37895727414632 244.4753468228632
97.44171627537828 114.71122015498716
67.08832650427932 48.50727185461573
35.0966469754013 164.82399383803659
27.32472558796484 102.63025547306162
48.0398031692954 234.73146400386702
148.7975252113315 49.86620725216373
85.84051732959155 128.2869241743429
229.993853688557 186.1303461417681
244.26733041778982 38.4468849939042
103.69061324694626 62.488888993144506
39.90586418246422 179.80836884752733
141.52866869750474 198.46416848591784
198.05716840892578 137.37415870949349
104.87727410228442 4.827291019486063
41.1887974203958 243.8056773201772
218.0287222800766 210.88748177327707
196.6385621751189 213.29173801032735
223.5087679207218 239.15266435524865
4.326728292217058 215.38556002501792
184.58466903876646 146.9578001865222
145.25236254009226 145.8856143354645
67.33374603174627 226.9564559210619
80.16511483401744 174.20078368654
64.59509069355305 43.88038819336815
117.95132062057617 143.6566155792512
209.30000503469856 134.35821720437414
213.3337015002593 162.73430955076049
143.5838472529504 131.15382726978194
37.96926129594136 5.042785299757102
41.092965190020784 82.4816534185906
106.28485796258447 82.12602017021669
60.24329328950573 233.06404016133038
125.63310978935341 51.49382081827336
100.09426790496687 54.26682789182777
203.43719697737703 136.38398606670174
95.24696544177242 249.7790770796278
78.854221804322 204.66881113535928
68.83231036456222 94.42174570766463
136.91377146872725 126.21474504782098
221.62200411531853 31.059313511050068
200.73627019359725 41.74513912767733
148.4830762764807 130.52345105699754
29.93856977825182 170.03706049996367
183.20875160936006 113.7859198973978
12.623892729340891 121.57329666549526
135.4276951105481 176.89878646907903
205.82326931658122 112.81969160590735
33.252352474999526 17.695452235203827
139.23804339190787 174.4765257411
101.57617957924653 87.91873839513215
200.0181180302037 64.38733657485734
10.936913369246792 175.80580888321234
168.7838680402614 245.6773195757832
83.80167372198069 56.81381986702663
181.06568847808012 209.29249650961663
73.56864570405372 102.80997896284546
95.86143532265478 50.1626303088841
126.85572924783986 184.5955511532839
133.28415757439188 74.41726151645811
90.5570703343733 127.8130076193437
155.41503611590952 82.5800182192106
214.91729218177184 36.20902734551648
182.50620424328758 71.26095055683399
168.22415244609965 88.382717794114
200.32241246780637 220.02607020902866
173.6695761913002 249.73696925107177
183.3100129191305 89.05395553383605
222.8105899168471 11.63643924199903
242.74207361224882 108.02460468927444
16.62834011153269 210.65135974225217
193.69314400091562 185.89911075748446
184.39752650189826 51.442683095881016
106.77647016142267 61.714328404512855
246.66227707907004 217.60786239643264
17.49979188787573 42.84965488795181
211.89815609842273 89.8132967614424
67.29540866355319 27.318872990411414
162.84289934772258 34.937844477798016
125.12069335784228 190.99708763966245
43.317294277799675 186.49039636907335
202.72643313875642 57.70091134779703
75.76082854693647 49.297176778887064
142.735066700439 188.0935945318362
97.72863586697011 130.25869612922963
28.283493664084087 233.66720949780608
44.48633118346554 7.5376146576388585
71.0384985255613 64.94991571726494
223.17487775794154 161.27122657094915
83.87740424513862 90.85084770287263
243.7492973297261 215.53288222288862
160.18590545623564 50.186157004805
156.4978165742749 11.085195346966142
14.824664032215024 241.05557900175157
128.12075499833315 182.2099303505527
69.24204951482102 248.40555332504823
84.46719036053848 181.55838031793334
194.9972036823436 35.1344383824618
136.67624811161693 37.63055829431336
198.48269113070654 241.86111442824895
178.29706054175898 165.36514762653792
198.3000227241578 201.66392439238535
33.141660509273585 236.64857110659008
70.30263982076026 224.03837766200934
130.88580033964314 216.82532290540954
140.49129163546897 159.82056257088703
101.45409705767658 172.17574457446173
189.76153817630546 114.70617476594708
161.31266181818748 111.23147581732195
91.90815295913204 79.29921642593058
10.002931980210489 86.19285797953599
44.71344639793345 199.91450194924832
88.581627024433 234.1776472985838
196.79079880638918 12.037932007900876
20.110099448021142 62.3875527294569
79.58348691460506 15.404872018675492
232.93243484900546 137.5615745985923
96.34189167856033 127.45457922372952
243.0221358404688 135.07820716400468
168.32466899198408 137.52253775841885
76.91926724542039 153.90993616222093
232.73347673287918 159.84320824714882
128.51483209861675 211.12331792204643
47.51110891701854 109.48796411611569
11.37696137220734 89.15940416492337
155.9629729599241 161.50214239763795
23.083926901405675 113.13582395874283
185.90713957816797 217.09678270014638
71.06173972571925 150.2770278415191
128.0923736546315 227.93805987819607
11.522716139477641 92.84921372165886
183.69059800720714 39.3280568027922
24.370636328745505 71.11351808524365
24.007649952061062 13.12074317417622
77.54435471102019 138.81406861613763
94.3170676367123 66.87623134106721
84.00440096464382 170.00320478722733
235.44731469902425 186.68232106700023
31.20180320153282 124.40463611227217
105.43079552633228 105.9603393931863
201.78291126335876 41.597836010487164
218.45026635119845 145.7168789032748
200.95377604385544 167.61863946093465
58.42763917535726 137.51099790356852
89.36310570444189 85.67746120992432
87.27516008714615 179.8632797882019
226.1338606497314 107.77159733537475
213.81937026049144 61.495171925337324
110.62081917230829 241.0119242628788
58.598367069980725 68.55450254507065
168.65233613547397 42.76607275880695
149.85282831009337 182.90628650384667
163.93747636721017 159.8652248504166
7.07070411975505 67.81470664865886
43.15716655534105 239.3197385462874
247.70962295526542 109.59840011150085
111.94074895305317 163.3836738548152
161.74094590774547 152.8931302116892
167.1171867817957 116.59313206087923
130.53980924246957 154.54146117453163
14.087530768261802 72.3391839784643
131.6240795433118 43.091677545304904
97.16311467272892 150.08518089183804
20.479022416105135 61.01759161306886
185.30403148721913 136.03194574484937
87.85352491773499 88.34445038814174
106.62916434432515 6.00689628639911
74.07992776257721 3.585513078521174
144.7391344951162 172.9447485184924
229.45201392580424 76.33263482960854
2.533056263065964 152.3949038908475
183.92952643608606 76.97399928757862
221.02341877376068 147.19191069221088
81.61972690872967 184.9682035947703
185.1619741078746 168.8925529628717
237.2847878869097 159.10405164153866
198.3482338216719 106.45132431541963
227.76763503467322 39.669723564120325
128.55048524553942 112.3912294274543
229.9019463644982 122.69535568749029
49.56302782760119 189.49953180258382
10.242549579393302 132.3153257404577
150.58824977903993 71.80053577217207
41.31065289914887 49.92354708703553
11.326064667372599 224.6868949624048
44.976700109157385 219.7571753265329
191.0448041906099 65.467660452554
148.26533604775182 34.31297554040413
46.03322037067978 229.41315174925296
211.03631620208733 121.38975633504484
11.710378296117568 97.83753906295964
174.86738086952604 190.06166424825565
204.95337294155163 205.90741382622983
248.0969230121095 75.69494620163
52.16368949807154 175.17680357717012
119.55970052996578 233.83170023000613
209.4410125069811 22.217553327643554
206.13547105576205 108.44723479180024
144.72226053387078 6.151137161347658
49.5977433138057 31.14629071570649
226.4144138957191 186.2413331606184
173.181510815102 193.3010949901836
162.42391270832945 218.22021749447853
184.38508355694685 81.61233333037057
145.43966041182316 36.69986646690765
54.07893997743346 248.44059257196952
69.70255734344485 9.729698196408176
130.1067709642277 62.16706689166598
38.71866106673178 76.27211033511813
163.13755562083213 80.66045018130991
144.59948967849797 130.0720750889415
131.73731644016928 112.75932404075212
205.56947670486673 204.63094534435658
114.65415295390902 199.15294055481294
207.9557124856351 211.9186388568795
59.49844799786866 13.807549706703004
100.21405326140537 138.94463921554458
175.4351546478932 64.04890325873461
72.58663508119147 13.79056445650978
245.78923712947298 30.835616848466472
186.57409782357786 112.50260539407684
122.1518771636905 98.00927572785822
13.379834012968466 44.71729819317241
205.0149789681304 8.095477873548335
138.7286000013734 189.21813111180668
161.59643032050033 226.3590081364036
127.68534607220236 50.31177516251276
113.53542229883321 207.94657382976618
85.91294976419026 117.4846670729143
188.95411804482734 193.42242424569525
177.12298858906425 33.681697147352835
2.4769672938486087 11.934100752764742
61.327813617449465 178.48167474453365
219.55468522887648 235.4162358870277
16.082616623223355 8.651869745223362
69.69120605270571 211.04447726800316
240.08799238970445 137.22538167013076
127.07581958584852 118.65309569822927
104.25324322588762 158.03113115513656
149.81964838678945 45.78608710879439
52.24992687191171 2.0990867758535203
128.59041195225933 133.86133873242528
83.71978757283307 216.06020029138895
65.26877664451575 96.68493314894064
67.47183742484359 71.81053996964964
67.12633426946444 143.72971522286653
53.64798887729713 149.50518525907245
179.83011586787458 26.858474452236603
138.66063536546463 116.42157050270532
170.6084748398259 159.48891784522883
48.944179670159684 19.32672064233032
128.208290781495 234.41030987631913
222.6272157855779 63.45848381092448
97.98487503780021 210.50953291575607
19.979940893845914 100.02772409824121
242.45479198366405 171.9671694403525
172.42118906874873 37.37390760340523
245.86773937746776 184.2238206033305
46.31117542697358 90.1588741478126
56.12097173701852 206.60010194801112
11.377858177639116 58.56780413719745
186.35374423622488 243.23347532224332
153.42036506713706 60.88114099634792
65.26840183610445 156.18104558007013
103.79654158083831 94.92726495727081
73.49779812796473 169.64203684928182
162.5431577916921 85.52881020651729
2.810675129999468 230.975700192427
48.29035955188707 127.5693354551829
79.4061859242616 237.12875610965685
66.7869982851581 31.40673181190379
86.52290669928608 130.92113309027943
184.98032235090963 55.87248831463953
146.37792001913922 122.2711067457489
55.23376163098456 17.40189284679705
132.8372548716257 55.46330018894741
176.74935849475955 106.3627913509033
35.32828931035822 117.14527741517774
211.5726976073451 99.8454247743977
128.07541894427797 67.67195780659182
52.12134461546966 243.67326381419784
180.39235715481223 5.17794968325605
96.52000210591751 226.6504299892318
128.0770264794368 44.022981603243664
163.82047848193523 116.81259782569639
100.52518613220529 25.602426844272635
202.81489750642982 245.27698703605472
209.20650061755026 189.64744585835783
199.3370954200966 49.82740735691751
154.87242656130917 87.32086341630298
108.78558654639677 149.99941319830387
56.59338616212523 89.50343292432433
56.76226901989845 46.30435222565796
36.24471652478131 14.4787517304871
203.3110631308 77.48865406529984
219.48354940201952 246.68930011004414
204.57559882575734 139.55359382281736
226.9343317696355 11.511659293426124
7.892283779430242 29.70655829796545
78.799578856322 122.4289499523574
29.344346852838765 114.25554365772305
63.840391543342726 246.14532617720815
180.42767898417637 198.58021662264548
62.35208297049641 6.004135683818551
86.5479928233174 212.29116068162475
212.3062360842627 242.97334338466726
104.67369174315475 223.0342265910452
59.31568530870879 145.70020590630398
174.4474078516546 35.76167487658724
176.88075934415465 2.1662814304472255
207.60599692921593 70.08202231069063
193.850933015404 170.52129215731156
181.4891583416268 134.43461506039492
226.21872502314338 124.32902813320027
89.69815808837164 174.60572735641273
161.31189194068654 193.10278259531847
205.07760344305748 109.64444252930014
57.915210126131655 218.92201191365206
164.18796254342087 143.15311663883034
235.1438924633283 9.6299036044816
189.2711893613038 160.5857941422403
101.93234112737338 76.96456040260072
208.35472121115734 164.78022951953753
184.94148801732206 25.50093792948818
185.92308363855318 91.08380431854526
32.56597189628035 239.5697588183785
84.77022783973803 179.0357403985819
80.91771586984797 66.82556311622423
237.92184487640858 165.83251366152373
243.95690944941583 118.88719928444965
16.284124318036387 190.4947135675419
118.32454084390409 199.89087094017415
150.6669413420484 223.8249848267646
223.75556536611367 129.89826248398037
194.1672492320981 159.33639069058708
248.65396665325954 4.61527813010032
218.3410822069245 19.71963407028002
114.06689306222381 98.18128683019442
158.23641853084266 97.12155170389941
121.26486436973826 145.9566692030887
94.06640023676408 70.08594809470529
94.99484293768553 32.729274611279166
123.20640525694535 236.24694173628708
20.05956761165864 159.64085962866284
24.89917660159055 53.38880522140788
171.8121396496843 28.318924903183717
136.1093172193221 171.86548126266433
183.99470351657618 220.43461933027191
208.04194428135605 239.6456003681058
30.577614092955535 213.86731875881324
198.04147313454718 45.71293122803355
41.631032239795005 43.02373042668467
40.62329561892392 203.79921693413067
140.93815513465182 123.69765600031683
22.395935548968016 94.27059182431319
216.48503188398033 23.95681844229766
168.3637082621702 147.04392615201473
92.74779654482195 1.360477520888137
189.3974407541032 243.38294560480588
173.75963820109823 184.63996168633648
150.16130215211646 179.0966442989157
34.41295477601164 162.3639355357857
56.583829616441456 248.87657462508685
30.082530190637698 118.97761557415306
139.47770364363225 33.139537989531206
167.00655495705698 65.52939348714706
246.08364082254246 154.76756079610607
226.24510483401326 243.79402703172724
218.2309133683268 81.86878549624626
194.53131337911458 142.53668214082361
95.05825381278623 82.89007922585934
225.81627079574136 182.0525759439922
133.9968804601925 2.5972726976886684
238.09594777258098 241.00619065825467
177.26075561162529 35.28436209212216
248.3878613950612 54.9812145587649
225.4417895835888 204.7487065125547
15.3354446873043 50.23686888351148
80.17172308341988 97.48359763593523
245.08876880411424 6.547942853270899
68.78509158358992 142.00948361281664
162.73503460409998 50.25049617152904
71.66780536588472 12.039565810366442
38.160616894898084 19.379959927936202
157.87056269392818 182.60604230808445
1.0678989329849509 124.91134604629679
70.94539744190331 205.12097914833495
23.064925006291425 133.2770410286426
212.9304431155986 100.89250532144243
113.42302264344866 148.06311846121181
92.71847593177273 130.96134276908595
50.58907804576465 177.50485273791332
93.0761556490618 34.15218151345284
62.66401606858529 188.81917405603352
50.1927112675003 223.610507527274

223.42365358642766 159.94376598598274
151.1930178056641 214.84576997045707
60.555211472854225 196.07055840151608
223.2355058244419 11.986625009770435
43.464983970658345 217.57291405958208
141.54023644281787 166.4668797327037
76.82010300175307 161.7569409330717
70.23374227320728 122.58733723286652
196.62263784763985 83.87216611620127
225.06928033460756 214.8323391308209
76.20877618061029 197.79128223934225
178.84591537084242 161.21410622428598
129.47948556110555 32.54731354077079
130.46181474653 159.68213577809323
210.42680947511195 56.80526621109949
125.11150329971457 179.68245920672993
24.11802125385576 133.88445134776345
73.15234276929114 43.34330530987005
202.51458271632512 38.95950994164588
40.98468548521314 48.13502135597664
162.6358050334732 68.11818824189339
131.30289414542898 151.51354765426717
39.628418941974246 4.540357011027396
20.71847590748277 6.486682850318864
207.90156515348602 161.5903919607318
160.74190221275092 12.055912601532409
20.021275172406067 27.201739535245796
203.074747077673 86.51159837202097
176.7303330921206 66.88412980533023
9.678485811446397 23.54273919392394
148.19416419280455 73.32026978873976
233.8256444926599 164.2356054835381
182.26953075565748 134.9225779298953
67.51419492722397 144.99163834617676
99.31174562661177 41.26610217115617
158.8706104867467 76.79611575834666
79.25385982803576 38.787573920281844
92.22938819779053 69.33318226690317
30.252645787608724 57.16620232349096
54.58934258314824 231.6538294146697
140.4742703825339 23.473570644743287
126.52265979869301 175.3318416730789
99.78120307121807 226.53779673203434
211.22476640206725 159.15268793447143
227.31418545224568 163.26596568095744
50.96366715046763 25.638721769128598
20.983324450429468 53.26966177710047
196.80589216882535 36.3519069395937
80.67912256949586 191.95830406111642
80.23185950460638 123.72145609511782
231.36733140412295 54.01787219414203
73.45452477743919 148.3487974861113
127.26082968687282 241.21298526186536
188.56202938363862 77.03464499132454
79.44480507295421 157.56927442040993
190.23169848363523 190.43435275404906
146.82000156391467 14.747194092880639
67.5792623901709 219.39274337487223
57.96606468440699 131.51961752418333
243.0678487447492 164.86594537465334
177.15730152497355 154.22864714442437
18.759053722254144 155.17541706107517
51.64761151420813 133.16363305846977
201.43385695561722 66.66381151353049
226.96979972076073 151.2593888255265
231.5889925464917 184.55793779130087
29.23217952548965 48.27224573202871
127.61466790740475 87.65947190912158
63.85324881235949 87.28602514760576
4.367754955917236 124.16239546931143
202.29780096983757 170.1585772514295
133.28799737773866 232.4460186137728
59.641098549924806 209.23731966724614
134.6348438283888 5.7053314752811275
142.29576198463138 32.200237894751545
246.98295109657124 12.173909081018037
67.54108496863354 135.14058003128758
192.91808293758828 241.04761893026898
13.433018614229464 24.282631324914426
114.82574938448795 215.33142452936303
30.137388273878603 71.20198297226932
232.98827868524663 175.12501711022833
68.810378967544 137.248922264456
1.389452083386894 195.7705273088959
237.7756804223396 231.04172495481987
174.27113587042717 174.26693545096438
28.797223363297626 113.36257514943149
124.89609049949834 238.68431142944672
230.10246095063147 196.57139598922936
190.71079572426765 61.49567281929549
90.94147864176475 6.501291413713667
42.75429796477187 198.2202047077879
239.49431379339057 65.30601745589745
125.02415583415177 223.36157346762747
147.40611525961296 225.523996394667
51.489040307167805 215.7698666347699
123.28639955011522 81.935122291765
85.99536607309827 139.6027270137812
54.80540100599865 109.7304117325385
80.83391742356832 106.35949256484828
245.6601644837675 92.48430820388162
121.42087981807859 244.40317966364532
234.71885314907652 164.29083426351
96.93020162476255 18.307420994012112
224.08938048735263 102.91238734031575
88.8557350376615 93.50630291384185
204.47492118533717 192.22925680149322
236.37054974724617 245.4457323308252
212.8679496029643 241.97376361067722
74.65041717995507 212.93550384699927
63.295000927632294 116.45483992055955
151.47391307006336 88.42066773939911
155.40815267990135 87.5237339915595
54.69948625197477 5.304006055287997
133.9155084060509 45.95681828695098
29.29410216111511 75.49686657556154
244.27410774832427 248.60933671635289
31.774994003032518 131.2302635812452
212.87470863698414 87.71029051210033
33.777755946204856 227.92767008929167
212.78571985267524 171.4085140603638
110.08561605832543 227.680602949372
246.5990867872699 157.98990343296788
56.57135408417821 91.46054500092343
16.153368896446334 234.1910373846425
147.08941511493168 130.77172439526592
119.46179220350727 89.13679274250316
133.9425413555695 34.57979532406944
11.898515459223963 146.08013976364703
233.521690040048 49.66441543008241
70.39934244829624 120.50516369782319
11.044096695360912 216.5857725709897
96.90838243222261 162.90291869128748
43.9172253453623 82.70121843194833
170.34809693138382 211.2198951376539
228.2222971277556 150.99912148412102
80.48541203900406 141.11092669556947
38.49396465553315 49.99068245471641
180.2720659415272 154.77327931050363
0.15642196748333337 128.71971570476003
13.400767822633386 168.6269838551323
52.488172577966814 10.683280901626762
31.788400590632705 146.85626298821148
213.0025610967143 96.70238916454984
235.20183669359753 156.48897505672772
112.8339372606966 113.85311485218908
121.62430627786516 88.15505264345305
72.43550038604444 140.55306981313683
123.32060917971732 179.7274279820561
136.33376243692766 121.94729789244835
81.80382225542934 94.29685599446915
83.44720528897892 183.61831260257546
154.47477387346382 65.76979329695504
31.476664049730736 135.4350387952188
99.20780939906487 164.3469066211728
209.68180870310997 68.78076291368765
7.667407348949274 56.75675983484954
219.16600021397122 219.54581193916368
105.99199086557748 235.33023242236868
18.081245384373695 51.58905679178241
68.27556650135264 66.60631308442619
63.126736155294374 212.0188795394268
178.63377272748258 4.583359916812024
37.433006200073834 222.48711676285114
131.0604248889661 82.81356872726595
130.8719337327909 62.555470165803065
57.471007475489586 56.26229304219505
210.15520127351073 66.31778503940569
227.40830062620282 219.20365099959582
69.74745824641867 83.39757590548788
179.58526027105827 154.97738510798803
211.019990933966 85.84074772549607
44.26305126739194 0.9971381823345171
165.09876496592264 249.32889727174265
249.40029833518184 84.03253878153164
91.18428643178363 221.5219499007029
223.30073623055318 109.19982152041158
57.78824341077396 5.147899572041231
188.35650420124722 143.55183459852023
194.13539159475002 48.63504465728932
58.24776047925748 231.26154480605376
23.208620442385225 60.997746426560305
61.49257144440667 218.2226115220853
209.7180547312619 216.25423265943382
79.77239604252226 216.66045493926904
143.1328237650402 68.60683389354539
148.11224646467272 12.712802098849952
44.2712012920902 70.60582225379352
43.2750124027399 208.76109620350914
66.65569161540724 128.70856641729756
57.03268039403789 230.30104179847007
24.64898271697824 58.98611622809016
23.75860813984565 174.93865722266133
187.7083140052534 118.88641300461624
242.34148012021342 166.88535961783242
27.34598674743774 140.75333210440965
205.20674496600338 81.37401106910244
67.36383285160092 115.55383914871476
117.8772917813121 5.983230119936539
3.7150118739920357 223.34082465608603
65.16927082519456 20.59413764345261
226.34281753621877 107.21662467275453
91.1869253092402 115.86224390647392
50.159966689088314 39.70650205620824
112.3635070145034 169.18155081339006
47.572034387241615 87.13010689915663
248.61527536044233 61.012530946357195
55.30285549384178 4.2582125786483624
187.27446524396763 157.8668787188803
174.83108989577434 34.61009337625542
108.86819282155366 204.53557971463636
218.08021587420404 65.37109973919245
45.69004487890246 57.40059043970716
99.31124853564455 85.14222592633172
16.852258856171115 146.96406305873145
106.18229446373223 83.5593460092336
228.49330287526425 82.08000824474385
94.14091289476059 10.317933215864162
98.94536768629646 5.0488379899097655
190.88979242521248 152.84949173131284
50.90442106495111 76.18869269618894
213.87481838374165 175.47614777711374
0.25213028080706135 38.612495471154276
110.78667352922292 88.31712028717185
102.74083870691958 218.9631636906145
105.74026435021034 185.32512612573223
54.25779150419604 182.10634082051592
153.32197765490605 153.77178237829602
67.20990756252043 207.03170200122602
30.949657868597548 71.05074914204826
40.63068814527929 31.12144425826885
183.93650712005496 243.35382811350638
220.82109346594095 156.30099406519318
167.06865839296805 6.09660716944635
241.07787638356518 148.32411659263715
42.028703836283405 145.16808283014825
196.90548177722388 73.70386438164752
74.81510585338242 185.85133825045708
83.73756839395472 108.84782400422874
28.844915910340994 111.20266191695386
146.10370113178482 89.55267411133863
10.708284461917128 95.6139367798644
10.344615896616283 214.29883692965007
189.61897401537118 36.98562872245215
42.581940368433905 129.91103992575347
87.68564206622415 176.88844608930648
60.682753000535214 185.55454744780494
60.14948735295708 18.60748034675205
222.97704810470483 226.35770334280835
136.37453044171895 211.6495752989598
36.82829383622319 211.52528786625788
88.18507153116195 16.20109590610694
135.35887175291577 32.21535464457656
11.72673604205543 21.823404245176924
213.32550818298444 163.03542778544718
151.84466756537304 30.984224802715453
167.20657315085296 81.07551287575066
78.42035725381142 150.89761935370814
44.80896380948654 239.36328283922595
233.1509850538341 227.46664454258436
50.85887302712355 80.42581144805841
30.144485458909244 231.72392841066494
245.83662064380388 27.380865877178472
144.7271728261555 155.6405487186154
49.04030995516987 108.10198907535961
104.64311625104233 142.45783575668605
160.61964363978552 90.37432975177938
21.62192567923707 127.5886952937835
38.70439484928001 241.0690847721362
194.26125110892184 191.4230574484167
93.48758174066948 112.31579370705252
129.2407052494096 20.862691468837763
64.66614796226402 189.30957126672126
161.7119724800892 197.7120795851291
33.519084142494684 207.6953497124146
147.4739482416795 180.07425014311326
203.31666393159273 18.40351311775837
210.5874045938745 230.0910642284548
209.29146905557633 127.92174683154317
142.93667388076352 239.55481958893185
79.47768291192742 38.62674891517312
106.49785806333237 89.93563671587329
8.301971015622357 165.44073001982562
146.43672893827707 45.2929175507889
193.51638789435276 175.97760121016208
38.66582416825329 18.010417342830433
154.81824996335578 117.18344921242912
17.801404103292423 90.39028492845944
128.58496259298647 129.2111065703967
2.2986955213487037 19.607675933351775
193.79577876091594 127.56505008183639
174.39363042578955 103.95470170637734
160.15344507353703 191.6420448341207
40.781496936097284 159.84183322509824
72.77258046466234 20.050288298908203
142.5239678053799 13.563622693089306
185.60656561864099 60.171217300122706
89.58242451145493 184.45590154945364
162.3273837920379 208.22314968064694
32.58602743769415 167.7465412826344
236.79304434674722 80.01934651963377
74.92871915951046 24.0853999577601
147.77090659134598 136.82285106349931
135.32798108887044 36.44779168537471
76.17899692930507 186.1497728064339
77.72565073239967 175.1442264984299
123.52016681663824 173.84516914083574
231.6458117053616 242.48169413315992
80.25322724484631 200.021437627974
86.67019074762472 198.90679704384362
235.14548327970317 121.99060747774085
214.78182200307012 144.34495393660944
230.88118085578503 8.442233256808818
61.84748252066749 143.1801645983826
86.05741560409955 179.23446467627966
68.87011249920094 180.72071401603876
66.96269484632558 90.27290449674148
155.66836039051455 93.8574219382806
131.1525108726887 121.26685087177044
167.1503611503319 201.85464686359478
82.92677578777896 67.76087721074501
78.04440073585486 10.073525876120314
108.38330938220753 129.72492021059136
171.2835668275608 173.55645039530134
159.41390819374018 189.87321488489934
237.56486711479988 151.87923206979022
30.527860570635028 205.95029289676958
222.88836743485547 202.6711918622295
86.57531908128819 215.42254947428808
30.961680017252608 231.892892257828
88.98886732059785 202.29870370491622
81.35566735912091 96.38772812954
21.980851326700133 169.49625681711132
206.1011394188227 193.28312501832394
83.51637416486533 27.722118291335168
167.25880919678755 247.40286256162628
32.74054701856713 34.31696292920031
229.87747365167448 182.41677203658207
26.49284955647446 58.4679835709378
74.78682503588705 163.37552487682038
208.63062755514613 145.06548668895002
21.47192777393961 163.0638339098002
193.47432120500764 237.2580826894286
63.681436675055934 72.71544658827057
204.18690907041312 7.412526909915202
28.61520143483334 71.74981162926397
147.53162552157227 182.71546555752025
0.8072477670542089 153.3444443079263
129.57543334408712 35.61112181591067
35.86004587158284 232.71096304423045
174.62626245855304 81.10805807649949
6.385848342382455 90.5850282182566
131.84396189261852 16.315680398811537
241.44991933452218 73.49390065997439
67.31341239131162 76.1537925557004
0.6815444878786048 97.93445462603786
211.32772670680365 248.5561601157937
108.23309979177034 53.43007614225959
103.76848378384452 82.06882835384155
145.73813996423166 111.9968843395962
10.052409828794767 148.13783632330455
179.11278166481426 189.61469827357186
162.28850058276836 154.85436435534044
96.33496888749538 195.97471587363057
208.99645034690445 90.53948513640061
227.2366343969247 117.47943545613253
165.44504834268014 137.59344147744824
172.17616996878607 144.96165326332823
166.39812401528044 108.02945104403399
140.87582013588124 134.38169739364028
68.88495946946516 100.51097526345463
81.68860132044203 162.46130106422464
132.04433339834472 83.10223873722138
46.09186931506851 161.92940032450267
1.841239720832083 155.13409491379997
59.168450436467346 56.854519389711946
128.78982487404474 183.3320561082604
49.471315766935255 100.27201947896727
163.56089297483544 9.769031810299534
59.79809268431313 50.49986452116947
116.36427492462695 34.28481855789289
89.45474581721383 7.928823500434307
140.72171196376885 103.36703171742995
25.89870964107821 184.15030268708782
70.20461793807034 43.10734796223048
125.35866757738285 159.6808399116408
99.88927886434266 43.77243361777955
196.82747428512675 155.4123327312163
209.36667843461063 188.79465112629333
146.79620596667144 152.4057749110038
113.25696036147035 221.8477727080143
137.83698459950494 36.86254368860792
177.4204468880904 38.42744550568272
64.16465198605414 159.30665614510204
64.18734549153824 102.81980352358208
145.02219345056736 100.49624977188445
238.5042663618886 52.03579463387184
65.84247605240812 10.660031553757888
145.25464780669668 28.891736104134147
53.881594367230754 105.77341334853055
210.10715172858667 47.72201032885068
125.48929979820817 199.15015771581844
32.742771107486995 82.53779078182826
111.03367532747346 27.848200534082405
3.6328983558127357 235.3065454965445
107.72985572312302 174.5405518297532
42.58108047876868 83.10086142261189
79.64900203048167 194.22339855303818
191.55488100561777 38.30358967271344
135.78079030025205 130.428036025564
173.53189278051138 121.78501138420741
249.27409891893575 137.49270646449884
164.28886565291168 11.23897969581683
245.10175779176805 79.05547173328287
68.54168833383694 75.51033315427838
151.70681922364022 148.3774930779557
79.47799234485456 139.43684581859364
50.01324385578446 180.62175219829425
215.25411309420318 129.91210256813454
245.4191033623304 198.7315927945398
92.53717843722778 34.8847307131607
30.407874535471112 56.74299884513584
207.57297000590134 76.34591030161211
53.59638289648777 195.3180076441692
165.5067428840133 96.27829848719018
77.93740432537442 229.22280691331449
135.736138239675 127.80921434312728
195.7981658445731 207.56633911859302
179.33798084801148 53.57072714296865
52.6727724857233 196.7355476171556
91.5678216821757 124.25754776616283
5.137827660687294 198.78542848684427
181.89499779533642 169.90881368091772
105.22947703783834 10.874573794110997
128.20853643479498 152.33287134579237
79.94454672738583 82.23224274121499
163.0945075203014 80.0722213949589
77.20928219138928 238.1517278952532
76.41800058248744 145.36742382719262
197.6510826532083 211.1617077970778
231.4277155535927 109.41696797960209
214.54164513712735 18.114014242634536
158.37045378750932 217.32104337774717
118.73431722498401 47.73209870260536
112.11321544324116 107.612281379242
134.23475234984303 52.84221321051216
80.85382229987597 65.59971405035637
76.33038061296945 238.5393212761318
36.84865539576479 118.20906876916723
4.4354713783395505 123.30731733343924
16.99672269108568 140.5816592394102
236.03105040194575 208.3340891842744
186.86157670793241 60.77706268722968
26.650370478230712 9.346865269064587
30.230229485619404 216.78615700222164
135.9047996088963 190.85349826074145
99.03003644332576 181.481088405905
151.53858894450795 207.2154016093613
127.836909586031 127.06719832051309
119.25540320694122 110.5402691625377
53.65125303941912 21.09906542472534
23.060129231557646 87.51907845735788
5.594962803536912 109.51638193434867
20.58218465015224 111.57822275880469
21.052107992818453 130.94844711201125
240.6140524565404 106.86969150199363
151.07800885648794 22.631120112533708
26.184107581188666 3.5842722847953534
124.86423039214867 34.0996656503334
67.67871287948893 221.05907216129447
18.343474815310152 42.85470484856532
219.82291147582973 100.50997124760016
206.42618010146674 26.38575731132353
72.45795656573608 96.3952930021858
175.97973501720435 82.83905470850891
126.74679338950459 66.46924518943307
157.83336926204765 245.79874340311142
15.953616689550504 128.94571379183827
16.613150687907417 6.0431570840829005
245.14171231709685 153.9181286791646
194.74518610995122 132.33331519816332
23.411577584056403 193.03377029367542
154.9053918158118 16.276829203263176
114.51788050397502 24.96862492275978
53.007170721446364 76.60818470823783
154.12600729533852 64.04704864144462
123.43167976200587 186.89015976934414
1.1994802261093562 29.09170825461638
138.02175932284084 212.10057078601028
237.0020467798888 97.45452293131304
69.62283965765769 218.3206775987702
82.58427266696647 230.2458798356245
85.89157808970066 29.955670248146493
97.2390624712322 144.11252168648443
53.77715029476401 122.2831693833383
87.73076297859633 120.8031126716144
217.22879830373608 94.28913432654402
137.01343146579583 77.68666386647216
124.60908906046022 114.20609633390336
180.68244169332695 169.13313093614317
81.16275869509137 229.730727508598
194.61117149173663 4.788958483542022
205.2335393638731 202.1403698372682
106.27388755706718 20.335053689989945
6.531499688351122 15.138857684774242
194.0775505289245 97.22542324803332
6.199755559554598 204.7234511183891
169.12694492643573 111.2183054006336
23.016139469105468 152.00169762369953
130.31780639482366 203.61666633628607
122.70026371783612 38.712957507640866
172.28073845173958 69.12269741341396
139.38666217075541 181.72410658064638
178.68721350345794 218.14992669006995
223.72973577014443 186.38520705362737
55.77040943051095 101.45641040062652
1.828827968595681 44.66665121589275
115.78010887579207 245.62415983053137
122.33859225401986 17.159108941574768
59.44864565785479 194.42768692478606
168.72423024527583 203.50953858337132
237.3685930274042 153.55040758121123
197.38133161760072 241.72747978999465
150.17879886634296 76.43043547771511
116.50273006824699 185.70445720234136
94.7893013459257 48.79150981479244
92.36779384971341 153.1695927523629
25.466995655166496 75.41035380797709
249.03947346217018 29.95799139876257
180.66608405791484 153.76852674139275
134.54357775023632 121.90933427401993
76.53522727551959 182.13866075899674
110.38011149974228 120.07583280032536
67.30186955977172 162.51056466213743
59.92741930500106 166.63084623151119
66.66206068819308 6.558762414015734
103.93922737087775 50.19489763251156
169.5752942436663 157.34854252102917
162.49059263690748 186.0438334169491
207.79540272198957 117.2423963485038
10.825018724814118 225.17525143102972
33.19493006279736 83.18928048976827
17.02138416288354 152.17636220892336
64.16326569116762 30.010593980345835
91.98668808937452 237.1043854256011
191.67926594946462 243.78624438019347
43.91617739762435 1.840013184949918
171.6763504156861 60.31773911735303
187.40886617536285 9.20963102657657
158.53870210035439 171.30553537171795
108.41231827926754 196.2298818039056
236.5208347264488 50.30783819387616
194.65838475359348 41.807457640521825
40.70206271202378 170.2235486069415
149.8768226915073 69.14455507657077
213.2553165997967 31.7607139466915
175.5430249094967 8.961791238228628
220.13386153911208 220.41545704455405
93.53425115607114 221.99942469026428
238.95249732160948 65.08422524989058
35.05193052254663 23.096444702293716
136.9216243840212 81.63975812563618
218.27879816048846 192.1074509470859
224.57428467426217 83.29297685320763
154.71512339833322 247.4902437571579
102.41169640789758 214.89086308663292
242.5606695763607 234.44663221297972
200.14791979735276 96.68874921245593
212.24100965256568 195.67079453423676
69.80802366695268 141.0557824581963
20.547663228108608 245.8400980608172
244.57794385560496 15.080167939003243
120.72999416879892 247.38257035324276
220.0678193926338 63.76872659123836
108.9004118265193 135.03467634791633
114.5339976428989 171.00710702226692
246.0552098569062 145.57288140938607
207.91928418466375 223.2854935098401
186.5887085807494 172.78775998539075
249.42941431592538 220.15834850669123
225.73618829024207 146.11950449778027
181.99226000864843 29.551549646595927
114.86277645426532 246.1847582179034
167.28321970479368 120.9322447539276
60.63803439260471 81.8653875428032
174.25613246679515 245.33926957172017
181.02284255223125 221.0352629092772
182.38538263575828 153.8051600170628
198.39448652248436 55.52050517317758
10.429514758758863 185.4973238693101
182.334305102282 13.706455119502914
117.43347616630916 4.652732166019108
65.4596879334585 144.2812922059322
208.01905514891018 205.57573651921285
49.03616113449161 11.164731603899053
168.39086741156916 22.831896564817377
88.54620638996249 163.26701913794975
88.26213160636878 74.45272097446606
6.8016985191529375 112.81178855006321
154.5533469914531 142.3662614282779
155.3830746853128 43.195738638289406
27.59022790441845 173.22646346741348
21.1660969617693 109.88812269019493
130.48242797706314 198.3496882699318
97.3051356652071 217.50152046639872
142.49998781325567 175.1318332576653
221.5975533926001 234.7051663701026
230.39754753655845 91.58027181734191
204.9233762485022 203.90877802136097
33.07955081447561 237.83440934449064
85.97994127347688 12.782678528817259
113.02844684390608 170.31312536210606
68.81192598949653 155.1021263112938
204.11539345023533 183.1945532021331
111.79531203602477 75.04481995441509
224.4012826956393 129.2178664163643
190.72781683521202 198.00471349931865
49.20236511042261 202.1335375686773
50.959366625674186 165.6040168732719
167.1249623239693 65.17167011809222
245.19541605852433 137.14061698812577
49.68775628456609 202.2694324985145
160.37290332565104 213.98494217786563
152.94188434778584 74.42906918822342
114.42085700698327 71.35465035948016
236.54992397155692 172.58067752861652
102.17581196020265 169.78942346839503
66.82395724210141 43.0570061180722
160.90881242088813 134.32799141429052
62.308808041025735 242.52535783930134
100.22404125240286 119.5105932449166
70.00203579812091 53.87116474830261
34.13374645865594 159.72046830386688
24.544212391334476 100.83929411288709
48.16782241104414 235.44544223079512
152.74848656989332 50.34040646340795
88.7784233981147 121.36706778209472
231.76907024879827 187.86262391237022
246.24079570292577 38.08115398877953
104.49443479920936 65.62019858854565
38.251220700437266 184.2933059546321
140.98302662534215 206.36162879089588
194.21400812251647 140.25444412550848
111.87382672524959 5.383540431017131
44.99871027544583 247.1177521316492
217.1379164535852 208.43760042129574
195.248590547719 215.76499475697526
224.25814462844062 247.14741825097883
8.786395515810314 222.60108520909483
185.08347759413783 153.99273367760526
143.4307630404966 148.51072411144025
66.85499549432872 231.69248482029363
84.90829095890737 171.68148624088877
69.33791621632746 48.35896310970958
120.58545943038456 141.50548458997073
201.44807495501098 133.10313348878833
213.45014491878825 160.9497962309924
146.71523959616033 123.66955976067976
33.88696924833426 11.557567646556771
48.132140709034374 77.85407240311706
113.01701642078244 83.53253083993583
61.2057694525561 232.91159622018753
130.55782655695523 51.55784469217414
92.55842997381721 57.70485525867744
200.57825514876373 132.05568732799532
92.23158977934243 249.89247300208427
82.1223469861049 207.56712125786473
66.54902632380058 102.22299745843496
144.77786872758264 125.7117358035943
216.458079524814 37.46544116198516
203.5016776566291 42.097921873741754
149.40322534055892 134.47513950941976
32.601592286174096 162.1035528322666
181.3307910415364 120.897009762327
10.25001083152899 124.07068438341837
132.7195847310219 176.12097850844316
199.16883360855664 108.67580716271128
36.026526908631226 14.293217313924773
135.93022528350156 180.7572499832494
97.87196238300882 88.39861296529922
205.89523838428465 70.14621251770423
13.651407391191084 176.87286626316026
164.32911440621658 247.8745575057679
86.66287957799682 63.591387114017074
187.70871403269285 206.63276391693643
69.00828996852387 103.91542909754328
91.11538128771728 55.4013968496028
125.41439730725389 181.28091254829891
139.6257091203539 71.08776090812616
84.12529770938995 124.23185915649695
152.16859705263983 81.92162868746023
211.67473095515862 40.67726712179373
188.65334675789114 71.66908763488739
173.97289126338453 86.35657885763379
204.41585154481936 216.44690572235496
178.32033991322942 244.40717913540948
178.4166463704769 90.34799562622528
229.31508711908046 7.838670942188347
246.74913198877482 104.05757134919455
16.229269470224654 218.27327530116136
193.75457279427033 181.08729027605168
181.653989678192 51.912255938413864
106.7164350882926 69.47688840945884
243.34511635268044 214.1786234721175
10.812149967875385 46.160417133214835
218.9281050498533 91.98586563477912
72.42690313639564 28.069139296151736
165.36436237555807 34.59768053704176
118.92194612289583 189.78124250332053
37.5093655231716 187.21431039590007
206.75397749303235 53.86302595437953
72.67590481129035 43.12534620934233
139.96409857295984 187.7923779918549
93.01239181163218 124.89481516039638
31.357771022206105 239.42756130860997
44.91939867303213 0.3264859300719791
72.14380356755157 57.71386254447081
220.49031300963838 161.15679543102553
89.48034990041842 96.53839079731932
242.06173822558475 215.3174054375062
162.4631984901335 55.341424135682466
153.6697359752388 11.313235133781435
17.33535341716469 242.4103328652154
126.47930918486183 182.059245466224
74.63871851089826 243.2731114783623
79.33265252019547 181.74321876492823
188.26918008992521 31.549459092039044
137.74006190629643 29.274422114649617
195.26443646565747 239.21399581019213
184.07966803515336 167.7059113009224
200.77645075209483 196.32344380877396
33.78644648748747 228.98675436154085
73.69493448432412 219.19539978535258
138.55341048778226 217.057603230392
136.02227409223664 158.58712223444928
96.56013888004067 178.05089149813682
190.84966960022217 122.24111913593893
153.65381556216266 110.74319653741487
97.29886468038451 79.32836854926148
6.071026423882797 88.24960963702355
44.41208953920894 193.03636945468548
84.861258399032 233.94288803387002
199.9822640610045 4.595842923342336
27.514768457419265 62.151786781311614
80.9053437732552 8.189328953811692
228.77813557532352 130.5114321716421
94.4876084944509 133.34804663964186
240.0362037256042 130.30001198246396
173.2024254772269 133.65318992451645
83.20418500922783 154.96855732155058
237.20895149622223 153.67063465826408
123.59881579679404 212.89343446877896
43.169161584731995 112.73160124971534
6.401373010732126 88.0178794914571
153.10017128847545 164.72818343699424
26.254754995037878 109.16703731921513
192.3502275790378 212.0322625189277
72.21618197161584 145.7362121281493
132.5710041083553 224.3643645685664
15.359735073914777 88.23836213223856
183.01459688078566 38.303527907728395
19.71686111474777 71.9953663151301
25.138194910184403 14.007548308358292
81.41595558562251 142.95251865043554
88.30451607821644 62.58670342491304
82.92647695569354 162.42416201622035
233.32929939514653 193.44997402342034
28.02635562768388 122.08772280463265
102.1579604196877 112.00666584985916
202.0228271044228 47.271037856221525
215.6168968383774 151.19891544954754
208.95063357515238 167.33495925693944
57.272721259701484 139.3201745244291
90.16275451017461 79.00930930962704
86.56718762886479 178.5865843439212
225.5606921898133 104.77215672293796
221.0109856127202 64.52879764013892
103.112690157422 238.8471139352981
52.23217135840477 63.76742483163339
167.6708893704409 40.53315597649609
148.3179696191303 180.00386113001238
161.43582299168372 163.3311162919829
14.308222194937354 66.80733310752416
39.79650867415441 234.95655245777738
240.91968026943 114.4909898078019
107.05222726802779 167.1728353638307
165.072889694509 159.2552101883298
174.9527702266401 118.92897281476341
123.62925149388914 152.2865360726902
11.1878376953935 79.17865474939981
132.0941308832811 35.45908673665451
89.61532775713094 149.58725063798934
19.974735698387093 65.49686534756852
181.06955484866953 134.3348514387416
91.04206888808409 95.81760410534534
100.32115086166391 8.652680061784768
74.70742284316043 7.930129516403067
140.55788102768958 169.2311331624717
228.17613486261493 71.66382253904175
8.54674703595748 151.4344714596565
179.86532722748362 83.48671561536217
218.42664297284725 144.98352295967638
86.60805877570502 180.81025751409948
188.07413726617415 173.400924969401
230.93489111070176 163.85748747711304
196.08124940889525 111.83877286368418
223.4266661762097 40.33729672866496
125.04963187615031 117.63790411976032
225.6303644486117 129.55603590448217
55.05540974891507 183.24856934735826
8.525716995266386 138.53873399898583
148.81717268015012 76.6421140906594
40.04148337265481 55.76292215304565
6.504001950080079 227.84556423871467
41.22547956885317 214.01856758113266
192.0936807077776 68.89296197447572
150.13953438409496 37.46604512478518
47.3585941109062 225.9710615129862
205.20402229404374 123.91507226223183
10.16178562399933 91.29704093688099
168.3844183335897 186.33922293195664
201.07724391956623 203.96729842429644
245.64262138849816 71.35086516950453
55.837328180509296 168.14628069927255
114.9471444925444 234.3524142927037
204.04668870480583 22.016601982403294
211.20446532031764 113.92778332172038
139.01449975715653 10.952322295478822
50.37677656546322 28.050120521139725
229.83035362177785 185.681770800436
172.5019201463333 191.75804773245414
167.64702160250837 224.36590651608017
187.26594608248283 83.03545973819207
152.9169069664719 35.30044818539821
55.067194294783796 249.45555354959188
63.612278835849665 7.171571333336846
122.69175371089402 59.546904020853304
43.06172025643878 78.9123206584825
165.73305186468846 73.82717856066695
147.4407362271351 134.02686288978984
130.66620846913133 120.51216962964456
205.35884257304355 206.3870891463062
116.79373559364744 191.26736891741896
215.54813933181023 214.18716940282965
59.00044681844438 14.498573041884066
95.61549319927468 140.95348922618558
173.32199065582853 71.10832198200481
65.99227991079957 9.597781681339567
240.45313113462004 29.38879848811396
189.69713182278718 110.86899211565779
118.49501889002467 100.00220462269496
16.435469077743154 37.55867617055067
201.86946473332506 10.704290428109303
134.69688289656256 185.64872565763062
168.90584927189033 229.9104655501968
124.43292225362521 48.20141362799116
108.48409669351459 207.53609395464989
81.9817152723149 124.76948037097951
193.73829602510844 188.41967748088663
178.2480804222644 26.03507004843042
6.1470610683569955 5.274162989210213
64.13893687353897 172.95298364815437
216.01458210216768 232.61326191792608
14.511996405391415 10.19690526071318
66.9184276823101 217.27803464216873
240.05976381999707 143.0470204766964
135.43720978366034 118.05472998338651
104.05808469183445 156.69417251975963
150.28433320964547 46.9783437887398
46.19344137201178 7.855273188236422
134.29061794314944 129.3204481030879
86.93974015950504 211.1471093524114
65.25178195337591 93.50989292170722
70.0646648214424 67.27786853821927
62.62523775345755 141.66767268869805
55.51727921868338 143.6793483399756
173.39189731303847 22.675263744409175
146.77478291634011 116.49614326495353
172.33925025163825 163.83848389555564
49.16374720446276 18.13646294346055
122.68989437954156 234.50345361773822
229.328175090309 66.95222740325771
93.1558256306797 210.64054360334873
21.05204935456889 96.9468267380667
244.24325453380183 180.0607664753129
169.36507683185866 37.82885483090606
243.58720029215624 176.65116963026858
38.82271179889038 88.86795423302407
53.87722865862646 210.86022800731618
11.109532723117683 58.741422395492044
187.83001896622332 246.89181309264453
156.89099741167396 61.333178473656965
72.19135119718919 158.49945784149358
111.53144161074293 91.63775394477159
80.07996515112781 168.00941775438767
163.55997356669496 84.63153026599005
5.0354457068562395 229.77979045998504
47.42087402593514 129.86956618991104
84.53823303278531 242.92135493299446
68.35440796244674 24.876190511564396
85.46321503546828 125.45462528808096
187.09941543803913 62.133847430246554
148.73937978208164 117.95724059581845
47.95316125788601 16.40422606862374
131.54116320296222 47.26516996282368
175.58665045096237 106.24052521495791
41.21674332499667 122.08788367571275
205.75609613000972 97.42891309779047
120.80064321729414 69.31723485633248
50.24780344540289 244.0600566173377
178.2164751197005 8.685589318849496
93.6503428548838 232.9577448276185
129.96692530169724 51.565948404796
161.6611301285739 110.44904431119984
107.69584568964757 26.80295088016446
209.12638827010736 249.10051777162474
213.2380444262422 191.9100364950884
196.26712773178005 52.452566526181826
159.45462713272303 91.13087372988063
104.3001860238103 147.243256738889
62.47430375535018 84.33377943365738
55.67521920022883 53.03244768996032
35.29245844607737 17.92037495003898
202.2721125923599 82.19421193435353
223.37683012411688 248.21341013584814
202.9788216446847 141.36209656291487
227.1749105930747 17.131913279666623
5.267291599335422 28.576819570506174
72.23162036621709 119.5592558304733
27.045305961122395 107.37055098602077
62.58764791724272 244.2436356623941
183.58275970400553 206.45516810799822
59.406970998274 13.292064000435088
90.06141799818018 209.0580687047697
206.25444207519425 243.68127178312858
112.37996906415032 222.39158753645586
55.89178831025707 152.48945967196317
173.9992896152095 38.22427514139079
177.82853242759825 2.208701738040997
203.03402344259368 67.02164189641799
194.26051765449438 165.8734569230799
182.1718554979889 140.80335727914868
221.56726679955662 119.01822332894734
85.52651336899669 176.65598779046678
156.96654944165093 187.99040484177968
211.92780601720872 111.5507212484981
54.27887477510923 215.22063798685
167.62314925231635 144.34711289379268
229.6934667592214 9.067205921576644
194.54813020523477 167.10071603742009
101.62429158161527 81.44951107087297
203.3735514011454 161.26739072311403
182.50786587388447 20.558059143760797
182.38754645814777 91.42856056815049
37.476771080028534 243.03190815140363
78.37743169442129 182.09023678351687
88.54709071790057 69.66180415542975
241.44387610038387 172.4220522706105
238.2052391535292 118.46910250574835
15.178594303931481 194.65522624811683
113.18429452789889 194.39055503295333
151.18737072831416 224.90921799870543
219.96243069930588 135.40639756445813
194.4478226654076 163.2579619399027
243.21163954474224 3.3201408829193757
222.29076089508564 17.166765062898353
114.2904106708022 97.85956461453644
156.02725862893868 103.21343123933637
120.54663484998296 142.38690358063457
96.23960932813446 72.72180236178974
101.54572726011646 27.512429202813937
124.8349262918532 238.00140149758047
15.001508206355929 156.92590434012553
24.272081835309738 58.731553056810604
171.8072290579902 25.183044444041347
143.38390636420266 172.73461193241494
181.5914710345902 223.43456015495505
201.63964761249494 242.55178200107358
37.550834129735335 210.90589614749385
198.484948204857 43.987361180893636
41.565477488136274 51.496635771446755
38.90842390216384 208.80756253107756
149.1496619151931 125.78416752262459
22.893129726871603 92.28771150905892
222.12326465236447 21.221000387240284
161.5556123056062 151.25354222299052
98.09115728218987 0.2040394749168173
189.69260242708916 244.13344939553548
176.6195536902192 179.37028845741776
149.4128547623622 175.16080379647042
27.41594691355648 164.0661622292287
57.89930855016625 245.3270224401516
24.308616762550916 113.06237347522472
133.47409998320154 37.93030638428416
169.50290397338745 65.89227608390006
244.19377215759425 153.33332840953295
223.22626257841074 240.2603971149047
218.8899109086731 89.4396133016955
198.2869081058835 137.59067136630574
92.55609052925121 90.54505819629419
226.98738750670702 176.28955670465098
128.0625504652654 6.021295556667333
235.57112502001047 237.53169381302837
183.99373149121126 33.778982674928045
249.3377707053879 58.804945485161106
227.04054026087047 212.8570697551478
18.037096238800952 48.822727254254325
76.39834522968158 91.46500471774633
246.5780333421943 1.087610676761247
74.65024606987782 143.57783649873065
157.75333014814044 55.94071392153749
72.48028105595264 6.915303787829452
33.986957446321796 13.955894412961939
164.995122322459 179.75447533614198
1.7631841769596979 126.8334702868964
66.58394206815433 211.28371880672074
28.265607477157285 137.4680152877812
205.88230452342106 99.28215097121148
114.63040788057094 153.88265243370878
100.65604769213168 133.29116928677652
46.493173732422484 173.30702003526054
99.18302299980375 38.363643809320116
66.01831561190927 189.045514424414
49.20941358353126 222.23761343168218

25.8
480.4
103.2
258.1
114.7
154.9
8.6
36.0
154.9
137.6
108.1
206.5
154.9
77.4
103.2
8.6
51.6
86.0
25.8
77.4
216.2
77.4
77.4
108.1
480.4
51.6
8.6
25.8
51.6
260.3
206.5
324.3
324.3
216.2
540.4
206.5
216.2
51.6
103.2
72.1
144.1
103.2
34.4
143.4
480.4
34.4
72.1
34.4
129.0
229.4
25.8
206.5
206.5
17.2
36.0
288.2
540.4
286.8
114.7
86.0
86.0
206.5
108.1
432.4
216.2
103.2
172.1
103.2
34.4
86.0
68.8
143.4
229.4
86.0
143.4
432.4
68.8
144.1
51.6
17.2
17.2
77.4
114.7
600.5
258.1
258.1
68.8
51.6
172.1
17.2
17.2
324.3
25.8
260.3
324.3
68.8
68.8
8.6
34.4
72.1
17.2
432.4
288.2
34.4
34.4
143.4
51.6
68.8
258.1
258.1
34.4
206.5
51.6
143.4
103.2
108.1
8.6
34.4
86.0
286.8
432.4
154.9
103.2
143.4
68.8
600.5
288.2
260.3
17.2
143.4
51.6
288.2
103.2
34.4
260.3
51.6
206.5
286.8
51.6
137.6
432.4
286.8
144.1
172.1
129.0
17.2
34.4
36.0
17.2
540.4
51.6
8.6
600.5
114.7
36.0
114.7
260.3
137.6
34.4
480.4
51.6
25.8
17.2
229.4
8.6
25.8
103.2
51.6
17.2
129.0
36.0
114.7
86.0
34.4
77.4
480.4
72.1
143.4
137.6
17.2
216.2
17.2
25.8
286.8
540.4
288.2
103.2
68.8
258.1
216.2
324.3
68.8
103.2
36.0
206.5
480.4
206.5
288.2
288.2
143.4
51.6
25.8
143.4
260.3
286.8
72.1
34.4
103.2
103.2
137.6
68.8
34.4
114.7
206.5
108.1
103.2
480.4
34.4
77.4
229.4
103.2
600.5
206.5
286.8
143.4
108.1
103.2
286.8
144.1
108.1
172.1
114.7
8.6
144.1
172.1
51.6
480.4
25.8
172.1
86.0
36.0
51.6
114.7
17.2
25.8
260.3
17.2
8.6
144.1
34.4
36.0
600.5
286.8
137.6
258.1
288.2
600.5
540.4
600.5
260.3
108.1
108.1
68.8
86.0
72.1
480.4
600.5
129.0
25.8
258.1
34.4
144.1
77.4
103.2
260.3
154.9
144.1
144.1
288.2
154.9
216.2
143.4
25.8
258.1
288.2
68.8
17.2
540.4
600.5
8.6
260.3
154.9
72.1
77.4
86.0
288.2
25.8
206.5
540.4
68.8
68.8
260.3
51.6
34.4
72.1
77.4
216.2
286.8
36.0
34.4
103.2
206.5
172.1
229.4
51.6
17.2
137.6
108.1
8.6
51.6
229.4
143.4
17.2
324.3
600.5
68.8
480.4
143.4
103.2
108.1
288.2
68.8
103.2
8.6
77.4
36.0
114.7
34.4
229.4
600.5
324.3
34.4
68.8
17.2
68.8
540.4
36.0
286.8
68.8
72.1
288.2
144.1
143.4
68.8
8.6
229.4
17.2
103.2
144.1
51.6
51.6
36.0
286.8
137.6
144.1
129.0
480.4
260.3
68.8
144.1
206.5
137.6
137.6
103.2
34.4
324.3
172.1
600.5
68.8
34.4
17.2
108.1
480.4
540.4
206.5
17.2
137.6
108.1
288.2
324.3
432.4
288.2
68.8
172.1
480.4
137.6
86.0
432.4
480.4
216.2
25.8
51.6
34.4
286.8
114.7
172.1
286.8
144.1
36.0
103.2
103.2
258.1
17.2
154.9
34.4
103.2
34.4
260.3
8.6
216.2
34.4
324.3
72.1
25.8
288.2
34.4
286.8
288.2
172.1
36.0
17.2
540.4
144.1
51.6
206.5
51.6
77.4
34.4
216.2
172.1
17.2
260.3
286.8
17.2
286.8
103.2
540.4
137.6
540.4
17.2
480.4
68.8
600.5
324.3
260.3
144.1
103.2
68.8
137.6
286.8
72.1
229.4
216.2
206.5
77.4
324.3
258.1
137.6
86.0
229.4
216.2
77.4
143.4
72.1
108.1
286.8
114.7
114.7
286.8
103.2
114.7
17.2
540.4
8.6
216.2
108.1
34.4
137.6
86.0
68.8
17.2
108.1
17.2
17.2
77.4
103.2
540.4
68.8
103.2
68.8
324.3
288.2
324.3
103.2
17.2
8.6
216.2
288.2
260.3
154.9
51.6
286.8
17.2
143.4
288.2
68.8
144.1
17.2
480.4
260.3
324.3
129.0
108.1
103.2
34.4
229.4
103.2
258.1
34.4
324.3
260.3
144.1
216.2
137.6
144.1
72.1
34.4
36.0
108.1
114.7
103.2
114.7
68.8
129.0
206.5
258.1
77.4
72.1
172.1
432.4
432.4
144.1
600.5
51.6
144.1
216.2
34.4
432.4
17.2
137.6
36.0
103.2
68.8
258.1
103.2
600.5
68.8
72.1
17.2
103.2
108.1
17.2
68.8
216.2
68.8
172.1
129.0
144.1
540.4
137.6
129.0
8.6
86.0
36.0
154.9
108.1
206.5
216.2
36.0
258.1
143.4
77.4
324.3
17.2
103.2
324.3
36.0
77.4
260.3
137.6
143.4
258.1
34.4
51.6
25.8
51.6
286.8
34.4
137.6
480.4
129.0
68.8
143.4
324.3
540.4
51.6
72.1
286.8
86.0
114.7
172.1
34.4
258.1
51.6
34.4
51.6
68.8
216.2
86.0
114.7
216.2
34.4
540.4
86.0
34.4
17.2
77.4
103.2
103.2
129.0
68.8
480.4
17.2
144.1
25.8
216.2
206.5
86.0
260.3
154.9
480.4
172.1
103.2
480.4
36.0
34.4
103.2
137.6
34.4
108.1
68.8
216.2
68.8
17.2
25.8
540.4
17.2
286.8
68.8
129.0
258.1
324.3
216.2
229.4
432.4
172.1
17.2
129.0
129.0
324.3
17.2
36.0
540.4
51.6
68.8
17.2
108.1
34.4
108.1
324.3
216.2
34.4
68.8
172.1
114.7
25.8
103.2
480.4
540.4
8.6
34.4
137.6
144.1
206.5
324.3
286.8
260.3
68.8
216.2
114.7
51.6
17.2
324.3
34.4
216.2
480.4
216.2
86.0
258.1
25.8
34.4
114.7
144.1
34.4
288.2
206.5
36.0
103.2
17.2
286.8
288.2
540.4
258.1
86.0
137.6
288.2
129.0
51.6
114.7
34.4
432.4
129.0
600.5
260.3
34.4
216.2
17.2
260.3
72.1
129.0
51.6
103.2
137.6
216.2
216.2
51.6
34.4
68.8
600.5
34.4
324.3
286.8
480.4
229.4
288.2
137.6
17.2
103.2
286.8
68.8
51.6
34.4
103.2
480.4
108.1
86.0
103.2
8.6
8.6
286.8
540.4
114.7
480.4
480.4
144.1
324.3
51.6
216.2
86.0
72.1
25.8
34.4
288.2
286.8
600.5
143.4
108.1
17.2
286.8
25.8
260.3
144.1
258.1
206.5
432.4
154.9
286.8
34.4
108.1
17.2
216.2
17.2
137.6
103.2
8.6
540.4
137.6
34.4
480.4
540.4
143.4
68.8
600.5
154.9
206.5
51.6
72.1
8.6
25.8
51.6
17.2
144.1
206.5
260.3
108.1
114.7
17.2
480.4
51.6
540.4
8.6
229.4
8.6
143.4
432.4
103.2
103.2
129.0
143.4
432.4
114.7
216.2
600.5
36.0
154.9
137.6
260.3
216.2
8.6
72.1
114.7
260.3
17.2
68.8
108.1
206.5
8.6
144.1
77.4
229.4
36.0
216.2
137.6
206.5
144.1
432.4
68.8
600.5
36.0
51.6
143.4
103.2
143.4
324.3
68.8
144.1
144.1
172.1
216.2
103.2
540.4
77.4
51.6
216.2
8.6
51.6
68.8
600.5
25.8
114.7
540.4
34.4
600.5
324.3
143.4
36.0
172.1
143.4
108.1
108.1
137.6
103.2
86.0
432.4
68.8
51.6
229.4
288.2
34.4
172.1
34.4
143.4
77.4
108.1
86.0
103.2
36.0
68.8
129.0
34.4
154.9
17.2
103.2
34.4
103.2
137.6
8.6
129.0
286.8
103.2
144.1
137.6
51.6
86.0
36.0
34.4
17.2
480.4
51.6
25.8
34.4
25.8
108.1
540.4
600.5
103.2
8.6
17.2
229.4
324.3
229.4
154.9
154.9
34.4
172.1
144.1
77.4
229.4
51.6
324.3
36.0
108.1
72.1
324.3
77.4
154.9
540.4
86.0
260.3
114.7
86.0
17.2
72.1
68.8
540.4
144.1
8.6
51.6
540.4
51.6
36.0
540.4
108.1
103.2
540.4
114.7
137.6
286.8
25.8
258.1
258.1
432.4
260.3
540.4
258.1
540.4
77.4
34.4
540.4
286.8
103.2
51.6
258.1
34.4
137.6
480.4
480.4
206.5
480.4
77.4
540.4
86.0
324.3
72.1

8.6 17.2 36.0 72.1
17.2 34.4 72.1 144.1
25.8 51.6 108.1 216.2
34.4 68.8 144.1 288.2
51.6 103.2 216.2 432.4
68.8 137.6 288.2 576.5
77.4 154.9 324.3 648.5
86.0 172.1 360.3 720.6
103.2 206.5 432.4 864.7
114.7 229.4 480.4 960.8
129.0 258.1 540.4 1080.9
143.4 286.8 600.5 1201.0

2 5 8 11
5 8 11 14
7 10 13 16
10 13 16 19
14 17 20 23
18 21 24 27
19 22 25 28
20 23 26 29
25 19 31 34
27 30 33 36
30 33 36 39
32 35 38 41

