1024 3.0 0.0 1000.0 3 160 240 100

40.73748151326306 180.04543659068423
90.17919670383957 9.596663411138518
217.79317765957367 212.40894305389048
59.53423847169864 105.62649014077243
91.6343891443362 120.24511592821877
188.09941921137963 55.59789995378528
134.03568992075247 120.25274845487358
155.71900177570728 142.53145463279407
73.87807920228711 193.6777368542611
214.61474703094464 88.72525427494324
93.69366943215095 76.28049859780906
189.9874716066626 71.22591270565995
59.78926075775443 134.21110588579637
240.85906483462628 113.77049473722334
176.87572573519233 179.28893561556774
4.280111353618221 90.7185830359033
60.965374465544286 27.834736127930636
13.422720874828764 165.606290836832
223.83386488939678 182.02423079808105
158.6598247208089 239.89347674767203
146.2386620297767 23.295859640316774
86.37886991744365 226.827886647295
136.73511225640735 195.0333448938326
161.68835793118677 169.14873767480105
186.4979122853404 68.28890404681302
126.95538338172547 122.07593668212633
241.25154334681787 106.29767275340782
17.279429020311127 144.427639289994
108.61466354919952 2.0919245812948963
56.50103623567115 127.24881550703977
115.20379994744015 152.13146245132882
181.14735993817078 25.37513687465609
46.00921321693877 166.42733100024154
106.08841120023696 92.50281286795817
65.34174410322521 23.423438152773645
144.37182298864008 102.28420915811517
187.95334905331228 245.18529699758807
193.9238763788503 15.783670249993332
11.71824835063312 157.26081928106632
211.17820346455974 118.17375177667469
0.6057600116511352 22.925599654073594
226.44511524050236 218.53698885384955
126.26459011484698 153.78041085726088
157.90054127551278 62.66243697706722
167.29056423887525 148.18428436479732
21.194628117199994 187.5301017213164
84.89346785596844 173.8282927839573
198.88479146016374 130.72558537163656
11.044990356044254 15.848486599654322
158.32411522774728 138.09765058828575
51.6823724572312 85.91919457680805
57.67368372993839 112.72062275412856
146.0273850179945 29.52726163730085
148.58087924212072 6.329255629234199
81.68341041380201 214.86443624495112
174.69003657863874 46.466317392108856
124.34516281921456 121.15224087862991
181.2494482782626 20.448495774605945
24.143517297092938 216.84527878356784
82.14481322402611 133.64715360084395
194.63242869687804 182.9074560192103
151.2746928360285 97.65023699225917
239.31075471934176 123.34297742842887
120.69440327545911 217.84639309039736
150.07909868990808 138.45281591209422
145.34695993622375 87.37126395559442
43.36973685475012 183.25173777826942
151.95362785501555 29.084079178589324
79.53793275995338 244.08080483845882
186.2423699099408 145.48165961950258
97.09294985592112 82.0496950894757
102.46478114485319 186.86716412868157
133.0462347457074 235.41668639233424
220.21760340903762 162.49809721980765
66.27816099607651 222.1010447431228
14.691086187669288 162.24378085490522
187.41599589700758 156.87793539451107
11.8054753083785 78.15688699061022
242.7141093730384 205.65552620748628
103.49741677305025 137.83235392146153
240.22377832884266 110.33788591237659
41.07984637054163 81.60478429041473
40.5359872141759 31.191790400651758
159.83094618866608 2.4926011041724037
191.10339506968862 195.2905283445911
128.40937104375791 239.73434049316504
168.8109381125983 249.1473977450527
87.34880556799693 39.77511632332184
132.41221115515094 195.80123496863217
89.80088716818597 105.46342541679982
83.47196574309093 132.98631018636883
19.349133808181318 182.51948705649488
13.685526321321085 242.5512555147162
64.2109704684564 122.46018203146141
208.40567183955218 158.05255788492127
75.92461433441943 78.74604013875403
94.12088327646104 115.4487786457917
122.20305654886346 195.14741698186185
120.729099492141 229.29867120356727
236.87986245449773 73.3637434884701
248.64786351476144 86.25159253986043
170.88672490653138 4.985161991788556
160.08647435747292 117.65045572819102
155.65589265650152 26.27654549242317
79.60416938227155 46.15652811800375
244.90256566204462 186.1356161072445
68.30161078287195 42.48289965189256
13.206121393318975 78.14748612822878
107.28257580714981 73.47218879533607
205.39073621466437 130.88677890219427
240.1846271787309 95.7510924424537
157.35751786316587 215.33596259197822
102.24333686660195 206.46732216466182
233.2012003718481 138.63371613979066
131.374466421585 193.86072315349702
37.753488710799644 239.00637982097876
246.36033416335712 95.76929647442687
167.80103865853982 46.09835756172717
220.202736356938 92.07148783282204
100.44578487423783 48.971150105148546
16.837857021409995 17.339912997156897
116.50964884143502 134.2986625559005
59.908771440235654 34.00661856474368
20.912019492795004 70.46314054660877
242.52039481625883 177.2233407071898
134.40051896718634 37.97400352857883
141.3504181757309 67.68122619763925
19.119448928055142 229.37138727449067
74.95845647206883 70.90105771593191
111.68109167629991 88.678358374963
95.28231518171602 170.8066907802165
149.53695491180397 100.23149201648258
152.01128080749444 22.934699721121056
147.44993831894644 123.68876433342591
2.411388917787527 83.64418202310631
242.20356243994934 36.1694359254599
49.529953651753665 107.82100580976368
178.06519167170632 188.27161451965333
97.01261189319848 231.20170391730534
161.13518613575295 228.09824424084098
233.8622187265954 235.62248537806704
58.17029163858817 53.793819959994494
150.83991179854834 84.68721209060095
72.0581306722276 153.91470642689023
161.51328078714937 226.9189551161409
150.44325030057985 174.14667092544497
9.197693386784028 7.656966460618558
180.2742023388564 154.94627721847462
214.61584508774297 53.177777821336925
128.93705974371954 240.94762917178738
175.01043204006024 65.48969306500474
199.45099591446848 228.92586648169657
27.861268903451418 201.4925224346617
52.63061151323059 163.01410561795564
75.745155939869 219.8085097876113
52.11037447609371 162.49809904959247
13.552454999644054 107.69242246793681
248.67673744435092 132.47158369223726
76.66947738964025 35.511881201793024
242.05174313462683 234.6555802313635
38.63455084837186 11.480341109930958
196.89666293631566 58.950158723412166
148.34112061412813 8.854584543114774
80.06190673493049 64.03904077281763
182.28354920978907 51.96594623923642
5.923270596184138 170.74759571146478
69.79414949297899 22.46312076528151
44.55143309003762 163.81286832056654
110.00363515216505 18.09650772203744
36.80094074706647 26.445212981491412
43.222050410195195 196.0044679187715
72.04189094600017 130.0584260623281
0.972923780063889 100.88654865222463
104.26067913587036 202.05671565717077
134.7493208400339 154.97278355993464
195.94938776447424 67.93458553641182
174.99302750583416 246.97839688043842
153.07557334806904 152.5226184118888
9.318248644948262 39.00081722015461
167.4489684785044 76.76617595864677
151.51358032192294 102.85716216915503
152.50958561731517 232.93529792570195
239.00443187100737 111.42293927296731
104.26481305505436 57.584165525659955
109.38712738079329 118.21516428517742
180.14667792849585 186.53079443110647
86.5618088694442 71.47341947829408
170.20498254783965 169.54931489419187
168.59985489475184 64.91105979791779
127.54119673148861 132.0875101084426
208.87454875024866 92.4042947320477
154.3364319044254 209.6865786445773
119.45027680224965 56.64070275627575
81.96755259056154 59.37992158204586
49.88851705676259 115.87034841132474
26.423164037709697 228.109889169468
78.76837456479416 226.50724785431993
176.40460386156036 226.3962384368408
93.41416717693573 205.56690534966512
171.25885681699415 27.497941522768354
94.60881682439745 210.01369969293822
67.76204405813715 185.04472763961923
215.30615772376925 142.2306221682142
213.3475355943181 186.92820838423665
72.25326534498872 76.0176782450643
30.880563778756947 59.71109705843211
48.78385978821928 124.24356404137838
7.125164943790701 229.04960568256016
191.80602927904735 56.06660991276938
143.99960375530935 109.7926460670951
14.80197697217961 36.947340405529715
110.56066151355182 89.83926106828216
164.6454673291579 246.9889933551361
4.574750053971677 59.86966268986213
40.54993314402455 52.72602144570318
174.82008860709618 156.9420165710499
204.92245031088143 10.990531063186676
204.47924432426916 214.63122767818018
123.35809517373184 57.053107910479575
216.05469636662812 215.80148321023395
86.74931058078452 153.1285948156188
7.6348152977134545 69.64156415127718
60.140554094255755 69.56359901370948
108.08288269242206 49.39012563469603
167.92414283769875 162.49481262736123
43.63263273045737 66.11467157547574
164.1428059600042 37.359580921123566
7.727150482866985 246.9492205304897
104.75215147365117 51.83809046011939
210.1980981820196 247.5965179843511
69.70029112498737 75.75780473690614
11.90451566851436 148.20016974589018
11.006659360138087 127.76309243556052
60.24580075718042 85.87184541202645
141.54635937786463 49.87589296838835
164.82781904365672 99.91581348284204
174.9776979950504 221.2532250013277
109.08754203785905 216.99261748800885
24.31034815420288 139.8415524868065
124.54281138559226 219.54544946053102
126.34982427710956 60.734225476788694
5.664419394601134 11.199131441521375
243.42890185797256 32.14044241410075
79.49739137859058 12.831003378444894
208.68353335798494 95.11204771397819
208.05753434213707 222.69540408867772
156.9440278715074 171.5294631360297
108.16204104606719 39.12321309879061
192.15501728781678 22.248809105629263
170.0934199842236 155.45426474582925
147.0896816125789 239.13396624744846
245.94098383899995 203.8998846953936
178.00812052222088 55.260767994125686
187.16306562245362 196.83004351168947
214.87282913369765 170.421235351231
225.32363006883082 148.70881287092527
231.68102367387232 141.4239307643272
176.27221359717095 155.29862138124614
141.3326182632743 115.9600537707186
29.175954819064682 192.18422143147004
199.06353281843383 50.52022647296331
226.93746816542304 104.72879732320605
89.29963291383348 166.46435592833058
235.61254574837713 24.667603747291185
75.14750925401647 160.12867522984092
84.28397307206242 36.92113832618599
160.26685133513547 177.73744519263172
78.65173313884836 135.70259618778903
199.32863740169918 18.092475203508236
105.83951250720908 105.2085246380955
56.10314600841757 128.3198988053239
50.24091477381706 130.95301349389328
203.9447717131317 90.68777790287328
60.23632887094899 185.3506432904505
180.99737293205322 195.9269895864734
16.465249641983426 115.29387531858897
27.557467084819653 27.225425846887003
145.21158237482862 78.15943281731899
16.019726004977752 226.71289469214668
97.37797470073292 194.60048846785926
242.4385951118316 219.772797162832
105.0071686045696 15.944001734015028
200.87427206481948 39.6098882972345
156.5589005477194 66.34842044330789
60.64959691902211 175.76970104607705
237.5925860958873 157.1780560932955
213.46450881286063 119.79002486146778
16.80557499637744 83.81547614195345
5.866086778651275 183.5238230117575
189.89180910850084 206.5489990231359
1.9125616284264568 109.22570665470683
99.51526037418579 64.10147114377455
140.68361084107312 140.48701724847018
200.51671597565698 108.45679741600456
205.0331931271256 128.98371265100337
181.27153542096735 25.73078925869049
106.97676645637533 216.16569430380315
116.68686145640756 176.3095502093985
164.83221220976316 98.87711629093258
68.5746776075165 159.9543852099392
159.15031695993923 229.92245944311557
196.83578946531716 189.29919723881076
241.00840331070327 5.534461052076084
105.39791533381074 183.61384863955763
199.97380495919862 214.31224607428686
146.67769108007454 204.00494717792495
191.99186919977012 86.92563027192301
198.25305397901903 175.85813126585137
112.00476717672123 46.53449088842188
150.60190039728917 112.90946873558389
212.1924393384601 35.311609734137214
238.01345857475096 230.85706703002927
175.71478047840128 118.63649819564101
216.17912767348898 71.18816725605053
164.69630821873542 195.09995615524682
153.85182009496623 103.13551106685287
203.01926671982446 131.2046100170788
188.09359464149838 233.58054513116272
91.2893176699995 40.38158547826479
156.47090466993427 36.64330146521458
110.53007007376337 60.14877502798349
222.9080186710196 174.65260791681143
144.397225898934 5.390393432337326
112.39000760665144 140.90636121854493
173.41542885376066 240.95307007703622
47.21544050125581 222.02384563279344
215.1977829463831 152.73741979600308
158.15185659817453 6.531404207599067
102.93040277055462 232.50040878451338
51.08146657601586 227.42766668692335
150.428163074258 185.85171999889295
115.43057844173751 57.73693468487595
221.47261460279108 62.19885253566721
43.53090568623846 36.66441293957581
15.704616160316986 63.027515825981844
3.643717580432443 11.520629955740658
6.152793824649782 10.13370767338434
165.160287443768 110.97504896493157
184.4373276367758 175.80315740237535
32.900101330293666 51.51381561260698
100.37263670209242 27.267433360692316
26.855684116198404 93.99560757900683
60.04205433860904 170.32029668194
156.4119275692491 123.70966309710485
142.12211900631627 58.340938958626104
240.1709511044282 163.86643975280577
45.43767806593149 174.67790050398926
226.28476816633813 45.29920847110466
236.68232666947156 146.82334088168454
96.92695291256875 118.92895727499419
136.5262225020074 35.706135061393276
67.07683275648924 206.50297248246943
46.8689115240562 190.09306456955437
187.0423648289552 56.65525848914038
119.28931843603834 176.7313497406471
91.34257445734146 245.45414249859988
176.48510570290128 104.31607516735141
100.8703827934661 50.67855940604441
217.55704053084358 184.706011030937
191.84541449035348 90.90050131145006
56.231053063288655 127.76015083118034
214.84838884138534 246.46387006944238
191.268542682595 38.32817062307517
161.23549413669738 59.35465559326694
8.765500035207264 81.23077972911486
67.44146081475408 66.78985591739414
41.44808097609598 80.79066651227542
46.31922540540023 240.55265687028233
160.0867385556565 184.3278800366563
246.28837213349286 22.868202315497577
183.46689943158992 156.69629095135295
141.62313395926918 1.9751809901030204
77.11961382434565 246.17857947897204
88.1789144504084 228.00119490292357
42.609824582244634 142.49621699124782
13.53485298327864 100.4027958379402
114.8221751492374 50.137934191384154
125.45970372330348 31.786168493231624
127.58064095117258 141.0410288439055
172.01986257850845 63.42478335370708
249.0308767252719 186.585824162614
143.73122472905487 248.99969127915585
244.01412844682955 143.83914016512338
238.67299243343092 209.6211229458375
102.42099461968255 6.151727356040581
234.13191644547217 212.0824761746629
245.4615797041517 3.511275926072477
60.85500435204047 213.72850417050833
144.68093751336264 144.50004095672006
25.857622332255524 236.31830069218753
115.29993075425595 138.9767635097061
114.16975198577519 213.88787544357336
61.51897431869963 84.30845922569705
170.29272901263536 138.95187786087786
111.01461800290066 102.78654159633605
219.09728576745476 94.11369983880061
85.18555034266042 118.77381861880068
138.54077029141 46.434796253548015
105.7588913362517 117.46919218253868
88.24243349211564 181.20844525483085
65.61391956796814 62.68493081799698
79.08328533926779 172.26496814369324
152.79168036362628 94.40196833257642
109.79283449574397 243.8314939659298
56.47213490911204 145.3022828912517
185.72253705795987 37.829539194689175
233.94507445455997 13.165707836537171
103.304864047801 94.25782923860643
242.04341291376974 192.23873703738852
221.6343701312036 173.9603199734071
171.94904519962208 123.75822601069333
36.851405720019606 248.34238544542734
36.01660713920548 86.44832189253879
74.85225338651139 88.24697839881698
184.8209804365743 183.09919683554972
208.14632783252048 66.2514857891354
198.17291262987365 165.58794320765602
41.55295158056188 120.45244379686396
73.97777676216887 152.16454858582722
239.4928472751514 235.81036162322872
88.4183329668364 101.9708809395212
140.80865835737129 113.93576980214995
227.7341744029676 70.88623845094708
178.63907664087085 82.68294016829184
188.8224805810662 98.66707150710336
42.2355979432347 119.01386968318748
50.25198904585867 2.4892432622602434
60.61145394983672 97.94629323172913
103.95518472946527 37.96433858605064
245.9074510679745 7.089812752885671
159.30235407138008 188.86694164214853
245.3374576258277 176.26557176505776
100.56053464731148 228.24882407963253
47.763069174195095 145.5784414463278
229.58931883136762 218.7567661162307
245.3152021378114 109.2914301584788
150.93340048002784 190.9224723103118
25.69059604975743 22.94002417276639
94.47310253637403 47.297098114811476
219.83842580888987 235.424304290333
111.97558484063902 181.49019232293153
79.96585338143697 67.87222714046423
110.65076688243292 164.09400187062818
44.329874347797144 225.02994236970468
107.33887054312038 44.87765204691954
108.24257571440093 160.77881923703785
52.42307508275226 10.627523925912735
182.43954342595268 227.77283074365252
74.68671381311142 206.5023431165222
71.01986636939756 36.89040350515552
151.13484346520042 173.08970483986326
196.6310254141386 19.942125892973895
41.6327745312462 44.7115916582031
175.41153665438983 91.66581225331974
218.55008031767474 134.47150201297825
220.89185929677092 234.17790594511015
138.93822130665106 83.89116298676358
103.66464890901467 231.03954977329866
121.61984866019604 123.95289799655477
161.14076867221553 184.40856263331364
212.58277272694775 230.69617140988169
209.60161492031725 21.7684338181314
13.760955995687358 229.34416359413302
70.90371864079673 131.85391964397863
18.066115718082838 246.228957986212
111.9063330134987 135.54337005262522
157.75429083087081 7.243148221565382
202.29958147338644 162.59132188101856
58.39618310457206 144.85325544740923
115.36462593340319 194.86270800622364
244.2155266672407 31.947983268102053
8.9467940753985 59.03610821303043
94.2310407618346 91.6615040281264
29.088781726699153 183.23588284246267
77.62301844783343 213.57466930565164
125.09482065290182 27.9222411026821
84.89145397737249 133.91941748154434
105.25275844868395 96.02278525562649
7.911183192174459 204.47792160712072
134.6881465167709 201.25784078393573
21.327181973832793 219.30469119419854
34.5475472641209 112.8556170955034
71.41780945892314 189.1047458130957
134.25471322059863 118.58692017216124
65.34939972687285 132.5256704015411
123.43142462537476 21.22400281438383
3.9919280436415128 184.5459356184461
225.4864915662422 201.9013730079738
122.79255186368465 184.71312539297506
188.64882929530526 11.45785857196277
164.77714835085217 15.395722266056428
145.3496644371182 45.33145691729135
229.45337817838112 83.9938708370909
137.49628540746951 12.775052382580421
20.481645154409616 24.12094814220167
217.77954558640874 111.93144131487736
159.1518254045971 7.483001961741509
173.3433724060717 27.648920117890107
184.0208096091076 235.64546936868965
199.8109154158195 224.54070694114768
203.38359249624813 38.02960086480542
154.33256945252617 198.4670380025535
219.8254023606016 25.886713637346322
211.33901064559515 23.678367605608763
74.40982687523798 176.87787574549304
164.6930372517956 64.94489850409741
129.80283740133362 91.7115977533713
135.95943377861215 53.66196413095045
247.2462330610689 147.59738325422768
90.75868289769745 178.59481264459805
140.2224298199976 127.26084336945598
210.9707543348036 70.11598014887022
116.96142388071054 46.632734913949285
8.60974821837923 78.52207204871742
52.13560967363753 112.37559356110924
144.684832515145 87.20329462229256
120.20627776910706 162.4336458545351
3.5917797805936624 18.07183264997053
214.41657156879603 45.39889531094646
151.62138649810177 174.33647237438322
52.309371538030916 235.4903468984436
124.91136951855744 197.91987141277184
45.122795256891365 249.5593236174622
167.38233324870023 246.99151368757333
62.721005294102156 116.88191363571354
105.26236126544322 90.67306915709689
242.87137206354544 170.64285320791444
55.29189028709447 172.56193012130714
191.03688152518174 214.31692896428294
17.071193577844813 163.61207578705066
72.99624509656682 12.466414366830492
55.45335098553783 20.866597980735563
186.5921910940363 79.23584078024082
220.21589086549483 60.46434245761659
120.56990971312342 1.160304242911664
6.811027429656863 244.7365468816863
155.367641545696 142.05611105628762
170.76744531506307 161.06429650575447
87.80934236305308 180.99495065514543
172.48320812785445 225.40616917118862
147.42631395371566 221.59113985081996
41.91952501327425 7.216427255915953
18.7864297194488 208.85539275394797
30.155184844016357 137.61036179745582
178.4699646513008 249.5237807302416
121.48016680529474 204.79997901233628
20.887291676584237 82.1773333591054
92.69208029976919 36.30934653477308
158.6443758316412 131.6786507646225
113.61700812950365 26.141440279651984
173.10963686773266 226.3391299833639
3.62772831946645 18.125030986513828
220.40179265800913 8.625862433135179
223.3811203398116 56.3104073834034
60.10038859369135 14.977885824579568
60.95189091252465 110.49150214423794
80.11871133681552 183.0628952409868
104.86547168643793 66.58925775118557
130.4843831352992 231.32860907466082
42.92001952047625 154.15008647288215
135.48085192126496 232.45718237637467
187.1845165479154 231.61308733585028
190.38739752893127 212.33309436874282
169.03105426533213 100.13345691185039
165.60240766145472 7.8370899601485355
240.77449403214484 143.49328234689747
215.85092677952912 86.36367690161079
98.6242278860578 58.523533050316736
122.92412410103596 222.60562743309475
176.24415668379865 231.78018641749105
128.60786223080535 114.05315860230672
23.154985724290423 95.66529970811143
78.44234509733359 12.549862945726131
82.19912910013983 57.10239064399719
88.83957978097249 183.51165091393509
106.14051552998724 145.48399219622394
144.8129727522037 229.54577794214654
176.48409099989374 41.314213817504914
190.39586681062403 162.1455737176683
240.2040422280601 177.9885147170785
33.29168905517635 235.79435879468124
230.1418135504094 99.41818329047564
169.18462525756738 148.5360930705174
181.318442415014 223.83441190769963
74.79303692109693 95.35813743682203
105.26354911105341 66.67700986545186
176.9807414830073 229.48581293875569
212.1432038458503 119.88574053440587
147.4149131185 25.27536211917536
150.09689918369287 56.113178218519074
233.6029180168831 92.86002922592482
9.735120966411214 3.6081469175926193
222.96055999385482 214.22681946811406
160.37826433451792 136.48147641298453
216.26161816689486 24.63669832360424
78.56038069469656 243.53990040867347
203.9945422848699 51.46570068444914
71.07738850811157 154.12482903878634
141.963940835529 210.50106258355044
139.21509982395295 91.87550133208197
106.67566986110666 239.4450833222206
120.60091865934466 207.18110382836232
215.71489494368004 104.2767710426024
228.80428258895964 53.33030715909742
136.05198196963548 113.20677155765001
13.12958035319378 42.43298731136491
4.636991807755953 181.23940971806135
64.96540558538506 61.09202069605224
62.51706140884614 133.97339561606626
153.53611575915414 95.92727722567723
30.877920292828847 115.15505239489848
176.82310033363157 151.04656462793545
40.62702712871039 102.04274806058902
171.88938829941242 43.45793816489782
115.30926358007568 220.97802472455152
150.72788935522274 24.579343059210917
193.04934276062514 42.733134052228
36.674104899016044 28.029831884138684
49.436825882064745 56.256275719731654
193.2078721966554 148.1579881428335
194.48564529557547 237.1260311924691
119.2791402278822 187.13665808679494
239.394992174965 206.47730652039672
34.705903217079005 29.3953450161675
154.56545939947654 239.43695732940398
105.0432424919093 30.873159226040087
226.07929334583494 123.18166939025116
43.84669824475795 120.80435681797341
41.53730506259201 100.29482612986656
191.17890759273018 50.69972620843424
57.98679006606433 225.5340292729065
99.99634296335158 84.90898514863815
225.432621032327 204.47386426859183
33.41485186000925 149.49141323301993
69.71758336453892 110.15912704881053
103.39115920661004 77.39826428873312
210.20168869020264 110.05792919990381
239.86588041309668 208.17581687566377
80.00105050252543 81.49840154354041
143.48209526325223 11.815976476841822
117.03722498797973 161.479006802922
201.73044868857392 119.46898544207905
161.7266996925994 106.67632406748146
58.93553606461258 242.0777878891515
146.15713437626107 190.51088041716596
146.9255797184704 199.74263366136267
102.05891226515689 241.94194249809377
67.82596285614389 114.749647054583
63.01594691830917 218.3763962308127
58.93281177349854 159.2058929769699
124.31823835371236 69.7780415123444
184.45100873113827 175.33916497346394
150.89490513941047 130.1320274636367
88.13011126962714 120.93691158677552
17.646383976038155 191.02001754142321
142.240370144638 104.59132569427423
65.75959824562436 9.572958990177849
22.694802605590674 199.59364922462188
26.525562367485545 49.70817830121149
107.2027600918099 173.82192008689952
176.6633851911879 158.4793163108592
192.0558826184271 186.72063809066807
224.29873031758672 57.646792550618024
63.167488396209784 157.91844690643723
177.60168542287508 139.05039195287898
164.88181408531221 150.3472676082517
156.5794721140028 104.33588764064805
233.9170519617145 88.31500794445424
43.80433440534759 124.96502435705293
220.7829146929446 161.18153090397874
83.65587138286278 241.22388993563405
57.47364889693862 185.19583034939973
109.01256263676123 28.168635656414974
110.3017409301642 245.47717734678528
185.5874239895841 145.5554297198449
185.1681061137132 81.18144305096159
30.901638321489454 184.3917045853903
85.11556671797291 207.17135281827638
140.63136593728925 81.06599604564698
205.6552061734984 48.64015353392476
245.18175053957665 173.2175213205057
165.78906091319354 213.54369598947383
25.992296390405624 95.1957131188047
60.36049360569898 44.268586922329376
146.15257163886852 209.6470571564231
222.4542513531394 140.15246609905026
168.91409857243184 30.803379716326738
72.17115008437757 225.63815013549524
200.83402901968424 26.806803253707656
74.69871452888574 133.53536314703894
183.1104069741427 249.83737472774934
30.614919651116484 209.4985569069789
53.27360151382762 161.4056765557454
29.114960661470846 7.443886188424814
144.18722570031443 70.50017610688703
209.08332673640535 176.8544590897845
75.8773145108066 156.53362069753564
137.62199902835667 65.55505316335186
19.541711271224422 187.84626755331246
142.66845710465478 98.37484387180801
92.74224591845915 91.98001507505002
125.89730566098517 209.45295657963462
241.4134965413237 127.3792200858501
61.706760491218596 14.154886963570062
86.20187008727432 162.53863795595683
33.28214892084386 207.71108753497464
229.6126358605606 12.353834703804079
154.70826854750456 57.0631112634985
161.21686539785117 234.4834484408336
52.814115907004826 11.479485505546421
187.15726626963612 187.50600254518332
152.9664847858685 158.4140680187067
85.93166806008374 18.14766768869444
166.99345849713907 29.164194279381245
242.76533257726038 45.61882343522802
23.058846463751447 38.710092228622564
65.50122918177293 67.05466199925574
245.48607577569203 201.03037433873695
61.23850826573937 96.9374557186454
229.25222979326153 85.89189027621299
17.18560656779039 28.71049327034206
40.22501648562682 123.08188287320546
96.9083511564428 44.84248147549
248.1231594477931 71.26445684348184
60.64915642183594 171.84667767935613
37.044396087486746 45.02408358798102
191.94819973405103 235.32196876242048
150.30237608599015 247.84786933300305
238.76774219746144 89.40190590089092
190.94516136147598 179.17567021089044
66.73184795580248 70.97237973036735
206.68773467994157 107.45915914751794
187.93241970273647 56.38048451558983
59.63906283142245 133.72994015551672
149.19818417104065 16.188173954565066
213.74903153688294 247.20992036315147
177.47827414839475 178.12136458916683
198.7323991768617 55.76484317435709
167.54846087582698 104.67477169235617
17.450915218481356 41.45335994193858
16.582263063715242 189.81674100958193
5.110160756744947 223.41061067170935
50.22812124615214 52.20547695025865
119.03788285048839 63.41574191341595
206.31683968089317 54.24215517052755
77.83754284263219 30.27888989646488
135.9479530119704 236.0866330522578
205.06000475172212 246.01889518768454
144.3712679483556 94.34324033728086
204.57404986490857 230.70455655168578
171.23222782961545 75.57374399951436
149.7586898521079 109.4718872533823
150.94442970031884 16.1910935501787
59.33388779468016 234.30603178690194
83.40850251557552 216.06998102850403
63.98144461702021 71.94582651483333
231.70156057612996 191.51333181947442
236.45362660556486 139.66724418535645
231.81459684042082 248.12183722072672
127.81615623326884 235.60248519287455
195.67978843711967 166.35996022016394
50.688046223929526 33.280215334597266
203.75886572024277 199.84115868566388
61.113001720180804 198.687973113457
70.48918670061113 248.62332190636957
35.89616269330115 160.27584981649213
64.98865550675112 205.49728326405508
152.50421938650877 174.02059326902287
184.12189128036002 145.2121540751919
132.8586993941561 143.7661121165122
55.977461937082055 226.25963444576075
102.39021648146901 35.18279041821187
137.32577391530918 120.61699261885495
135.89467185641277 158.17222684339384
144.13881262023577 21.146287648722424
74.48360674161958 192.2974056858555
63.62885149431041 173.70553739118978
210.02889623381532 140.21004119211176
212.60229646001545 65.26861401617073
146.77609374451137 151.76836426084242
139.65470341060282 178.01751059176846
141.87678628153293 17.761693528018014
139.81910188941458 195.29936296275582
51.333167019104096 205.763281393844
139.80855890631815 108.08849111966416
237.42069172468902 173.29089419335597
136.3160385306006 220.44702921243638
159.2489874066309 32.446382426248285
212.59326926018926 21.479142220488022
42.0064972192849 97.5310490125163
204.00307251016667 142.54257000970344
24.84802638552233 166.1120617566162
106.97488842335548 173.40309728618234
55.44125332247185 233.03907247593546
148.2242041109172 96.08667966697185
58.225490220889185 75.31392252201927
106.00421949404706 67.4327701164499
240.03140821636072 248.72778148033868
127.55380324502607 52.886116397487
33.3591798275821 194.16022790896474
217.2121327560486 138.41282882075598
101.20598236623293 10.783255914538742
55.89483050706123 113.10496782108737
204.91270547381046 124.94593803050549
163.4568315595099 246.75090226041914
72.21982434249632 147.74264439454302
57.363160054054454 71.3629123280152
205.33141943894012 55.0866084474807
209.7065392483863 237.45788591011257
27.91299632441832 231.2469197988167
111.23494439476012 19.967126812937718
15.951242991563031 216.37361196930857
243.31407860860742 89.92376030240933
42.908313557456054 167.78914530767517
225.60002870025545 162.5792266782748
69.35653036250558 35.13594212859034
170.64392438625862 184.98611559828691
184.22670205913695 161.50068028315454
124.8028236409292 59.45984636095372
71.70013782271164 64.7493431003259
154.41712725094092 72.17317653175118
178.11660944472558 72.12445490927661
29.525194184842146 81.32661293099416
124.95298781153808 58.53801132443506
68.91620958649725 184.3958291957654
243.8467649406629 123.09378256886072
227.61478966754726 144.55442123291382
131.9678401298997 2.1530833891550696
225.82305015789268 217.48607204617818
75.5583678693273 172.3753463579314
88.89171122077776 47.131819874323355
42.44391642963829 58.44688627337569
227.8424617968759 51.80738784352637
97.03256580165254 127.14599412135802
45.64062769756 220.12982148944428
40.266474940308825 157.5709550222642
125.55370795861687 18.893475134296207
10.561049667710765 5.365734692948071
95.35115180529857 15.509948464979328
119.85371598570488 152.856509516787
53.61438797683313 60.230314632178036
99.58006709862721 38.13987858281437
117.96802973772849 32.36612122518451
112.03610375633355 205.19953913114045
28.295152263063894 209.11132527149036
161.93146102420673 32.89759281469004
65.26147829294123 229.98765701134553
86.84706042713688 241.02740837054938
235.535685826567 139.97000120446617
141.19395390705623 41.329828169804074
231.33569276289182 96.43251664140622
30.653143950850755 228.54010204717676
66.36474548635618 153.4321034147704
216.48369704817128 204.36696219292995
169.97319635036862 232.42011302984082
63.29014138315875 17.4427508271785
9.85261375340904 184.95140503734535
19.404147448119886 229.94170962104712
231.34516230449242 21.30992137293003
236.84949450246782 122.02154150650662
106.62743815877221 79.66490905047472
152.81431231864894 209.9324976148144
126.8024081554942 197.33121811291576
97.99430344126162 48.99950762067809
171.68938203085887 135.7654167063303
182.26110887461545 197.08750014815
170.13702987149566 71.9065098677817
112.65281660696527 209.76271818731504
138.7381364362733 181.6652087404412
133.70832508922578 196.0797525488456
22.04146586660785 189.43811061667168
39.47963681240424 170.2069632553696
248.6637914996298 205.73952739157093
107.95010909971845 64.38378593029174
155.13492600544652 66.6962640066657
95.2233725086969 123.09565711133791
176.76554862497224 197.96982193904316
30.070614741153552 41.25997159887701
192.51087322007592 218.72393823448695
96.47526283683405 105.95489567313393
192.3690434037212 223.30203105351936
66.01254972016999 236.6509243884342
50.058060020636454 170.7888759304091
79.45999321890623 133.29594632338248
0.818831207762355 214.27602928408913
160.15033457856103 196.32767441977296
26.222759646456346 214.43560816069035
4.078778394933064 164.6831484699562
70.2010742281953 30.96837660579857
201.480668769853 244.62082071507223
160.35796210192672 138.51242329263252
67.64295953811794 227.41325171715448
198.25281640693103 12.460887053376945
179.47271055143344 226.73854487223073
100.24805786601092 70.80988895980886
59.38943712521436 19.37551338714036
232.5532092080711 106.0536926884415
94.47565263525325 32.322758293376886
151.7281459233177 50.91307736038289
101.90422980634506 55.53588867100881
45.50599633175406 93.77560802360405
183.29126360200868 226.46086901444556
1.0437227281450967 136.76991736781318
106.86833375201365 107.3267464211127
189.48124389084953 239.54849457771016
90.39540501504409 70.99578589339012
144.7119700660611 239.6499936317989
190.0777562792434 179.00372977836983
89.55601288647544 99.41121217482774
112.89241059582395 231.96749295568128
72.3900907448721 87.4821746358827
143.12529720849685 153.83678012722575
23.708611386797944 189.28341176125997
124.96025250843756 157.03202867682117
71.69080975132627 113.73621483013247
233.71124879609522 25.133673378408105
13.87654527296775 73.98594248002763
51.53876855771553 58.1411843903259
188.85271509674524 127.5732352094027
53.9515135597331 16.332598558116224
4.605961608884685 183.95740477902862
239.85657984539753 168.78672442001385
10.521983235061704 65.46211298784208
14.163356706785146 131.86099526924832
14.917528406518471 0.2806812496547184
152.18453460585022 66.04536409534273
207.39065164650984 128.7658276326117
53.23293779415159 41.312694847388336
54.94199348879972 194.95585016092002
171.4497992601176 5.615763251636485
135.50165871540827 165.88495257869366
193.2281545995065 139.88911112660463
175.72577067032728 184.65489542720178
97.48128921432911 166.35257121980334
104.62110263481303 14.012920563079428
216.88469151391953 143.2434127181833
219.0053631121871 28.729086405697572
185.85091581326338 108.83095985164567
7.782728302561659 125.35678493984334
36.474437063224315 135.24754038253096
130.90870739059343 74.16466507548927
57.017142316513144 211.7120320086787
91.71804025264593 19.148135343804135
244.42568437745544 1.81966054741442
96.96946401355034 16.176687698648273
110.48190601275121 147.76947684272463
9.087214915632524 212.6259643138922
185.46455871442714 78.78138904856132
153.14020757923254 24.62963219980238
209.70163358549033 99.95541180105185
59.30918072809568 199.09781118035679
113.27967048245225 11.309182231062115
12.31925346324092 19.455178503814093
146.25054684688203 213.176030997114
40.89393480064821 161.4269857362347
9.640867097976264 221.7987787946105
86.10407706207032 166.92128814649172
88.56384888116453 75.27223634232733
33.016237554330644 140.78420897030892
74.2499476431997 147.29128149204385
68.87237692852081 204.17665157850539
85.84983946421556 216.79044090350897
144.6943990676336 248.7217481950071
118.53946183322111 106.08590364238738
188.10354270973198 11.24894559756559
16.45592357178624 232.86857002970012
52.04206216234708 6.605959389823002
65.98199373415086 186.9113963858417
91.15441417071321 18.6919207650835
222.56534496692734 114.91917086477154
81.300042375975 243.69396979289098
86.95757306384236 160.43541518338571
152.83500571761047 30.972623452498212
105.803161793141 153.16076694010277
171.76870409971335 22.202593661538234
197.8831068375521 49.855529262456955
149.94463095024028 25.355947231479547
67.51718596933493 132.23677898329623
73.46552101877668 145.6822620129089
80.61260537346307 162.09185704622192
195.8097158280526 135.33350732357928
157.11162594335272 238.17584957279118
131.93645652372516 74.94596093210826
85.93281327335264 223.2910415994783
234.82716585176385 18.842407605875078
127.1632754926327 39.364579743845134
55.637369172071736 58.004954869390865
191.52128542300164 149.17545013119906
8.777872658060904 85.6016197858984
190.4874864640619 120.65933887880092
11.327187027927065 21.639117771913437
16.241411900755953 139.61535199799204
221.93580706500165 152.31077723336858
230.97745337233212 219.7857760268535
181.08752626378623 156.59728964080415
18.07134804180588 115.44978175700649
205.33997464070387 35.91272762091341
153.24398645309415 20.26077002940682
97.51601961182313 124.1597518595454
2.420066478429017 144.93520212326158
58.85782483636956 108.16107550426732
190.24192427005755 169.0385429762828
218.8543535687099 30.28081972307084
41.73434805558182 169.2437400275666
40.24146010267318 72.33738276629839
134.1144485783898 102.43379843608216
92.22820729481501 32.725917430380555
203.75749901254142 49.31852923901059
245.13225741079148 207.21874116669548
118.50439865157844 172.08021456749458
93.83562815368329 182.51682566841757
176.3184849128355 225.0106839601709
43.025939861393105 52.89537926952728
147.6415242810224 137.33412943183154
27.639834622445015 42.987009127787054
32.53986548863119 146.57848040591176
217.17176786483546 49.965364902070654
124.82990793879878 154.057760936035
116.0131301272397 116.96280965933705
158.3604232565456 12.391622047454891
225.65358760538518 150.56036357742857
26.208910962455008 115.31761379649383
35.37817549004582 69.00155728536484
58.23529419181736 241.3236945825307

35.146215933120644 181.87278742650287
96.86483900638301 9.134930474284737
216.81659970938878 206.78334663402015
59.9743511448865 107.93426687795557
96.16554344430556 123.03467310571558
190.98511695282926 59.94222404660929
130.78226936371092 119.05353370171635
151.4323896115332 135.3185771615146
80.61837892525067 195.55307471104146
218.82373488930847 93.26330100177094
87.39768045289745 77.47906591697549
185.42180464483687 72.88128965614108
61.66344742630625 140.32536323574632
243.6452173831579 114.06526492053112
181.25621327627576 185.74742877096628
1.798624959497258 88.85220260684099
62.09139077335829 21.866406065063654
18.951643119497014 164.21903613394213
220.46836647828437 185.1969996452558
161.54324576593487 238.56619935247443
149.29190968024847 20.56300410413539
79.5894191066756 229.17114594645386
142.81308034290925 197.46685699873268
160.4509031597439 169.49651058474092
183.41653200981744 65.39848774429693
134.02157245651185 121.23384662078251
243.0222740968831 103.59454073654837
12.972774016198729 149.23935304632914
103.40467415658073 3.8054495152168855
52.05268436351143 134.24331677983045
118.38251912170398 150.37871940978553
185.37166520282227 31.806532542766803
44.913455623944024 159.73160810826545
108.74392984564554 97.30983343467778
67.13226247328416 25.048886515497916
139.92167232168168 98.15348995465023
183.66377792614824 239.39041680045997
189.89867777682196 19.708005844048444
9.714324974645693 155.9397557838601
219.14633044165964 119.65652810399554
1.4616020357607895 24.016444679452466
231.34675299095957 211.9732761045281
123.86329357536408 153.50033946293672
152.83267956057642 62.91621160279301
168.88335402356424 147.8474422482699
19.955239003610377 194.66225696188835
83.73025600485312 178.67955257376883
192.04316256082342 125.73075504048175
5.9124321307353345 15.41677429095492
154.56481947074596 141.12558904533265
43.53311124279638 86.13761676462312
56.743464904788546 117.47124648662916
149.49079505885646 23.179939942417626
149.84490021248288 3.723345715426513
76.12114985940369 216.38123063886314
168.93265157576664 47.13505983212937
126.48314849378289 126.0078024566074
174.86538319656816 24.203011058862746
27.512554165975367 215.1636432038921
89.1959695739806 132.9307551542995
192.78614262592907 190.36383024892345
159.17821080890215 97.84683568561917
232.43445112948172 128.06230884922857
119.71422768859222 215.6207403134278
152.22366191920807 135.84522406228203
147.98466248056064 89.9992183233796
50.61120790991999 182.07551874424308
150.20514419662476 22.597935208423152
85.02672607627248 248.42293254439775
185.44086542259504 147.51556448663607
95.55745263218235 80.84702451966564
104.22068130634827 178.7100304060435
127.29251351356058 230.4890795204485
225.2760555399717 165.4972967087421
61.193838662169405 224.31720679775478
21.10508124812932 164.76940850771942
187.89763283791916 154.858482154945
15.026907098443926 75.71009666021754
245.40117975069276 203.77147787015835
108.74475784053048 140.59450065137887
244.15004028595737 103.91096407579751
43.55211747630883 76.24623360082144
47.53735781512064 33.39284326852884
159.70505634925107 6.994512102239198
185.75511684148373 193.81040614187893
124.25025215039557 239.27091041939124
171.17244769601942 247.35210400197636
94.83831517598509 41.764395834408276
132.01653297591452 188.7911440274115
97.79086510123547 103.70251509639384
82.84566900661194 139.77386082831808
12.950103479893087 183.8114895684654
14.657295150195953 237.95066979393522
60.03996306555381 123.56485279123083
213.60894846632502 152.04935883328983
80.10740276424544 80.2745806930574
94.87202073744821 118.81756517462186
116.22320276373007 195.6223813115001
123.57544813068729 231.67696533890575
233.60048885800063 73.62809814296556
243.4894331908734 82.16189338401594
165.50008673344234 0.5974694883442988
155.98740636190968 119.37470182494964
154.48837994444318 31.307953177406645
79.85473576674224 38.521577840904015
238.3188573301563 191.0829193800242
72.1600479066212 49.377975184106525
21.21640956009213 78.69857549434423
101.06130760814632 68.24496812097097
206.2124513015397 129.37418329640312
239.0770020549408 89.94269660641321
155.25574703828568 220.41398793743156
108.94384426404346 202.22591893855403
230.620021855248 131.65562577103842
135.64943308556306 191.23215664265132
39.10604211285049 244.78999163412158
241.78421050780088 96.82584024140355
163.6186168778106 40.45806778673142
216.4805756140393 92.19297853012837
100.42912554893394 53.39896421191914
23.65079131918843 16.97590410382882
113.34972846725897 133.62192937904922
66.55299484203034 35.65419415830867
14.41325168969701 74.91500149874716
246.07767511855104 176.11758831474424
127.92199896761022 35.35836274427187
136.99812229255826 72.6880662530039
22.991837398639497 235.80507987017768
77.5394502643379 65.00999528674272
109.21628377689387 91.27339116445854
89.15455936155838 171.16260386096153
155.23198302972378 98.7979338896044
154.95736567889236 16.025073888099733
153.45043456551917 126.72395764488014
0.3633417509685266 77.88805888936301
237.38763094287071 32.33196928334895
45.53919610461085 102.18023642138371
183.40949508704776 184.89822581040653
104.64321796279249 228.72826046717788
161.03760356699019 220.43525103973528
230.17089112182117 237.0927948404588
57.80225775239331 50.68916100874243
148.90760819329998 78.45138390619655
67.32966566320044 154.08446792897314
158.56043528388474 232.78530911982128
156.07372402473288 177.18484522093834
9.891495053717753 6.4152754265542065
180.2980034364444 162.9404882428789
212.06915461697344 56.40190923189836
133.3453119279733 233.98395260931767
170.7536725800476 59.88646512334464
194.94865672770564 230.1628501078641
23.878876654247012 202.22468976238872
46.72841886268026 158.11513456894963
68.09191595833128 216.1476552883572
54.72595633803976 162.87568760274064
8.408975078830789 113.25753052388207
243.22330053018743 133.35219535221628
76.17903810281562 34.35205072797537
242.92241711015396 240.8701541104837
38.94425626470843 15.074882394945144
195.9303271437112 58.348426703587336
146.86259818668975 12.087660157625606
83.99047831394535 64.62901310385783
178.60504905704605 51.67473624446847
7.690966884364214 170.12316875895183
65.04686892887423 15.666123298995554
47.46172943715957 167.90579137156675
109.6066487278134 20.556593965000037
28.906915867004113 23.764455847495093
47.26624981613997 199.11778395225636
66.50078886933889 133.1590558830052
0.9827123964878115 106.17649091224818
111.16596000168721 200.77199204495847
132.09575405576663 156.66890817085604
198.91840946040494 68.87809146351495
169.6848765544248 245.09188135820148
153.71367748873394 145.02305039170508
9.930013146632554 38.92082272248082
170.9217152703176 73.10857029656998
148.9803109744291 98.52450450787464
160.07813451608078 233.20628969731854
232.84272280120507 111.28607871580506
104.61288253201978 55.74999288728902
110.7900784572993 118.46502644007695
179.61654230877772 178.6848286575311
81.22396795506722 71.525072535538
174.94612632147502 166.6232488122919
170.0662941851671 70.8955530911726
125.36201993010629 134.55285891302958
201.81810893291217 92.30250078507402
154.38605003506498 210.2540819281742
121.33532909641417 53.90895132417442
88.91301232829038 62.70487188060508
43.6142187233321 115.00026366383557
18.57017049784679 230.82659251714486
85.02209032554389 223.63060753272688
176.3005944143694 223.59261183978634
98.54123233781706 207.34916404452164
174.73198459810976 33.607731216385965
91.61000198825572 210.41981560858446
69.27306282565749 191.28483860672844
211.6035178980042 141.39170494211643
209.43098780875135 180.7590231609679
74.87633923748233 76.80528767805733
29.773616242835978 54.74034522196558
48.737241142416956 119.57534723025759
7.4161691285650475 220.8375364534027
197.6904285234052 56.677605732570555
144.73261787743152 104.51413685266384
21.470729423802933 39.510713212491474
116.65104093856048 85.98897969724365
163.33900672802997 242.34112517205043
6.955190431871372 52.397376022619596
46.799718322847625 53.09843979636339
178.58286037074208 161.8092605944709
209.78011450376226 17.25774305249003
207.4728401718803 220.7400458709095
124.53474863086433 55.129786112816355
217.06757807492735 211.4434914655858
87.02695620874573 161.05732515654847
5.559538952392557 74.63859589688951
58.563302757213165 72.01974412254216
113.59281410175892 53.37873518242272
172.2580136779707 167.75308521284455
41.88136893058048 60.00068779315163
161.5884767101993 38.20600512378261
9.251291006917462 242.88646905511226
104.04519343552737 46.52358264549372
202.1849721794977 247.07575591172443
72.70011085078407 68.77467626192136
15.211960408740898 142.87469705016906
17.054296319112428 124.95920818468959
57.396156615614174 87.87516831764624
141.56114674886214 56.336804143874375
158.79008424992625 102.01603140792886
179.17960408449758 215.1401999686997
107.32577422825376 210.37615474862127
24.089892048598877 133.74246630232037
122.81603897155968 214.02729657221977
122.3676648559219 65.37447610659866
9.407549903707707 18.04530379231295
239.94829389574548 37.52971591638701
74.37680006838052 13.75419563973368
201.638592811621 91.19672460721596
205.4982429748778 216.53658323217576
157.18155608537123 168.78288063511846
107.12657012301437 32.870871373060105
194.6327853868465 16.59972759271286
164.33953686612435 152.24604321345063
145.79568322078543 232.96551123836963
241.1933536908319 200.09990386949735
177.40224508455333 48.0088819447258
190.41303554990085 191.16754618301638
219.86964392244812 164.05112815191814
217.4232227655187 147.80678982691148
239.10300525127957 144.750712485575
178.91197428251755 148.30106054353442
143.52893854288007 119.68922567489388
26.387547241764175 191.8692664577314
197.62765107882188 48.87346023863465
232.78730553949126 101.79648783988698
92.53515951215074 167.38990835625592
235.2390206803292 20.4122904683354
67.02069224197041 158.4919277352201
90.51930079076831 37.391615624947164
153.81118011000822 182.4333044677111
80.57668489762473 133.1540100811617
201.52611487663094 25.33205438097688
114.18604825887896 104.28821508817596
59.360312061733225 132.94463112147486
44.39578301918775 126.58858250234647
197.3307929543665 87.71205165009293
57.89385985817072 181.77667105091092
177.81710286142888 189.4634985703323
13.48904785059607 112.52883186295828
24.508161892808772 29.68510512007902
153.23763555088547 77.98800232192052
18.98199445626797 227.36212296761943
94.89308585197256 193.86042243535033
238.08682091571322 212.54193884562972
109.30222784244644 9.514269979192303
199.77553035667498 37.69014558780054
163.04024663393682 67.77803958593717
65.7112018809419 182.44102042526222
229.23597698852126 156.5377586378994
212.75219747968032 127.30747549223953
17.004183056461343 79.40893134833202
1.450205711350655 184.2976467872921
187.2262820280899 204.21936510466253
2.914375511721606 110.08157662179401
101.7590802667532 55.95158448492133
140.451809843224 136.38120675889155
199.25894433874709 102.3000148039937
202.24824104258786 135.2182508719086
184.91852345112 29.451091369869676
103.74152742941398 220.59690642981778
119.24755496817102 183.33230859016487
158.7372190202926 97.93689989804191
71.95405975116672 163.94691447283972
155.41182731017844 235.23070200578508
202.88936201908243 189.03624028796864
248.14317004191744 9.180651456831141
101.16559543623576 186.2902737012939
205.46130878526998 208.04675508364292
152.81871377691624 207.51029530946929
195.38620538331844 92.6627980902907
198.43485997485584 176.07064112819208
109.60413008702608 38.69369970617589
156.30347835503565 116.10265275858275
209.41552426770372 33.13996818358733
235.55586488440053 235.28252987841793
168.52386297167405 115.97857539840534
215.04998526225137 75.28613665533129
169.15654154410907 202.00005128156417
158.5211056042949 108.03251710317998
202.1386609750209 134.04167617023018
185.25262623820447 229.70610419800104
88.30640814240489 36.92436810527222
161.73024129741816 33.59312930863151
107.26942739645806 56.91761106126408
224.8181353397133 175.73412335693544
140.80307314759074 0.9663937488000873
120.75873391613432 140.1589770722795
177.52554562740667 238.95595977646437
45.949703815934164 216.94153949521237
221.07819864465307 155.46702754450794
157.67645162797172 3.9766918916163405
102.43302560717879 229.32274400656257
55.12159232272387 228.4714341408378
151.08456650474486 193.39102014901974
111.69525888199638 63.26068059911627
222.64625150610067 57.503399707367755
41.81634380752081 43.804765379092395
21.118971755148735 67.01643655331785
3.7685251544193332 9.302564313459772
4.451534931967455 17.5891622780458
163.80996896543496 117.46772339713633
184.69983933586124 183.05809206325682
31.495596996368697 50.58203981723541
102.80555373609378 22.46542704353502
25.847274775155583 98.4883566617965
59.141537720476364 171.75462153362326
158.14104635526198 117.57023851433912
139.73812119624193 61.9499877772631
246.5152038150019 159.8917353489861
43.13462875235585 167.97993301179113
222.6342200291119 50.69926952522438
234.88693216118517 145.2024578177047
93.17552769582679 121.06484423621892
132.6209094561288 30.467829681667226
68.49074377021947 199.85435098697465
48.585620276834554 193.39209034702364
183.46275054331394 49.301317939080825
113.99372129313606 178.63146534092627
89.99029643200134 248.07893773684683
174.08877604708238 105.10112754990442
97.22871129683652 56.215000141315144
217.8100706648641 178.58259499641048
191.42870998822087 91.56907538392866
54.688264903186955 131.46742174189058
218.39248405919076 247.68940617597192
195.39249197202838 43.3228076177887
159.47101364079015 61.26474604778395
9.380156835910064 80.63574215968647
74.02554753659565 65.8849189580418
35.80004727747679 83.57475885522658
46.83853341300878 243.14526496975836
166.04579909314148 187.96756115472195
241.07812679914366 19.020427702903213
185.90518343732276 155.14789832324965
145.7203030064951 5.78774945041069
75.97616191428958 242.4732900529711
88.92686018936519 226.98866248590664
48.27530912426173 142.75786183201225
19.23665792188192 105.10445726949078
117.82727652070746 43.221501921683505
124.13263680181078 33.05874866457506
132.9178582840509 137.04646984177958
171.826872773896 57.95040966856388
243.0499398123752 184.07353833408237
140.1763426736122 249.6338496209622
238.7540241389359 145.8857561093268
241.31750980751892 207.97697520950786
101.89037753762383 8.574253147671406
240.35742587607143 212.88626411919915
242.13746018684148 9.487797977340563
62.975217546949125 218.59259570337284
149.7937174299911 147.24486073866888
26.00950778841729 232.21979143171066
108.06236706538091 138.6630624899629
114.50929926096696 208.42400822256656
64.82490100602048 87.37573101003423
165.59398315421456 137.03051451511294
105.92646709704125 100.81731082514777
216.1886285499334 98.43244706372207
83.69387144465276 114.68526735124004
130.82003406282104 45.01048226770921
105.23521451569168 122.2998085966312
82.34581387669328 181.25023444519206
60.46391666940873 64.03804865355845
78.58200869377227 168.70039622572835
147.35145793008172 94.1481599964143
111.62058066294331 244.47075314991773
51.99328129130895 138.9796583459088
188.08867447807845 34.97646355656187
235.41760961770527 6.959761150032579
101.76526576423822 89.62647413358881
238.76026984908157 198.6364242273316
218.87599743260137 171.13492285104167
170.69394485913836 116.89061038042253
29.610975661727213 248.47525237783904
44.37348180188 86.34822434423472
72.22848990556058 95.85858696204943
178.13586054375608 185.81084411190878
205.40972723472748 69.53386144046753
198.55830379042146 162.37820610119746
45.101002930283904 124.19345269680063
73.59418707171834 147.80185369310948
235.58926690112472 228.7985312634918
86.85021657816594 105.5074839362427
144.80748045848233 108.56259899907306
222.2329986885493 68.53060250296677
176.183781351557 75.34740914010592
193.24301343194503 102.31678620146809
42.053707445983775 116.0761420649982
56.15314198340401 7.115320059176922
68.3814002883285 97.98692146572941
109.18886121094131 39.03450914640374
246.0937712133511 10.204174036745117
156.8472281444956 194.079639844723
244.36534867949297 181.23747725933546
102.86379088486119 235.86058021856465
52.79424575701 149.37684810573623
236.71898747881272 214.50719142699364
238.70441756741397 113.24786568286088
150.1338012459391 193.00406149012554
20.574129612029534 20.118812934017598
100.70370003052878 46.968801835625655
216.1894948996213 231.60379879296005
114.13772808705042 182.63030277779967
83.74475369800105 64.15604269605235
105.44228783261345 161.81699172704748
42.81294368991051 218.0611346326106
106.11331876184369 40.26541430271907
109.31443717341183 158.64967003807593
54.3683917667043 17.357243980071075
187.93369635761908 223.39062737752536
80.62192685522892 200.45938582820625
74.5406464041207 43.03544702973583
143.68228022821995 174.44505349221507
202.16524911680077 15.906161746329667
35.95776189026445 45.33360500867484
172.1134471347635 90.3610316224997
219.20753813906157 136.0857829485472
216.97429008082693 238.2976244916202
144.36644444466972 85.06551632351025
97.18337902088261 232.81324408705262
125.36105556532043 129.47237553097295
161.2766847272828 192.61829116530964
216.32809514564292 237.06434026386702
215.14415078737778 22.85369920345634
19.985979814160228 234.58292841313377
63.11906277474644 128.65496456516593
14.163451872947597 238.966689255887
108.36013602506117 137.36757315580869
158.2204716491238 2.6472441355749607
203.6662883306385 167.06980955600687
54.94941658218927 148.50907666332787
113.95325882968926 199.7091786393603
248.90318575162988 37.029476817731194
11.253051420109045 51.012575005238645
95.97045075856958 96.76138606812043
26.51796686783367 185.3718059616729
72.90146664371797 211.1390382537189
122.07090002103321 28.87934457040059
85.76450684208889 128.74714827586578
112.12698740028753 94.09503105683764
4.501059532615953 200.29716218927388
129.70405914621594 202.81604811295534
18.04173164572681 218.53013986668395
28.279277094882318 107.87930628014023
67.4729779746974 182.69494404803402
132.51062250722347 110.28996873770092
61.40503118013965 128.4797129039662
116.72687410470462 23.924052579087252
0.8103695256631571 188.93417234933858
224.58497741005357 196.7296556231291
121.90629096766223 182.2015712941295
188.2637341717639 11.491703233683287
157.86713307470188 12.742092668975719
137.9276416414882 43.81082467460179
235.26864584438596 87.17219257518266
135.31260199595604 18.678904525735035
24.285160124872917 29.40165051087165
221.10364632843098 105.10978421463365
153.74221072504272 13.22462854903861
171.25510342301186 21.213957445129743
184.1516439220151 241.8019160585536
197.46208010080423 222.80062009367228
209.25865062581596 35.652283166752646
155.1609460864728 199.62488801911013
218.15368016658383 29.725974079269996
216.61321000866266 29.029242035818413
72.40127447260788 180.80397440995293
169.91702353314105 65.37548387012582
127.5719012344412 97.92479679787547
130.94383668329453 47.158518276943475
248.70819427706354 147.44224847077612
89.17039729009235 180.5231070119639
133.4063321299489 127.91528425584875
207.7557840256509 64.0789872107548
115.03748636126481 49.98194123580621
5.917550659951337 74.43004960583205
57.74503464816902 106.79158742563375
140.07651310257273 80.84216713855083
125.34447360636922 158.13601268316373
6.45874116815845 12.455736550348263
211.7827003235939 48.2918043407353
148.118011163163 180.0310004805194
55.75288973431111 238.0046586436867
128.55226205512244 201.63295164901677
49.04646215100675 246.04027684047523
172.10239231238032 243.46434877267546
65.04995900946012 121.62485799832693
110.40704164572165 96.67320104053547
241.09055713200547 178.43566468555824
62.83112133380839 171.11988413569577
197.5745386374129 215.12426079104372
9.095119592211793 161.1387217467091
68.08755214535987 13.435045284188597
56.12711019305763 25.041579479519292
183.76943937477236 82.30070812138918
217.95404397099193 59.54339534303998
114.65385916174081 4.432872212661171
9.656214330029666 237.74737502403178
158.3931532315947 138.53459543040356
168.44489210395568 154.72863390778852
92.97537470112418 187.70974720394946
169.59287070509825 219.19059865448588
143.69136071709733 228.69336269124508
46.17799160743158 12.949813470308852
18.882461159461432 207.67384339467938
37.28869879397029 139.1465553220126
180.16891446731995 248.0339165849694
116.70511997595781 201.66805193856067
15.817261151658075 86.22678311881552
96.60427589708928 42.79919235350766
152.5842013401872 130.36288543525734
114.90275808622077 18.897264804425134
169.93193378728554 232.09320373717085
6.3270228265346615 16.566222659743946
218.41694980988342 5.366459141286501
222.76666766674867 49.80557855233028
59.22824876200655 23.117248044354998
57.7523856884006 113.30961344397717
83.13899240714213 186.8031285160933
99.96159406328783 67.21703913970315
137.02613096308926 234.0268352451928
49.08735643582698 152.74099059074865
127.39406874043699 234.15158309750913
180.82000911112627 229.45060957562106
186.4229604748423 211.9815412472368
173.4181545097015 93.59054083134116
169.33039363653526 2.5681259854955787
239.21387832567262 137.27513777544866
210.9585254095783 87.70018222125859
105.21088801359005 55.88605885092432
122.33436443728185 227.58356927189092
175.29195561301756 239.33369140964447
128.08073604701008 118.20983793379916
27.96623262603487 100.4361153487723
80.89818278793884 13.387010583678693
80.72771592820055 62.697001859041116
93.33735147483601 190.12277153385492
106.40355101818518 153.53795156921348
147.40359308749098 228.19375621832694
181.36801731123668 37.24358744312159
187.99144402599316 159.37595434037752
233.6912834288674 180.09655728615687
39.640359092884296 240.35392648716652
224.93455062900057 93.0609496049646
161.49724227256854 147.32232550678884
184.82956856527412 228.769157842003
80.40806079102042 99.91708728385129
112.88549230599054 67.32103362239805
171.27901887199027 232.33319218584094
212.50091852187725 119.95550314484296
145.8180929821966 26.545302097972957
146.46912580256082 48.70309731248901
231.72175241931876 87.80040076623577
8.14936566646962 8.433550068175089
224.55571180502358 214.22191561044386
162.41128902068033 141.511272917496
213.88344948966144 21.027985417499867
82.3554720545138 245.87743364559043
203.9243905676602 48.84272341615714
67.35426986185294 158.33215659483508
143.12583603932327 213.54720995030058
135.97039335697394 87.04181402026772
107.76591535788712 241.62958394508033
119.15587389362261 204.48439065472772
218.40895579414797 96.55864374869968
223.2217167371484 48.80132684573144
136.41838406070684 115.30466376141251
8.120458744800802 36.74760392927137
1.3419955762458413 179.4514605949129
65.07460793564817 62.2064523839197
60.81363576853527 139.04069930377156
147.27776045099765 95.49488660829408
35.80589374213375 114.72993334981216
172.75242948374245 153.8593967236222
35.786606080585095 98.23038645364961
167.45612213882094 38.56237454847877
116.60429434308716 221.64958242206797
156.7215855469257 18.99956824183993
188.25348804193885 41.520958342271044
35.58384433760334 20.15963824810793
50.927740836806294 63.573952910601136
188.71114920296975 142.2744663967004
196.31380817707145 244.1050388828568
120.97966978849028 190.25569549380958
240.21430515759224 204.37440534549037
32.91121337812142 24.2532009425592
156.74907317870304 238.40659366333432
109.95963272880158 25.51243614981069
220.93980839818164 117.93232023303408
40.37782168611484 124.74705673179027
41.72015618117078 98.61385588164929
189.35552719352688 46.748896238624965
57.851578558537234 230.94577230651453
93.48580028566991 82.2200599514669
232.29183958167988 202.15369796269303
34.22322985765253 143.26091752763259
70.44243262935474 110.9788290991999
109.63712023625202 73.79704558790867
210.04859220462893 103.77241581980323
238.3695603178421 202.5903903324038
83.48462095754988 84.06964947249593
147.7560938788223 18.81672188981706
120.52589814443263 157.05468352415753
196.31994749914435 120.74263136186569
164.55366165979652 99.69038963289448
64.50236018116942 246.48558649795476
145.6693935668531 194.94849006501596
138.91103657035512 202.20311498799825
104.16398481923963 238.42019680497023
71.8646696251336 120.67833233706409
65.37622522474099 220.4364432231714
53.98720489033371 154.10728821313683
127.17110872872355 70.45962255557164
186.49026608784234 173.7289295100125
143.32065939939386 129.72425503168986
94.4988670596101 117.18308098681798
18.70207249634917 194.14843636004207
147.78114772227104 104.55553508675311
65.24807148180295 2.3750489471097147
29.07590136257085 204.71511412818012
27.035752550834708 51.05481201862527
104.36759027189538 179.38148271604473
174.42688172199138 162.02957565767232
187.23207381960177 188.7918093255865
231.05705901130605 61.61758446837723
62.22612362137181 162.32676116874313
175.74066044413132 138.46388884700224
157.56947850544918 149.36583372579594
156.95680664120957 107.17547667785776
229.16750330910526 87.21774030916727
43.028179631698634 131.17173093415548
225.7739505309758 167.35980889343537
75.8409792711186 238.69041973286934
56.18821013845121 183.9672948208831
104.92276621630417 23.841377373723603
108.21874458059416 239.2542205418946
182.21199713476088 140.9427063281752
190.54207691719412 78.5695466921712
23.649769128552933 183.77234820567168
89.96597859436697 209.55350001554913
139.2803061486418 72.79985358229382
212.91917225223634 48.11133763098313
247.53365594239784 179.6696039749926
157.73354306807332 215.6959423334738
30.879657426885586 100.00439449795182
64.34337131257715 49.324629591741584
140.13835644228178 211.88454503571347
222.0246233609005 148.3538961637345
167.55696489644632 26.860873035536276
66.22743064067951 225.5464226856952
195.68683859352777 27.857011907817753
81.96590186865261 132.4225820754789
184.86720114353164 249.5446084625718
32.160673535114256 207.719825969222
55.41877269465301 166.21129331670377
33.603076275466606 1.1625997997898319
136.85510046627164 69.67257731482299
208.45999812690607 174.47791535827196
73.3935885888432 164.42217231364285
142.91881634759386 68.0201650284332
21.87634856646628 186.71296736828668
141.28139561662553 94.4372476772271
92.05118281140228 89.98629226531291
128.20216757761273 209.562355315471
238.04201636032096 126.49737324855256
54.77008813132614 10.919646230071134
79.30140194897703 162.6170106279453
31.993056690341053 215.2136717122006
231.10204959580363 20.617140851251907
162.12118631540213 57.92049205607014
163.20751354228443 228.0152467998326
49.66994566252886 17.69237192948772
191.76848161820334 191.25608748365008
153.2730030007305 166.1978187879556
78.46708061442622 16.83223346761148
159.44967968669152 32.56132637613132
244.87380950821353 38.451034739631766
18.163548700277033 31.80304596217598
60.42883402570029 73.84403005503223
239.715333632428 195.6035911755071
66.78416653155897 92.98702985974496
233.38253118013301 91.7427463807258
21.758391097010442 22.918037054242614
37.17911715508176 119.21704560375926
92.88707316832028 38.92720250632573
246.96089180563266 65.15524294371458
63.35150550481658 177.02865871648766
35.10340649880902 42.49739579033532
197.9401174753215 234.19254341179328
149.44786428081957 244.02188707081527
234.28455266547022 83.01716033609583
193.56404960032046 174.40864010572693
67.40071726726435 69.63830121364
208.7998739126149 112.35786679632967
191.9683521651973 58.360147065154635
57.420347190222905 139.93827217729518
155.2149357265698 22.03570833890847
214.22933649778355 239.89065964195535
180.1192970211236 184.13298450947167
199.2088743553847 61.28514630853354
172.15403843845988 99.42157877828161
18.209625305240507 41.65484981720755
21.50147961203744 196.40673166124685
1.3721935456633694 226.8736691233177
47.24907809300771 52.64021726094453
120.13790367086807 70.27982712172609
200.6697959651453 49.687280458052655
75.91923141108661 38.19718591929694
134.2385782955091 228.01851961951002
206.49395211950434 242.71564387785358
146.1761245269414 101.06224594102494
201.97859232719995 226.60808068958747
164.45339297311708 72.41820042716218
148.05954775323283 113.0378103868183
144.70526064021175 21.26235253015729
57.860303815069045 239.96260300185938
77.58074437711976 221.32713136067463
69.68582719118827 65.88345283708286
237.0948327276573 191.8396244617911
231.08017109348685 135.91312308027454
223.74815505838637 247.5581263184009
131.3043560461254 237.10205714789396
193.30957929817515 162.0004569965114
51.22870764568888 24.933473113098458
210.72402301601252 202.45701809367165
60.676520065063386 196.11149546566415
64.90255439200537 249.7638205938613
38.00308765721752 162.35988180240122
71.08192093147045 210.40754941253192
148.29712825664666 173.68410402993908
184.10696989278827 142.0342905500828
135.5058758835312 140.44713203790832
57.574550578649685 225.07089635852242
104.75656788773242 29.994989287471576
141.6823499005459 118.33516370088063
136.34168935706344 164.98343867858944
146.48787630466109 26.990909625897896
70.93201268544972 192.50840824939743
67.65305943332248 180.22753070253083
203.17700363016743 141.72028532475795
216.86066572413557 70.89578601889545
142.55112629554935 155.76838017343758
141.62683861422437 182.6345206689412
142.460102860801 15.395328916133627
134.4262621961893 196.1190235281633
48.44387625491955 199.75226500418074
135.5177003790909 102.08123491016042
237.5364084478989 167.09751432224584
133.73544465504227 212.55348137017333
162.66190289345855 25.363996062235966
207.93082204044296 19.89592793883502
37.67368665422149 94.23465540775908
209.22410481985827 136.1334348690984
26.438982456400417 162.96000243039316
108.79252252239932 179.8316970383019
57.96849211662633 230.48349338609856
148.129482703835 90.22086660590308
50.0870085665118 74.46685349252441
110.32454644675627 68.66710133433315
234.160959313946 245.40003459312243
122.09923673751152 53.58451353618632
39.72471289119511 197.86644244071536
219.10274224134932 144.5005291479457
99.66670527014406 6.359285214478621
56.02950635648424 114.42343303050434
198.9180190654676 124.28455290268387
168.15399767198213 249.72417721771947
77.90076768174076 144.1052299101708
52.19932993414383 73.06825550140877
201.67446673812657 58.70258904016754
209.23016483328612 239.6018284413169
23.751307443783286 232.49831871065632
113.42771499020493 23.399769124796272
21.897207307397608 212.06625252018196
247.15727953730328 88.5899099957971
42.30337629324754 172.91862087787547
224.10360519783728 163.09681026607313
72.64748486213446 39.14760953062837
168.31545954521027 180.90844641090044
189.27837075556806 167.46249725154664
123.22758208952209 59.225447233422074
76.11038250760038 59.80511207186912
157.65298229376174 76.09129630508296
174.49142759472713 66.96841541744699
37.778707461825796 79.42637908752894
130.80239887053446 58.202118727006756
66.13515597454234 177.76790645245464
248.36600846732546 129.2289043185128
225.18185641112424 149.10495364902116
132.62828334926445 1.4971892984688429
228.69927493153077 210.75463477852608
82.43496439293449 177.17539780431593
95.98594295376955 48.794164956555
38.24467167658149 60.23965826451519
230.8282950335734 55.65608138426176
96.08448419323126 123.76557910135486
47.14419097250988 218.07895051267602
37.84733903231774 160.08997113202548
131.34868133526774 22.58069834431889
12.760520975380274 3.0911584412026407
97.92290385972946 11.943716451102288
123.12232784964044 153.12668249356506
50.61664479604661 61.99805421399115
95.40630830236694 36.15303861038749
117.09155163112617 33.41613217212386
108.23356688410473 204.27797971629042
22.236685016000372 203.41439358942463
161.19639676377517 27.451077170007306
62.89122305368655 232.82754112722685
84.08867525097175 247.0522562925127
240.92255193454594 143.9887049227746
136.72964373846628 46.24377154593909
232.9720349519992 102.26625379073492
32.856120960384985 229.370765844884
63.79210868070065 155.00373427912385
215.6774186481937 201.2356086653628
176.16864359875908 230.37876051805932
64.57236722872187 11.685760576037762
16.81811953563325 187.33878512444147
23.219887106126656 225.86841581900728
235.23740306282068 28.497729147782813
239.8068899982655 121.28167980605062
104.39450912377923 78.85682087597596
154.05478882228286 211.76519554780435
129.75113481660776 194.5973001853831
105.06561851561283 51.766311399448426
167.91811181278575 130.84919874097687
189.265576459495 193.81915614681313
164.92833135275606 75.24495940832016
109.51746367168782 207.77922976342992
139.28217642033073 177.02541053368932
128.38809806227937 191.8509470510218
20.721160188350073 182.22069972349254
38.380381615973484 174.03300674947428
240.67305511771372 206.57744661996657
113.42309106844387 66.7090665164152
151.98804714247507 69.76173194136312
99.06678612782751 127.63473772685141
175.49806213030217 200.2470023889873
38.152280686923085 42.50361732105487
195.2639488743368 217.87581318703505
93.73558148569286 103.81219632315319
188.48845631641223 224.6749498346399
65.25193281103034 234.1633691464688
53.405334183776965 176.52773095014925
80.93004817639091 139.5821168258722
4.396918195346434 217.22592009395316
163.73946308589595 200.30015921765352
29.985204232335498 214.26063748165853
7.93101302503732 168.31028448268134
76.18602376280067 35.62995365946697
206.64643404742887 239.68315318312426
158.98917793184964 141.1815068358096
60.22366073639007 223.54410508661826
197.5201855485604 14.933023104875542
177.04896901545064 232.3569099764838
105.67774963372523 75.49946145762651
59.77646344136642 18.88962038914893
224.74736894112206 108.90042961462137
87.79464077005782 37.37723535010262
158.68754575296 51.76110735686293
105.66136775138737 59.73028981340106
47.478041721539185 101.00869401589976
190.6098217660617 227.1537842874934
3.421177036511791 139.42236367335397
108.51996359496047 104.67250436579769
184.247545441097 233.81610035216184
92.30331732620142 76.74279977863954
137.8387855762092 235.31852437719496
189.06869093472216 176.09771338604156
94.53220962982125 102.78932104453258
105.35715821787278 233.50288899765658
71.12741734680877 95.43139220046115
139.1391024512503 158.22255647306451
22.562047237426025 192.61809599165855
125.27369111692462 162.01316713484857
73.63466666269322 109.79348487359941
233.81292873220892 18.625827188521043
11.179990046563336 67.80712773050104
44.520063882870524 58.39055306295296
195.778051244684 124.4381664768372
60.075325148309545 14.823880034682185
2.775169955430173 185.8233048817638
239.94912947049525 160.91537865183224
5.647667017349339 58.60760185006911
21.893504538859936 134.33346618038496
12.075946654325598 6.260220997867605
158.61474591979763 67.6920373383316
208.4802874013934 124.36281183523612
60.98702213983256 39.92005424736892
54.71258862252248 189.5386357193473
170.66026453577058 9.43237710657746
135.0581776338046 161.6408955069614
187.9537343425778 140.713107177093
178.97856139550933 187.19357170428378
93.19326263941052 166.2628360568475
104.86338554664052 8.307939479419963
212.4472538609496 149.44177040280857
215.60473599170513 23.540279004824775
185.0178142523693 104.7344763110499
1.8579745750729182 121.62759660112832
29.44868226326883 135.6837347222336
125.64875104452122 73.89986878687569
57.29802966269895 211.21949155951557
98.21707613485103 20.220510223795507
245.39956957678757 6.467078872539417
103.78794807358666 13.389953270901172
107.67387684520597 144.64168967687095
6.22846313278319 205.65943258267475
190.18003803811453 74.96351359683607
146.68127679060578 21.396630106816914
213.00421280064313 101.96430138327098
61.24610713735912 196.56147436833987
116.32991313006083 16.06250705096779
14.693023889416235 16.244019426366414
138.63924700401884 215.22362024107545
34.252799486074984 159.85196919755248
10.568210094612423 219.09312309415975
78.50274389081594 169.2544377146629
95.45923090769912 72.38513534860236
38.981783677849435 142.49830757401773
71.14944964546055 141.98493989425134
64.51723851653144 207.3480024615847
84.48340139214491 212.95835329777998
150.9786934580697 249.3142083436935
123.64286150535017 108.26454680396083
191.48840499860376 12.178108908447282
15.003147429844654 231.00687858501115
45.59905799583577 4.4677147218113165
63.18994736070571 194.70254349584354
87.01169804055827 11.383772238562322
222.08244546426602 114.24841796556936
88.00038611738661 241.40493207082062
83.74796538500908 159.57797716795162
157.14876778397345 38.22681625385327
106.10430955364782 157.56682589297938
176.22629171929964 20.34736775988069
203.7158985410668 48.67894883928006
153.4311182959835 28.14110902606823
65.33961014743797 134.27841622957266
70.89075783679307 137.80721810191784
82.25837746662468 164.68595992311305
200.39013202510822 131.9099440832438
160.3870064045709 232.21890448707697
127.79188835302186 70.31994182551388
94.16130960504613 225.30461100835737
234.79564383536726 23.917465119763364
125.78321789930125 33.969008925164914
57.48002432000129 63.375118128704834
184.07526125941953 151.67072604732016
15.686573362386074 86.66537254031203
197.9805049816254 120.36492472618993
4.313189354550801 17.902436815784046
16.811176915386916 136.33558177094886
222.81139929563304 151.3881511909632
231.69597159203988 220.10484047486872
175.82814605065496 162.4856266465377
21.07007787478751 121.5062756242777
209.80374288191175 40.89935804546766
147.40610108573148 21.40230049642003
94.141559729042 131.60811016572313
2.462277584957484 147.63713664125302
60.94372941878481 110.62890580193476
191.57950903863463 163.84303130628092
222.99589149103812 35.46702266620328
46.746624500384634 172.99955330046154
36.617413170751426 66.55483194233938
128.9558928586837 104.66553610532637
87.20563864769656 32.01835417546256
196.59106385959095 48.044051059441514
247.82980661334898 208.73459644455565
122.17205464301276 176.39423946608537
91.62785230327361 184.18562935898711
177.85427736707484 217.33636056415367
49.08754438357607 50.947031493898535
144.62534360785847 141.80262934909499
20.02996741200519 43.58583019016763
32.80823790417975 148.61266793314684
218.8191417359662 47.009777144245035
128.91816829139682 156.67762536937042
114.49702010579816 118.57047948621232
155.70068087267222 17.090117196732397
228.92624759454938 148.37525038024935
24.251708440129054 112.60994424435793
36.34979257551979 77.05282349307512
53.69649002089133 234.44209551151653

216.2
144.1
68.8
324.3
114.7
103.2
258.1
72.1
77.4
8.6
260.3
432.4
34.4
103.2
103.2
154.9
25.8
137.6
154.9
172.1
480.4
36.0
154.9
288.2
108.1
260.3
114.7
600.5
103.2
114.7
34.4
129.0
51.6
36.0
51.6
144.1
129.0
103.2
34.4
36.0
17.2
8.6
600.5
8.6
129.0
103.2
114.7
72.1
480.4
286.8
114.7
172.1
51.6
68.8
206.5
137.6
172.1
137.6
154.9
216.2
480.4
137.6
324.3
324.3
143.4
229.4
17.2
36.0
206.5
129.0
600.5
8.6
324.3
51.6
86.0
229.4
17.2
77.4
17.2
103.2
51.6
34.4
480.4
260.3
68.8
114.7
114.7
216.2
51.6
103.2
144.1
68.8
600.5
258.1
216.2
143.4
103.2
17.2
68.8
129.0
432.4
229.4
25.8
143.4
286.8
51.6
36.0
51.6
324.3
143.4
34.4
36.0
260.3
103.2
108.1
137.6
34.4
77.4
17.2
114.7
72.1
137.6
77.4
36.0
17.2
324.3
288.2
17.2
206.5
144.1
103.2
51.6
68.8
86.0
229.4
77.4
36.0
154.9
600.5
143.4
600.5
258.1
114.7
172.1
260.3
260.3
540.4
216.2
432.4
432.4
216.2
68.8
72.1
77.4
216.2
25.8
600.5
36.0
154.9
540.4
68.8
108.1
114.7
108.1
68.8
17.2
143.4
17.2
172.1
34.4
288.2
143.4
600.5
51.6
51.6
68.8
288.2
229.4
103.2
216.2
480.4
68.8
144.1
34.4
51.6
114.7
103.2
103.2
34.4
258.1
172.1
229.4
540.4
260.3
143.4
77.4
8.6
51.6
286.8
216.2
258.1
154.9
17.2
34.4
17.2
540.4
172.1
17.2
432.4
51.6
286.8
129.0
77.4
137.6
229.4
480.4
68.8
260.3
114.7
68.8
600.5
77.4
103.2
137.6
137.6
77.4
143.4
68.8
216.2
103.2
137.6
108.1
8.6
34.4
143.4
68.8
324.3
540.4
286.8
286.8
258.1
260.3
288.2
8.6
17.2
51.6
68.8
34.4
260.3
143.4
540.4
51.6
103.2
77.4
103.2
129.0
25.8
51.6
103.2
540.4
324.3
258.1
17.2
25.8
324.3
103.2
34.4
286.8
143.4
258.1
260.3
68.8
480.4
77.4
36.0
260.3
51.6
103.2
51.6
143.4
17.2
288.2
324.3
77.4
144.1
68.8
260.3
51.6
51.6
286.8
229.4
34.4
144.1
258.1
229.4
72.1
17.2
36.0
17.2
17.2
34.4
68.8
103.2
540.4
17.2
17.2
480.4
8.6
17.2
34.4
103.2
8.6
137.6
34.4
103.2
36.0
480.4
154.9
25.8
72.1
68.8
288.2
72.1
114.7
25.8
36.0
540.4
103.2
286.8
172.1
172.1
260.3
108.1
216.2
68.8
77.4
480.4
34.4
286.8
324.3
216.2
34.4
324.3
540.4
260.3
286.8
172.1
103.2
206.5
206.5
600.5
324.3
260.3
25.8
68.8
143.4
68.8
103.2
216.2
34.4
17.2
229.4
129.0
108.1
143.4
540.4
51.6
86.0
103.2
108.1
51.6
72.1
86.0
108.1
129.0
68.8
86.0
480.4
36.0
17.2
154.9
260.3
34.4
86.0
36.0
34.4
129.0
172.1
288.2
154.9
540.4
17.2
432.4
34.4
8.6
324.3
144.1
34.4
51.6
229.4
288.2
51.6
72.1
17.2
129.0
77.4
108.1
77.4
25.8
51.6
600.5
432.4
17.2
137.6
68.8
108.1
216.2
68.8
258.1
154.9
600.5
103.2
258.1
206.5
17.2
77.4
258.1
260.3
108.1
129.0
68.8
258.1
324.3
51.6
8.6
288.2
25.8
34.4
77.4
17.2
36.0
144.1
206.5
36.0
68.8
229.4
77.4
260.3
324.3
540.4
540.4
103.2
36.0
68.8
34.4
144.1
154.9
260.3
540.4
51.6
286.8
25.8
143.4
154.9
51.6
260.3
68.8
17.2
68.8
8.6
68.8
114.7
260.3
17.2
286.8
34.4
258.1
77.4
72.1
172.1
600.5
51.6
108.1
206.5
108.1
216.2
154.9
77.4
86.0
432.4
68.8
68.8
103.2
51.6
154.9
36.0
480.4
258.1
103.2
68.8
288.2
8.6
206.5
432.4
34.4
68.8
114.7
258.1
154.9
72.1
143.4
286.8
154.9
17.2
34.4
258.1
17.2
77.4
8.6
154.9
260.3
68.8
34.4
206.5
258.1
286.8
480.4
77.4
260.3
103.2
229.4
103.2
129.0
86.0
68.8
68.8
51.6
103.2
8.6
432.4
216.2
206.5
72.1
34.4
68.8
600.5
137.6
51.6
103.2
17.2
72.1
154.9
103.2
103.2
68.8
286.8
25.8
137.6
143.4
8.6
216.2
72.1
8.6
172.1
324.3
103.2
137.6
258.1
103.2
137.6
34.4
17.2
172.1
68.8
51.6
114.7
36.0
114.7
86.0
229.4
34.4
432.4
68.8
68.8
144.1
216.2
34.4
480.4
432.4
103.2
600.5
144.1
172.1
51.6
154.9
260.3
108.1
154.9
432.4
432.4
600.5
288.2
480.4
172.1
17.2
154.9
108.1
432.4
51.6
288.2
68.8
432.4
154.9
144.1
143.4
143.4
480.4
103.2
172.1
144.1
114.7
17.2
229.4
72.1
540.4
288.2
480.4
68.8
144.1
216.2
432.4
216.2
17.2
103.2
229.4
143.4
114.7
143.4
172.1
288.2
86.0
34.4
34.4
480.4
114.7
17.2
108.1
8.6
108.1
25.8
51.6
324.3
8.6
324.3
143.4
260.3
86.0
25.8
480.4
286.8
51.6
540.4
129.0
72.1
34.4
137.6
432.4
86.0
540.4
103.2
72.1
34.4
8.6
286.8
114.7
17.2
34.4
288.2
144.1
17.2
480.4
154.9
206.5
51.6
143.4
68.8
143.4
34.4
432.4
36.0
72.1
600.5
51.6
34.4
288.2
172.1
114.7
480.4
77.4
51.6
324.3
480.4
600.5
68.8
600.5
144.1
324.3
34.4
8.6
68.8
432.4
144.1
34.4
17.2
51.6
324.3
540.4
8.6
103.2
25.8
144.1
86.0
216.2
51.6
137.6
172.1
114.7
25.8
51.6
114.7
144.1
51.6
17.2
68.8
260.3
108.1
86.0
260.3
154.9
17.2
108.1
432.4
206.5
258.1
129.0
286.8
34.4
129.0
72.1
137.6
206.5
129.0
34.4
34.4
77.4
68.8
103.2
68.8
129.0
68.8
86.0
129.0
72.1
17.2
51.6
77.4
108.1
51.6
137.6
8.6
206.5
216.2
144.1
260.3
34.4
480.4
51.6
51.6
260.3
540.4
77.4
103.2
286.8
129.0
34.4
114.7
72.1
432.4
137.6
137.6
86.0
68.8
114.7
258.1
129.0
51.6
480.4
36.0
36.0
172.1
154.9
34.4
8.6
324.3
154.9
8.6
229.4
25.8
17.2
137.6
288.2
154.9
206.5
324.3
77.4
51.6
260.3
288.2
72.1
172.1
324.3
172.1
114.7
480.4
51.6
258.1
206.5
34.4
8.6
68.8
216.2
206.5
432.4
480.4
36.0
51.6
480.4
8.6
51.6
540.4
77.4
68.8
540.4
144.1
34.4
25.8
72.1
137.6
260.3
8.6
68.8
8.6
17.2
51.6
600.5
68.8
143.4
172.1
137.6
229.4
324.3
77.4
17.2
68.8
34.4
86.0
206.5
288.2
540.4
114.7
25.8
172.1
154.9
72.1
72.1
600.5
432.4
137.6
51.6
258.1
288.2
25.8
36.0
480.4
77.4
17.2
137.6
129.0
540.4
260.3
258.1
72.1
103.2
600.5
68.8
540.4
72.1
72.1
206.5
25.8
172.1
68.8
25.8
258.1
17.2
34.4
216.2
34.4
77.4
540.4
51.6
432.4
34.4
86.0
480.4
51.6
103.2
34.4
172.1
144.1
77.4
154.9
68.8
229.4
432.4
216.2
17.2
260.3
8.6
229.4
172.1
68.8
68.8
103.2
25.8
258.1
540.4
144.1
129.0
600.5
229.4
137.6
540.4
216.2
600.5
17.2
540.4
34.4
36.0
68.8
286.8
600.5
17.2
172.1
25.8
108.1
229.4
51.6
114.7
51.6
51.6
154.9
216.2
288.2
17.2
172.1
144.1
17.2
34.4
17.2
432.4
206.5
172.1
103.2
17.2
114.7
103.2
72.1
540.4
8.6
144.1
172.1
137.6
288.2
600.5
25.8
108.1
216.2
143.4
51.6
258.1
260.3
229.4
68.8
86.0
600.5
154.9
288.2
229.4
260.3
36.0
77.4
540.4
25.8
286.8
72.1
34.4
129.0
143.4
137.6
286.8
324.3
8.6
129.0
260.3
324.3
72.1
103.2
17.2
432.4
17.2
172.1
286.8
129.0

8.6 17.2 36.0 72.1
17.2 34.4 72.1 144.1
25.8 51.6 108.1 216.2
34.4 68.8 144.1 288.2
51.6 103.2 216.2 432.4
68.8 137.6 288.2 576.5
77.4 154.9 324.3 648.5
86.0 172.1 360.3 720.6
103.2 206.5 432.4 864.7
114.7 229.4 480.4 960.8
129.0 258.1 540.4 1080.9
143.4 286.8 600.5 1201.0

2 5 8 11
5 8 11 14
7 10 13 16
10 13 16 19
14 17 20 23
18 21 24 27
19 22 25 28
20 23 26 29
25 19 31 34
27 30 33 36
30 33 36 39
32 35 38 41

