1024 3.0 0.0 1000.0 3 160 240 100

12.88659373558773 45.36226659804543
214.74416641464995 85.55495102338593
69.38696088599292 122.24364702491653
48.15719240794786 34.24469830399915
138.80666176307253 131.69599572614283
24.33640725418085 223.42639757885198
120.48215615562088 179.79145419880518
33.464074021237856 53.9372330503482
220.83704547896278 207.42171018065574
117.46135922095935 82.93619968424699
54.64454317738221 188.4821535489595
128.46419917368164 240.0456051780953
111.74699695761092 62.86612300546526
143.29625767158058 81.43375826609433
230.53998840058844 101.64223641769604
245.88009527381794 151.16705195149888
122.06521422622035 2.0970675617218992
82.69137076402406 201.26814263061758
8.240434346289488 14.712696478082933
152.90037882847065 103.64214364013871
185.6299656750073 80.21092835136565
128.4829066454672 163.86091991326703
224.6334438899008 103.78136823891352
207.5660878355143 208.9839594050334
125.00716443560734 16.079020287508072
21.30451951707199 138.9565509393862
165.02650117549263 103.21909827640994
81.35665530088346 10.373225086821702
110.18597412769444 222.21654100827877
20.38003005019734 58.89595420952354
241.64465078036778 89.2900840596384
193.38131829192247 203.09827600547192
104.9540420465343 57.222750837967126
237.09441848802336 47.104217613003705
10.036600609302864 248.9012394858815
54.55990290547505 175.83412369234625
177.65788356574947 0.14487124648074334
123.26132485003005 129.92883760591258
107.71397721709076 61.17008230782553
118.45537060646669 2.872570145834197
54.3888384613038 134.6039009052151
159.83025773844977 179.77781038089847
90.78357430147668 119.57104094105463
67.9493061324355 185.7884275059331
25.21391711958909 42.609815049208855
105.9179734456518 197.01673151311806
242.52529276721526 185.40173179095603
21.052870898114723 70.07821764201674
130.6735267076 66.17047217042938
110.57181670694244 240.09210856019473
93.74566424642242 166.78406104696967
240.3402618733075 219.92975369256507
239.78313344646253 239.57276132269507
143.68684151464294 179.59368688172154
19.576913063017148 37.81113643113759
216.37100117376173 111.01383645385002
87.97969832348664 32.42521390959316
76.5990098504179 52.04846513731168
136.1495188676215 177.23668164228073
198.6046857184013 227.35416601405836
193.34218991652745 119.47396258093431
80.77750585159026 53.819282450359495
217.93405008111762 43.297373260818254
56.289129870615604 14.717941789729405
158.39434510579815 234.46610640659296
91.27856237587444 53.895000168217244
147.03153883146425 41.74848748928986
184.34355086386182 81.64307326415387
100.10846122416048 191.5318513465299
65.07164038970978 129.4773669606944
212.41625354796116 90.88946546335141
233.32533621282792 218.02380685046523
135.7949889957739 2.5189410368000873
174.58009839774599 217.6186173758788
19.081248576715364 26.917841703498812
4.910340982033884 159.3501529629462
15.436369253148758 136.09383194565518
112.77841864387658 205.59987033873307
91.98342558896277 155.44497758664318
194.34910766482997 77.89772346948146
229.88553040630006 25.032900380485195
68.30441576107366 81.64839015287914
204.09153576815407 127.9497327381577
122.37330118023692 32.95836500550053
10.903191183355393 181.43816220059696
64.58465221729016 34.77965633984809
150.50514515481882 223.35157012245665
109.25902171907228 4.867431034888236
79.0293515953249 202.8642893309045
98.42141766098456 11.319526833719284
136.1540339660168 38.995485662963794
39.33396847690937 24.17458271551845
105.14595510749241 183.34884658576138
17.226145097717026 58.86502778513686
204.9803071164134 93.22412944743624
44.68628277267475 85.40856119826609
196.31530685354292 135.52029757194165
101.47020785841195 120.72836815377966
102.8002257501543 90.9898399749845
147.56594488228637 147.78824521860952
62.74547689321469 47.060962004668276
35.0759403791118 193.71284843560446
119.2412811607814 135.92818623244935
34.13209396982003 123.8981238251761
29.350223652913538 42.615910052569234
129.1315874366143 168.4153081651499
117.55250380454166 124.72083078865589
178.7130159165911 49.533255317901286
171.95796931424843 105.87623306015546
14.479382596967739 184.76675368003802
128.9724109941793 115.23314840432872
154.29853865562677 59.42668292914996
179.2521950084222 38.00147053678482
239.04416686072264 196.73682769210893
136.68953483062253 77.61374673428348
82.06231084516075 119.56201560942034
212.38399615172733 64.08097501234435
22.28759252636589 205.8791236741059
249.22524071626205 18.244792272656156
30.37915236561156 217.82490494524887
181.35880543377218 36.11836740276161
220.792951847277 107.52902270236925
31.1498545333741 210.98689038070336
247.21261298661605 148.18860578171916
163.95644520214452 55.364730808973306
50.186710422943094 104.3341536062515
52.5859993980394 115.5642141925968
150.26445548901654 119.30263541565503
1.6351665759229694 20.461667902396396
225.61369935405716 229.82964206249352
206.14673758416524 9.261348828383586
220.30441437426398 123.48771672580261
56.13503203827694 121.98228904914696
191.7228677355189 200.94052877026974
98.9820097706497 238.92427890164663
10.030963384475289 238.89207646215124
90.76468100421914 107.36582971685345
130.13598574202933 188.9235191321486
68.2453846436554 129.11173779685902
8.621850452856267 126.27426125140128
117.10204831801354 175.15952579871444
151.40240349290235 76.92124253236518
115.15291149137605 243.29118113622505
23.68168242342497 249.56814903574158
135.59893084576177 247.9913354143625
89.63764111381565 78.51529497116508
149.9860547460516 58.12294585056554
32.8678997207826 177.00593416516634
217.47794261114785 51.802340400755654
56.440625160983 166.04469244979066
235.2445222682705 96.64514922240893
55.538420098571656 100.0123027097922
241.67504082569366 246.4650958611367
81.17173731343871 186.05557963163886
213.09672108803508 167.44191987336197
188.10140098845972 176.85151145206143
214.04919366195642 180.4778593834882
131.17468412871315 171.7804926410398
243.57084130459612 143.6016266527712
25.720447762787064 118.66242139492778
89.14655918947904 207.47930160088694
57.34108088065082 146.31217427358925
231.941788401788 208.40760582669625
219.96329632775908 55.29727852877431
73.6349341704419 187.3185630307056
169.81973693825273 46.33147001164406
1.657421210412513 228.90221844561117
4.3499141116431215 137.59115537666244
13.336625040814898 59.910192337149475
156.2360304308289 58.03077017926795
158.69864124176624 104.22839482189583
63.312974822148924 25.69587390185346
34.12548409568317 184.6973354262853
25.58729158205095 17.792969060813206
36.92347810484484 126.61945526521484
65.41674080200937 239.81054257682368
201.86420949156945 132.971427358812
154.89990541359037 28.16822642729916
79.61913955325595 203.21798409283144
84.62787948032471 47.3150817121269
145.15708025488854 134.58846085469253
220.15835504619454 143.9451737491289
40.45077810808764 50.567049416431615
155.74846429713256 34.09778853236664
33.08447313343518 71.6689928604678
81.80273530949952 135.75366822625168
103.0687173444329 156.2021730011667
87.52349618638627 76.50292279834964
66.88015482903334 82.48643361542243
97.64740357880709 22.987749741245317
215.12960282583654 163.37395313541703
227.02980249197387 84.51578521285543
66.495170306052 56.56839593477825
68.71427415546091 154.22347634284432
119.85002667232811 71.71327986556538
178.02137117135717 45.44176449083107
59.702599063448744 100.55706025821462
93.69852679495577 51.41817558985149
229.5075106515731 28.556752806759565
13.211877410113148 236.12615058347717
146.5039328297391 186.59878470786578
115.85471369237477 58.640911415565405
119.96706051112093 236.22803582665134
200.8096686194487 183.99972137548315
244.74179456967735 175.26158379815632
39.6239521149393 13.415986310696738
194.9749912698965 237.01960931329725
11.184175249346422 96.67933594434405
49.72967167173789 231.33083545338533
180.7204745297051 35.92163666679693
83.97781815440494 112.79495869530514
50.1716485203004 121.53465732012327
213.50591312606102 152.46123857030028
69.05407363498905 217.7780363117329
19.745515816062376 6.1741128019812965
59.694045508170426 179.49909346925648
219.4997634897935 214.4193540959073
65.98219217949492 205.80068349846357
108.53606125760417 238.2643678996082
134.41306856966287 75.79077483655311
173.342554881153 116.47423084462206
94.38465629900384 218.1332767964066
135.55440412241452 83.39032279276162
218.87989998553044 168.67739135329256
128.32068844611302 150.1260826583566
50.49664521736696 238.76832134070682
163.86310557602184 113.18215337076762
81.69525055634558 162.239084725252
145.01887836310658 86.10584708655236
192.26963358281955 125.72627593680025
124.31462861045661 0.8387905216371283
71.33758055293285 233.07184464704582
161.4387179544305 36.780079637881826
60.77172279587958 150.4487233154109
141.61309263426767 106.06407721227365
219.34174463470268 159.0596925762908
202.91218884711571 217.99672274221322
122.83181079872877 38.661985229374366
158.30610691933796 79.46023420992313
118.45962368875146 92.7139099202538
97.80235045865592 19.84602207593733
57.37949764503314 14.739872459345355
96.94844555360996 8.233788486133042
147.73227176213138 135.12184363131792
29.603779201663045 33.77757179684202
60.523939751118306 177.1168162989832
51.66424420207105 93.69703356348153
238.83122081529453 133.87183495007196
176.85916117774335 212.89974729302634
91.8044117840856 43.80374604952122
105.60138829244498 82.51896717531257
27.15316448605157 92.43105070872353
164.38387188973917 210.6375207495812
145.10552324702877 85.59616271833731
58.974501387299014 229.34034800662428
204.55962937543092 185.45545422444917
50.491219216502046 240.77683356495663
171.27827070747543 112.81886211255032
228.72076606108655 109.78269535320803
197.6727528016474 104.6034720627802
21.16442225536133 222.6068794546556
61.63498039756879 242.02559998629872
108.23882898793214 189.41686959495226
85.78922521223792 147.66892843568013
33.96745141267657 29.902659725002085
130.23981198376396 170.07682663180128
10.28855600079731 207.06352607736386
105.26886458593457 7.188194106669654
22.004270248878715 53.89093094129457
91.89161942691865 120.27325260066755
24.846068992262047 11.472495648616604
4.216790218188271 150.92776603222444
181.4029970608777 160.6935564167394
165.79715011721765 12.770363227993881
174.14583252185594 209.41925080471594
140.2970686613457 18.94409225590271
71.84666238385908 140.38717589200493
202.63485877984846 104.63366237147065
196.05938187313583 49.489747552660056
227.54996200777117 217.98530073340063
185.46068017828293 5.675153286495732
106.89178471170932 5.419958003147929
112.30292794230675 116.50243379802825
142.86147040173654 56.842933609484696
50.29671734371854 131.91581425537714
160.9417466004181 154.9668309807731
175.80858954258156 143.88028358856621
185.03605905771846 232.16350677448872
215.2262528419421 140.14997201744026
206.07554702216555 53.833428929408846
40.65451895215652 3.4462011543869298
132.37255555175707 53.63740659574162
73.01448592179375 105.70748541743747
62.59650427020069 213.31457918270004
172.3651367315929 55.574476924937
82.57448660377715 60.04256503244762
155.7908807228732 186.0022126381649
175.98610070541827 249.6023749995786
216.49347346247268 174.14715174190184
190.69404368489802 148.62274141515874
202.606601044911 67.10919573618435
28.61951598613821 222.0302229682402
23.655556812702482 106.53263391964421
16.52358354092587 239.6603754439893
8.19575320266097 159.79988500658908
5.962793759880847 191.4546704028876
248.42846784562568 103.47297732202337
11.467931662000858 128.3672972025149
59.56787828657178 223.21242984280832
238.57124100114635 25.953283708742752
225.37218407578192 13.348069406748431
10.060603341333268 220.81713465344734
143.64029661589626 158.56635365323098
116.06730928127045 83.44638609432533
183.7905479491119 68.40978368593137
229.14979599027055 239.916371566047
180.6670951299984 225.70170282361218
187.27081315125858 243.50687277691108
114.80768701707925 75.63602265265928
32.86805441248799 212.0207538217509
29.05863950185239 45.48442143832909
249.47827174488793 38.65519060004871
54.74861453702598 28.198442194779545
238.1794601482353 27.85975166179605
233.88704861318266 17.792719953854952
69.79469194914981 83.3214930978651
239.81788626686475 247.59256046023452
223.84907214228687 25.673377957758177
7.470509279561776 173.48259499414922
48.64732130262633 88.594730406512
34.87117498834097 120.95638295257282
229.0961694142171 143.17285403463978
70.7881156862302 237.03308790866404
53.67759918128989 167.34391880682472
125.46320920228531 25.567433661276507
95.36951183781825 98.86271490065185
204.56275976505538 37.61691437024328
170.89054098817954 150.87531846585202
207.97088137249915 11.362146014277236
246.71096250519994 117.7072052674514
241.13419378972614 243.40157108729522
226.5916835644252 87.18293497323879
101.8315733060858 36.6070629145866
115.61439176852817 208.1266933970806
129.87574617602465 172.20157529716067
201.0904060401057 57.65892106116688
183.62986407443276 231.83194210836442
197.13385763106658 204.07252112779298
195.33436710009656 6.364845253261059
186.0105967940134 38.871315568863444
220.9674496900155 217.98308357119882
17.207995589615166 217.03303453195494
40.38104874914106 202.59546929678933
198.4379292613128 197.6801519080849
242.25258233839142 147.7862000130714
86.9443458920205 21.623021826290696
58.975540919104176 166.96714407164015
210.68227706794107 248.39115031511352
239.68953482440773 40.96468555078542
27.71593073658074 237.01820641580395
238.8242583588786 221.0665471682043
135.75893629402174 81.69942484538146
120.85221968398236 85.87790611849822
87.68666729199192 162.32300364119388
11.997055283495566 3.6838287566497154
141.67792114646596 16.326182323550874
194.64284475686944 26.561391374006536
84.19008509615556 177.23538221870643
103.56045547249781 145.25641715627057
17.48128020755177 218.1369735940391
28.92440568720514 155.7857553312709
8.963870783680356 46.299542119204894
196.44373763977254 103.54374705568358
248.53267334248622 103.8830676333261
161.3024956957663 225.60050630254656
208.95980922454834 209.35653101096295
143.43650395125516 107.480998612413
92.82250100879915 190.29155166450047
58.071706449928925 112.30349448849586
46.12559438138747 113.50027802317317
166.08673488699597 28.743500331761595
193.5667130901067 169.06489370277865
21.53755871956736 42.800366178048556
13.745634983058252 249.03699268909304
247.78596328817838 176.15288319904332
192.48602811054715 61.953995592254316
65.44130527304188 5.941904422432337
141.0310402981757 178.4558494545551
12.502704305557971 229.00218882056706
145.44808720644298 106.66808994100971
84.226871784509 175.84026732222628
33.97250707279978 20.99465414435686
93.36747901840606 181.42431611930309
146.24334891136115 43.834967981972504
139.62368434470588 194.48594442583914
18.750673245961245 124.53742917316904
97.7257032420702 187.10519121628494
158.21782236631884 181.99422523622104
75.4894580855602 128.59719751618147
175.1593083169952 69.65393583584931
111.69141763200882 111.90980238589849
161.2426334279655 234.02522479110917
104.95802900497812 197.18908807200148
28.019519491199684 87.6725369496422
87.53941686713922 60.85333421393552
174.23886533700616 131.55979430158408
45.6866333612638 43.81377450081353
226.83005293960488 223.9788347138277
204.78843547221828 31.311804243356335
29.4841471826352 122.97939080987041
247.60074851862143 139.02763995295717
10.380434417471495 90.70088688068067
68.9758455490058 80.45098040610948
138.24163425775384 153.1326865500977
16.389441602105094 53.7481573704266
65.49007481235941 114.42079188148222
199.5345928419914 210.35666061397723
5.023592530742999 127.39922284446756
233.99937846843937 192.73326774305013
121.23989973678052 20.453007665453743
175.16448110727006 118.65439018687499
101.08072244853636 209.85072736060428
154.4958291645682 161.06049478703576
154.42098872691847 140.0575538969933
227.26123835282294 120.33484653780998
40.315257878261235 110.6585689719551
51.92230083883984 92.31873856988184
92.61826506040993 54.01093645719263
104.92307833624149 226.61487835680143
125.38693671458265 147.64455953027024
49.11692749555499 182.66777431345966
59.622017508128565 191.45873556285517
92.7411742781725 20.44819813204213
24.871497687732504 197.2952596507878
14.62286568561616 10.951400066731177
81.83327616733588 97.93667936366013
218.958075128576 146.26921668943962
61.72152834381397 236.23303153623928
182.94215207131066 184.5644371655351
224.53937211996094 218.5696743076767
171.45035755187251 181.3565304401481
24.56034728246001 199.33942274394016
51.69778183112464 24.710286524842363
113.69605388410065 74.33725050984167
221.47948399725644 92.24188318305085
229.0773349818784 72.29859760665033
183.22824833930162 65.66232662535387
202.42836046564398 3.198126602904999
111.92095505803177 168.0232129492709
69.53832112567612 118.9313755747673
69.19980143019036 160.53507218329165
134.10094322684 155.073651370865
214.33004205691012 45.67422659687395
187.6025001985575 85.92266535241716
179.5856798231246 72.55267721121963
171.32959561341332 236.29784449244877
197.18990109662653 198.20561396213066
34.728519898476364 24.824966544365058
86.50267316163756 242.82804603798124
169.34894719880847 139.30708547317488
72.19916821105369 15.26323883415534
248.18820192761711 50.7504368421112
167.83987485256895 100.29418008405527
234.5087076589762 99.95671000459485
235.14059543668537 130.75644908557587
145.86993555901932 242.3050221402062
137.0061162677845 50.261533151235966
202.79533991834327 21.09912229106925
148.06149214457577 158.68605087045174
120.62656069331173 93.56640792510107
229.03327111001158 172.81930884442716
239.85986640071732 161.93029666106204
87.13745200918888 103.03373537870891
178.3894655958085 20.514384921140856
52.17973559418698 0.38238332117826457
164.63643808069415 183.72110691872103
21.306338478969263 104.52311772113643
102.5294164894339 206.2035709966632
50.849593144508844 53.20167134252032
212.3322875120068 190.01769302896793
135.89249912254974 181.24547959185804
60.68394790429038 238.8993540762333
69.76367452240773 107.43626548669982
121.33008320589636 235.85541536770245
89.702134712371 11.040227889541592
60.218563883434136 172.0181339353702
158.7856853340562 175.35082804304525
102.40904750956581 242.97856429977088
90.08922900854769 219.1956448090243
109.44761378025173 105.8520883095026
131.6749483459664 218.52298329768243
243.23045012195806 29.81882971708566
72.58471093138056 213.02884446108698
97.94737449845029 149.21903078478778
30.625839023755123 70.33525780474734
181.18884457041645 61.838762026542426
16.51255579611785 50.49914187723864
74.58748088295667 237.60659699737744
228.08693191493688 60.819507749132725
6.299326212404255 82.32716082233671
8.696617441456583 207.4769891700057
15.115110111830255 61.03711256877503
121.60864949841348 58.97162823869317
149.7177458253889 215.73365526980422
83.4466459332979 235.71634480931155
219.8524472814374 64.12520434176147
238.84563842431137 18.140015876221717
75.38725491407658 81.47291954253765
227.078145672099 117.72187301725884
134.34495484513712 93.21033359809735
90.9685186374862 39.15570219894282
75.85569348939309 105.78245919989817
230.98805885137347 42.22105960662148
169.13063929271476 131.97336790022115
212.4577400009358 131.57819248805302
100.84269459125372 53.75891823797657
202.4465495228583 81.18373535649184
57.14116205423886 137.0437393100534
145.16519566770876 219.06854131999336
0.5097634534310391 24.458467365956277
44.244526490435945 42.14979978858205
200.56727549368458 80.58564092863982
188.25036786038996 146.50959768842029
184.65834132647677 196.4920955454086
97.57774234373798 144.48599867849677
247.46061186813697 49.9260597726901
124.50909829333567 241.15022942712227
237.79281843115712 242.74866250031587
61.07563974128033 37.954270762598775
248.49965277194755 38.54012635078502
175.16656843293111 34.4958003696359
103.4607787580408 100.1705173283726
205.59817444779145 200.59568030378307
238.6253429908482 1.260729279376288
55.178518389468024 115.80233728121641
14.537858553743066 62.79582705403317
125.71116656205392 37.42874826998063
239.02804647909886 24.825015269604815
43.899007966899774 19.157519052271088
24.70201133877012 82.12945868469143
132.12821633111187 172.37075460476905
247.50941374691996 194.41627686355756
68.81200588517791 206.19912465927612
10.871201473222847 88.58041297759756
41.5186821614851 1.3097115990131636
187.43925105768668 21.39283630705635
44.71185773550781 77.17339382301319
63.93270224858305 93.80061461415518
103.58497780790127 179.24052831446386
213.44720664093956 91.75929747430902
226.39322445138373 214.33855490822899
18.549890696763548 72.54252306495401
4.207330410377685 106.04408951191589
29.22267645840071 236.71304405137394
209.07456631853856 154.39076119449447
113.29046501754098 63.00202773175498
196.6503657678794 57.54457512971753
150.4719163420701 179.90445322963978
17.948457133380032 158.79930908005883
191.3061303870757 202.21546146155578
4.903030045327022 193.32228913599423
174.60643443498526 187.43036157080354
219.23598453717062 118.31920421407152
142.87230693216196 191.54025219147914
45.905589029861666 168.84499538673444
227.7056527242116 10.779032190531474
249.02670315363193 1.4805041593932144
242.86446017284132 64.9195855901808
128.9324563661843 14.229237752865636
119.03035139702634 67.86247272011501
105.89042195618286 158.4637859003537
141.343334114892 35.30558218595109
213.64035237717002 131.30969109863997
96.75686438095393 155.74578064367628
148.743934630458 182.2853530503596
133.16000857807177 119.27125267058491
36.109975400766245 38.37732774712324
78.21051841318707 32.0870875443163
146.28021391025064 238.50431698518813
13.068304572986856 100.58329310530009
52.532929093584954 118.8354790940995
245.59074142423952 185.4879578778094
2.69371303269067 88.0033173106817
221.19425755894588 178.43201338877023
58.918327544878665 58.12001779255815
185.40161028212611 63.11506907380812
207.1811560775194 142.84944280767232
186.94502503314862 88.02707034963383
133.85143009286503 93.05382645475588
223.3717622804181 194.81956835296444
81.46163545685519 43.8176172295471
183.72360676657198 137.24267915549413
217.90822127902743 129.4468071867263
91.83291781432881 78.48290624450821
94.45121448338651 92.11284967707687
223.95702299102325 108.27727135910267
202.39003559430404 8.097602869711395
220.30494447263138 152.9551200481672
73.21324990831668 158.53013331501944
229.40691583676062 183.6268454041867
245.0818738396894 69.61027665599711
42.11816439435345 89.85106225553324
11.040572137653193 167.90848832109415
37.50303593634774 224.0191348416975
105.9542376899096 136.45044637620697
116.20012474280564 185.4923335167801
223.37352702674073 45.12907111561082
50.62334812639302 93.10334754423266
8.502167728908855 225.34817479987012
19.009002199777804 140.779267982915
236.3565286095119 231.8572993222613
36.90466036512682 113.6868736021919
149.2824217374949 21.085684592169642
14.178770352522768 133.49907532399774
5.478469812427555 245.41440071752697
98.69393403002735 191.0859408917047
79.99536389483048 32.81584785263039
41.78448773597129 238.5754991630711
137.8924100459878 167.1866346951502
89.51021367843026 147.66339737714904
238.571914766292 172.22397095511346
245.03203055848175 37.620608215334414
236.15055025888688 154.71669750899358
62.70371938673674 135.65627398618514
175.84502509848693 170.41674667076623
160.81042827087148 164.66647448834615
80.96647114043529 85.00923856248643
129.56931090841016 147.24160437168985
171.3907260582655 74.92629721722163
215.62405488796622 169.6088352447162
133.52466425545805 30.612085697836328
202.03007462608022 225.26002696467833
164.73584038817359 168.56496948735173
64.03956842821462 186.18922985473287
63.4672709377366 215.88950903285416
247.50041071501767 31.88365790403361
27.403423347427903 47.866064867596926
201.64076241347243 37.00210627237829
198.3462636698383 6.965786381695676
49.13747273496211 92.12233966237646
177.51691331289518 128.53051032989944
77.9832926209742 68.7600193551863
42.08964659695624 207.68210191487347
12.263662421406474 34.40505925802359
98.18180036718846 194.2445532138167
63.07472640825051 6.895505442237798
151.2779906043329 137.93516159068875
103.75639067670625 87.28149249779266
190.1535958991818 196.97993151858955
8.481034559782884 194.57684971860232
143.4119144176937 131.56278370867255
28.857963776264956 107.35528734882956
48.50887351891917 102.88707412380849
125.38004505721435 249.83419316275652
224.85738422153935 88.31087276974573
174.6357368618839 25.90271543352704
103.36113894664581 8.71338133619981
227.2719772033573 47.212379989868325
98.69381746947053 96.97297415719328
79.9018455172981 116.22657680602302
170.38800647431708 214.19709353864417
72.55265575676611 24.63447490275272
107.36147759057124 32.140007780353365
1.3491143413273676 203.49975875839706
171.3360600889428 23.587268227136054
216.95140065867685 99.78818337191956
189.6327939395216 91.62974552974428
142.8628312760138 106.91771856533182
225.16957190990527 193.79771424906033
51.94083404994032 188.8193993926858
241.61249741099846 233.36780915457433
198.1269707060039 12.164233939444768
30.685822264373886 233.0917120579274
75.72337280700964 215.68898267485162
1.7512202924335751 153.3891250824337
215.20996448718262 130.30947373899107
64.89709021637388 111.14912498758933
17.671735270330473 3.9465341476169202
202.25367348114077 210.27737296159776
148.42647970558954 79.7877312799524
88.50490575741762 48.033109190492695
205.06325070604404 108.39565070942109
204.16348939837732 4.626911260486782
85.49961547197196 98.54509932757722
179.90488742990496 177.49588419283955
117.51023082859882 149.23334319738527
159.87083436026447 98.70931136328551
17.667482721479665 66.67643335754298
240.63954267024857 72.6126582092493
176.55968968259572 3.8942016129767945
129.92057881679074 92.3696629252257
17.009855096957736 212.45787193438395
158.4732831965225 142.53255039463366
24.573963694335898 60.259917907905994
225.3465697450232 168.5956084166597
248.6861767274148 50.20068746527992
35.618175368089865 201.84948119991708
209.46808020083742 127.38375695853824
191.52097844191564 90.02021787300976
28.24782993498512 198.12921341168263
26.10067659229509 6.9180146512586855
0.9608227631334176 202.81735635670762
249.42142939554876 237.82826206871698
43.739182714080975 136.74727607733215
219.1607183122817 18.29050946483038
136.4807851341708 15.716533643644365
15.656872142682687 110.65971528774129
92.95164691736096 171.31858094355442
7.197354074013729 112.82190813569684
141.285965773784 62.59128312746087
154.2603426325749 164.46704204972528
231.0235572457593 52.525749263958424
86.12999791633322 65.7838302138514
111.52699359246282 177.3896137725382
175.86641556986052 183.99018742084613
47.13582997305368 224.73992185171988
179.24849261311408 155.09581284107736
40.66628373769757 26.125907838696588
237.34949153022927 142.16955725763898
228.35346957149784 104.82637129907668
142.54085187865698 27.403665880045143
121.01122831204866 239.11073262917878
165.16469335076332 165.8704026216513
131.08700074708804 114.99218067693661
208.23480469335985 44.45493896790514
13.627366210452601 221.60878796820455
16.560806516444813 157.2530274195978
232.71765467021376 128.1194388307262
63.52226723360319 1.5984094615489886
141.20801754925105 216.40814300484408
182.3423294873473 248.0276360323112
68.65683896488775 191.5108465821005
165.0292724369695 138.48329923989274
178.68417839235397 78.8949684403478
236.87505701925377 20.115470846423513
131.355960146106 78.09152144621015
225.17128967275775 128.19265961760482
10.283443676949112 119.87994474864455
227.31879198464347 247.03856927940706
71.34236474989756 187.76271812880356
186.05060725043194 30.39858789001987
203.6960449436374 182.37615303393827
200.94818634233798 217.48407935336778
59.94290061338645 31.143212621379895
99.43244368065238 20.37677625289397
26.03530913651092 100.6529478417702
221.64577124311742 82.2621858773202
187.52671778325882 141.61426294813776
39.680059570257136 6.785063121035745
86.42543680995341 246.1148230223056
68.90138763176293 56.53381054742746
120.88919809645934 222.38599468384865
105.83674935891 79.30663710061117
85.9063075790078 133.079939193106
111.41653943647104 194.93018138439163
121.10795110429933 164.9144701433943
57.406063783999926 226.89611042131213
136.15974423621827 118.9561631318779
40.70956393625022 145.18132522137083
140.79901639507995 230.90672200071316
131.9952093561943 163.76211647015094
243.76277654443751 110.54452535241266
105.08716381670618 96.84481222666147
3.0097027236062335 97.57443871025356
98.47594477065894 48.36311158878509
159.73165891340207 89.20046400181336
2.4466499188396384 245.97177443046013
184.33761454556264 137.8319147525136
70.94668271257365 117.69900818891524
39.182965942344964 177.46283057824655
206.016192939019 170.1969324143681
231.52454273770942 10.480931759128204
190.43850755425694 137.6243281983135
20.766697936631275 56.68705068060068
200.41568133618347 43.34999832785055
116.29510873123344 33.96552031449457
205.01658551426797 150.27697413240583
17.887895818867626 116.48794785760899
47.077326847359906 175.75441108490162
84.64820564418135 84.66431742000302
239.98988415282273 164.15151635763485
114.38524167658379 245.5451818205148
139.87339658205278 183.2695773942397
101.21378779186755 181.1290284258302
117.23789650449645 163.21387185033493
31.39892286550386 195.59601537723034
17.58832462022508 67.30592714252259
175.61663718934193 39.764908756991595
127.85373254129922 215.2426576534848
147.55334582851492 154.03928514255375
162.26562893587834 198.0765729454984
229.8905323668045 169.7227234549646
84.47341845402632 7.989554356572448
171.22511577788322 221.86771329153848
45.416849601209144 189.4734896128736
170.42346943263524 219.5462836408868
244.43971103861688 49.72568380265374
173.4250447334199 226.20961794614362
89.98835011243378 115.80779367927485
229.44084288496705 27.94647324616792
32.6138474723012 213.20217866476952
200.42287627014207 237.89586554650703
160.879786524337 97.5516311495062
249.02674122429164 8.683997870738091
187.35888303640857 101.88310834877792
61.57849199465043 44.1045652961973
46.218775155885375 81.9850088004949
45.08367203261871 146.263540600698
142.9763037527875 235.64511350457317
64.70344392823665 132.89310699340348
231.87043627481216 121.65748566986767
16.490282638150887 131.66084011485555
195.1896550869986 105.1841562005723
4.732462652454278 140.14738359877433
202.28929077340476 87.83407360526743
44.38447727778794 103.11019120003009
100.95942959026932 0.11778171642568003
195.64855140866825 203.4885937167606
24.531448050810532 157.90495536296916
214.29552743253367 7.480567728037347
221.1798321457067 198.65619473395705
125.31433810874081 168.36036646924885
195.80504532512353 185.06824149936267
156.06439156874114 119.39164018784862
109.29242858286057 60.09736823109166
214.77684524168092 44.760533468578586
195.1679510201639 95.4039933527903
32.88108313817603 194.43183201211804
73.65235805494771 139.62637695580247
106.84966375062976 178.17586164506866
155.4235946347181 23.713942675966855
64.88404250354934 244.39099329444278
159.81512936742052 89.38112707749232
68.66324658837925 26.110524766181253
222.5984836791777 157.2217197371307
231.27139162049704 111.19088750553227
89.28279854995019 154.0801127015533
68.75340658507828 40.69806945754953
32.70041078658487 93.24508427723232
87.39091643961619 54.712551590312906
90.03874288094632 118.46641258796134
215.01668304434673 190.35234059245636
165.83117410541746 125.26140569268188
6.350087188585817 39.80786986304588
161.17252737705218 2.933503624115541
102.06792872744602 40.894531845826364
236.92784049174875 13.065559920757725
41.62979981135281 62.378765758969415
109.77968949810551 71.691214816681
16.45976252250042 130.66588848796394
222.54747911131818 58.08894651082105
212.8041369435943 150.47009364011703
145.13089003231752 95.33961936992502
164.39650594202377 109.28016363758722
20.965143286209326 112.93820159635318
130.97000060414544 203.77772568557612
65.37003162332091 20.850338072748386
132.41004074672284 74.71833125829284
168.5440378095917 162.40871708683196
207.67953768055312 46.58709280108239
16.748370115852452 76.96954134263706
33.20234444862588 0.330581108618333
177.24055172561367 180.10653285126838
235.8923454610599 69.9784625811565
10.492281973871115 142.01079236888918
111.4234254163681 74.2545383806979
122.9108035707741 183.69900479122145
70.51774163525992 213.6476244963237
97.9373821432945 153.68557746745947
73.36514079887502 197.37563592903192
79.98362475958679 133.69143575854685
213.31556785236236 56.7758334418198
175.375144845648 237.09017885436882
98.98140536515685 202.19461612174823
167.56407777305137 237.55628253113238
178.96190977478437 144.86510804317982
103.6912212230319 166.8346129906419
38.905827838921546 195.107379416184
215.58070658883915 141.06935833897845
35.53798838188879 163.14042864095853
160.13973905887752 231.0920011680993
229.17502328934523 227.78951891112925
163.1257492410641 192.9338994666873
27.421580589453015 26.635680341203727
68.21706004987624 192.57351247705216
97.6358226577352 19.14679839802755
205.11615725995847 133.23542829371695
42.25589934381593 85.11870733503915
105.62814681669391 19.035869996410188
129.72342904962662 249.3996680079982
26.052825046086582 235.42285262468297
124.18026191822476 164.30211789978813
142.58209861443166 91.68055797229412
26.366672060313373 42.75019889723
213.88460366136553 137.95278359721567
220.32077071258914 93.2645293117624
65.17657854296016 232.83162686561744
170.76506995586652 189.5392728286163
80.454507322229 165.64438497124758
7.426432690012446 171.12346974282804
220.75941332427993 119.646494322766
198.49530171246698 240.23324788613948
175.44554557997287 219.5962970662645
73.65062218218627 199.85722230144017
13.537881098350718 28.748376613805803
247.45955425117597 33.520757302834824
55.19206520648481 32.36040824418368
90.73275298130243 209.0849118429629
77.83761826449472 133.51180573339616
115.23031334957801 68.58418308966299
149.24477796363536 17.386831437419037
84.28117176808486 174.9792104376822
34.10552782193329 236.09628585347312
166.38776642903818 213.6987684814813
101.22773605634656 225.350717987237
139.5014054571714 92.99091269935475
221.14587705088732 199.88577115425818
84.36533451319525 241.6990333697316
92.4655296902454 146.24251216940982
82.49796410069338 136.48987484752152
54.499000906971986 238.0910361080318
174.13899101872778 65.41206172612446
112.06693060256565 194.43313954832027
5.983882965488075 152.02468458480385
17.02848043144775 87.58699606174177
204.76849701750737 72.91788166279126
192.27074149062082 126.55514076055641
82.48168455851687 60.52102876963039
244.3170472136028 188.30923419180553
126.59814844164494 230.8999946991373
167.30584901646378 33.3688605934935
229.38257530002684 246.30060637731762
44.72965209330312 195.0410817929218
92.23047453618291 7.305612279149804
176.54183619400493 107.93558884223714
176.29768376275644 122.14004329130509
218.76840340235344 27.184557613151085
245.67070344839806 212.86995277609776
68.21506636073366 76.65610577612576
114.19134471368578 91.2206699153878
133.41114081946841 145.97492826531888
149.76804078450843 181.14289793069923
110.41877553341972 188.85923372954318
189.87148653768946 94.91770689268941
180.19477316933984 19.89834226630796
33.002456312791445 122.99459454357483
19.823881826536326 88.15617112191809
159.29102964074136 31.835733890603095
33.0972564854651 96.79684381112641
132.82090284894525 33.64284031582118
115.39543337442352 133.38909739586978
6.365512309596921 95.03585454670771
7.56475858689909 139.93891212928935
143.1047751921321 176.5635838836416
43.3265359049616 92.92314535984592
235.7853587700299 47.42920147942145
211.46559202151244 49.69886992171468
140.18937595473852 225.67372776235362
60.28999905805163 41.47935805823904
52.65002349895165 185.70759108537104
13.496670501916274 45.28025712000458
145.21762413434658 118.39778321234765
242.8882874361226 81.82607709386488
152.79150444811154 177.77106489483847
120.9226673362695 153.17912536100977
93.0452810695515 48.152926994128904
203.7971260553291 190.21413813383845
41.092495525942155 208.46980559148264
32.344889517544026 162.27295519046564
112.6231326793443 21.887498463959847
101.93692313784616 217.94638736022767
163.0420338893205 172.12584418017894
122.27223794301703 136.64871569352815
172.88725294669328 43.058207895039835
244.24326284921838 52.835828609612086
147.70444824611272 136.67248559812043
137.16421503385297 227.83718836512145
153.69541732250747 213.75286225375228
240.43325262441098 66.16746574647786
149.10881017097833 196.88700587236755
54.32804379447845 71.30698138293351
186.40699975813638 78.58721705279135
164.88728759264495 13.504960133642967
133.60880555270035 231.47277407919736
61.66430098963188 160.8687850126886
172.39425468079708 150.74464124201134
119.5742450655339 161.82435332608458
62.6004182579715 141.85768441746825
197.55430548380033 132.33954214576104
81.59604640079571 114.1069629414192
64.06431561341847 150.9715058175422
20.932389117469917 164.71863293007254
187.46437271377417 197.6769995451891
63.40910366160826 87.98483042655137
106.52501323781775 130.71098065836392
145.12458248059946 172.96350350138027
176.85325785632278 140.52215539697494
230.0124594186843 106.44413946770351
146.28211069461364 238.42511736494168
18.129782270802835 82.74655046490919
0.8555159206552199 231.49166593727313
192.6355467712273 7.544858262511944
170.56103541662972 211.5427394988063
133.12930488063176 42.83294445518998
225.02529464959642 214.75394592426
207.06999043562288 202.1517131254864
18.56892682424044 77.98213390867737
61.556418997325444 9.523798298486458
87.0656256651538 51.718419308879746
45.03340609727374 111.66667465494226
142.3684692461599 231.76118935974998
95.71576177441624 205.9527049116621
126.577135316466 60.527389581608745
194.68842568183274 213.19114699306297
186.2756244357875 228.26658859345878
148.10064395047283 156.06014367475672
141.46322834730643 232.0951469231689
17.181110450339403 173.2840878374698
158.89988703357145 176.61226411139626
227.43073186314027 192.38029196507424
153.1955595898392 61.51990248942057
174.65894071443802 178.0218171010679
62.93294500168861 132.43312982361343
154.89575680485004 154.3538803557305

8.01903577816826 49.727152233798535
215.89167959361959 88.78594356692257
71.31665618777555 128.69181443383223
43.4569800321751 35.21947859699362
143.22623672704626 133.59200752565204
17.840112852001848 218.4455677814715
114.47799157520511 180.3997154310869
31.60499511654319 52.32275635066849
224.6492448354152 203.47797335192993
116.10731170669756 87.0016888143858
46.37244528105489 187.1017432084483
127.93265693922243 239.01561376656238
112.11541189123899 64.06492710320713
148.3903612721332 77.27406913670787
229.04252750462152 109.00190621706481
238.9344961530616 148.87822425469636
129.60339067241182 4.948422749857184
85.4972446240582 203.7631760011786
9.442567193730516 15.998943398767118
155.8466689701085 102.90912549497847
185.81372386849802 79.69752554825754
123.38252289745888 163.66575954547602
225.91920170490388 95.42697897664019
205.64248478024118 207.27770361946997
128.0832537885245 10.143896292861305
18.251560446499337 135.0495314566647
162.4241978308545 103.69309895046136
78.50429395688232 5.496091228040095
114.23527526095775 222.13447130806048
13.446220203628927 54.999459976592085
238.4217485250244 95.15464797207146
190.9332384932381 202.86773382562336
97.39914781023664 57.08916353533724
243.71679616464962 49.15435234287619
12.668584118835813 246.71823097797503
55.56518105215816 183.44145529518966
177.88803510432584 4.789358011243944
116.88257812493522 129.84384724106462
109.94852500703087 57.42411317309115
126.1116579164416 2.5212285572913107
52.463946499208994 140.03213184119932
164.34557282715008 178.24799551966743
92.76044538618409 121.49385047863461
62.93678813455575 187.5729305564595
24.859669180786415 37.29175818541711
104.8827021933662 197.62916279946145
242.98351027095197 191.5039173753492
17.92178022198859 68.83135092346848
122.95480333994585 67.87453688346812
108.19216017640653 238.74430906188894
101.16088217457609 167.6576606780165
243.76535391679528 220.4105483505104
240.99096042387765 241.3699491226368
151.01666485295908 179.85459044905417
12.304113146398427 33.7474559246371
214.08527877890282 106.67635279533764
89.60037809629956 37.72874272208049
72.7494071630313 53.71308543527786
141.04297030594017 172.9789217385359
198.83534155804423 229.69721308483454
193.09453866711652 118.37228774841851
84.20086451815381 56.877895861389305
219.9987417026157 43.29738928047508
54.10822672018864 8.764616120987528
155.08321917231657 241.53665767583084
96.60015920051312 54.78288950929733
151.79571846434635 47.16106177184962
183.54181154266988 75.67965378789701
107.14547075809921 190.00435156820055
58.27394071238384 129.9294355278231
216.62548470145006 95.60124729618849
226.72024605308167 216.22733730671442
143.9265127492327 1.9562854688520703
176.3851948084372 217.3911009210114
25.90211870020806 25.539206075354397
8.252596083660135 157.78209675516015
12.817944926133917 139.9896952251463
104.97567163733515 204.92676558556047
94.25117117970954 158.9812161201425
188.96653359735006 81.91310961491787
229.40393879855503 20.01806050934102
71.10426536240139 84.41058539420283
207.45946043975977 129.55633723370775
120.23383312509867 27.917258416847584
10.52225545463828 187.6984945058981
59.075414655118394 37.104773478727395
145.66068076152354 221.92763984192916
107.12554263512108 1.8965996407203645
85.52384205973726 203.84316032527153
103.02769318888352 17.022203261296887
142.0605826478987 36.61932104659632
45.56405843251285 24.61336389230606
110.19274955685704 184.0981444285611
10.692412250975586 62.29228090359154
206.97291923205964 95.39398105379843
47.94565681944524 89.9200089597762
194.43875492263183 129.657311043863
99.82422817072656 125.88414929362149
96.66622648782189 85.7955050094666
148.46848381662267 141.3549043465671
55.58011471283258 44.298471665825346
39.57071294433415 200.7415963565576
124.63752884475038 132.57981385936588
36.82618319806641 127.36641766403928
22.679398213093616 46.146393718948715
123.08041012695814 166.12224204640174
115.88390689242048 129.60840607384122
182.3936483479463 43.546698642229764
167.7287263091807 102.7254717801167
10.21921888375013 181.50140993036777
137.19578357467182 113.57652079968467
156.79035683556998 54.821292072238045
184.96345652314022 34.53271004700473
240.01574697669474 197.19665218514254
139.1185329548708 70.75845915962306
83.9913412241448 124.65550502161248
218.5356098624849 60.69438994019427
23.128252775018094 214.18391951065774
245.58791466324934 24.54719925134363
26.07619248697443 220.31005446327282
180.3019115888947 43.64455808243422
218.35856669541178 111.40207551292816
38.38625407954224 206.76989324622292
245.21742914757576 155.69405814140833
161.40864122073086 61.09683039630878
54.27675702128851 106.94580870489543
50.04604092187917 121.42945531540938
157.82402059116512 117.05865415751579
5.831091118379261 27.03239386224518
224.24235240519855 236.60134515438423
200.8866454671475 6.798088357853505
224.88571763363564 126.73992276217302
61.47846310646174 120.46649680066714
196.29039410775917 201.95247410913854
98.52542621091898 246.43992188889416
14.7748114819298 232.0641312759237
85.94942448826046 106.34761569918791
129.79288023710828 193.24585888618324
68.16095184941202 131.70080382268415
11.589839329862405 126.4644495130102
113.6344137880921 176.08739374114725
153.34227071108603 79.24371870403229
111.32062443879407 237.2288509855231
25.181271727065774 243.71348278508344
130.46087233554604 249.57316150913528
89.7947251805061 76.70791163984708
149.31819978777992 54.037827403214195
31.73492446726356 185.20885164449965
220.09253850501102 54.07109070917204
63.45852215511755 170.5619400597659
236.35837794769196 95.37479220652628
58.060477865075065 101.90475895026935
247.13525973115918 247.16449620001876
84.02195667300127 189.16284929713785
214.9321668010466 167.13101091179328
180.29274805216065 179.40751286332218
214.8992739875623 173.7737957143899
126.82985420860449 177.68178776381538
241.24304934790118 142.97387836264198
26.631547828356723 123.79083919385467
85.46153373150293 211.93741369439996
57.04969932952536 138.50377507891926
234.6726575509289 202.531554574893
217.62520532833176 59.92500262803732
71.87350962695227 181.24352233828643
166.3959208068732 52.309871529941375
2.8407330929278163 230.70460774977906
8.54135858246599 141.31103173761045
10.180222990974958 63.24041311513545
159.01317257502313 52.52136954927225
153.87039154665038 104.97812881614999
60.95972720877976 20.903629985010998
35.93327169651475 190.6833742862325
32.7621457477944 22.29149917085893
44.469607985823195 129.33347493312806
59.93815430244623 245.828868869288
203.32799755279123 138.04311728448434
153.82881765095692 24.80855811802918
78.68865260390263 205.36654710999582
87.32473620581804 40.860206260267375
143.97311846132126 135.6156563952207
217.52062954232102 143.69189257490285
40.223520131670966 56.309136333056344
152.87487931416436 29.845289728526154
26.369109528436073 72.77946433779206
80.49679158218962 127.83721360550956
109.80707103824264 153.6320544788834
81.4887099509151 78.6114549708067
73.34281682796731 81.81420012634547
90.59410277251077 21.17108372814183
213.12745114182337 156.2215830442893
230.9692438298856 87.20231306389084
63.37567240795744 59.858595831700086
65.25732013034113 152.6687932990867
118.94517640500793 65.7908165802733
174.87607354659875 39.26027582529734
52.49429916003931 100.63679167335366
100.32286881401642 50.109242920209965
231.82718353554407 23.763027412237598
13.527924524529194 237.16879919421706
146.4023279293383 192.33276487351455
120.22637580567985 64.03218096912883
117.23108918668349 243.6867221895428
196.15302300296918 186.25078018613192
249.85142914830735 173.1816073570811
41.67922686382222 15.481414036621649
200.45382707448383 241.7805249251967
16.839541241021383 102.23314282728313
50.378577127905636 229.49685703820913
173.72595363052685 33.7711536946286
77.20091554456465 115.34728476765879
54.23112962369112 125.3561555729398
221.39495681157203 150.21930711165243
67.70485348959853 223.86077424024865
17.042934486071665 0.3726369061670398
63.62257957919498 173.71260335254985
213.84233231629332 209.5887062663081
67.12360854855703 208.00269480973932
110.31051446618228 232.8917635378295
136.97563813089775 73.22282945198258
173.6183493079134 118.98042560500203
92.3033408430805 224.55493377525772
137.74868403542044 91.03170275832187
218.65045803293967 162.7301100647745
130.39038570191892 152.0686619226992
50.630885101620144 243.66722468118112
166.26731923486298 113.63790592071533
89.1632814583607 164.8840480089675
148.58052124318198 84.65388743081476
189.13083665183981 131.75712921069012
121.7673487401069 1.2125834327590956
71.00460847952964 226.16832027781942
162.36386686653512 41.90081924229211
60.78148856239482 155.1739545715428
143.39999232659378 108.88806556219907
214.69239952799575 161.15618844362112
203.965219984861 225.08865952583875
115.64119009715945 34.52690563249586
158.3306456661309 75.34368920001138
111.21202524694098 90.23727884494475
105.93751537080831 20.15281695473184
59.510556612752616 15.800558275834542
99.23957955436103 2.544382991846783
149.6156520399356 128.9551101203184
32.8179538263981 35.80091571186711
54.86542900553004 178.03481052382523
52.65744300528338 97.47560753709969
239.62047011418966 141.90370022043138
170.29120118370952 213.3677807239969
98.34283942753989 41.515453065030684
106.31750084525343 76.01176000422313
28.445886299904856 98.01650198269746
163.62943789397002 210.57104208006123
145.30572280620768 88.48918006866424
60.992719146079594 229.4116375860562
200.3283221617281 187.67728355460167
44.96371503642854 240.44050877282493
175.94852041182153 114.1022331128462
225.50372360385575 109.71826786027353
194.64326422745847 111.7638657063501
16.81620550768212 226.79520671316422
67.46725749935575 243.98925556875992
103.44066379156425 191.19361907734753
79.10024415447361 151.84706525550826
28.53715999096221 29.948621482480455
134.51866034721792 169.76095532639565
15.253225910004803 209.1235305483517
99.53203076094857 11.237223921111344
16.064914072352916 57.642211335212856
86.46524504991717 122.25487361292409
20.09636207326254 5.3658980938355585
1.5884901288171216 158.78316355297306
177.03183964108888 158.77695748618473
166.11527706928302 18.527069679415142
169.47516805726033 202.5781166036594
142.37726123122494 15.540331869109608
71.51126472884708 141.22423991713944
201.71074350407164 112.7685437585795
196.43389228572246 55.45822694795441
225.42893435033272 213.12559207082157
183.77092011453803 13.4868185553767
113.32203360223863 6.864714258161181
111.37026361887828 114.0596959247824
139.95784900521474 50.497026118828195
48.672542764098466 124.98200460640865
159.0540187727372 147.78230408580632
169.5605854035623 141.95567642751575
186.49309508204325 232.88225215216295
218.93956533294104 132.64360446427412
202.7253763991586 61.13619865451611
36.04309996272395 8.230081776471554
129.88085060778516 54.290269269599264
73.67207620766233 111.70782260589512
62.89644088999524 218.6456639029888
173.83273808478316 50.97340719093629
84.27829225223499 52.0160672477262
153.89238462127585 189.23063585137766
181.32754996127386 249.39787243890652
215.65934429157957 171.3378132999026
195.99972854681965 148.47794824867097
205.77615838451325 64.71158684774484
21.98711639067255 224.41282441699065
30.622206177709472 101.89098280046352
21.309395475445303 244.359971479797
11.612363881227633 162.11343509464277
4.825257375403264 185.9290899310689
249.69608280328129 105.74425592161124
11.21039437583099 136.52038951095113
60.283317078518444 219.4704686787469
245.860991862748 23.45911522001176
226.33172423395735 10.805899416663516
10.219603718105875 222.95861739502132
139.5528147472474 158.95627148470663
116.51482769185532 76.89952597226119
177.6419197338081 63.009032715956344
235.14094798686216 238.42395831263232
184.57513915632495 220.04666559777758
181.62882341741613 244.31445611573827
117.99247569133264 82.72220219125892
34.33106835102287 204.99447201199632
27.195378421659118 41.336941010180844
241.11528266747803 38.34062591460247
55.064482285722804 32.12823275332025
240.17850711596006 31.26061265135549
237.81460421292 17.970243097363227
77.40663643854165 84.63921770271635
245.15550607184633 247.0770735391105
224.88505055747933 26.292424659631443
3.2141161060277588 179.82180866194295
52.412988741302044 91.70285769487887
31.600821140891465 126.21625684190995
229.49028545981773 136.0194743577435
75.7723117691389 237.4735861069293
58.950635994984154 161.40254348647676
124.52076786405183 20.272800417346637
95.20427411511098 103.08626636234338
198.68927652156788 41.344415857599905
173.41007386892858 157.73876499073663
208.56774550087334 19.098668812598806
248.46989745681998 124.6395610002591
240.69883233905367 240.72323005662622
224.9839772847634 86.70647152094257
107.71435281347114 38.84687818465865
108.58804273375789 203.76616408611372
134.81351055166414 173.75861719718773
196.51576610763013 56.6518456629741
190.32048916109827 233.61511417142543
196.90954191674152 199.94113770504384
192.38966781955384 7.353892812310525
190.39632035055322 35.543787319788024
224.35166356389598 222.23930111889646
15.6372378942157 213.07922214490998
40.64657286586182 201.86986582606232
193.67191944636417 196.7356769927764
243.58167573195723 139.42387733005995
85.45965952196302 20.784128896573133
57.83174671233329 175.2465374277584
215.92657785292528 249.8071964680849
244.56162333821632 44.91794636553542
24.40328028456268 239.77185436688876
233.24848798452436 222.52194830798302
129.78450596411938 79.11847474443498
125.28680315976959 81.8580981768724
79.30029980991343 162.53248996510027
15.679829468223744 6.175427391741289
148.5612950737256 17.093915393069093
191.75097933832316 33.745644913255795
81.95399917237123 185.30830233607298
96.39268113091282 149.3933038912258
16.866966870587113 216.42245181959888
36.504963957495114 157.04013261068042
12.363296936870022 47.224519226488404
204.30556013462956 104.4423329254906
249.06943624471643 98.78564158490214
163.1052270149307 225.65522222553415
213.515916195205 216.309810662314
144.05944614269222 110.23650095962425
91.67033861736806 188.72650828757364
62.27596783460424 105.6488604541453
45.852778071385266 121.42106053837206
164.32233393775593 21.139558461940737
192.41485298550793 168.91087190345203
25.902018539452342 49.45189407801481
14.321773250266789 242.09367044941013
246.69852893079084 175.69405097424246
190.19547881681655 64.19805188186193
73.76590829272006 5.4099893951985445
146.7883773827522 178.31305771907563
15.14510489199436 226.66296920594897
146.27705226676534 99.52660024784731
91.61959271975664 178.8701292072304
36.41507123754606 19.11677067919132
95.10375366420324 181.129550577065
148.77871999127785 42.26606749296977
132.15673785492635 192.89025612663556
21.98184988312299 130.57524892567358
98.49879556739491 193.55439198527938
155.5102682229337 174.9351622964014
79.9543422486886 134.34040406260146
179.99231914181686 68.42680002919033
104.10685244193793 111.47703730972708
166.71710624740302 238.6992965272407
111.06531388719493 200.37081356115218
22.901189017942553 92.79771729554429
85.48427418373613 63.530930695005736
169.454345313462 138.11914322427216
40.67718954941346 41.708041090918634
220.82902851593434 219.53499440495668
203.1194761671874 24.202401915838834
30.711944099023196 131.2807802968806
240.10892395925148 142.52741547703465
7.489714515710705 85.11595879340899
64.35577807229458 73.7323603483461
135.68837777465038 157.06929918828706
9.157444808750858 51.53191044371269
62.969792000787336 116.64614542836371
200.5352713925024 205.86028779256324
4.874259202578085 133.10495169147376
237.15845607837528 190.65940517947118
118.68813152127234 13.027099344228771
173.4321321428258 111.97978724550137
101.64895891870665 217.68951601104536
149.08855470514462 154.74881285726605
152.72118654549388 135.57897058090404
228.90428043806097 125.6702755680599
37.99950195725255 113.75249756575975
48.92866966877882 91.70190927430174
97.17193571709795 52.976291188159664
105.35658852649924 218.98316954995997
129.5197937326365 146.1568073682048
42.99728839556355 183.90942224065117
51.604887575433054 194.02403305693917
100.90420792217012 19.28727975076469
21.012807217123232 194.02640481294037
11.54145620950106 6.113021268028734
84.4695021366525 90.64087806789183
222.7575039144167 152.36468507576348
66.17156033869759 230.43918760096918
180.02629352038065 188.4594415676459
229.61556074832438 217.31028274106993
165.28543596792687 181.9843186348283
20.925047500646333 202.50457528294106
46.82550299597421 25.47857132623088
108.58097821087232 75.60489717488552
219.96392177437573 88.93429642792988
228.72700265973134 77.16233335869036
184.85332874398233 60.36328804216723
195.8810469655292 8.085654694030108
112.37085077509364 160.11873491022374
65.9489309383001 121.44397332116752
65.78754276574716 161.12993492887264
139.024012951532 149.76288928279024
214.2500563952541 53.41904326924812
194.45689415199374 83.10775457165751
184.67450251163757 73.17169441663859
170.90128052355507 241.50549455668047
196.4706495491001 203.53668753572362
33.755428765907034 23.05591678481661
93.9547044959583 246.73900355862983
175.51232175281376 143.25360000193137
68.22099456884914 11.67027598329462
243.9975113925454 55.99746961837634
170.82600133263472 96.15415007796364
230.7620799537038 93.04754156681847
228.98361458953298 129.51340919140858
147.85716930542438 243.81372660139778
131.10095585396013 44.52399612562397
198.02009338767928 18.27564459139794
155.40389085786384 158.84053689247094
125.63670705113248 89.21804527985941
227.78770253082115 179.73979017744253
235.22857887492668 162.63358663918967
92.08367548828048 106.94316951295127
177.5140274778193 18.823136194099977
50.259880910100804 4.368573988954683
168.3868412248176 183.5179847453783
28.592547780945388 105.19387932685737
102.46427190433153 213.59295945188882
51.77482814859763 51.87307670270675
213.97627231421188 182.24367506975955
144.17332483175926 182.38673641390847
59.49348214225908 239.4248285595049
75.624161023328 112.43585837917932
118.09545225423962 230.33126348296676
90.44265686076346 4.351496277809646
59.28467197508974 170.34041914685966
156.82387971675965 175.5952176269145
108.59718128564691 240.78444349005673
90.44433142927993 224.0161853529576
113.59117278249207 105.53544030997448
130.20692311423005 225.87711125459182
248.32439107089323 29.085968567495456
69.0170012513576 214.54843041677356
102.60134347066527 154.9417375862936
31.822198638518927 76.41889819622719
181.18682765781296 54.3307923766764
17.021181655106243 49.804189818673684
68.82832793690194 240.0717655106499
224.22016317992623 67.93471193027345
8.993221911024307 85.4944459879122
5.320653853122886 210.61593624869636
19.318236823269775 61.05644182341396
125.9769644157391 66.15631878459077
148.0813753857433 219.90052681845424
87.81252606785972 242.32959108421352
215.7664744827318 58.43570823792549
236.32269696036806 21.611664545324206
70.94549358229335 82.33052604714806
220.50723936055408 119.85678160716115
131.62106715174266 100.61553779114163
90.57303456281105 36.23749828531642
75.03118767469458 113.91329235291056
238.389730935856 39.471364538737454
165.91257273632579 130.22412976333203
206.78970535038258 128.97868841762042
107.0302811176152 54.9672891753761
204.0210694090218 84.79446173114246
51.13410397731058 132.64954879251493
144.40770633317774 222.0184960083547
3.9898684964492226 24.507904531963888
47.46048536187028 38.21623530061885
196.76794338803865 73.33269362040579
187.24387101682314 149.07619520348302
181.91932121197334 196.67915368577135
104.93723089920881 148.27525425621573
248.7995371466483 53.85142672500171
131.7385571904915 244.51553994469506
241.62950447656058 244.89322604773727
60.984552650964055 39.77487145083455
249.80235862351677 45.881102940434545
173.21575281119195 38.640889413509626
103.32473140013657 102.05605582993066
203.4225393881085 195.4028746112664
243.93652674240923 7.258473174708902
48.65335246926755 116.24197964202293
11.649752114716112 66.12266613842172
133.0884189658158 33.30967063891838
241.1029909471003 23.909583967766242
37.80135418782615 17.25223420397026
31.215174691709564 84.64374070452655
134.0283528102137 177.19383534293485
246.32239718369377 194.77145589383454
72.50208772175931 206.92156272421323
16.471099146669278 90.47294527592742
47.234535367070286 4.199949608759107
195.15883455185403 19.92883240049431
43.99543274542872 72.85759675515074
62.90737230084409 89.5804273924173
106.87189063149391 171.52768951604273
209.8126334546679 94.6157544490237
229.80672012647776 214.652950835978
25.580084313776812 71.57128778523497
4.116224740238872 114.06034376641361
31.714299866419744 241.0818327885477
210.35357108516388 147.29704117790732
106.68599482091449 65.71051977595599
199.59757706084804 61.0467843846601
149.01797356270055 172.74061092290353
15.273484080797845 153.9395098501059
196.8099311935215 202.09246595996174
5.346632561224862 185.19183435726265
177.2208591325148 185.31692815292465
213.5417227477472 119.95057116283623
149.04559349408675 190.6785845671719
39.8081230598088 172.11851768192844
228.20524944235135 16.381773975560343
249.16901175157938 1.2141228855681863
239.58240327097215 65.56137670864737
123.05857496150402 12.668255705785642
126.4998911337509 65.44905841600703
104.6595658415107 165.77524253265653
140.32805922966446 32.462419125238505
210.65629085808698 124.47199552627855
99.64580421113634 155.51568741794264
152.7243055348958 185.93465210058784
136.10899216666607 119.4676222500742
38.36302753787718 37.72020628075645
73.64247409800761 28.768461295766436
139.89982184903187 239.8261689063687
6.859817935090218 98.31313591947027
46.94141363126897 124.35658329871005
249.93437496107333 184.59764778640275
1.4946732377041638 87.8299336207565
225.80661522455088 174.36460897482067
65.83452357422087 61.036072824521504
185.85488851226683 57.00802166752947
202.6660600984482 138.20586334516554
186.2384279913611 82.27164048312515
132.99272021607288 95.4733041749459
217.33151593090537 195.33527581386872
85.24403440177919 50.140800455230895
187.0226127739942 142.62211186205144
218.3010338893975 133.45289635495178
91.45819653343945 75.5794414577736
95.00071137297603 98.33279038444067
224.0673322239113 102.52976230082986
202.78484118569352 8.905541341478667
218.55051032506563 147.17879774296696
76.11036569776743 154.71125356235703
227.63606870330625 180.083252569094
247.18957717718436 70.23660481023481
45.46676717553985 83.1211579749058
14.120202514903369 166.7031535935144
39.19585723326996 223.39393981382946
109.48241833014701 141.23019454564206
110.0539303221153 181.00318369857794
217.57483756807065 43.22719029433866
50.49978126844662 91.7026306729545
0.739061087621562 223.33609022738867
21.30647021236748 139.650590048478
230.52719721872452 232.53049157099295
44.98641672081899 112.26526751482824
151.86689930739905 15.738283224579652
21.843040434955107 134.59074887765738
8.672325242778529 240.19199785590018
93.64888064471822 196.43470960154139
82.6482898990517 31.17636490876985
45.99274904213688 242.66103003843457
142.29874970482942 171.12586510670724
93.46919039699492 151.60168673319222
236.29664721679697 167.224751906348
248.8943990487338 32.33493823292144
239.76202675747228 159.0606556306154
60.18520451321119 136.44505449328534
170.58059320669628 174.2805552896783
158.75531537381852 161.6725804607213
75.35885145235957 84.30680290282416
131.58433523232006 155.32385889356678
170.23169939512368 73.35153662465174
221.53072952505036 165.5715125693221
133.89710582572457 32.040879133463626
205.23897386529825 226.54493394446047
161.5707246087548 161.26585925559118
56.30351327592237 183.72904240979446
59.41881058897947 215.9624707456016
244.87236425857847 27.133057409413603
25.58834209395244 52.5722636530416
207.09102730341237 33.09720792505178
193.55214741511492 8.172193674139432
41.93595360527391 93.57718587297335
175.35532070054055 124.58823256469029
77.03537889678968 63.17707640805204
43.53254913119042 214.39514003170547
16.644354486282488 40.841931382940814
96.01362111665951 199.75621571458638
58.640502512406236 12.00981179987104
152.60358483590352 130.20112474198132
111.49762756710344 84.7546442449045
188.32966886493583 200.46829380388996
3.498030155030585 200.7018074622639
143.76490307009013 133.66854360156245
33.230125965401456 107.12837559107568
40.93751771566079 106.67018879814361
131.0449786632602 246.59993181840477
230.22338596876153 86.1071270855697
178.9587557598144 26.62170624409277
102.60201055584237 8.507739934065201
221.75019479204084 50.26588935163734
101.13488963836734 102.90264337258795
78.50573402202787 113.51090577263642
173.5359701181517 209.93334063442
73.13207584094967 23.463436696407186
107.98137603149289 29.459125904210374
9.189531449654758 202.49124086787074
170.94555791647522 26.003959244686044
215.54410375448597 102.24103170169899
198.1007663159241 91.51512201543876
141.2434052272817 108.21668204280094
229.07543717962926 191.83643102680276
58.23573090127165 188.3397168960908
242.62158865977085 240.32535278472002
194.2372352039162 10.442779959763172
31.66661093694309 238.43088214288943
73.3795222244511 209.46276911939398
3.2865103141009877 147.957943608592
208.3995018070602 129.37458226173808
63.823937861315876 104.50962684543843
16.563904732014162 10.86911233216678
196.0861044366343 205.3632144907601
146.35814843330033 76.95128068270508
90.5427473805017 44.52623660173774
204.4651797383146 106.43389199854848
198.02014654195273 9.9412858650976
92.63699283527993 100.87393584905807
182.44971650843812 177.30183917269042
116.42534159298853 156.0013477588278
153.56991445061337 93.76689979864172
18.59937790061797 71.05153867931324
239.59747453630067 64.73159827533081
176.5757222938753 6.478825951631073
137.48733810044573 92.07694159089277
17.940122345906833 213.51596111248122
154.69874693523582 144.8694495595516
25.830393036868877 66.0079521594332
221.47431203969523 164.7652712901299
249.0583779860296 47.488273190634644
32.084343256586514 209.06904962113902
209.2541392442199 122.48577837040241
189.58331422256114 88.34617718262966
31.027859625331416 197.9068974650551
29.362629972401965 2.3510230985916145
1.8538369979025637 203.9195348028244
243.33748167209234 233.81123235705977
51.900359917735145 138.17579476090268
214.60866747742324 23.688579932209546
131.50099068217105 15.143101924259273
15.039810213558964 102.95004704351093
100.70612727217743 169.3142961934453
4.186213685387741 120.2804148524667
137.44354134835692 62.92785610827509
155.4242317013605 169.10658032396285
225.7288535934849 58.27753970136451
89.85229808006196 66.37010736840287
113.33905281833637 178.09353984734307
174.52635923607295 176.5586127469157
47.799704595548164 220.06692757585748
187.05395937049707 156.28286223721338
35.98866817257865 26.04887574110537
232.46318733462383 139.19671806730605
228.78957617971275 111.09435677854101
136.07804238362203 22.07200963682568
127.21544601050766 242.1211999449784
168.6376116295062 167.42309361930694
131.10222056248037 115.0760930703299
205.6008471540368 42.84386553674932
9.67434568589129 227.56569389777144
17.22595249554601 165.54045143161576
227.17410197123075 128.24837635179483
71.73105830808967 2.296819420040702
139.6528796843385 217.9708604139566
180.98279528784502 249.68377740559922
71.06110227797929 198.75597426867105
166.66361862598126 136.38657969238065
177.4867799643398 79.16531383650666
241.31307638987542 14.864816132421604
137.7140262762641 78.10959380079777
217.4109194175744 129.82026275785944
14.422843617184238 118.73426774847964
223.6518095478961 242.0039744080337
63.56235833281365 185.4098792938094
183.24777687985173 28.288872897779484
199.0415130651857 187.6629146399325
199.92222138618618 225.8681229248669
57.875887366667186 26.3544975666036
96.19983251476324 26.706642057564512
33.40306958826966 103.31945393146167
222.62190234103298 83.53100299910543
192.75293516964783 145.46631231274654
39.38614914794869 4.439407331840006
87.4793934941728 239.38204678449165
62.81030026974149 59.19658787381054
124.37041972212006 223.25613275600963
107.62363574768105 82.83365732493922
87.88283057519014 135.615153320424
105.1080963369676 198.20410763853033
128.33404812199646 164.8337025174739
49.68848590516173 224.81714279127064
138.548009061927 122.4152498898686
39.36263740252097 138.1107226568389
145.4610618019946 233.19973679255298
132.52512072379818 157.21620546635805
240.99401099947553 116.80396837855007
104.77221151291164 103.0986806294239
5.484988601907492 97.02371579529259
94.26011714934485 53.63103225712962
166.61258217479488 89.52800046483864
0.45804374301644524 239.9876798659836
180.65792831488622 144.9492052603069
63.20182405649757 119.28886486663993
34.88248161432106 184.33941916603925
210.5509421762176 173.06189968462797
229.08642296433342 9.928882934685635
195.6640390787474 140.70498588436897
14.713064053433477 54.641809652259454
193.57763259862406 39.450669092565256
117.59319905087021 38.534474378315366
199.9539330919811 143.48091575667826
13.658470650674909 115.13751126658597
50.15313785056452 175.77063857402462
88.24653790123746 91.02442299801706
236.78834998104608 169.3107060567639
113.46861396428162 244.39087347897737
144.33889864096136 178.60553175444298
106.08581313213395 185.12560868419354
124.20102730496399 162.95279390183376
36.03252650619079 202.1994897424432
23.324151967667405 73.07947465994683
175.1528726562194 36.46693763325096
130.99023926290855 208.33911067493247
146.37164479410083 158.77038439046134
165.60876317545737 203.84920986759275
230.24271223547007 163.29517034574033
88.19459889273743 7.05384867982986
165.66361229849315 221.1123583137701
47.128459427222296 196.54796617557298
163.78522363629145 218.79268813835037
238.5918417445381 44.43273312185772
177.61070858838164 232.25022819866186
92.12730940735592 107.64382589196205
230.70859961255906 21.32239050388329
26.95755276426498 209.9292567465698
195.3473728424945 238.03532655170093
165.6413594195125 102.77518383998158
249.76796575990247 10.65767485097216
186.60977391716168 101.80430600599374
58.972823969720864 48.44494979194369
46.198542636568085 79.80641076463274
49.94738824355427 145.21681725671831
150.13756371798198 238.4946865074376
60.40387266964847 127.71412241771671
225.00329819837842 121.94494706557046
19.975006137666814 125.55694076521631
193.67788204918728 109.33380322024148
9.09425751611806 144.04099388531313
204.40587465130542 79.83888577704067
38.02768707765081 101.31970801805824
100.6203239623966 7.629649229481672
201.0639458840899 205.30885560343037
27.4247977876963 165.30138725817721
214.38827569974393 13.919212898728606
214.8751714789129 193.5436155025471
126.09204096873522 165.17467529849554
200.66426507884987 184.9053786012453
155.8093348167201 114.945394133355
109.18792756022472 55.14954075271095
217.63557487723887 42.84395379721945
202.65326724097372 91.71430313953286
41.025384693676116 194.71775104845412
76.7044829482584 135.29517387046582
100.34922369745111 182.0637525029028
147.6406244632865 26.26834091847713
67.8025966983958 239.53948063458736
160.2522998977198 81.84542855555638
70.04864814808451 30.54616625537629
220.25719453130256 164.8286586763022
229.98018867634704 105.87219248366047
90.39578795154901 156.73793304272132
66.52422906007035 48.60005836232118
39.09152130479773 92.84381201878486
80.58899011213153 52.06370350864387
93.96258635555021 112.8379758758044
212.3552559074163 194.86450529839573
165.83327846250089 128.6292414585595
1.6211205112465765 37.30999061763282
154.18160471554268 1.3026548243665337
102.81786459971937 35.88292810957375
230.44457729127691 8.714143951616682
37.842288560303636 58.880457027667674
114.78729778079754 72.00738875472409
19.540979020113536 128.831127498349
224.14094674786477 53.661504569263194
205.7835749723768 149.35592002362327
141.52187725353082 92.1739482924323
167.9269291417465 107.75295330976353
23.387809698593554 111.69007608323717
132.76259604137482 202.25629119278545
70.88539212761388 15.114721904611967
127.96655859949193 67.53476412359325
163.091449580815 158.84618099347503
206.4333067125441 40.84336201080194
10.749896579497403 79.42646519362373
37.521679437856584 4.221250852541853
181.91354112093921 178.12966823087473
236.08469608666644 71.76325743114049
5.4459316607588235 135.92171068354256
104.31182646582748 77.71654316565917
125.87792633582868 181.4142023356455
78.41753906121346 216.3692450272422
100.57877202131333 155.66784062857803
73.22000304650273 198.8366924333593
85.6666682242041 131.35918125771326
216.04166061916942 49.21068619079502
167.0889751224322 236.77745098440772
105.82139008052485 207.01963017784993
162.065706181058 235.10581800617751
182.04099190469998 148.62284833768769
104.19643519726532 160.27355370718567
37.32263070289591 194.1688350508102
212.95649008517196 136.8202813182214
43.20326876034322 160.6829374130355
157.46811464164603 227.02216709199186
226.99803282768465 226.7404924129287
161.8669905813753 195.22296183871302
24.809804988697394 34.65169462020199
64.9289567022861 192.4683936856872
94.29989668852149 13.019113101594677
203.81661834745492 138.10155128883852
40.8941994871054 78.99818193375636
100.87990058542418 17.063962607173437
135.33928091855088 243.24139993057497
24.398049425278263 230.18132334746653
123.24618829585951 170.18046268130934
135.79334940399397 91.25996599560277
31.57623891935038 47.984515271320696
215.78104613453277 143.3180780016109
225.1514262828342 96.35220744208226
68.32299336528038 232.41654115954273
177.91366530192627 193.52712436755945
75.64584456288395 169.19672433677908
5.020868004364576 176.20622004181408
223.62745458585053 124.75805717963057
201.95477108062536 243.6318572192387
178.74549355681606 217.52668647667613
81.06501109963644 200.2744974868083
15.838595912510744 35.14597670676422
241.43536343551548 31.10706365231905
57.789319265029896 30.313797844221835
97.02306103100885 205.72987409619856
71.88395173773274 135.08048962365282
120.6388160541882 64.66516178892905
147.72302462934366 22.777357123547837
78.41123390299576 171.75697278339663
37.58215371091423 232.19998450992495
161.86717291820577 211.19404375277747
106.72180758332226 219.02845562409408
143.97943452599915 97.53113931305505
225.99555551461629 205.57381328964058
88.94691125404036 246.96881237497047
97.44397527305327 140.22306044721824
83.48742747577553 144.21254567290657
52.69319295208474 232.58752492153263
178.94434531507716 67.22275162367067
107.93799894545694 188.08896296788686
0.24817951117167558 151.16165214170292
10.511546568932939 86.61353780859912
210.4127360320968 68.60682017603901
194.2494309596901 134.05001393343474
82.36644660231524 63.36700253710842
240.0951367201859 190.74504678841703
127.76498441166834 238.1135181395091
165.14711577091214 25.65428489449567
221.25276006225974 248.72912566120164
36.54369415187056 193.35561698135564
99.24211128233395 7.922534431610007
177.0849132893296 101.09370851071
179.86103377330613 123.2213158370353
216.62810305608028 21.04971417934298
249.34889304298315 207.02949366786643
67.70559430205061 79.19029145997037
113.30147786143394 92.1608685978314
127.58678807342463 141.2760524166402
155.35757751238097 181.10553456920482
113.2774604646605 193.28980279055116
184.96880386872385 98.25723393791388
182.5863390415123 26.278069177317757
34.67986214207383 125.10360235125584
24.442810050739975 91.99302102139612
163.74720801742836 26.531416207594667
31.901701593727736 90.45955379566173
129.63521729351916 27.336334309490645
120.96373793110274 137.20971417059965
11.495537115024906 92.42855179569534
13.768675384451424 138.8697639116464
136.99002112251296 173.07945055489142
46.442418916173814 86.87150354863671
240.07630334169033 45.6840092129954
217.0918972663491 52.8202142687266
146.4276609553213 221.4686491303595
59.22031586277793 33.13048003546365
58.007587363907845 185.16074155483966
13.736137977482993 50.43515687815392
142.07337416157677 113.41438546023613
234.85833980359052 80.3000633177948
159.6938224828005 175.08405484134457
122.59989490034978 152.6896607682806
96.39434734929819 47.26474184965751
211.27862113598667 187.07379966661958
40.37013791840699 205.85031431059465
35.73878734148037 164.9080863385361
111.77566332870222 20.149143512931957
98.95505104815958 216.48756931949717
168.12703849976273 165.76809463431528
117.2647064923436 136.6669210040644
167.83646999584096 49.21532914672827
249.4205354593462 48.28790282614764
144.66628913590756 130.3952324151722
132.56827200425852 226.89954588814163
152.12813161205904 211.7287988871567
246.90639200400378 62.72215296660261
153.2371528306407 201.66853884562104
52.20126306508546 70.00153168486042
181.57747990743243 83.46936778726946
160.9438504920243 15.270254839809732
128.52199332232698 225.7351527131411
64.1881032991323 152.97808151460532
179.13828215060408 151.0888766319618
126.05939533791899 158.19505258559423
59.119667567685745 146.08006577006387
192.18980946662532 130.41568786577955
79.09322444798319 112.22217886678581
63.409293296967235 154.0123486488705
15.288882571446171 161.90248170464
191.336667098015 197.03988613545948
60.81524842487362 94.48976863539946
105.30072013858054 125.08091514759725
147.63618852507773 171.05088068430825
177.98461669934719 141.18929484339847
221.8818541574834 107.96545367208363
148.882425852556 239.37632754744115
14.000763673946842 81.63269067326962
7.447818104214937 236.23181641542385
187.52838799009632 4.068430100409692
166.79465577596247 211.30478235362122
139.34857640353334 40.35620608025753
218.14096891482015 211.0365828915306
199.7357718839617 200.06646544435853
13.828734642298613 71.50931900631166
59.15238618687285 7.504293691129788
93.00235722988897 54.9132733162129
44.479314755504454 116.65321099398396
138.2167440237707 237.15827908879578
94.84064680322757 198.1416495531173
129.38711206435903 62.4163002212948
201.236696630199 210.00744998375896
193.27278494854028 226.19827537828064
147.33236865681633 160.35724236043956
140.673413412737 226.49122078769813
10.46164821530443 169.60033602481067
157.2604774222285 184.92852180502607
226.6214775556076 185.93201700448077
146.69867702623102 60.78966824956558
171.37470540088626 184.7296955752477
64.76096258731174 131.34907093833206
161.32637885876682 156.27795364994833

51.6
143.4
25.8
103.2
17.2
480.4
229.4
206.5
260.3
108.1
68.8
129.0
258.1
34.4
77.4
432.4
216.2
129.0
86.0
68.8
34.4
51.6
288.2
260.3
143.4
229.4
108.1
324.3
51.6
286.8
8.6
286.8
480.4
86.0
103.2
86.0
68.8
34.4
17.2
206.5
103.2
103.2
143.4
51.6
34.4
600.5
206.5
103.2
129.0
77.4
216.2
432.4
206.5
288.2
51.6
288.2
86.0
103.2
103.2
68.8
68.8
229.4
286.8
540.4
258.1
324.3
25.8
260.3
68.8
17.2
17.2
34.4
206.5
72.1
77.4
34.4
68.8
144.1
17.2
129.0
108.1
154.9
34.4
172.1
600.5
68.8
68.8
600.5
154.9
77.4
286.8
129.0
216.2
154.9
137.6
137.6
72.1
103.2
172.1
229.4
25.8
17.2
288.2
286.8
86.0
68.8
8.6
144.1
229.4
34.4
540.4
68.8
137.6
480.4
172.1
17.2
36.0
260.3
68.8
229.4
34.4
480.4
51.6
258.1
286.8
206.5
216.2
34.4
51.6
324.3
143.4
77.4
154.9
51.6
432.4
114.7
432.4
103.2
68.8
129.0
432.4
17.2
17.2
154.9
114.7
17.2
51.6
34.4
286.8
51.6
216.2
86.0
17.2
103.2
36.0
129.0
600.5
68.8
51.6
68.8
103.2
77.4
8.6
103.2
432.4
600.5
68.8
34.4
17.2
129.0
480.4
480.4
129.0
72.1
129.0
51.6
432.4
286.8
17.2
17.2
108.1
68.8
143.4
480.4
68.8
143.4
103.2
103.2
144.1
600.5
108.1
72.1
34.4
25.8
34.4
288.2
288.2
114.7
154.9
288.2
34.4
229.4
172.1
108.1
480.4
103.2
103.2
258.1
114.7
154.9
114.7
34.4
68.8
137.6
258.1
51.6
600.5
17.2
25.8
229.4
129.0
108.1
172.1
8.6
51.6
600.5
8.6
216.2
34.4
432.4
103.2
206.5
258.1
260.3
206.5
432.4
480.4
172.1
68.8
229.4
129.0
36.0
216.2
480.4
144.1
172.1
17.2
77.4
480.4
34.4
206.5
600.5
17.2
86.0
34.4
229.4
229.4
324.3
144.1
540.4
114.7
216.2
172.1
260.3
51.6
8.6
17.2
36.0
51.6
432.4
258.1
68.8
143.4
137.6
72.1
34.4
103.2
103.2
51.6
72.1
129.0
324.3
600.5
229.4
34.4
144.1
540.4
324.3
540.4
36.0
103.2
114.7
36.0
25.8
114.7
286.8
540.4
600.5
480.4
68.8
17.2
8.6
144.1
288.2
51.6
600.5
103.2
143.4
103.2
229.4
206.5
34.4
286.8
8.6
17.2
600.5
34.4
72.1
86.0
137.6
108.1
260.3
8.6
34.4
286.8
68.8
34.4
17.2
17.2
129.0
129.0
260.3
288.2
8.6
129.0
17.2
143.4
103.2
68.8
114.7
229.4
324.3
108.1
72.1
25.8
172.1
143.4
258.1
36.0
144.1
260.3
260.3
68.8
77.4
17.2
154.9
143.4
103.2
286.8
103.2
286.8
51.6
324.3
258.1
103.2
103.2
260.3
114.7
260.3
432.4
17.2
137.6
103.2
103.2
68.8
77.4
172.1
206.5
77.4
260.3
143.4
540.4
137.6
34.4
172.1
229.4
8.6
68.8
17.2
34.4
86.0
72.1
216.2
129.0
51.6
8.6
143.4
137.6
77.4
8.6
129.0
36.0
51.6
260.3
108.1
480.4
216.2
36.0
103.2
51.6
51.6
206.5
288.2
103.2
34.4
77.4
324.3
108.1
8.6
258.1
216.2
72.1
51.6
103.2
216.2
77.4
36.0
68.8
114.7
72.1
216.2
103.2
114.7
600.5
36.0
206.5
68.8
206.5
324.3
286.8
34.4
144.1
600.5
144.1
114.7
34.4
68.8
216.2
324.3
108.1
86.0
480.4
540.4
260.3
216.2
143.4
25.8
324.3
51.6
143.4
108.1
8.6
137.6
68.8
480.4
432.4
103.2
286.8
206.5
8.6
229.4
129.0
540.4
288.2
432.4
8.6
172.1
432.4
258.1
36.0
480.4
480.4
216.2
72.1
114.7
68.8
17.2
36.0
206.5
432.4
324.3
68.8
114.7
137.6
286.8
432.4
154.9
229.4
540.4
432.4
260.3
143.4
114.7
286.8
86.0
36.0
25.8
286.8
144.1
137.6
34.4
114.7
8.6
288.2
51.6
260.3
540.4
36.0
154.9
114.7
137.6
86.0
143.4
114.7
143.4
86.0
258.1
143.4
34.4
8.6
103.2
216.2
68.8
77.4
103.2
51.6
36.0
206.5
324.3
154.9
51.6
103.2
114.7
103.2
137.6
34.4
77.4
143.4
324.3
154.9
51.6
260.3
172.1
144.1
480.4
114.7
17.2
17.2
324.3
114.7
108.1
600.5
129.0
17.2
229.4
103.2
114.7
258.1
51.6
77.4
144.1
103.2
129.0
36.0
540.4
129.0
8.6
143.4
144.1
86.0
540.4
25.8
86.0
540.4
324.3
25.8
68.8
68.8
86.0
260.3
600.5
324.3
103.2
34.4
68.8
258.1
77.4
86.0
229.4
144.1
216.2
114.7
108.1
36.0
432.4
8.6
51.6
72.1
154.9
288.2
600.5
17.2
600.5
114.7
34.4
72.1
260.3
288.2
34.4
108.1
286.8
288.2
34.4
288.2
216.2
129.0
144.1
72.1
86.0
260.3
286.8
103.2
68.8
17.2
154.9
600.5
86.0
129.0
154.9
8.6
144.1
34.4
34.4
17.2
600.5
600.5
540.4
25.8
34.4
86.0
288.2
114.7
114.7
540.4
68.8
432.4
129.0
17.2
288.2
206.5
108.1
288.2
432.4
229.4
143.4
103.2
143.4
216.2
229.4
216.2
229.4
51.6
206.5
258.1
258.1
137.6
480.4
72.1
34.4
17.2
17.2
216.2
143.4
34.4
432.4
129.0
540.4
108.1
68.8
51.6
229.4
108.1
86.0
68.8
172.1
600.5
206.5
206.5
137.6
17.2
540.4
68.8
25.8
600.5
206.5
108.1
600.5
103.2
143.4
34.4
77.4
286.8
286.8
72.1
286.8
17.2
206.5
8.6
17.2
34.4
143.4
540.4
8.6
260.3
216.2
129.0
51.6
17.2
8.6
540.4
77.4
288.2
258.1
154.9
432.4
144.1
324.3
108.1
103.2
540.4
324.3
103.2
258.1
324.3
206.5
216.2
51.6
216.2
432.4
114.7
34.4
34.4
17.2
86.0
258.1
206.5
68.8
34.4
86.0
206.5
68.8
25.8
229.4
143.4
34.4
137.6
36.0
17.2
77.4
51.6
25.8
229.4
114.7
144.1
216.2
229.4
432.4
108.1
51.6
108.1
216.2
229.4
600.5
103.2
206.5
17.2
108.1
144.1
480.4
68.8
17.2
258.1
216.2
68.8
144.1
103.2
86.0
432.4
258.1
288.2
143.4
34.4
286.8
324.3
600.5
25.8
51.6
144.1
260.3
68.8
34.4
68.8
324.3
258.1
229.4
25.8
324.3
34.4
108.1
72.1
34.4
51.6
68.8
600.5
600.5
260.3
68.8
114.7
288.2
25.8
172.1
288.2
51.6
108.1
172.1
51.6
144.1
432.4
600.5
144.1
51.6
72.1
288.2
108.1
260.3
480.4
103.2
34.4
51.6
600.5
34.4
143.4
25.8
114.7
77.4
51.6
108.1
143.4
540.4
432.4
51.6
258.1
103.2
25.8
540.4
103.2
143.4
288.2
480.4
34.4
68.8
17.2
51.6
480.4
129.0
77.4
129.0
25.8
8.6
432.4
36.0
51.6
206.5
137.6
260.3
540.4
36.0
103.2
258.1
288.2
144.1
144.1
286.8
432.4
229.4
216.2
260.3
68.8
68.8
540.4
103.2
51.6
68.8
600.5
172.1
17.2
17.2
114.7
8.6
288.2
229.4
288.2
103.2
206.5
258.1
114.7
480.4
480.4
229.4
324.3
86.0
114.7
17.2
8.6
432.4
137.6
17.2
154.9
51.6
51.6
137.6
68.8
108.1
17.2
77.4
114.7
172.1
103.2
51.6
288.2
286.8
258.1
8.6
432.4
144.1
206.5
129.0
172.1
324.3
114.7
34.4
260.3
114.7
286.8
86.0
68.8
540.4
260.3
143.4
36.0
103.2
77.4
129.0
72.1
137.6
432.4
51.6
34.4
72.1
144.1
77.4
114.7
143.4
216.2
260.3
68.8
288.2
129.0
540.4
103.2
258.1
286.8
36.0
144.1
108.1
154.9
154.9
34.4
114.7
34.4
216.2
286.8
86.0
36.0
34.4
260.3
51.6
103.2
17.2
288.2
86.0
258.1
258.1
432.4
154.9
114.7
103.2
72.1
68.8
600.5
432.4
286.8
17.2
432.4
154.9
86.0
600.5
72.1
154.9
143.4
288.2
17.2
129.0
86.0

8.6 17.2 36.0 72.1
17.2 34.4 72.1 144.1
25.8 51.6 108.1 216.2
34.4 68.8 144.1 288.2
51.6 103.2 216.2 432.4
68.8 137.6 288.2 576.5
77.4 154.9 324.3 648.5
86.0 172.1 360.3 720.6
103.2 206.5 432.4 864.7
114.7 229.4 480.4 960.8
129.0 258.1 540.4 1080.9
143.4 286.8 600.5 1201.0

2 5 8 11
5 8 11 14
7 10 13 16
10 13 16 19
14 17 20 23
18 21 24 27
19 22 25 28
20 23 26 29
25 19 31 34
27 30 33 36
30 33 36 39
32 35 38 41

