10 3.0 0.0 1000.0 3 160 240 100

23.887999617638734 95.36962739057307
4.372709858182866 9.150498163499154
98.78635546487935 5.606386220897552
22.11948789104775 70.25584081598883
13.157870023012041 38.24038663592704
73.17135422421548 7.621977283592174
32.88606220121161 68.36941959195596
58.79659288072925 71.50200310871764
67.10862713498292 83.3258176437726
99.29764998934752 69.40489216191335

29.414503387613667 92.6728364656439
9.527510181864407 3.7048767710760377
95.16074241639916 0.5504731909249938
21.12967771792036 77.40753794343439
16.238476221938424 45.15525252071865
71.40122202790093 11.226790268812303
35.55699460163089 71.9010851983974
52.083462969162156 70.34411384833803
60.89879796955804 81.3475661282361
99.9233940476166 75.30179995272648

77.4
324.3
77.4
229.4
864.7
34.4
432.4
960.8
34.4
129.0

8.6 17.2 36.0 72.1
17.2 34.4 72.1 144.1
25.8 51.6 108.1 216.2
34.4 68.8 144.1 288.2
51.6 103.2 216.2 432.4
68.8 137.6 288.2 576.5
77.4 154.9 324.3 648.5
86.0 172.1 360.3 720.6
103.2 206.5 432.4 864.7
114.7 229.4 480.4 960.8
129.0 258.1 540.4 1080.9
143.4 286.8 600.5 1201.0

2 5 8 11
5 8 11 14
7 10 13 16
10 13 16 19
14 17 20 23
18 21 24 27
19 22 25 28
20 23 26 29
25 19 31 34
27 30 33 36
30 33 36 39
32 35 38 41

