10 3.0 0.0 1000.0 3 160 240 100

62.996261643038764 52.43797499617568
86.52614501776587 62.059817886815814
96.42318456563792 64.96754310141672
24.477332294152376 59.73361472775969
34.798523716940565 74.87625787232872
80.7406049600767 68.28338157872224
97.41020191407712 56.752592076581145
89.05962892385354 19.594934272512543
63.91316058417087 92.26840383960558
96.18026133306755 11.659107723558737

70.60679633197834 52.673125699051916
86.09779945999806 63.63294997093438
96.831364005601 70.8162532188955
25.890806088929764 64.75864694067089
39.080076020852616 77.90049772934793
84.79505539562146 64.52051001523054
92.33237653288245 56.343003227022905
81.23019758027476 17.952769095029463
65.69414107658974 95.3565224969136
96.99245783572468 16.25816194067561

68.8
576.5
260.3
72.1
86.0
68.8
288.2
114.7
172.1
576.5

8.6 17.2 36.0 72.1
17.2 34.4 72.1 144.1
25.8 51.6 108.1 216.2
34.4 68.8 144.1 288.2
51.6 103.2 216.2 432.4
68.8 137.6 288.2 576.5
77.4 154.9 324.3 648.5
86.0 172.1 360.3 720.6
103.2 206.5 432.4 864.7
114.7 229.4 480.4 960.8
129.0 258.1 540.4 1080.9
143.4 286.8 600.5 1201.0

2 5 8 11
5 8 11 14
7 10 13 16
10 13 16 19
14 17 20 23
18 21 24 27
19 22 25 28
20 23 26 29
25 19 31 34
27 30 33 36
30 33 36 39
32 35 38 41

