10 3.0 0.0 1000.0 3 160 240 100

24.485782198852192 23.84609781999941
69.72167450603426 32.08336941980031
46.181921329486855 36.40091353782849
68.4952791009164 72.07872224577378
93.85080878074537 32.101302089542806
49.61362663249573 12.851099198675142
3.408256668366183 9.994069613601352
90.9940536262694 21.83127029624867
72.87895608893623 91.26949498216544
82.66604665297747 4.757632578484672

26.683270756565747 21.76159083362078
75.5551853502148 30.221099715258504
51.127007455599106 30.519822367629168
65.6286113429078 68.34621794654997
99.66167788484654 32.88988996684667
50.03465980545552 10.017641827847367
7.337759618836193 3.4205294739331538
95.3827650589672 20.83763639661955
77.3935024327558 94.4486196954309
85.24424749350496 2.455878883087803

288.2
17.2
432.4
103.2
172.1
144.1
114.7
432.4
216.2
432.4

8.6 17.2 36.0 72.1
17.2 34.4 72.1 144.1
25.8 51.6 108.1 216.2
34.4 68.8 144.1 288.2
51.6 103.2 216.2 432.4
68.8 137.6 288.2 576.5
77.4 154.9 324.3 648.5
86.0 172.1 360.3 720.6
103.2 206.5 432.4 864.7
114.7 229.4 480.4 960.8
129.0 258.1 540.4 1080.9
143.4 286.8 600.5 1201.0

2 5 8 11
5 8 11 14
7 10 13 16
10 13 16 19
14 17 20 23
18 21 24 27
19 22 25 28
20 23 26 29
25 19 31 34
27 30 33 36
30 33 36 39
32 35 38 41

