10 3.0 0.0 1000.0 3 160 240 100

89.12885065822417 39.74759562703678
19.022974042917827 29.2830652770393
12.626730782153196 5.693752893815496
29.66412488413225 25.134571267516026
98.05443185130245 4.73141501245199
60.131706830613815 20.176614976617092
63.53026392081874 92.82279237225002
35.82518972110675 21.93749034704766
69.74211889525843 53.73552560489108
64.33514516423254 3.7802211943117947

86.26639591221854 38.92330405147115
20.422259312466096 34.83712075454739
17.638868305248323 0.7422636373801139
35.68704355842905 22.29138368260871
93.76718404225659 10.981598981704588
66.14868930045276 18.064322441106263
57.25689882499964 93.27945036924467
37.16259834486168 25.208746465969543
68.80034321282673 48.60698404394063
66.60363017790407 9.473301504372579

143.4
172.1
600.5
129.0
432.4
288.2
648.5
17.2
86.0
432.4

8.6 17.2 36.0 72.1
17.2 34.4 72.1 144.1
25.8 51.6 108.1 216.2
34.4 68.8 144.1 288.2
51.6 103.2 216.2 432.4
68.8 137.6 288.2 576.5
77.4 154.9 324.3 648.5
86.0 172.1 360.3 720.6
103.2 206.5 432.4 864.7
114.7 229.4 480.4 960.8
129.0 258.1 540.4 1080.9
143.4 286.8 600.5 1201.0

2 5 8 11
5 8 11 14
7 10 13 16
10 13 16 19
14 17 20 23
18 21 24 27
19 22 25 28
20 23 26 29
25 19 31 34
27 30 33 36
30 33 36 39
32 35 38 41

