10 3.0 0.0 1000.0 3 160 240 100

47.23180640515644 11.394210329716381
37.251797801577084 34.12832820568984
17.938714703144864 57.29313784951277
64.9824098952945 39.669979414576694
97.84961489743502 98.52414571105338
14.146133044095489 7.82960595646739
17.63283105977832 1.6951030552241897
98.96386287400776 97.55423066853469
0.699164759566917 11.017777837376164
44.59240447886207 97.84066531165347

40.282113540000864 14.507737771383322
34.60402021582936 35.9900113815541
20.453855409641875 60.01782589585179
68.15986118183378 46.82923784097185
98.19786869596948 98.0539743500878
18.767902560735315 9.54794559998211
18.521036502826494 6.485609173475448
94.93167783259314 93.73672752870705
5.145060737361051 7.609622036174624
36.61615384245598 99.21361780582724

36.0
144.1
172.1
137.6
72.1
144.1
600.5
216.2
288.2
432.4

8.6 17.2 36.0 72.1
17.2 34.4 72.1 144.1
25.8 51.6 108.1 216.2
34.4 68.8 144.1 288.2
51.6 103.2 216.2 432.4
68.8 137.6 288.2 576.5
77.4 154.9 324.3 648.5
86.0 172.1 360.3 720.6
103.2 206.5 432.4 864.7
114.7 229.4 480.4 960.8
129.0 258.1 540.4 1080.9
143.4 286.8 600.5 1201.0

2 5 8 11
5 8 11 14
7 10 13 16
10 13 16 19
14 17 20 23
18 21 24 27
19 22 25 28
20 23 26 29
25 19 31 34
27 30 33 36
30 33 36 39
32 35 38 41

