8 3.0 0.0 1000.0 3 160 240 100

150.6658668499936 30.16943933796798
235.77165751017031 240.7587994999574
181.0084267726123 72.52123366609902
234.40806475874746 199.734661891546
89.28904636858354 183.58105386318277
23.301452454928956 161.38023540548934
25.876503373735428 8.531441013345574
82.800858229749 0.5880644663873169

150.0294606579746 35.59002448540893
231.14603559958033 240.75814485264937
175.56170878381076 69.68294927774588
227.38644698524482 204.05318979691802
85.9548729453901 179.28311062083966
24.037772769037623 160.16847877567434
24.631164412452307 7.770445425107936
83.98402812932123 5.660419134189409

59.805738312400635
826.1695953733093
340.8627047608138
990.6615485417449
123.79693047481838
791.4147947681267
237.47223385325853
63.6839320192409

8.6 17.2 36.0 72.1
17.2 34.4 72.1 144.1
25.8 51.6 108.1 216.2
34.4 68.8 144.1 288.2
51.6 103.2 216.2 432.4
68.8 137.6 288.2 576.5
77.4 154.9 324.3 648.5
86.0 172.1 360.3 720.6
103.2 206.5 432.4 864.7
114.7 229.4 480.4 960.8
129.0 258.1 540.4 1080.9
143.4 286.8 600.5 1201.0

2 5 8 11
5 8 11 14
7 10 13 16
10 13 16 19
14 17 20 23
18 21 24 27
19 22 25 28
20 23 26 29
25 19 31 34
27 30 33 36
30 33 36 39
32 35 38 41

