8 3.0 0.0 1000.0 3 160 240 100

139.67859754608313 191.4884465438624
156.1451321942084 9.36814532382474
53.63355274316664 25.825375653605487
42.688606864704745 209.9386536656047
93.77107082108863 171.31410839844506
231.54474419419225 215.58153165334983
161.48501599268135 100.47369405040187
143.17388893858347 68.9800800208994

133.18502495190543 193.6463954722832
148.64919116409254 11.732472600477855
61.15691640852483 27.14847239338075
39.847975532282085 213.11067307085287
98.3120943737674 173.05370206259263
233.54245403139606 213.43059695006295
156.99978263531426 99.41219859773737
136.834933326742 69.13870752185736

245.66543211557183
109.25654390281903
11.141578111821332
1000.6475629315319
846.4999752751667
999.9543312231046
1181.0252910572808
1037.5643677894932

8.6 17.2 36.0 72.1
17.2 34.4 72.1 144.1
25.8 51.6 108.1 216.2
34.4 68.8 144.1 288.2
51.6 103.2 216.2 432.4
68.8 137.6 288.2 576.5
77.4 154.9 324.3 648.5
86.0 172.1 360.3 720.6
103.2 206.5 432.4 864.7
114.7 229.4 480.4 960.8
129.0 258.1 540.4 1080.9
143.4 286.8 600.5 1201.0

2 5 8 11
5 8 11 14
7 10 13 16
10 13 16 19
14 17 20 23
18 21 24 27
19 22 25 28
20 23 26 29
25 19 31 34
27 30 33 36
30 33 36 39
32 35 38 41

