8 3.0 0.0 1000.0 3 160 240 100

41.843416236607645 172.06138520141292
35.14334979915271 197.26404877440532
222.47192840779556 3.6822811620565443
17.974405392141513 202.89359402214185
24.74325505821154 187.56604522849756
237.3845562850663 132.62660965282768
140.2274071243764 1.0859222340915409
75.49721273572557 120.50554460237686

39.45286440292908 164.10568246589833
38.09643830863338 196.05346716659628
229.5747132929397 4.311061300423413
11.942582293759191 205.46184375167283
31.60722107982164 189.82873908462264
244.59802527637856 129.4952193287511
143.17295703749113 4.175091216375465
81.22222464859388 126.7663032508102

1119.8096522804783
1016.4492624361083
254.03200987065208
1130.1828864975419
348.2718734591187
197.78697219658645
1025.1580878190016
1030.5440837695967

8.6 17.2 36.0 72.1
17.2 34.4 72.1 144.1
25.8 51.6 108.1 216.2
34.4 68.8 144.1 288.2
51.6 103.2 216.2 432.4
68.8 137.6 288.2 576.5
77.4 154.9 324.3 648.5
86.0 172.1 360.3 720.6
103.2 206.5 432.4 864.7
114.7 229.4 480.4 960.8
129.0 258.1 540.4 1080.9
143.4 286.8 600.5 1201.0

2 5 8 11
5 8 11 14
7 10 13 16
10 13 16 19
14 17 20 23
18 21 24 27
19 22 25 28
20 23 26 29
25 19 31 34
27 30 33 36
30 33 36 39
32 35 38 41

