8 3.0 0.0 1000.0 3 160 240 100

131.54162125649106 242.21544744303011
45.830272398076964 189.9578334774067
14.08917545932914 207.2562543022002
43.6130405145419 228.41469468273323
66.02789150536051 154.8641122807662
9.970708778370918 162.36207806810987
170.06486173932097 162.18204628377447
58.81318084169385 172.40934540300114

136.65667021600183 247.09430078590216
46.10402414839695 187.91567847652453
19.69700459723356 211.82648450619917
43.14966582359522 230.83300127980763
62.13166384187793 148.98030908775456
7.870009320354004 164.8461352686289
166.3541162499179 156.5451328946814
56.695765985662696 175.39356485737716

132.30764011059156
1047.6732500632677
628.1333178587985
634.2273694406462
196.31230478631065
1115.231786217298
1121.0417594174053
292.1446436430523

8.6 17.2 36.0 72.1
17.2 34.4 72.1 144.1
25.8 51.6 108.1 216.2
34.4 68.8 144.1 288.2
51.6 103.2 216.2 432.4
68.8 137.6 288.2 576.5
77.4 154.9 324.3 648.5
86.0 172.1 360.3 720.6
103.2 206.5 432.4 864.7
114.7 229.4 480.4 960.8
129.0 258.1 540.4 1080.9
143.4 286.8 600.5 1201.0

2 5 8 11
5 8 11 14
7 10 13 16
10 13 16 19
14 17 20 23
18 21 24 27
19 22 25 28
20 23 26 29
25 19 31 34
27 30 33 36
30 33 36 39
32 35 38 41

