8 3.0 0.0 1000.0 3 160 240 100

227.28971594039888 40.20351206722883
124.66229989889932 158.75856519078238
69.43004724805044 65.69520986337227
161.80748120180795 170.36754624841006
171.8922835459837 1.421939157077362
19.51772931867718 87.88317948161975
243.61631978346838 72.21851006308846
225.77241750271986 35.624558215531096

234.09849734486238 42.6159684426986
127.57066808166509 160.6348240790155
65.06769315194691 67.00281212651346
169.56402380479483 171.77577687150944
173.13716087722213 6.990705158441079
11.967678647117925 84.70500436231218
247.86966157495266 68.24637010426795
224.85813765358694 33.33255389917758

286.8
260.3
206.5
480.4
25.8
103.2
286.8
34.4

8.6 17.2 36.0 72.1
17.2 34.4 72.1 144.1
25.8 51.6 108.1 216.2
34.4 68.8 144.1 288.2
51.6 103.2 216.2 432.4
68.8 137.6 288.2 576.5
77.4 154.9 324.3 648.5
86.0 172.1 360.3 720.6
103.2 206.5 432.4 864.7
114.7 229.4 480.4 960.8
129.0 258.1 540.4 1080.9
143.4 286.8 600.5 1201.0

2 5 8 11
5 8 11 14
7 10 13 16
10 13 16 19
14 17 20 23
18 21 24 27
19 22 25 28
20 23 26 29
25 19 31 34
27 30 33 36
30 33 36 39
32 35 38 41

