8 3.0 0.0 1000.0 3 160 240 100

67.7686149868422 60.03193326092046
245.453056223549 245.777626313522
78.33005509666039 241.09870558538825
88.98688867014829 231.9929001432393
7.698528363768803 78.4649259308132
49.154488998614795 86.17917883527926
72.55600080796906 204.97511205288058
98.55582802115175 139.17409017045193

70.03168750161085 65.86067868942844
249.9140485745683 241.5966608262781
70.88841835166241 244.19184014988238
88.60598837934269 234.3789566247358
14.757550216767473 75.1515645925075
54.22778790399283 85.41120741201233
65.86594333884274 203.47442951286106
98.46440395958456 142.89437709305787

286.8
17.2
34.4
34.4
172.1
172.1
258.1
258.1

8.6 17.2 36.0 72.1
17.2 34.4 72.1 144.1
25.8 51.6 108.1 216.2
34.4 68.8 144.1 288.2
51.6 103.2 216.2 432.4
68.8 137.6 288.2 576.5
77.4 154.9 324.3 648.5
86.0 172.1 360.3 720.6
103.2 206.5 432.4 864.7
114.7 229.4 480.4 960.8
129.0 258.1 540.4 1080.9
143.4 286.8 600.5 1201.0

2 5 8 11
5 8 11 14
7 10 13 16
10 13 16 19
14 17 20 23
18 21 24 27
19 22 25 28
20 23 26 29
25 19 31 34
27 30 33 36
30 33 36 39
32 35 38 41

