8 3.0 0.0 1000.0 3 160 240 100

127.2832641258077 117.40960587324803
240.95847302131432 155.49440362319956
8.165501238650702 221.95458242914634
123.73713037337266 191.90463699636746
56.049944622937495 223.42720172540368
210.89906097773402 146.1812391929454
203.44614263989953 95.58217533338315
226.37134255268495 105.62054880357466

132.8006154697046 122.89494247101293
247.74870848472415 158.49060713514797
7.233527375091365 226.1770096654992
124.12179238676585 190.0204035914264
62.23587198752048 229.039488238168
213.85848081110916 149.5416500644005
204.75919828293382 92.55839329815421
221.48011244358528 111.63630427474833

229.4
103.2
34.4
154.9
600.5
77.4
144.1
86.0

8.6 17.2 36.0 72.1
17.2 34.4 72.1 144.1
25.8 51.6 108.1 216.2
34.4 68.8 144.1 288.2
51.6 103.2 216.2 432.4
68.8 137.6 288.2 576.5
77.4 154.9 324.3 648.5
86.0 172.1 360.3 720.6
103.2 206.5 432.4 864.7
114.7 229.4 480.4 960.8
129.0 258.1 540.4 1080.9
143.4 286.8 600.5 1201.0

2 5 8 11
5 8 11 14
7 10 13 16
10 13 16 19
14 17 20 23
18 21 24 27
19 22 25 28
20 23 26 29
25 19 31 34
27 30 33 36
30 33 36 39
32 35 38 41

