8 3.0 0.0 1000.0 3 160 240 100

169.3367850337826 160.35173774282958
110.2569669899553 201.75364153084405
166.30479035224926 11.30693052108711
99.57225443801318 2.8102426819229254
89.31968545045366 173.80122252226622
124.99639088079847 126.42682517500026
230.68226681591514 117.05649347377157
148.45992699166277 192.69121282841078

172.3191948574346 162.4450184361609
115.17223881041289 206.23057171548817
169.95004259349915 13.019616416643288
107.37866236352936 4.1445334963104425
88.66047323822137 167.5961097494379
122.76185948042298 120.77397801031384
235.8729176712394 116.99197665409142
150.49394601082994 190.08363340290322

540.4
77.4
51.6
600.5
129.0
143.4
172.1
25.8

8.6 17.2 36.0 72.1
17.2 34.4 72.1 144.1
25.8 51.6 108.1 216.2
34.4 68.8 144.1 288.2
51.6 103.2 216.2 432.4
68.8 137.6 288.2 576.5
77.4 154.9 324.3 648.5
86.0 172.1 360.3 720.6
103.2 206.5 432.4 864.7
114.7 229.4 480.4 960.8
129.0 258.1 540.4 1080.9
143.4 286.8 600.5 1201.0

2 5 8 11
5 8 11 14
7 10 13 16
10 13 16 19
14 17 20 23
18 21 24 27
19 22 25 28
20 23 26 29
25 19 31 34
27 30 33 36
30 33 36 39
32 35 38 41

