8 3.0 0.0 1000.0 3 160 240 100

147.46161690008742 173.94256918528558
216.7220422900993 228.88224806422076
191.12039889458296 54.32436743728303
227.62305480860934 98.43947700466197
111.10613482722576 158.93408737789773
202.62322669165138 148.85422463943294
51.52465796222344 128.55199864512042
92.93785863676665 1.6857631735064937

150.69052575578596 176.5001342240523
214.55267345207372 222.34987941406877
197.62176456127654 49.66223407426354
233.59317296657107 104.2748424725515
113.20287137868739 164.14153037281838
207.3377736055683 148.82128949414036
44.11110233063539 126.35508261401193
97.88561993055744 2.012011667536867

480.4
8.6
51.6
51.6
68.8
600.5
144.1
77.4

8.6 17.2 36.0 72.1
17.2 34.4 72.1 144.1
25.8 51.6 108.1 216.2
34.4 68.8 144.1 288.2
51.6 103.2 216.2 432.4
68.8 137.6 288.2 576.5
77.4 154.9 324.3 648.5
86.0 172.1 360.3 720.6
103.2 206.5 432.4 864.7
114.7 229.4 480.4 960.8
129.0 258.1 540.4 1080.9
143.4 286.8 600.5 1201.0

2 5 8 11
5 8 11 14
7 10 13 16
10 13 16 19
14 17 20 23
18 21 24 27
19 22 25 28
20 23 26 29
25 19 31 34
27 30 33 36
30 33 36 39
32 35 38 41

