256 3.0 0.0 1000.0 3 160 240 100

126.80587489952927 246.8572899321607
158.31054212593256 3.0817936400590606
49.42739757370873 71.36336530517914
152.4309350588561 39.30372532796636
192.78028480329644 162.80591741076643
164.46341567748559 236.38294508282956
178.73449554479438 22.379716883183743
49.27762912827305 188.1109199849394
239.01833999727717 151.93706342304512
148.43707849859857 172.42000449642964
27.73459911359061 117.23123004414218
107.26349342427314 220.8550089707412
235.69389684410388 193.62654044472296
199.30819531824034 127.77725844307122
227.39825716785512 64.28139151668638
196.8108329508842 35.44283583504684
18.703620847673854 178.38962854931543
53.54597094313584 110.47960065332482
228.37785376195654 6.669706438528017
183.30662506195128 158.6796209857672
143.94260032269418 65.6553363477757
118.39678296439793 7.5822742354783585
21.920954055486693 177.26417949218683
221.68920917707604 144.32040795321336
61.00189807036002 191.15004516038545
23.85266778426337 219.12289697777376
207.28329746129106 183.0832552270461
201.72940956720123 171.95512981719116
13.447336842963258 33.82106672591292
16.18074324408722 184.7573335900224
42.12520014282031 178.7707829625581
82.24712254382055 34.23416831523074
52.51070258376958 51.1363059621528
114.62695353464942 125.5715281297754
233.71158926775135 17.074590846456793
178.82961410822185 88.09561173195246
188.59077528225325 243.10538257134286
86.40623855640986 158.63053519880842
205.30575276021608 56.50830620260344
211.59743102021562 84.38076637091017
243.67409758894766 149.78421754899713
236.45479482677723 39.77318584250675
51.35468960349185 165.9498743811069
135.34737620699855 34.63150757978967
101.5934548294565 75.07608768503302
150.87963009314345 9.893726102872257
167.63718672367884 171.95712939478184
58.46821984370332 148.6926075423913
73.56847834997976 163.11442885404418
180.10360626519122 14.50261938549724
54.024858080228135 122.20223900867269
46.6784009973803 201.0657101795434
173.94311579674613 16.660524865543785
148.1802740118809 93.80676879510241
65.63748069321123 70.66646710138882
102.88594636911958 168.95765660783994
58.311245031584356 222.8025560046374
170.78262851709175 110.64259695804992
90.47095818453046 87.6785930326035
177.69599260050956 83.66337437650948
61.43689054859686 214.77814299662674
48.491766857954396 208.29574458906933
52.53653132635813 153.03994409930075
69.54883789354488 114.64851883540808
54.2661851826213 249.58585168394637
124.99960223996747 74.83561212932544
23.790718064414325 103.70363600025745
66.58024120884734 136.88294012657067
192.4365417011969 29.857021048679517
108.7171020535635 231.46416490890985
52.414177112360626 9.838772781455285
127.44142876861825 102.88249649900591
240.16729720246857 223.10393381338088
228.0855021673252 133.41055622831524
242.70620167264903 68.29750855029084
212.32782375978016 187.65016670879237
77.47782560156224 159.49491335454783
169.74531559911782 210.03582365200938
173.4650304626458 204.6466935050326
9.944014988717221 163.1234337053401
216.63723845066636 221.05646155076818
167.97093020464206 32.9696452132415
47.403590115979 183.95852141937146
60.38080470903082 113.25595286668228
130.71485726504372 38.576752932678346
28.173196022171666 77.7932315514684
39.16060711320279 151.71770038401215
12.81816330644614 204.48833853518607
7.572785033063245 64.78509153532075
247.1673096093817 184.10010098885311
3.2494794297535936 214.2296284528846
221.71610949653763 116.13709552527912
178.0940657800269 236.44898667911352
175.29025508455382 53.80265097359421
211.40014086013602 88.25095420010967
50.99535754722295 201.03766583651705
244.3593789557039 239.45300627192194
187.0968674169413 160.08190505523865
69.73224643015344 208.98325718659234
168.64752213326616 47.51935455988876
16.925042020177415 21.69727976663366
168.08303465140236 35.38305184747498
152.7545288434855 102.11197066066217
111.24352640544544 173.39801061625403
22.445232169300887 39.89048124490749
145.6398352964275 191.4534866428305
43.9381513686879 127.54657960854954
56.795582980843804 44.15953254751467
130.84626165839668 249.27222962936887
36.693126487816805 30.01813832667366
233.72081454409164 38.56123114512538
181.47585840697826 204.449699266404
241.97452798597882 235.67726740670645
94.72602400026663 100.88311711321768
195.70325694538124 8.236551383813213
139.81284743891266 165.19787291511304
51.5100347352635 145.99487167596698
64.15901068284052 15.591158913540182
123.2846376633406 125.15395423917656
159.3897442458638 235.77644867013174
169.7149144327769 34.66140376905463
113.44954044883238 10.904575786135906
141.01538602132803 234.51431027006404
178.7222689599814 150.94623235486438
187.03372274889213 70.00644655510513
241.67785155403706 222.12611268952787
204.10825624741508 14.042768862985888
128.54812944449878 131.9216905004203
249.0060591811598 120.97745488390957
117.40096855114352 73.42956586106763
88.39370907485197 60.04343875778373
6.689927130802797 220.64807678284345
22.24594780109182 117.17378555683669
163.24794040929038 128.11596043222795
216.91260182118666 165.6379122953833
134.0600771893116 225.37640309083588
221.79303409603693 53.1188943588897
50.32833634697004 148.95066529605324
128.94536911835203 85.48424360249632
59.79253170830401 33.99427012313716
165.8159725677678 80.20543559228216
229.25844354082773 95.39833969419215
190.4803536568707 141.47976544726805
39.32221956370011 76.0324211273452
119.54026166843609 14.818284203040072
106.7300678262303 127.06771702959146
206.4054249477802 205.56147324932743
27.271024932673583 24.978504502712358
25.467125479137458 153.60250157907473
89.7564243019771 144.3498676144536
233.59749556617047 193.16792252816333
82.91881046773064 88.62290256399707
139.95419048940383 11.889673649863736
180.70334696972202 174.11884736180042
91.2976968592191 57.165845504490775
98.09554049709412 176.44657894854473
11.266226791588064 12.134419974839828
87.09788087426826 9.549225928265958
145.22114104684456 194.052753160737
166.45476887212646 5.870021178608825
18.940142238710543 16.166880374087008
134.33725799810273 135.51319964467635
128.5976437572925 81.4315164334494
129.13495820287375 17.89649433258847
37.00644565455455 12.33026586314015
170.77615274822773 201.7282277534449
149.73802514377726 226.30449348420336
16.288560889771155 207.09613290680338
63.74117243483909 195.2229696047347
101.03255509771802 33.57817317999378
134.06516056237388 214.72977418799826
163.08283350280027 218.82649571222393
117.29366401010954 231.1303467781299
138.273620530263 161.50701647101818
37.436706740474364 33.01092059538435
46.20406422842757 177.45453591829946
77.48153666033927 31.469911192450905
177.8048607004089 22.91477459897054
176.31142597600123 131.6775495244294
36.283484696953195 56.79598802532546
36.05339891908324 158.07929527007835
126.02396883335298 66.92927751034055
218.46485320268698 66.88791190148338
164.12838773989824 160.66739284615542
245.03117207252885 87.87651479062905
31.265914630928453 101.35306101422495
156.15877975321922 243.29161808338625
179.94969476133878 236.38968774834072
73.04421390722327 69.96933560041215
129.99884481228423 134.21243261819538
60.13434665707426 2.7467072119837788
106.01268126167118 211.7394671238425
76.19526625478207 91.84158133865033
85.06599196017703 3.145300403116141
66.2222984537448 95.0596205043685
55.74139280776003 4.607271026343729
225.49393563105892 178.87537133169667
18.699103243673076 154.10665440967023
116.70076228236087 126.279081883761
66.9922791312676 147.57082923630796
155.237525332127 240.7002976598186
114.52512632694884 24.635415596360595
50.23603895124448 132.01825117797105
192.00067076920146 117.76618695519994
183.3710125234553 74.16071759773968
87.98344974224092 95.2838589788996
213.51104804730022 208.82380940852238
248.93223232038548 187.01978092728564
186.55312773197474 24.720358529321864
73.94956435899391 99.62101107950572
151.2238566812793 219.37017601534689
101.48531367204033 48.20646078927634
240.20685098232389 167.11974750836532
197.74483657732102 113.63253225137743
200.42982011098593 201.41695836910725
38.867049632797 237.5642815760414
183.5047823233008 152.25239165529305
147.55595963693048 221.97038917242094
246.69488445299123 200.72346236265554
166.7450574220831 50.27143105366233
16.508646069578496 22.18991089533115
155.6924707007645 209.66164515886132
39.40996375533723 110.96747885899732
247.55938498734574 178.24708465943394
24.539120706402713 87.23270852517088
57.69208366785994 52.32811499602108
91.4132247845722 230.30227721265402
20.272427679552727 156.22164189724165
7.232867358864997 181.07107946896392
219.91821029214069 204.2866428086475
213.93722027696688 26.803048513734414
157.11155481561968 235.49446688968558
142.40267992422682 72.4169033387519
132.54803513139694 191.0881335050874
124.92054081748677 136.05482144788945
140.612792306364 142.88735965438138
114.87844698389124 67.54884819992041
84.40721731032106 143.78800535655768
227.72642945801198 5.309890955858071
236.99195681765926 146.3041089686755
192.29689254971606 76.15423002338298
61.610482617573986 166.62350718178803
143.43019779263267 128.03218444554653
184.32982317412552 169.16600900558038
234.79219032961518 2.0756767428444234
220.79642994250435 142.06404189771416
230.27148632489826 189.62746411153847
162.754432633555 230.00997038516223
49.82362969518913 58.13736398105371
169.1648596172476 41.22223865106536
171.9341109312536 244.97815609695297
214.90023087786452 15.216806214568695
137.6161620028091 143.07200743020067
217.69508792426166 200.75954521025935
15.1226546021625 14.47760780389884
163.98605358114668 181.36201228830507

133.59877513039683 244.09591978603243
158.73479359472907 0.6632008119849264
43.96627114791857 72.81845936424358
156.64274177554444 32.386849611866
189.28861981414278 165.09281139144701
167.58460789128034 241.53860211083838
183.9013870833787 16.425706460664685
44.949020596570854 182.55995196657955
234.6587784388969 157.90612407631087
147.1971094946273 170.45367733341473
22.617101070247504 114.58879769866893
104.74944418377515 224.8474590978338
237.05520939835546 193.66116403661508
200.83145077408054 121.45751689948992
225.95094796464284 63.31428659736763
197.09089351292698 28.66562125659991
14.856040382809688 185.46108173648213
52.37267417297725 117.15916218536101
223.6379190866216 3.2212502813906974
176.69239105407942 160.17336143171528
136.61753789743562 62.81510453070121
123.04179240151797 11.580939949201397
28.084593627032138 175.73397141357572
229.53655944944336 146.19757360495848
64.94282373868437 192.77059895971263
23.81670062824953 218.92356988593176
201.6367644800282 176.80047091261272
207.7945104004382 177.7230194465708
16.780590914598076 37.42736029258029
22.940832243898672 181.47727847865121
43.38593414655209 187.0719553058896
76.1759335359446 38.66463192077474
53.18113508757216 59.28952997762249
111.32070845668743 123.33152694787705
231.0706180282021 22.042490671443428
171.28537966349342 84.33804645742926
185.78083203978795 239.7808773042102
93.18049478943452 154.08311528336654
197.8741605063047 55.15678679694516
219.05928503785137 85.85630122975773
242.6941444867409 156.42241452691871
238.25366824938092 32.10591706401939
56.57385267127013 163.61263583679116
131.45575885280675 39.61000605752099
96.87600184711239 76.9160411399181
152.02514463381138 13.75049285574606
169.87876956044562 176.77556573388782
54.26967160477672 145.18646520646655
69.39690117495678 164.14444140153003
184.43250056735678 7.781733235739663
51.7007981783269 121.84348901331626
40.35198480099142 195.83674275241782
177.10036090277563 20.573101860050265
147.72387921846024 95.20621259437284
67.65698975217863 64.25621412784902
105.90801708173908 165.28311980499822
59.27202887413877 226.23875775978468
171.83656931193937 103.21916064213157
89.91396936116855 80.0680915480064
176.28766174016138 91.77431875714868
61.342442721760484 216.98237707539454
54.481321305303446 213.9103503887873
51.72037988734679 155.7536500892687
62.547521569311485 113.54149435354427
56.9162956128986 244.9574537434242
126.0774660522887 78.34819600895237
22.298757247669222 102.83633701968054
73.76888452734326 138.3159732123982
191.96455706185034 36.97610242984919
110.05786936420684 226.8317666921705
53.16995465672581 16.686046709052686
132.47752371503626 107.06647315032683
234.29971103207146 223.42320748512915
226.03811266005212 140.52897422606205
235.96479258964226 68.53531783826395
219.82902053634697 183.9529042913512
78.0233195630784 163.05857956982422
164.85465377395926 203.137907212816
178.87317406857093 205.73082187881096
11.323723401113483 169.5983648749508
221.54711879224612 222.7881579534718
173.1747721030375 34.872072898383536
47.16202716881113 179.54602826318956
62.04699728244425 117.0219236734651
127.0762603268924 34.62883261000849
30.212942711313556 73.66337625352135
37.63247883784915 151.55623512038352
8.906675170857275 210.52922643275687
10.61817554716743 69.05412670135524
244.84248644119648 184.19674108840036
1.490215304606607 207.71136437949818
224.75245248207509 122.54441698906903
176.1715757424807 233.94701921979745
174.45632679192173 49.29290334962991
218.13727943122842 89.97016210211677
48.00071684152349 193.70303554423992
242.55639856812877 235.88907233904177
191.0621137995889 165.89184512725072
71.54834466415016 201.20000321233243
167.9710678719781 40.03096399516934
14.484381655440886 16.954260541748283
163.81429030514292 39.2196438909187
151.79484118676262 96.72020521789051
107.36806604423893 176.26591331182053
23.158415375261505 46.63460391524987
146.83668263244945 191.22510953713854
38.78713658665467 132.52545590987802
55.41741825646579 37.458839139419666
126.34640511736097 242.78387238107487
36.51456955255888 38.43875802776348
231.2862870782633 41.83626771175156
183.80389462464916 199.8015842595418
242.29368263325435 227.51463683183263
96.72165934060001 102.38166471240007
203.16249664373288 5.1073408199770185
142.3330064668432 166.82640890490595
48.93476755017051 138.66318676459116
68.60368323864598 21.175609105887087
126.4264123956445 121.32489623508452
162.78404322915657 228.14095239844292
167.3129113609856 35.80723672190928
112.64472455463189 7.6682649987011295
133.75676993607894 236.50762309804048
182.2012817146335 157.3641732654415
186.51820878429166 76.68275641420682
241.6766813992357 226.39662788611852
208.96661443646047 18.641147540710474
120.68776642005707 128.75248706083266
243.97574486858312 119.51704874398824
118.47818151908965 71.34574639099883
85.87902299420752 53.041235963503325
8.219893138985606 215.07223788462034
15.070344839788586 116.50828677519546
162.23301506727768 123.39268216773527
214.30324015679892 163.90384825191563
141.27985669918294 228.62452952273875
226.57648870848163 58.13476223456068
55.04034613450629 154.1695507050494
134.5740152756088 90.58678667433368
61.18285683351313 34.120852967805035
172.0815450718391 82.15932532683942
233.46722337398876 95.5725450514599
196.71344880018074 140.56078689744035
45.21566843477628 81.22519565707731
120.62122128849606 10.510541706151427
105.08771508940288 132.51489103550594
204.9993181178724 210.08903180405474
25.349012263038652 29.513503145482844
20.229199484131072 157.9973587095734
94.60528134193588 144.45978099177105
234.35731327822447 193.7095811796421
86.21395970018844 87.447992280096
133.284940280302 9.87034693684477
184.7497194871607 167.71298247381145
94.98340189858548 58.451800644075455
90.17767275489405 174.0262924792694
19.141216691747843 15.154253665272593
86.40667311979261 16.581817780255527
144.9346482000504 201.6405753795802
158.01883668875797 6.27993979744268
18.57833838955006 21.917536597238023
134.95410903444596 130.21299136953385
126.03407034223787 86.33644903300922
127.75391053947438 12.206617533214587
39.943756757039125 8.219375683000186
176.28887063832028 198.62034061654055
147.81599632141598 224.58210232136736
19.17047228240021 205.81892594055495
69.66661551504691 191.09912117129
106.56266150673696 31.565135877415024
131.40451135071638 215.49554830070315
160.7889632519199 220.06591701633712
111.73605625859773 234.9867419355598
137.72689904305534 153.54590256003328
42.2003691521648 38.00098726380366
44.16167459393677 181.0274918736873
85.2120100125838 33.724257150540225
184.2062580969668 25.39101691338169
174.34526770722564 131.83382821521604
32.27452985190443 53.77356005405598
34.07605968446737 150.70808553688528
125.18684237749522 62.71119753706664
217.65594608224598 70.61530505676686
168.2834962578055 156.189427291415
248.129248767447 88.62807587388575
29.165950937041718 108.0496604182093
162.0636338567249 238.54626051024044
186.64272666352437 240.32270513012864
73.33641312329178 72.69012193152474
124.94274944607426 136.75362325702397
65.79718101820559 6.370156692093926
105.73599172905467 207.80616080441283
74.84228406481539 86.61356890755404
89.3050146628333 5.801730314603404
69.66366114841315 92.32951590761215
54.61329483305693 3.0860748539388028
231.87465257036828 180.96552839867087
21.11448571757221 146.52595521577808
110.03862332144176 127.67195749097213
71.99567180476255 141.04342970626777
153.33927882339648 246.94664927752353
117.53094391256779 27.521717608224446
47.87663565543962 124.24904858146516
186.0563929404915 117.61863344542273
184.81672210492803 66.37322125713541
80.91203720395085 91.9276266341038
221.4762037337016 209.37789446146854
242.53230843988328 184.97134864945212
194.3588781400088 26.30090191419393
81.25521728673755 103.46866631922741
145.684681571937 219.9576329290805
106.48279472900771 46.85365411344472
236.70543572713908 163.72960761953684
191.27527500731787 118.5308996891134
193.85679956799288 196.3201525062898
41.06426249887876 239.72302510541505
182.33028494861094 144.18175805037933
142.05588510239645 217.44434012755133
247.82169187648083 206.06089822986678
160.90854307241014 49.901948760862595
9.525646282963207 26.549142887538206
154.0583065185541 217.9458675057831
38.72728509768747 105.61566647772594
246.96358272258428 170.3798497559103
28.664095231234228 86.25074703204206
49.97050421885929 52.44874518699655
94.83653383641347 222.86258366402373
19.143960628690532 156.93743681881057
0.15593918884720948 177.45987178401003
222.86604073997896 196.53981329552147
208.1627028287404 22.594908832352324
156.23704583606448 230.1536972187422
142.7862818215538 79.04828168564795
136.90943693913508 194.57166144574236
122.83528666117985 136.78363674473766
133.9760519749267 145.04816821972238
111.52908616223492 61.353216058014745
79.65144366832303 146.49128859666268
225.63639204812054 5.59990653392442
235.6663626784717 152.66977227040488
197.87466734462302 79.42799597403477
63.146896779881416 164.15019392002577
140.60990122411044 129.37716994318728
185.2034778613431 168.94879186140346
233.86065533040923 5.879558105667925
223.3488697598948 145.05865200054902
223.3064026355145 185.07414588758158
158.76913945547622 224.07343007691279
53.466465789081845 55.833544581465915
171.44297419126696 40.48076274984988
170.1210766300685 249.24905022688029
210.18709527980943 11.237804625374936
141.25787465629344 142.56407965860967
225.03049529216645 198.29103911967857
18.6769540802639 14.383037657072217
160.09761583951007 177.82407056455963

516.9986806144643
536.2813192180002
1068.9277042490664
895.591352430952
342.95437052309984
299.1042534730855
940.2905113758557
515.0696817511537
30.395271351960375
38.29738924233868
354.59048412266714
547.5978413846154
710.2066331756905
1059.982683163654
128.27530086455997
1109.32613126261
111.32826024029764
1001.4005795080423
712.6777019349
642.5279532401307
1148.0157689883174
1174.703878691022
849.5843763099405
372.5909599704699
70.12300103583132
533.9379849043752
468.73029233217204
516.5892794947117
817.9692184847303
786.9244269417838
761.1380764844994
303.5367499549995
943.6830655155646
986.954112248046
1129.2280772845513
1118.4684969140278
532.203776663049
1174.7919130870737
346.60222004961804
1188.2466932780844
1132.731944667241
556.2103621373258
655.9712760564169
844.3920615932001
270.97155386820117
974.3242514310563
338.7029939883421
874.697943952372
847.5217698325484
329.6996863575562
189.88941801224365
1126.1375113754937
505.44188630806184
1173.269083420092
844.0319311847097
371.5567748892877
1065.5513498321618
458.56583931648436
18.285757173531497
344.81821784168335
158.80283615924122
616.1818767198442
414.83910124533304
500.7394287363292
486.2138786637788
56.198253885049155
413.6188478652835
429.22827000320524
443.54286626448976
811.2057688242508
834.7657773158991
589.2199674083689
772.2840018975209
871.9046307947273
782.8186772681411
153.273426385624
492.1737871812392
819.7083981213485
465.91653389530615
953.1209885755618
1091.919841687178
1138.873730221701
751.437170032696
928.5934960731003
1015.9771943891241
1045.9880629300885
1004.3292602753356
909.9665015830632
940.07542493686
0.9219961892011859
640.5527332180375
1196.0707541205215
224.91590698552065
682.8247081332833
632.0573563819227
193.83729758606464
1157.1154463397847
784.690718250015
262.67323069715434
506.2584401308701
175.20944721612355
6.397142907254758
177.68681471822302
836.8590506422898
319.3226850339246
65.22632256035827
344.20672044487605
188.16384336021554
69.91985598012916
450.50622252391474
1088.5406097506902
278.1477490459802
366.91353471918814
518.1233580583676
437.18961352292
260.8814610477949
349.5266509623487
682.0535841822318
722.7830851291956
519.0699506864041
499.5900629984439
33.32722571992643
378.0921771800002
55.41379913203615
516.068294166947
1067.1200098109498
176.42356409533474
727.1211568908528
821.1394982288565
756.2552978791498
245.52651542253523
150.7327385336756
672.4315099313862
538.4947340730062
83.55144958654712
997.9821258211649
1092.184842612064
769.054643415832
886.723070299384
764.5660673205169
979.3060500293161
1054.5338776326253
1004.5892517374624
207.10794627015537
962.6875397711301
961.3455837503502
1026.0301863598743
1078.434752625042
393.1444347105448
121.07383891488435
280.2590670721087
882.4110169239483
862.4528675553255
538.5727038648388
957.7088014693775
552.0931289517184
607.7466700924696
463.66347396802854
237.53391243075998
617.3593691136242
289.9589234304404
610.7523463936013
675.7938157930189
815.1503810323657
580.8197082413045
833.7438345067802
146.0254304581012
519.6403192416207
892.7844992835454
974.7521018263984
225.62326421187947
166.3729010410665
156.82214799475992
1092.5223703053937
909.5702266848729
931.0693797857865
986.0191641254596
620.5824382842138
591.3915278093675
331.9594951264436
252.59749986074868
414.53956794109524
562.4337903856566
443.6637425296002
203.6324618820215
1.019407281881692
35.46849249458704
67.70525837999428
1166.9682851536593
233.8018420100362
287.253240809275
741.110088181021
768.6842531312951
11.336175769743353
1071.4082406102575
342.7099602125375
62.42481071350689
364.36059444875156
196.44076125827678
346.64329455674397
470.30776273221335
550.5922936838165
825.7710363002345
636.241317464381
773.7433883744766
23.729198213335323
59.120067208948825
883.5330227420626
832.9029679533166
71.61279513035069
316.6085412275539
1157.6804815008807
462.61197166318635
333.77515626857644
67.95331204503984
902.6905889202637
799.0773369143355
124.39306604317342
682.9599937452845
138.50309480467848
225.86644662741435
1082.4571253088259
594.0454311005575
454.10592619546617
657.4903095705839
747.331871335477
32.78199574511985
116.77615018661042
876.7039075255118
365.0513071281762
233.39102339777526
139.79802497700265
357.326879506407
321.9829823826227
234.29854995719654
288.4537899066241
465.15020711692625
94.56112150083688
692.6237066245783
23.19278464401674
237.44119796196958
1171.9148620498095
765.1802329680421
135.47896328490359
51.335957672924515
629.327075167467
530.6475391187058
743.0963812730138
855.6175015230671
101.20584105492397
91.61995945816832
983.553432878004
1056.0312227792056
1172.2113647389938
195.28451712049338
251.63896901223234

8.6 17.2 36.0 72.1
17.2 34.4 72.1 144.1
25.8 51.6 108.1 216.2
34.4 68.8 144.1 288.2
51.6 103.2 216.2 432.4
68.8 137.6 288.2 576.5
77.4 154.9 324.3 648.5
86.0 172.1 360.3 720.6
103.2 206.5 432.4 864.7
114.7 229.4 480.4 960.8
129.0 258.1 540.4 1080.9
143.4 286.8 600.5 1201.0

2 5 8 11
5 8 11 14
7 10 13 16
10 13 16 19
14 17 20 23
18 21 24 27
19 22 25 28
20 23 26 29
25 19 31 34
27 30 33 36
30 33 36 39
32 35 38 41

