256 3.0 0.0 1000.0 3 160 240 100

9.2363183838573 224.32049029356523
74.59622528418925 75.55876377688803
92.5886827101525 60.293134441396
42.69249695049551 109.44173125145862
243.07011539145896 8.661192418354503
8.157370980989981 20.33190615782979
20.51656157839013 153.02845507029173
71.87533637927243 67.82323704810459
110.13775664694103 208.04697220250867
145.85366006798662 82.59577364961493
61.27911360049049 120.21739487877322
160.3833754340229 65.1370541677081
211.0021200484102 51.98512512131629
235.84852688131238 48.159172450315616
68.88745514907019 74.45101787633548
138.30553521814943 178.5999571335325
118.22278163592914 146.77285320821235
153.56843480551953 159.62590970851775
22.2522505062826 22.17762915371238
72.1167458985521 51.28154826449061
226.94258473700023 202.46854619424448
30.71122460645051 95.73348197268469
220.6232180769931 2.9925011383626074
207.73430264257854 45.74431616605215
109.99801854203598 6.817963071382022
189.20883930481742 185.89583647879414
204.55782329802577 77.35978379270095
198.39491822817078 192.67813559767643
232.81050123769165 30.01733467536491
0.03145900643691801 69.09994578800269
14.615897416249524 14.432481031088685
52.754787170227715 126.78574397325693
61.9212018468718 205.6060866112974
56.389855393868594 133.2764095128089
61.13594548578094 109.26854772509972
174.12155445411074 56.30400513519906
200.41502125037852 203.2989785110305
139.7970687137841 188.94589783840837
2.498567793867146 197.07913595913345
159.22245018225337 63.87815851179149
106.80650582800044 235.25195554841204
76.88368780189705 219.80622035008864
176.4202879568052 50.41989564805796
165.94621371041907 180.59988880547917
22.615490421226013 39.95646302270758
30.930673622068998 25.62191220720475
240.93830176782672 27.531658175374147
180.123976265864 75.06553666816035
117.2306033564006 14.073255630682374
138.56420248168652 10.784728775294155
131.99202405967995 62.74426476233125
115.84023021075102 214.08324478630965
170.50960776182558 100.00357155377377
227.11769172863242 26.689292126667485
114.45562573846313 154.67435940483054
73.90069965116227 221.76979556659143
243.6451798284633 156.63722219940828
126.94389970781764 80.6650201593882
89.66068312755962 126.17927010407374
149.7501113157543 26.714418318810022
60.783658356831474 168.27008621061188
150.6195454926669 229.17764434868164
240.7629053709149 86.28262304446818
26.435448286577763 167.49867872088092
154.2264326348901 102.08478897112947
88.15828958385988 101.97102899368902
183.73039919891235 167.94287196136807
136.41300973749023 155.0410749990597
52.11707015355604 226.87647735930472
243.35066525375316 144.25541624000581
168.93080230926057 114.18908095013208
177.2563438555275 24.71931542971223
185.17017171852854 47.52350523870486
170.69749330590355 93.76754822466351
123.17830724743692 12.208467245120925
16.82438538210565 51.912515490004004
93.97125987154897 169.54607304382648
96.39329481467455 32.94714440448029
222.80653501457394 194.82695674429573
12.231493507737474 58.05794587209764
63.46436381813172 214.26932743045327
42.47184077828417 74.19798790435401
57.34415720258227 43.169425348066504
196.30613428986098 27.306528459889236
205.73825523663749 191.2106165046018
143.59872160455848 223.52954511826815
125.89504867290741 34.53051572801466
103.57580762667686 83.28595816425994
153.94680883212476 118.87674849956915
55.88739568576956 24.118318188924125
155.48675491631226 222.63413310452862
60.92044840631897 32.927274597038675
208.13356936503698 115.30093702517205
102.90440707281876 29.73501902640813
163.1445488757885 120.88500683011449
225.93321939073567 179.78283034893948
21.724174393851577 13.672160807429917
154.39999317714904 16.65328878557204
194.95897282613808 176.4361148788763
33.566050271421204 142.96241633578003
24.101916053728107 248.2898307469227
189.41566653219468 185.2071497762326
74.20041978239134 47.92961906167167
125.06897335104073 159.97031261604857
249.9860600994048 180.76643407104717
133.1280608800439 163.48375456272325
2.5152937853749058 89.47126455852137
49.59685810450923 92.28650627155083
232.3180373143128 214.24378474113092
119.44741234137119 232.79769421259414
63.24172641962 120.76769222134706
170.42183963268783 33.48072328178425
158.28234014896427 176.9557174005818
66.78583309545621 89.33223141989092
204.0625080579691 16.538345382385412
229.2079232438874 239.34440630741585
109.30294075746266 123.05564316294895
72.39905337323808 233.52520633307887
166.01592212580033 43.127382458406416
117.6650345399157 85.37899639159937
19.383339586538984 61.40091705422274
10.94542900569992 163.41809480824267
133.04985473142028 249.91625244753433
40.062532720477186 125.16396475289874
44.23367405627188 189.70479198159805
55.23049710532255 171.48624893140143
74.69496570243189 18.843249739912192
32.941002374797606 77.13385114140281
240.48764386040185 177.0371337093256
199.42881588917692 0.7348916675458395
213.69101025778238 128.99726087997743
13.25385826879047 70.71706379925143
222.69904022525085 182.83747895657362
146.3840842138871 133.6966642134136
1.9189995174922203 87.57219340378128
29.135350089101035 2.9184121824467057
130.37433289846422 212.82897445841408
66.63045925194993 146.58353297422698
30.84844917364388 51.718007070131996
55.50581963570217 140.09240818382426
160.4121567834428 43.81943177504777
44.13923515528553 88.3241298493617
182.72208243439064 135.0662335377264
147.57315740244994 241.5622072811886
197.62886410982057 234.54518057960945
29.462770061988554 0.6437341949942776
158.446805857114 195.2220045380632
185.79804087680265 244.29439172099288
169.3220536819474 207.57794901070594
2.691953175006395 229.51779265557596
166.81544449679618 87.76333234008723
84.65770933596289 94.89749671785886
76.93502592916396 220.98451112519882
200.24490428710843 72.05770460371735
36.15041965079688 226.64513029097023
228.7780473384484 74.7867400838696
220.73889235478856 55.879501179965374
51.58543670363031 62.15093829549831
12.589788901029825 59.503800525639164
33.89583338718227 11.219189223840548
247.09980563434033 172.64206825214683
177.39318062007007 150.6171793681794
16.740934660803898 245.39134328220945
26.736189877094198 238.98113040577272
238.63025081488576 81.98337704271178
51.19798508395498 87.9100250346756
173.6740363748785 92.6604156660013
247.06828572708184 141.49703182521526
245.15283574927773 191.07242512178607
235.19402654965498 30.215235430795516
208.71100635211877 185.9443276622464
169.04539655855058 190.03214369844827
237.54775717083342 154.44128166061216
167.20810367546238 187.39183004612593
226.50886980181693 136.75020598441492
229.7770605589029 141.47735829070925
118.47589602364614 14.542474655930254
216.3818908734292 14.703808395496566
102.1393532871123 46.95676723877204
95.83877779797741 33.58351397535472
169.0838909191642 144.58142995694027
116.06339421445055 221.3439761274057
235.20395052959222 69.34301981985253
124.67699205926036 54.76836203149443
230.35287394989126 168.0828977252233
178.49953813187452 177.481684331661
91.73279651110423 236.10466341776663
78.19931587844589 91.76025375650975
33.816955321081224 4.244312067374412
143.12353276359858 123.45368294385733
67.9774878005583 110.89301484437544
179.3746631074555 70.81067713030062
241.02186991834432 183.1545831636722
54.78292086616168 189.97449561698272
207.98488738478633 217.1698981157736
16.234441492814945 157.21455263987772
143.47182294434234 185.17203376883566
16.7025271310495 158.08507956395266
110.36987380216789 21.37240185643108
189.54670679017633 195.53969579463896
114.9412488543377 50.475279576114666
13.216184939716463 156.25567711358846
115.46008815359546 168.44859296401583
111.94207877545543 164.44362892349278
143.34559313803405 34.87690386206285
194.78417449698438 157.36932012069633
61.600610984185764 65.0268816208569
194.5931285249372 130.67411531149503
153.13800721912017 236.2214690647505
144.80138821890677 179.2214785104678
221.102826100602 240.15430094170299
219.45278026416543 221.7502393903992
39.113037918216854 71.64006059400307
70.73300391206142 145.16883296884342
42.932998637860095 145.6492073214471
113.40027874134387 38.424918400459475
215.22201734797105 209.32208046876696
43.986273491078535 26.18376828424643
196.9449587746501 216.5027146421915
66.80712841688211 149.40919251309973
0.8817207360825308 9.134922502112202
158.49166057313153 205.30966717215023
248.3928454023809 41.22880121317243
131.9697284594595 57.878523582324235
67.86230612720753 87.8303410889961
229.03023322331484 186.8025153313398
132.2031377378609 130.57587674731778
9.431253127808153 143.70151406127474
226.33993348913296 164.49326939566868
136.84321809532082 195.77464793132924
7.45797886040353 5.159679033892334
104.12524242890727 82.62053900558622
149.83386136944418 111.41814068793957
142.37700256490007 28.271469310896023
167.54512513484755 196.1329654938719
204.34240280037727 69.58619246129888
33.29176576669407 116.04380935315773
144.3827991146171 116.07456696022864
135.25472359666384 243.70143205287565
237.21323207849386 98.71735622398842
170.99808757364465 35.72852077280009
145.83023373416177 106.01013856075845
45.82511241972592 130.49651848191786
129.11531486239056 101.38421741144299
202.38214292874375 25.665318606844817
237.2695447869463 191.3005126296532
153.14355065177662 130.10271873138777
149.8357328106489 7.317566358230665
209.06283623840216 159.5703032928607
211.27742369068295 71.49888030065065
47.612346876247685 150.29319145444077
103.59340748945104 215.90894697567424
156.84838286248876 53.32417074686402
173.44116839223722 116.05419219142354
51.2461697188899 238.01163821738214
174.61301782548892 206.71574376605355

5.678107569856261 218.66744132503243
77.50941360950995 78.33334904640424
97.71255374414994 58.68949250609856
37.3725984079461 105.71634136473223
242.33669093116575 9.425030100701864
14.253042325336029 24.88180192418929
13.892429900040304 154.32794869098078
73.05983898305327 67.91275821709507
106.10064218509835 211.06150261880651
145.796202129845 81.41914577332948
55.794040888066334 124.53855293245682
162.79982286904252 69.14633324956742
215.28472227327154 55.41423907882812
234.87107827938405 56.14933829625665
63.34974875306521 71.24416174515576
137.25323936362756 179.16023073064906
123.68089639776065 149.77874975042027
161.17437656714617 156.94939255375166
16.262679611906805 20.922973380471806
77.12628015080159 56.34286823366061
220.175196943246 200.24902637875775
37.71897568952615 95.15947520212687
227.68341174636203 0.15382141065350963
215.29258964733995 42.609568689814665
112.72183330268965 4.973412991420457
194.02250191788286 186.32053899232392
209.82640560557218 71.84204238991084
196.28153983720279 189.45842431187563
234.83414995881589 29.85973977107925
4.292683168785255 66.93566109770704
11.614057679555284 20.908075732757215
60.31142603877221 124.22639597687501
57.49688354394939 208.03169080126688
62.815032385852675 137.46307966216352
64.9204241375021 109.96629281449994
171.64982076893335 55.61735685772398
199.6795362940436 203.70782991746017
144.84994614489193 192.18715125165173
2.627544940211446 204.18856397504706
165.16972314890256 64.56833350384782
106.67037937910834 231.67755227828286
84.26338888158708 215.8982642920987
173.67733689578202 48.3195030216442
168.28074336223744 181.78042924677555
19.060209081896456 43.06190508483246
29.28516358555794 25.687535953354047
234.83910964184602 28.172621469151725
188.29184710348218 72.98179658532212
113.64409881230553 11.064182864625321
144.55724087630065 12.30744889836935
130.30673553086223 56.61680829922749
107.57281028129559 213.28976134275024
164.38518006420168 98.73678189435795
222.73877877481678 24.04097081296175
113.5575597086915 161.42386982759493
78.69971052113095 222.72202887832208
249.9910748417036 151.6844072380681
131.61971969498734 78.28481460607011
85.2499825865623 130.59977094844643
155.76891734444519 30.856600964635106
67.99365503822844 168.3003513513533
151.95140818176634 223.5112453606435
237.26889892571606 84.8726780136101
20.70480502348049 161.3633008687296
150.1955408631971 98.62712891736588
90.53836215213803 99.47917213587706
177.95901042837983 173.3852223603201
138.52342197221284 157.870687340142
50.77339176019122 220.6458764223559
243.8508456776496 139.13448160445236
160.86488342902982 113.51751583783104
180.72697636696498 23.545621554854318
188.15736634646083 50.62607449420622
174.6666534116283 96.61445131306037
124.0967055031453 17.934995959091953
23.739309917593655 49.8793839748306
93.96537412306488 162.07721116746833
101.10300290163462 31.41736839987694
230.0754205743556 190.89220335877275
20.303685173674037 55.63397796848002
59.8468440849593 212.91705101124728
39.907404192663584 76.30217490230743
56.065890057229005 49.45102857872491
195.10718092206076 35.665752252967614
204.2145511350869 190.1578578223616
135.25282058972215 224.68333806927853
131.49781105697326 29.390472391743444
100.56029894933249 82.98210605159673
158.46269466371544 119.5692104956596
54.875231138563244 28.471053868291268
157.52093467034587 214.93575136492208
56.40196119071009 32.2763035956799
202.14341630362858 120.36822415693305
95.2256906738968 31.446980899032862
158.17221904922138 117.03282149003957
225.60137625399418 187.4091497008473
14.698778747923358 9.550425209072316
156.8882648899591 16.23982466776938
199.79848591651293 182.53826424031055
29.670388449124534 149.01779178580242
17.935470099734452 246.43334072766848
184.37616787855228 190.62833250509183
80.67661907201948 52.62924937875743
129.85593391563208 164.96138541948275
244.85109256296616 185.26805750582724
129.69431498711137 164.47992238439227
2.279195198569922 85.42745843033103
50.55311532204004 92.07568688976997
224.37482528853835 211.3805231961592
113.8733865827036 236.40241106131384
60.965353478211966 123.12860729476577
173.12255883308097 32.37737653697603
162.1754090854186 182.76948141462015
72.98150531945404 91.87428504852865
199.35983296512032 20.592837590838077
222.85407445040104 237.31912879956388
107.12772790052183 116.1232283015348
75.91425514159495 238.2736900583229
166.97350339880566 51.18697114369433
119.7898822603109 85.89636328371472
18.439029238926487 53.11646457892849
7.732436833844892 156.25687131733446
127.93928718248021 248.0068273276618
42.61244896380539 118.87401139790099
46.19929065380937 186.61045228179356
54.22636395773872 171.0159634106769
75.5866273062532 17.768485431401803
36.49940022487072 83.02731165717778
239.61432308048737 181.2099546469144
192.34138376585548 3.0005048407514554
206.29144172286453 130.366630599661
19.71825068379526 71.08694900685933
225.04123970724368 187.7910258354761
144.5683646486096 134.8461302584801
1.9164586749961798 85.0470500872638
36.77580909059009 4.199321399639633
137.8967344046298 214.28555371619385
72.17935511857205 148.2388901392069
35.71168524717633 53.31345456774708
50.7910280029307 141.38872489480352
159.7472998592696 46.16527515898891
44.46935039520852 92.50384870641712
182.05731488559724 141.97668505726253
154.16966893099826 242.09784100111887
190.8794426635176 234.4808569625266
28.507087862133183 4.150185457952399
153.5948733568942 192.88513130737255
192.59590192386983 244.184424235064
174.38050338206997 205.6993618183406
7.788299566500484 228.85676360630464
163.8142563373181 86.63752425590084
83.31164571772204 96.813068694894
73.6036803128498 215.14121048317796
199.9460679661571 72.44483253200012
36.13681900059376 221.3865492673096
230.29869846760823 82.35247322782199
225.2263869308187 59.42857823070658
52.45419101404239 61.817810370245944
15.79014267585288 52.656349831340236
37.03323213355556 12.70756464909162
248.53676570396226 179.15209306261482
176.16445106352026 156.03955298630274
17.156225689706677 240.4130155080566
28.290964840715333 238.627019267789
231.10824192340576 84.49078312909941
51.46031863588132 92.20344912136031
177.14125096129024 86.1485467829326
240.46834988614157 141.11871500007132
247.72265787082978 193.20300111810602
227.04206823663324 31.636013327204004
210.36492743358508 180.9725695785185
172.8679724302789 192.71180389191073
241.2565646535648 151.9724250345491
171.69654947741645 187.75763364597117
226.24932962962592 143.8054141249972
231.71904415219487 138.6874768886223
113.97153505372809 14.396608769333602
223.405081650344 11.34366278871929
109.16331953906358 45.543901607314446
97.8255461653498 36.58884641547411
171.9438332603836 149.33554512303684
109.77592920651566 217.7007454010838
232.80245256463843 69.2529057907741
126.44030981855047 49.18203096797222
236.73742086897798 169.3866651034212
175.66088748918727 180.60270552646287
91.05959956753345 231.14614279506577
78.49465250065951 87.53193755648108
37.32009426504479 5.580857732059713
145.58613193406043 128.81863053212527
74.58231831838368 112.12092448493632
184.7572531023511 66.06711358481098
248.761480824022 185.07742170817613
50.98509961446365 191.54065440546927
202.97577670159242 217.68788273251994
9.48858788085899 159.08505605520222
136.99066457198197 181.31374898103016
12.955541007185683 164.9055380547627
108.82908669412598 17.179641190300522
186.63845308931766 187.8435367384548
115.0274329134885 58.25585543515757
12.440945081166998 160.29496675471052
113.40191505352445 161.01536091473287
115.14487013037645 165.24958734998503
136.26154737090403 32.394956062524436
193.63261247703733 151.99387341119353
60.03384753594279 67.71669861402077
198.00208580214948 132.87095542222175
154.76826220331634 240.6920667251345
144.2565423499382 178.7138006626904
217.0382401612501 247.24284255154356
224.37363635439527 224.57687850759282
36.052536508817404 67.5090895008659
68.90245269405973 151.64357073663263
42.077985187040646 144.9806426566861
110.66369436810052 34.07702788248959
213.9485221782422 217.1773357741888
44.49596224580049 21.155727751537178
193.56628098782562 212.52839848912635
74.06208023199947 148.20843525341584
2.2829724075018873 16.29511564835048
156.59887386981552 205.68242827870483
246.85562081406556 34.96850836959114
127.19229215707878 60.58949358996196
76.18271301963681 87.70472252964598
227.92573172455545 181.12286131700114
135.21529143432977 127.34129556128786
13.43943033434053 137.27479757529954
222.72575826152686 158.19558960761262
130.53875518692436 191.96962543781416
6.3681259798362975 11.137335400346087
109.93089364977283 87.9640340223136
153.70185463620328 107.7051220619013
147.4395263047411 25.384349055380508
172.16524390038114 192.92719612235538
198.13236551593184 72.91701606961689
31.306036129680916 117.42614931437367
151.28436290572634 119.59095633516783
131.7966899305933 241.24730035957123
241.11233762562233 100.82899027443096
173.84192644766034 38.102452617326115
146.87898937045583 105.75304829093119
45.23379115657528 123.57209897050855
125.40748642654049 105.57432447304791
209.99789500287707 25.96595084699868
235.41586075648223 186.4134227204781
146.6424427500347 133.31742280530426
150.8684648961483 9.292525439598936
202.4996697353371 154.32920948063511
212.54724539096924 70.85298494354042
44.61936956827753 156.32719838552865
105.7933622995797 214.30459321035622
155.40740414210381 60.40255666534156
175.5178398583393 119.01978432820995
57.729256846798194 237.3727931990959
169.79379559398433 204.05379224365683

763.0205025801847
590.0393415030106
230.47481477618967
624.6653653672937
740.9995598166491
19.234008154475173
1016.4697017481851
113.9792202992755
1069.496455143986
1009.9420593454356
785.5945988951945
944.3573219540012
380.4652853976208
1101.4162180639498
52.09988258295943
125.11505424378448
54.52486196798174
298.76669536182544
182.1815293643522
416.2917685470806
636.9234151615816
189.31619067028586
804.1292002081011
192.15390015204812
970.6950429987006
587.9370150132884
108.42914770180296
772.3065934592388
581.519874803261
1019.8742743552829
77.36093014103146
1019.5305221516152
216.79119681922705
848.6606212651053
148.35516285358398
294.3627808915259
1007.9428812620877
511.8315491244819
411.59779153633474
74.26624833840208
257.09487826359606
607.4685113820997
1200.8190351433286
850.0729109976959
685.8667860190673
455.4110915813513
680.8734205451227
13.773836911192157
429.58166649173495
950.4711572801813
956.681626776903
1127.2331305191765
831.3287748443196
626.9047263350949
326.9416996506578
226.4124160246058
340.7803984133673
295.143269134996
79.66227757231846
1138.1920658099914
1129.691552878327
1145.3356274395567
41.614397788848514
743.8117471595432
501.88095004577497
537.3986872095126
1071.9023741768399
339.6916796337938
1064.3380276550743
619.6534693000668
202.8105357245719
201.3358772093483
602.6539105614655
456.5539448082329
729.0250901455679
459.69971935714256
217.15135850401356
679.1741174078912
103.33870285582798
1109.8866232957078
1199.1527471736722
962.3347966710136
1102.267373881028
360.26577025052006
108.95187269153399
936.4052315168982
1197.1296161960756
760.9227228762113
324.6954270420912
481.45079889329304
439.1771247183307
1020.3890819037746
420.10139770271985
1086.075293508395
573.0937134754239
139.23913548774146
477.39574979589025
659.9627548262546
367.0670842486
1000.9280867103753
837.0167965811686
836.3004893407467
1064.2872104574465
1074.9427402791714
407.83152389067
416.673058258394
1003.7859228498014
619.8913697048755
757.9877554655612
1007.327236553948
764.078798732636
466.05312730613514
565.2687129568423
360.13497292058906
991.9095243990358
25.419578861745066
131.38582077161607
914.6476205329542
1194.1372327515048
256.56083064623596
710.945160550296
679.7306775244634
462.6515290378373
40.75255471473669
567.5403760816912
83.30346051765392
1145.992829655653
132.56064689909638
198.2797763375419
583.2029302951304
374.26355691986976
1028.2036177126804
46.89188703184485
579.2227921609117
247.6831075039044
1060.7195704014111
1056.692468382267
305.6161441781752
641.7911334230052
1087.1451502908324
995.7634104752087
703.2174262702912
185.7599749164688
1094.6089570879815
1042.3320703530098
690.9495600738107
974.6237137342761
1034.847291386181
708.6687026140852
1171.114885971815
1083.6565017479309
169.57922407877837
82.57987679014383
587.012462043145
683.4486835442777
240.52331890270426
1105.3906917935699
283.17922425104257
716.0473396350015
92.3667191354141
643.5742683199508
20.22591680830704
617.6396479138366
419.93223012694904
12.455684448411741
312.0585937653372
1129.0491890497142
592.7470635273944
1047.1554129614801
675.6178007379789
191.98727253894492
855.7660296393112
676.6784199343788
155.83016540917117
449.4181013697384
194.75372492321603
288.61846660429575
156.33253943087539
1184.021102554843
285.890275323876
191.35623578363283
270.6938167722532
509.85752261850746
366.0015299506846
1152.3085581481446
621.364024407775
969.5316059783358
1187.5374541752442
90.9620050019179
397.5464700216786
340.4635152839698
595.6831937422259
1058.4229468807262
265.9203773058182
304.6626514813147
748.2961866888958
140.94375263602424
982.4884954896917
549.8542295714252
654.6753901439174
487.51947291483754
1017.9512536946411
745.078034233151
917.0511018542486
72.74417264348135
426.13259609305186
408.05564740559294
274.0037214085998
671.1299975097692
1106.144408087765
197.90552929926048
709.7863878264712
798.3347618495271
961.5202045825077
575.0286059900044
905.1106806682304
476.35028388368227
335.3277506852369
193.35019374693198
143.02293504386932
136.23407858148607
117.8027390749344
335.02706466345967
62.77858988516697
358.2192929031562
660.2696178182767
478.6897338894332
259.60188802047423
984.9383230487693
461.52146506000815
79.91207254171097
826.751440217325
192.57794481487505
401.81983119816465
345.7882477639964
849.8876056473945
517.8727824302207
669.0816312228079
677.0030181588315
1106.3308492735123
1135.1020335724468
982.6942888169701
156.8176227611145
1000.7181106495651
55.47587040783326
971.9443774600963
729.8303229893576
148.5555392726427
875.1737306854386
403.49546696819016
593.5373654429224
517.3380551678147
795.6635410768511
452.8348251064499
712.2909878842748
63.33780112059818

8.6 17.2 36.0 72.1
17.2 34.4 72.1 144.1
25.8 51.6 108.1 216.2
34.4 68.8 144.1 288.2
51.6 103.2 216.2 432.4
68.8 137.6 288.2 576.5
77.4 154.9 324.3 648.5
86.0 172.1 360.3 720.6
103.2 206.5 432.4 864.7
114.7 229.4 480.4 960.8
129.0 258.1 540.4 1080.9
143.4 286.8 600.5 1201.0

2 5 8 11
5 8 11 14
7 10 13 16
10 13 16 19
14 17 20 23
18 21 24 27
19 22 25 28
20 23 26 29
25 19 31 34
27 30 33 36
30 33 36 39
32 35 38 41

