256 3.0 0.0 1000.0 3 160 240 100

161.99116858361901 134.61771344105176
62.17722110002341 93.47630954938995
143.27660960484104 212.44596669306307
12.419527953312997 54.6468137308449
86.10029207078374 241.32377195031123
229.00499590999215 137.6878140759342
121.65118964987812 154.4216053318779
182.0534611147082 19.31813454041087
141.5171684483157 203.36413590000097
244.2592282935433 54.414569391696006
155.56679395106988 240.02193345450507
210.81449799778719 228.75003671962196
225.5010388686233 65.47249810867378
59.41356809705195 9.538267902083176
49.78087660201891 233.86790827619444
7.804301747379699 166.1978286393255
182.74504046522162 30.527285468264083
249.09857067889382 139.57143698217504
231.4415598944997 76.72067720603503
81.1841262218104 135.03531350659128
68.27960527029315 65.9796081330957
203.59695595222158 73.8661517594886
141.64350187372125 23.091430780125403
160.67379730084343 32.385598458198636
146.4976879959732 149.84347346961061
236.57871081540262 1.8512268354426709
171.87248734439686 215.22368758633488
6.75571388497695 191.9934744650884
125.61856089479639 95.28263155821381
14.657791599939102 74.15486266113255
151.14052037814602 203.56327341394191
243.3787204604865 45.24040996214482
202.96534288676543 178.01918491595575
28.147527814332634 249.80429395995867
88.46734398816523 249.80024675764267
170.32915033620145 21.70567524718059
82.53606660953977 230.06204106152734
182.49399616705412 72.85699798250802
184.0570492831126 135.62767377736586
27.12523731111277 214.30377208551963
212.82738656639614 201.35365232011193
169.21143582268726 33.20716952354688
129.33659451065003 231.52951297390612
49.16706978142405 135.91352257347842
85.31372540993817 116.60762306526232
75.09928768716182 165.0121448769597
34.55454579342951 85.41321235128957
169.76948066386922 4.582414293965831
141.0872210626663 216.15000828024003
140.91225153212062 249.4939334944982
140.65465859934557 109.16416887796423
78.11026947601806 106.68962627139858
3.333981713390277 101.76260339700383
21.224433908639124 85.5025219814274
204.19168696488504 62.693803830492115
190.70643318841087 92.31689592757017
243.8162013732256 83.93640758139678
177.02002350249418 126.47351215296091
209.6694916584403 36.945668727962484
176.0161979988954 210.34769152927475
81.97238467474844 113.72990929037356
57.22635990418038 172.77496086669538
123.50640727239023 167.9292808582915
43.88122277071885 230.41573879255517
131.0109870319914 58.471929501170635
47.946448241255574 7.547662362803437
247.48014791605902 133.61316201505682
191.06240684776037 181.7430861482224
24.369512105126805 152.37988006519183
38.14581629482236 222.8740147678837
170.28694934689767 31.346280309931917
53.634623505069285 241.96682349385048
57.718764879506416 175.4035533653545
115.26682325618468 17.545876194419606
200.66705505400284 229.90300755917895
44.976476792736726 20.251786962906333
101.79114529763406 230.07485390034282
39.617523950493364 156.66613109797115
168.67666470452946 91.61550913836422
127.02637089987707 117.527145240256
22.559357110872757 58.234314810414276
155.81597103276616 230.01428562216154
225.2773893089691 22.68573123412415
38.55882223847304 85.26577227933443
82.95507565316868 97.0401908886094
35.211568027538334 0.5826413542676101
204.40266577667754 27.19364463639279
49.628662434756606 52.841492861419454
129.3442728724978 112.94243994161442
57.92458081436935 26.75410183097962
204.844052778947 68.24916677790685
171.72880464302943 216.91505751240976
118.73742465075013 25.745204265532866
7.564171550394932 219.91770450344305
214.383507956543 38.288908059034874
231.17469404192886 49.38552323611306
208.4095371314575 97.17552590190783
77.6332938424496 204.18297015655395
59.76200158249145 51.12640442562758
74.96203745982541 110.10393767614185
228.88085977460884 135.74291448653952
77.12828010955589 70.95467802620831
186.89819303687128 246.73170797813714
231.59703559375882 94.93540998343991
43.012968903793855 93.59297907596428
9.213610196064453 73.28488503745048
124.86018544925196 116.00731996530384
30.485965603696485 8.141296501294637
153.53934824500783 96.79630179917018
120.97717323389779 195.01658236438732
11.400007893282215 143.58669836290227
158.4016610285508 40.40806093977473
87.15104164072049 171.65132653788655
10.528609669772788 240.47431290279874
190.47157367926212 86.27569657653414
100.62440848004564 146.85153188567514
55.97864811000699 249.32003472377488
116.6715915441546 185.03796994456172
131.93561374821167 168.99752843524058
153.2861021159379 158.9723499938677
236.06681400878827 55.30998171793233
48.405444225411514 65.1628591339278
57.611957794735574 198.29277231894613
148.0373183417217 147.244857140264
235.30155372432424 44.15050407244636
244.06676327646878 9.116009133439878
73.11955071087297 192.82719170475707
147.74216452227654 90.5487277132884
128.54035459339397 155.7537864362057
62.04444602127848 182.56352712210366
111.22425469652921 150.6950145279449
98.16122530862107 248.29979432591858
163.23191769339402 77.89456326929631
66.11850532605449 19.330572704770315
66.76163106791566 42.99999130168899
143.76621001836082 206.5876508254068
71.64970236675583 102.60777320399441
21.168527703495116 135.91969331429115
135.22211303594497 48.43939297332181
43.51653390427687 49.59459577810296
82.94277401251598 137.50638656894944
220.267458868279 170.76066407638098
125.53592957202025 110.18514778361538
237.28891873530856 210.11628618309254
5.295510259535174 130.71537690308728
89.18318007796613 197.98876912635941
1.6769348464727163 138.4804991604217
156.46561497382623 191.96371289950787
148.24817691788235 130.08031409363136
29.489901562041844 16.528898680818386
174.42563676632315 193.00337937544285
148.2182712070333 53.13883797454186
73.41086976836334 104.56546873608092
155.10402523626925 85.24430362099511
87.39460048990183 96.70392244370777
102.63044126154486 151.84365552941955
12.307996735885729 241.22977711636895
188.05081523713565 227.52523980369742
65.07391248328973 78.07246920260779
162.95029169034848 245.5565201945009
111.20685426459676 95.2280063644714
213.6572102677011 108.69931122197963
148.28973015189615 113.9324328961688
76.42878134217038 164.53312382425912
103.82781554047601 223.97248791581256
4.112749748969524 80.7252583765018
234.20069359763554 18.33206463567183
29.407527860685317 245.00032765335595
63.369620104870876 35.13479105024753
243.63471162881436 20.789549885415674
45.02631873218224 105.54207991180247
1.0125613423756785 168.0816906425869
136.45135543089398 4.510702194500949
161.0225932905414 88.89810059420478
227.32051949407858 111.0975789522698
227.20598869798224 156.23495544830385
61.85295201168195 221.7064553868373
205.05226777712443 140.901969725001
229.5917949754062 233.96200851875062
64.71147113899985 218.56164463721194
101.43046154301142 92.90216385769607
183.2989697826166 111.55893221148006
84.51575581720205 103.87647208829226
14.868073748915577 233.19761174988122
236.3707409108333 56.44526111821027
129.57422153415968 142.03444460357372
183.5964234773922 168.47528498669277
30.110493743081694 7.874507748607041
229.45457546821333 128.19261540808083
48.62855053919476 195.57867084704046
4.409551699198405 167.812597936482
112.3193414941776 124.93840289880451
135.33727559345886 122.77790265778393
241.68058884960405 243.3547605983306
112.45709816997199 142.09698118243801
10.761544451195565 152.2427618436259
238.64349883896142 49.181877572567174
70.34508883328746 120.33770513038988
245.39557140150984 200.00558533819975
12.51630226015124 103.86398862133089
236.06848141046584 142.68325001981955
166.24973294506614 9.597463846825027
60.7399224438068 70.18925029670739
217.95417868286603 150.0514630534749
131.19332637328262 125.12577488616452
123.99046835448932 82.69215744477954
91.44832433884528 151.20853617997201
155.2782988903962 220.37602717802017
31.347480659928344 95.12318309616593
34.981485477644846 88.19624605091495
194.60121154019825 210.3636150041657
192.77392408693214 232.2806618146602
246.79681008498926 233.82960864799452
109.27123948261209 59.58559048426734
21.318770229611676 103.70451659711061
87.98487313790665 1.1209900004525153
61.1759649210335 154.32499385788057
149.00382931618762 118.69668963669397
222.3543387109398 174.69506888974644
170.04424822645913 49.725502852498934
39.229423322056284 14.45464289308654
224.54212894472752 214.47069630993613
122.61112727891008 6.301987603596043
119.73063706284253 209.51306060066022
2.550760698747656 57.015879374339775
6.2100458716607685 51.22031117853212
24.234485273885497 192.0061536223348
233.149942926976 49.66207529210839
60.23866307870351 224.20069247764343
122.91712326244209 236.64057673177535
47.89131145312833 230.00540124038483
114.6504819915391 152.94726064943222
34.47377669535209 241.18662868047446
241.63292062420106 155.94433484307856
196.0857787545875 172.6811673093132
3.3669253594793003 138.2699684928902
186.30267874734346 187.09858673441929
189.2438450309566 9.739075597521934
117.05846273956396 166.25947275959587
174.08627887405913 52.979154251040825
184.39267944239324 59.68536822647336
189.13238691062202 215.07543579623922
13.455394786983405 92.39835090230558
194.32247977508487 58.33650561521431
227.61498364458294 156.91395849871606
9.700148331801216 38.81443933545089
99.0135399418032 244.5231412185417
55.63975827597814 16.500618173425657
84.3639114934123 109.10468467075363
87.28232723897491 102.65835877165023
133.14147517355926 12.684638213546595
223.00637576185787 142.9498768014496
91.12054219476926 92.91082246145574
164.28901429306148 142.39063194188833
30.600730509930173 142.91061737654033
18.288614661331025 79.12740899764754

161.25199623546214 128.92167261681146
60.47088572213383 100.37142035933083
150.8905599508304 212.93046098514398
8.714099028921368 50.3396279279234
90.24706089842368 240.2163103661393
230.25679494376035 141.78603980853674
118.62043825474808 156.61703677746877
183.06928327285462 20.61309111874965
138.4157571351428 199.30465414015214
249.88506091932112 51.2099877433671
152.30362036459005 246.70655437049123
206.34473324142564 223.5179035769299
230.1810951164944 58.55772819619967
56.12254508991715 8.616876931191175
58.200516970653396 234.55408220702878
14.245128624778197 169.6396397399717
176.5923422707747 33.5930459460792
245.19403924338692 132.74005245692877
226.17989855283497 81.80891369132237
79.53423141451363 142.3743055900219
67.99717626232655 62.009154689248255
199.46476747096185 74.52496924028986
145.16635505740825 19.030369120888402
160.63129983893435 35.42061011539596
149.12136976619678 141.77875627783507
241.68612326297347 2.538410064374247
172.1904518359675 222.86256753630752
8.695281387118586 193.96515309974782
125.68284246991962 102.51294014887802
6.489068020504362 72.6436148267214
154.5342588993321 210.72795989254
243.88268598214987 44.84616348979642
206.45303851454935 180.8541757886606
32.20442638278395 247.47859752478527
83.99902771759187 247.3501444212032
169.9641243955043 30.166158154365576
90.16723971980167 228.75018268960923
182.34132511611912 65.18771135105175
186.80494198561541 139.16962272365714
27.35321821399339 217.3998192075521
218.4554549571946 206.11713772961807
171.65363524249867 25.120820591629204
123.33617551472106 233.81396994727967
55.51163510436652 138.09014580994452
83.54453310684032 117.75090854584025
76.65928794192179 171.3001065641296
30.176017668172296 86.0627873926034
169.51547086057622 3.7885113261831305
139.16914065335888 208.1525790521999
144.78994494373364 248.1635613015744
132.74408554957373 106.91121747041149
83.32415814637758 113.00197848935012
3.1432211759697957 96.93103479777834
26.194783535169464 84.00784391859078
202.43643671716262 60.713997354422176
196.1612817307685 93.27213415275529
241.5933204368648 87.13152851208247
177.41585326792614 131.9706162213627
209.93535087512183 39.740787180048834
171.64536373131446 206.2226200744495
83.81919461501938 121.03734489008436
57.330483751351245 173.94023010850108
131.8346796620962 167.19875698887157
46.84966721002412 232.80026413463216
134.69617901817182 61.25221820807955
47.29371634741283 1.930958559001661
244.38124657272485 139.3508662290528
190.79506352123317 178.15200656764512
22.519336213514567 147.37370310720792
44.74196653446402 220.6253276236547
170.4804704085141 23.15094225530484
50.94565033803841 241.37900846217377
56.40128021164606 169.44278800811537
117.51429751809172 25.639582462133408
204.0424646193718 233.60340034379757
43.27133177743458 18.49038781341855
99.29436118650511 233.91878924125353
41.96338776448594 153.81687701774624
164.10295569327326 94.80404303114915
123.2196972617716 110.22984484599085
26.406075408522746 63.93402942727444
154.3310856787605 229.7059034900071
217.4557497115296 19.90067600401371
37.89105346622665 80.33768743345587
79.65543447795565 92.91070365877052
34.95716615606345 3.5329611573038378
207.10247116205653 28.86725974478899
45.92010353703402 48.43919768540086
134.4791320534337 110.71885721673134
60.73193451981066 26.9338492260352
198.54844632069472 70.55218183426219
170.5946615013342 220.76124559811606
121.4439105596137 29.08324546372179
11.928973133664616 215.8552237469604
209.94800238349083 39.375937277519284
233.3917574877671 49.913518279966844
205.11904075203378 97.18550954245391
71.90942190840255 202.87378766340402
60.674003594072104 48.0864509805628
75.62593911883589 111.50554296414558
227.54516500341933 138.41169070878507
79.0441614032262 64.925334610399
189.4766079974215 249.60509545545088
226.290542245929 97.73574350184988
46.7168005355513 101.01896932906573
17.29555991804424 75.22386099141282
125.6921217039344 124.2315434473251
23.986424996051277 7.489346933949759
149.6462302073129 104.32530231876741
123.49610008830145 200.1775860240207
13.834420617892086 139.90650222913382
161.49702166383165 33.48397026698463
87.40807205821558 165.8584086697109
9.513718537285222 234.25857400507275
192.366213084988 83.4841574066424
106.54845673728141 151.8050685490315
56.43099338715249 246.65049428008612
114.7325057247307 178.2247505201447
133.7956767629406 165.9796405184921
147.8997302761506 154.70954001961144
234.8700550006966 61.724169615201994
47.94951206731182 66.8640142476032
61.97714181088448 194.60353594663732
141.38319160880962 144.1675064678273
238.1716823889238 46.807763303512715
244.94549411895628 4.115365852433523
70.53929848369145 187.51563138355237
151.27757693878695 90.63834891451003
125.73990670898633 158.607653953186
61.929674958477676 179.4259951308276
117.59425899000655 151.28847812660956
95.82829919933731 248.76534936837038
168.67732044141889 82.50687135951873
72.16249332601501 16.471865123308145
69.91776845118841 39.61522119908706
149.14659952896616 207.1869866600531
63.61292494527404 103.8849470544588
13.420774376993572 132.77149652811562
132.53433697818215 54.47303898596953
44.959726205165225 48.87198422604988
84.87649039329126 139.95741348627044
220.4600172278893 178.29352701880083
123.6151780949425 105.4015185562992
240.8087778507467 209.7262355446226
12.808214548879038 134.18933072147286
92.39051617836341 201.21402524948377
1.1983575525859325 137.70162149668747
151.90271406130606 185.3778485344453
153.03801350628106 130.57914473946062
35.94875830992741 17.446456096454373
176.8396747336589 194.03652887181266
154.07961439411645 58.523602462749544
76.14965948598629 108.30787498146918
153.27792998867898 86.54272588511851
83.00392003561858 100.88257916930814
96.27542746585097 152.081025000072
19.286525583358028 241.0321535654371
189.77969086220705 235.8220075436053
68.31088586969278 85.61388039871623
157.66735143053137 246.52923547225475
112.06456582599702 102.03915169315513
220.07720189012133 104.22866688316415
142.60640382562914 117.72793275423362
70.80276648491352 165.6986450473898
101.35225456402405 228.01380187219945
0.9865880440156904 73.97242226932205
235.04625810395183 13.146632736672077
32.754031983664305 239.25336571587377
67.55421163248815 28.390753807318703
247.97625798535896 21.262416630271673
40.54838172651934 103.30101760725513
7.393097632077655 163.88827083371865
139.78038896455683 1.1443677268665464
155.8379400268037 89.62512690645075
230.67437630163823 108.76409982731639
227.3265551689035 157.29410712129877
55.9597462114444 220.61299745990019
211.5155481262559 136.03654683005115
235.5414851339155 228.07254375451922
71.02644666110147 217.75595457371705
102.538641848923 85.0451188970068
184.54090738368313 112.00765189582077
91.01191255964936 99.99999563101878
19.33804743981829 237.5426461782716
235.68086082309458 62.88433516827466
128.6138315959501 148.20590848734554
180.59684430388333 163.01211147655394
27.76852590092152 1.178121234827273
233.50774515280148 130.19422844752359
51.604318875748234 201.89504106438292
10.447884254579709 167.51342322525397
114.763115264542 123.12331768436232
130.78357025850156 126.44218692285064
247.8348345090653 243.58570898218267
111.156305141068 135.49829116840644
5.443790230588746 153.6463770235432
245.43189240756982 46.71206862432425
71.06719462563285 120.21358371416794
243.91059446286826 198.05147981602983
9.266143807749705 102.56323243209123
230.97223786755566 138.20631199075547
162.87363934363364 8.702228636076365
56.073338455370575 65.15601869161323
222.65240016366468 156.39151691953532
135.83292766847873 132.08898520231665
124.98487602672817 83.07682129168839
87.27420916252699 150.46992206950546
155.07674071241274 227.15877593509552
26.46373598739779 92.17143041462892
38.429984660868996 87.05093819547268
200.520809271516 210.85652995066852
198.1124957016463 235.35581748781377
249.9382445131974 235.54314110630602
103.92601835624605 55.17800318815114
23.41270209425722 100.42523788675639
92.47876788793411 7.7425304699524915
62.11343684337262 156.50631169400816
143.24179222389796 114.56466889778277
223.41030624346854 170.6940550599071
172.1728774716798 43.58161926514229
46.044709259713436 16.900336590063127
223.5463782302762 211.26701757136073
127.30726042302443 3.300805187199246
112.46935489877625 211.59522339037122
4.435267126843528 63.70298458825463
1.1528337555186396 47.7581438778287
28.173977882749668 185.71933706119816
232.59839566787562 41.48634410255014
64.0580465983204 230.4385099175647
115.29437608429943 234.4263525135932
49.075846293384714 231.80269588424724
108.32569439591852 152.93949866528513
40.63492455426318 243.56663481018654
242.5643058983866 152.84174070440525
194.4347878932447 177.81993948896036
4.093086857999056 137.49773242119554
184.5237891009587 193.28917734698305
192.92635539815728 10.701537668381778
113.23026172996875 163.31341601298485
175.33879269388692 55.53840918234454
186.00589946584674 61.80791700740348
194.853926049363 220.76273174867197
9.009281440863242 96.96263352302168
192.323469086447 57.23275470762204
232.7350194774355 152.95074353953058
15.686611964482095 33.567386512746296
91.30451803385809 246.52261570434877
57.1992718869162 13.17897241950866
81.13764891619732 115.57272560062054
83.33151243209153 106.14702746754809
127.2758728193844 12.818364326302817
227.04368376973463 144.97555281560733
90.0262639925285 86.97570013823034
164.33040611951202 148.78124016046212
27.188683732228352 141.27366988232197
20.439001256211508 83.42857234329126

143.4
143.4
143.4
600.5
260.3
229.4
114.7
480.4
129.0
114.7
103.2
432.4
154.9
103.2
108.1
34.4
288.2
260.3
72.1
108.1
34.4
77.4
36.0
17.2
17.2
108.1
172.1
600.5
206.5
206.5
17.2
68.8
34.4
25.8
86.0
108.1
77.4
229.4
137.6
86.0
229.4
17.2
206.5
229.4
540.4
51.6
103.2
480.4
86.0
480.4
229.4
103.2
34.4
68.8
540.4
432.4
540.4
154.9
34.4
324.3
216.2
77.4
258.1
8.6
108.1
68.8
86.0
103.2
34.4
86.0
172.1
114.7
108.1
480.4
480.4
143.4
206.5
17.2
17.2
68.8
206.5
103.2
286.8
172.1
216.2
137.6
172.1
258.1
103.2
129.0
432.4
206.5
206.5
324.3
36.0
600.5
51.6
172.1
25.8
34.4
286.8
144.1
17.2
72.1
540.4
137.6
34.4
260.3
144.1
260.3
286.8
51.6
540.4
72.1
34.4
77.4
258.1
34.4
540.4
77.4
154.9
143.4
144.1
154.9
480.4
108.1
206.5
480.4
25.8
68.8
8.6
144.1
137.6
229.4
25.8
51.6
216.2
172.1
108.1
68.8
129.0
172.1
36.0
216.2
324.3
108.1
103.2
129.0
8.6
144.1
25.8
68.8
143.4
143.4
129.0
68.8
206.5
51.6
288.2
36.0
68.8
103.2
103.2
129.0
51.6
17.2
8.6
34.4
68.8
129.0
72.1
480.4
68.8
229.4
229.4
216.2
103.2
216.2
229.4
288.2
154.9
480.4
72.1
25.8
172.1
77.4
540.4
324.3
108.1
480.4
216.2
17.2
68.8
25.8
288.2
86.0
17.2
8.6
129.0
51.6
8.6
34.4
68.8
324.3
286.8
260.3
108.1
72.1
144.1
288.2
288.2
77.4
72.1
17.2
103.2
143.4
51.6
137.6
432.4
288.2
137.6
216.2
114.7
129.0
260.3
86.0
34.4
286.8
216.2
34.4
108.1
143.4
229.4
432.4
86.0
229.4
540.4
229.4
260.3
216.2
540.4
260.3
258.1
108.1
540.4
143.4
154.9
540.4
51.6
51.6
86.0
288.2
51.6
288.2
86.0
68.8

8.6 17.2 36.0 72.1
17.2 34.4 72.1 144.1
25.8 51.6 108.1 216.2
34.4 68.8 144.1 288.2
51.6 103.2 216.2 432.4
68.8 137.6 288.2 576.5
77.4 154.9 324.3 648.5
86.0 172.1 360.3 720.6
103.2 206.5 432.4 864.7
114.7 229.4 480.4 960.8
129.0 258.1 540.4 1080.9
143.4 286.8 600.5 1201.0

2 5 8 11
5 8 11 14
7 10 13 16
10 13 16 19
14 17 20 23
18 21 24 27
19 22 25 28
20 23 26 29
25 19 31 34
27 30 33 36
30 33 36 39
32 35 38 41

