256 3.0 0.0 1000.0 3 160 240 100

215.42344513893858 115.95772843768829
98.26083249189257 199.4666309874578
205.9657264699076 175.44932877104048
131.6148599650175 123.68169607224408
166.81458835076512 59.840357788442184
69.4922547626478 114.30511825339512
130.6924536847095 243.13107760347776
200.27770443705472 201.36999527124485
35.56640405431955 10.065131225674929
76.6888787745114 221.70666700601942
244.40887025766673 209.5444597168025
29.286584143120685 118.9585810805352
38.92842672827998 247.44178628034692
5.336354307863944 224.9705816627477
124.80568032732562 66.24961423936959
3.15884246324985 154.5029110005374
154.07056228572773 69.79783955860255
94.78138648427567 57.25228490744938
10.024564905480094 222.4428758823691
17.98423418064829 149.52714485659084
43.62001149734229 120.481701946034
42.66134973695285 202.05725511983422
193.85008199342005 42.04263034718242
8.427292303016365 103.07767606976608
112.06247554145291 210.90361453516311
102.15429392457723 196.38998734621845
65.03755915295423 249.15800049486037
178.319950171463 149.54521508245244
230.79747753571147 18.333962573833933
216.5724823068261 226.79278465837598
116.63928513066624 193.63183116951578
159.4694155033886 23.113508402038853
192.540394529241 8.068909364034843
51.32938759508968 26.940917134194887
74.1104182591848 134.85042213850386
140.8654721785074 206.10792139358156
198.1047606425969 43.80937009122976
212.69828282586548 189.08625040799836
153.04850945960882 136.9969557716607
221.33728693395977 152.77378104278262
68.62768829865706 201.00863751457362
109.34615096256861 82.16433468248924
248.77299856907783 167.5548866767565
131.83090467582718 53.88750487700922
239.49157928248553 152.3074262389438
200.42551851407288 51.981160932109304
104.17760522403715 147.55970053560156
210.19357728791454 108.48657084151242
0.24760676217236433 243.2463289993552
208.30980592539086 233.52061544908852
201.44421011719447 172.4269099886281
122.08944422593251 26.72257249546717
1.476871790790868 125.82552151124999
229.27709890995527 0.19649749958072782
246.64125066499952 143.52992535076382
153.34017272833603 154.72724816851957
53.689660636207584 235.51700030616843
21.393781526350047 125.50003597041129
127.78812619206461 178.7829956832369
116.42968146861274 178.27056789917154
226.88274456218764 103.91413535413551
227.65658318775698 94.0736065012081
185.14970282382814 47.976561531853065
199.97051941469672 65.64256366915482
58.27767579186399 170.6781162733957
25.163060132606358 148.61999436720768
186.64940160275995 57.42976192089691
205.74594043906382 96.91310598437694
120.15412379258191 42.620747263172106
25.681205189298172 49.807872026390974
140.1123998237825 65.94026089474278
181.7397012672218 25.44587713012525
21.68962238990141 202.4683040231806
193.63904532539888 239.2577585806224
185.12708858708248 37.57623819855161
107.29469654074103 151.89152674416246
91.12310821638933 194.6604935650107
45.71554330112193 23.148385183599295
67.64855785269846 206.48990252053562
36.35532004716899 129.92940984307887
10.378932206706464 192.07865089386405
58.04649692499533 127.32971837388592
161.41467522457538 99.62878558971094
92.79995881202247 36.086254162751935
76.69864638339519 55.61719496795567
71.74799050244313 6.177190422314488
217.88276308419466 187.5583378376368
238.02938555350136 205.5280012998717
60.881240095840724 240.08749544592388
185.392976134455 17.521457098529954
106.07401643178757 230.63282039457437
81.47540845979037 76.70532608770148
174.94597948603592 135.62810366426734
186.8526122213444 154.78875244401752
186.21108946597667 179.6443173612294
64.94696108297121 169.75726049671857
180.51669179961468 216.9118140316725
196.88939292750746 77.29065887779113
153.83937174681017 124.04845955103933
71.42591458238235 24.330808173128688
131.57909054993212 0.7980068258767459
144.74617099299186 16.730752915914525
102.68739390163165 246.36568600897775
78.13057845896404 129.95367260763123
75.00117226396796 77.56930938519483
215.1276093002867 102.56725785597004
45.45441645495426 196.68776926764122
41.00617680214291 75.55341278336408
79.00824765220646 92.50903417384379
8.675234548942035 228.848982505047
72.9985043227929 173.22930827496631
27.02373027311661 135.27358710457148
153.59946329977097 124.98799797983092
182.24032129796007 19.230130636859105
155.43705608086535 132.5538355865733
160.9983428540934 181.4257454995435
141.6690843198929 242.61462940283826
86.65090332723241 135.41384145373365
26.779835603319786 199.20105897690544
8.243008178682814 110.95088769081305
249.17675353314777 190.9997294771225
138.39637383690783 3.5983847810663883
111.02502166064288 95.55216860765034
205.79774808083218 49.68920433371829
73.20380634474105 26.20027573208622
149.10445436850554 243.38657221829155
120.16356870247114 52.541538821146204
175.44540497545387 26.55224842249901
63.91888618540342 62.55083262063044
94.07764224706177 65.96369104327074
226.76086919021313 55.875396718607085
181.93257025905478 191.96363233751032
14.639526877913395 173.4009372146873
93.67966729895124 238.775322692731
203.12886517174996 137.59739160228924
36.52135603175496 12.016454453596475
163.97452356453292 29.095211405724214
48.045258888618406 107.486829794814
211.3977954585517 76.25526968326565
109.40443506751954 0.7395268086646256
82.03510545428908 89.33932294065427
217.86446640986668 78.12959706163672
152.48148734217835 219.45555652049313
216.89790765041818 200.4370046515209
180.9756926765521 241.06851429508728
87.55779344426828 86.65851122197219
215.49806066135483 140.40667573778023
126.21262124814217 34.22564768407385
99.87558457560402 236.1670252564938
203.6229434878196 213.11741948674546
107.55535512530199 13.617277737179883
189.44405985274668 92.65652945683495
175.78357808381838 75.82872809408533
177.05934799828356 205.19761759271452
237.24396283195242 110.07940011789269
1.9535851630771428 209.6328943014575
130.08396515437397 92.9151061906193
143.52519720333845 199.4286759687756
136.91367164364226 25.266102618501733
170.75306222666686 120.80952510459068
222.15397920553167 154.54671957678983
220.00411234064097 13.983566331538523
206.21574691375778 232.08002270397714
94.70981879257617 21.47309926278465
21.493833086914243 244.20869717583952
162.52704402264308 85.05402007586908
99.47238662983601 118.35336103899182
101.07698158430523 39.790081558330776
52.50674471215283 100.09929096635881
186.89969070512663 234.1773240167726
28.162405348585857 208.4710307669831
220.74999344617592 31.169864469523635
44.082346536780086 178.8634509696901
42.14806848006014 52.53028690322825
53.52760893986849 92.39400152305413
198.30535285758302 23.013801979872184
216.95231286237444 2.8817200728097903
125.9061946867945 48.504048028097216
146.38763310047273 110.81282440104309
162.6477942130646 247.81038638001476
93.98483415483541 173.4132236121544
30.800787418169495 117.23538473493522
114.31826806764676 155.22530670639355
5.582831440011815 66.09001022274919
83.06804831789242 199.8774295925698
201.49471711624454 195.51118077135516
220.47894471571036 175.5608299677025
49.26628703099209 85.91022061704578
63.63827258008229 120.13204744678451
49.74319606359898 199.30944864130626
23.014344977038387 108.60104686446404
235.14224630916485 239.48978404473522
147.75200524266484 164.07318241895106
166.75209094499837 113.86340582704658
88.96449587270328 106.12916803024372
82.97933440159247 188.55409953321524
56.79978766306354 90.90557037991087
52.39288808888096 116.59324004335895
153.3841533926065 226.5412806045787
105.4645351491803 174.02981131441
99.59028593840455 2.2037388126084356
7.115503280319207 19.59236525188196
18.24634945668832 185.47300902068582
227.53933448600247 11.677925288574837
236.14904178074465 209.84152481228472
190.21749733916585 61.52151997967167
129.6505821515394 108.84103567811657
55.02220497296773 59.14030561507641
61.45723708863879 107.53843825732571
208.78389553596276 240.1249512975716
134.66298371206892 68.80774182212897
106.36844849875123 190.34252702812807
192.85241222382896 81.75092565389896
164.81789777253584 136.86673139632404
244.34522413853728 159.09792986266115
241.842607772328 13.248927594695758
79.45261427122105 15.55156984912523
185.89614191702773 85.24625317948268
225.70181934527704 39.281127329784695
122.2080138421451 40.37824999980483
17.966838789460454 138.55323866189528
135.76127929413278 220.79466812813158
227.69625132296758 58.207225541164696
189.1085165805346 117.99619604354528
208.2106937763558 152.30259930371577
221.4805253091828 135.87197952520705
245.28205145165916 99.42954318476502
74.88837907488544 159.78504921357344
5.562453653963267 74.6308417452577
143.2505862138748 54.489440818878435
18.665025644732214 10.667011723095559
143.48505809440627 235.2419753033486
104.2160108905881 74.97095217115937
85.42215625919717 191.6412555284236
213.96521394259216 146.56581881138806
97.17450038661948 152.27074354961582
153.42360359065808 228.9241169690496
143.29631403988026 81.25440407729468
21.110293898365605 2.092517486700113
205.95750871384422 124.36391715948028
175.57790981354412 68.82736684846819
104.15651423546599 237.78814426548476
187.9344046513747 96.530208551306
132.72335637629968 99.54354850145411
244.62076956266375 219.29094251009934
235.28192032796213 82.2936354470977
93.9939986261508 84.39076265982337
189.4272287335907 20.209849821124752
32.641638343762295 15.750013345642994
137.0292877150699 176.10120836082143
79.46133927972718 73.19011617358953
83.89926496942363 173.69668403972534
134.14256188870334 249.6714736342291
12.834077378172076 176.97667915247874
19.38732680996927 192.78438191670074
87.6218519735579 103.60703549109057

216.68262950951663 121.12003950369967
96.89663400064997 203.88654548730418
205.34075635026213 180.06974599294065
127.03978775150982 118.21424358646098
165.5717616479734 59.70535475351299
67.87914812336707 121.655787700349
129.53659468900344 243.5364149714585
193.88446105467162 200.55161006117632
36.44634144879305 12.248599152066275
77.00071529128006 220.19833414452546
247.00937533039544 211.27314577997228
28.943287084589375 114.49921095065434
36.52849241563691 246.91682701063345
6.397633477483983 217.35581289687607
131.08707156700544 62.986153387060845
11.032692918736375 155.25365489404172
146.74997730105645 71.12975501389273
95.46549535995163 52.256065610244484
2.527894118241253 226.10854064822556
20.144725150749444 146.0400350776417
48.40893752001774 119.92300653073207
41.66224839980051 203.85325552603624
195.4783424609963 48.61157951896311
10.485140526753423 102.68859569185257
115.00259173462213 206.28520895078208
97.08195046129023 195.27288142189735
71.60526363303867 244.5796075032899
183.8836979340428 147.48375509567967
225.88890676068783 18.894615897049437
211.3735425800951 226.6341638912482
117.47746337038653 190.48770091085254
156.8488052614491 27.849183371310815
198.48057457193596 5.817134299768906
48.14494609091039 21.11146402397626
71.90512096509616 130.20461850148058
145.67163686409276 203.32926309503554
199.79350914368237 43.01972966462636
210.1234416516491 183.85514139997443
148.5733636295586 136.49275331908058
223.58559252674942 149.46850360637865
61.9229496695646 198.65305812746456
115.18201937945722 84.88892555976801
246.90404668122602 171.1790558901865
138.7372276746183 56.91824860996667
240.92604029487492 158.6412181768607
207.4765863299505 53.45156626088499
102.32622829198124 144.63623678653295
213.45589888104706 100.97847586324751
4.38082702702286 243.20020404333397
210.7520822886059 235.12281936227433
202.49907145579616 171.16051642946536
121.13971155126124 22.877441644931217
4.738570891393429 124.95456132880855
232.28562515445293 3.8133452065959306
240.53110526302228 140.27439462709384
156.6508340384044 158.61390704590704
53.120794270212045 229.6510717183287
27.621905082026473 124.80921529226751
132.82871144711766 184.63587573425482
120.74376988055413 173.4842300062105
232.1954998128405 108.22787312377494
224.73793632956202 96.0821029743372
178.0600028669759 43.50811947913075
195.85984442881175 67.89245837475735
60.89318412617373 168.68610610695023
33.603818930877324 148.59400834605378
188.81562151628717 55.11591618934525
212.1004367322139 97.43227916287888
115.4602558358514 42.539102234547485
23.977383333783408 48.23915460739517
138.53959147611695 57.85560056499045
177.99873134667567 30.42628636118952
17.42721227673946 199.86655107062683
191.85121805072777 240.05057161653957
192.53776850175325 34.07816710690626
113.96159275925092 151.96070606490744
86.22894745573213 194.3776552878956
42.34081525241756 22.960742032668126
70.83264345992274 201.1171232777837
31.155764908235266 128.57983803257036
12.123043855585047 191.75783336825663
61.905248399673155 122.18381911342615
157.85537041160583 100.81407932060333
88.27551241008577 31.132881000533104
73.19215535235476 49.6306608653386
70.42637668778221 14.277875211120062
215.79767673575907 180.81764888607535
242.2782966648712 201.45772290122642
60.99464507901056 241.59633389862367
180.5717891031041 20.624187750865136
107.45795255779339 229.30525289492263
78.30292224335034 82.63683126482071
173.94064664219917 139.65981071628852
193.76220665194697 150.21688054928103
190.95405436418673 180.9702400416932
69.86195608001539 168.99095084889217
181.95298006906603 218.05250505451463
200.05573121794325 74.4092923486733
152.5477121047238 131.13474059216975
77.63567761839099 29.043946600518872
127.70853422530251 2.7757075339312207
145.55894625412188 18.517126372589065
102.95318953222332 243.37125400930415
85.16345523909963 129.39894607837192
83.06889704259679 78.15821910201367
218.11415969460097 100.31742192843093
39.600936911708715 201.26282908662873
41.2377119907677 71.36580537152335
71.52344197745741 96.33856843054464
5.925561241284655 221.99887766719402
75.49519773603211 171.50476866721766
24.1269221207491 139.5120320450449
153.389834849171 126.22182536427547
179.9094427346931 21.53412960303369
149.10454139713502 133.3205478526844
161.49206590667842 177.35638445067772
137.33879455523686 243.8819366432197
91.55248627930516 140.69472869025313
28.597981138144352 195.6400182967793
12.275307718701667 106.08968448798245
246.37515324732968 193.08934672183912
136.84285843526862 8.118479654241673
105.17990664251504 92.22516905447547
210.49416352875153 49.126612844779125
70.2632187690298 31.94931310099733
152.2502196259799 246.20378844925241
121.4231914175137 56.17738042923459
171.03893499589532 33.48005683483829
62.59524275804015 64.43705676946807
92.08712219825668 61.06520632377169
223.19184426799555 53.63903964567992
188.41425474730465 193.22779602387055
9.064197572330235 177.4124070187082
98.72129033085005 240.85654806528453
208.23758721852704 131.63899474510933
34.51370020705238 14.08168225087747
158.45737702088462 24.04056507835564
51.42399541300857 107.35453538666714
210.7399092578909 77.17290687321487
117.17845766874984 2.666955238951385
77.54729019203432 92.05461557944786
219.2891152978674 80.68243485176585
156.50842217378062 216.80925955141032
213.38354291476426 205.65139924220122
184.94539721390788 248.01453775784154
88.18321794398484 94.67512124605496
213.14869986254016 141.70132334746143
122.48443105562781 35.78808485770782
102.85472110995688 230.75383402551634
199.85758696346332 208.21785252876052
109.4011822258355 5.527056237505184
191.20715515106508 96.50396642056475
175.36883863298212 72.25487626295558
173.61808107527904 211.27651615889846
239.7721639985999 102.66917928767677
8.77559233459274 205.6472181111937
123.63049246335272 97.07099244995057
138.74154668424475 201.39047815129953
133.55544099520935 19.923622970780457
166.5781770929133 118.73252847888646
216.81623863129684 160.28955838762766
222.23041488071752 11.288042159681822
210.0747533284313 233.92007322460842
98.046516212236 22.644128088080695
23.387010245953604 238.00798402456655
158.21565073811547 85.6019599943433
93.62481952678999 114.52876572973261
94.20166782324699 35.604293067112266
57.95735984233519 105.19969254410464
181.6854219948308 239.02411357582164
27.58564212460432 213.03100524920848
216.86708197128246 25.444623613402634
45.31748439399805 185.0383505946546
35.971070193117654 57.17515718930327
61.737017232836784 90.26148460733988
198.67479354077378 26.533618089023353
217.05623117721353 9.451100012895008
130.48467845667435 53.946490248702936
151.68185555914008 111.78784722430515
170.54980643651905 245.79915645462376
94.70557007911826 175.24382212239098
32.048005549534295 113.73830346443489
110.39738416516842 152.63879035509268
3.241692297764054 70.3509791891945
76.69163660271191 198.4262641751165
196.97272534278818 188.61802719328372
225.35736866994378 181.30094985658357
41.44978150161938 85.03455332490937
65.84083408817104 113.08931479278422
55.1742648575235 202.0374760108982
18.722291428339975 102.84925152881047
229.97673849674766 240.26215303392985
143.28624532232848 165.78461526864456
160.93868359198575 118.04775102426343
84.37654172395439 105.77799051019335
80.22588841746631 186.71512203332367
49.83979391421492 87.62014161025935
51.237158004100365 112.04678550533848
147.45633726423017 230.95520113127043
104.68422786706508 167.04692224840468
105.3698535399688 3.347639750546416
7.040806001778504 26.08936644305393
15.258637569455308 179.21847288927765
224.8278958117618 10.817959338461053
228.0170048803027 210.53512810865482
192.71044626800511 66.85352638035907
131.9406623541538 110.66504302765642
55.04769930185957 60.73154694853536
65.25599535003413 104.44291837166456
212.4921246433929 243.893780181569
139.76687018721523 72.20553756693721
100.90417924884026 185.81724552946966
191.28030668306457 88.57248568235354
164.79376913966436 133.88330921107075
242.80328309110016 163.3493244240666
234.7908137856693 11.503246974528036
80.26333292084581 8.499967311451528
184.0713569205062 83.66344853687701
229.35373722598584 41.27539444143924
121.19063312800368 40.893149400779315
19.224448139273793 142.50142320493987
130.44533312075595 222.53608661704234
228.4923674345597 64.47631604766838
187.6985911784405 110.42950802529778
209.2080473201082 149.95942117909163
224.7723260395826 133.33811281230808
237.13748037236948 97.05150531210244
69.46520692554198 159.5362100668636
2.0386379937883667 70.51306623373829
139.89382010886848 46.7927699293717
14.496563644228576 6.428737955333219
143.59064550081305 237.2111903974397
99.78525596090729 75.17327651664502
91.67617182265455 192.87550296662803
212.97206772865587 150.61411843532338
103.72962371099435 148.85139317888826
151.38503279531997 236.50757547630047
145.68003515685743 74.67570642796686
13.904380561409301 2.616088151630669
199.7168651300681 123.81615920119907
170.74847909821668 62.68891174612026
107.66683117770351 233.523562760593
192.30282070085116 100.37593640305111
127.0794240509146 100.88830288859197
247.5837175721985 218.40544588493094
243.22732299661953 80.83875790762252
91.12000679464045 89.73416508842519
188.93732537473085 15.132432599457651
27.716896225485787 10.855797404622724
131.60337053323835 182.14525928695153
76.64634399136641 69.7354139386305
84.84006002321753 169.43652439694077
127.3935672623227 247.66628572489105
8.299512585549785 171.88000577175828
13.148531591193501 188.83932272593503
87.78757357072844 108.22639994636096

206.5
480.4
206.5
34.4
36.0
137.6
258.1
77.4
600.5
68.8
206.5
34.4
114.7
25.8
216.2
206.5
286.8
432.4
154.9
17.2
286.8
480.4
8.6
34.4
432.4
103.2
600.5
103.2
103.2
154.9
129.0
288.2
34.4
137.6
72.1
72.1
540.4
129.0
144.1
260.3
103.2
72.1
17.2
129.0
258.1
216.2
68.8
17.2
36.0
480.4
216.2
144.1
17.2
34.4
600.5
68.8
34.4
36.0
288.2
172.1
51.6
258.1
540.4
540.4
129.0
108.1
286.8
34.4
51.6
77.4
25.8
17.2
144.1
103.2
258.1
216.2
34.4
144.1
258.1
229.4
86.0
137.6
51.6
154.9
17.2
103.2
36.0
36.0
324.3
154.9
143.4
114.7
286.8
103.2
34.4
51.6
432.4
143.4
25.8
540.4
103.2
17.2
36.0
260.3
600.5
34.4
137.6
540.4
600.5
144.1
216.2
68.8
260.3
103.2
17.2
103.2
480.4
68.8
72.1
216.2
17.2
260.3
108.1
25.8
34.4
260.3
432.4
36.0
8.6
286.8
216.2
17.2
114.7
540.4
600.5
286.8
68.8
68.8
86.0
17.2
77.4
154.9
143.4
432.4
286.8
154.9
51.6
129.0
51.6
258.1
68.8
17.2
17.2
108.1
480.4
36.0
103.2
540.4
137.6
324.3
600.5
258.1
77.4
600.5
229.4
288.2
108.1
324.3
216.2
229.4
206.5
8.6
68.8
36.0
17.2
103.2
216.2
36.0
108.1
258.1
260.3
68.8
17.2
51.6
229.4
154.9
17.2
432.4
154.9
129.0
540.4
77.4
143.4
480.4
143.4
288.2
17.2
154.9
17.2
229.4
258.1
137.6
480.4
114.7
103.2
103.2
51.6
286.8
17.2
143.4
480.4
34.4
216.2
540.4
72.1
86.0
25.8
34.4
51.6
260.3
260.3
172.1
108.1
114.7
51.6
216.2
143.4
129.0
8.6
108.1
108.1
34.4
260.3
129.0
72.1
432.4
480.4
229.4
286.8
108.1
77.4
258.1
68.8
206.5
229.4
8.6
144.1
86.0
68.8
114.7
51.6
114.7
114.7
34.4
25.8
72.1

8.6 17.2 36.0 72.1
17.2 34.4 72.1 144.1
25.8 51.6 108.1 216.2
34.4 68.8 144.1 288.2
51.6 103.2 216.2 432.4
68.8 137.6 288.2 576.5
77.4 154.9 324.3 648.5
86.0 172.1 360.3 720.6
103.2 206.5 432.4 864.7
114.7 229.4 480.4 960.8
129.0 258.1 540.4 1080.9
143.4 286.8 600.5 1201.0

2 5 8 11
5 8 11 14
7 10 13 16
10 13 16 19
14 17 20 23
18 21 24 27
19 22 25 28
20 23 26 29
25 19 31 34
27 30 33 36
30 33 36 39
32 35 38 41

