256 3.0 0.0 1000.0 3 160 240 100

142.6177156559651 225.86226136196888
129.8768174288584 29.647097063888378
121.31159264294244 177.38116964409937
87.50946431372728 245.6794511211727
154.75579377527052 68.15860203717739
96.52124377029986 165.73361779645217
230.7964365152727 237.41554617981626
134.86882982715878 4.894477129700148
26.05220327487004 202.11630397493389
34.1966659142939 123.32084514966404
136.7852639308534 82.14588084900346
25.347486731772896 167.63861512090332
162.80067778566263 205.0831758411869
235.72037683074936 71.36217423563599
172.11829378733904 89.73083626513458
120.6582235451723 137.73769067647788
173.96229940884712 22.598501324018777
39.440936383660144 169.94849279614283
216.250905887293 134.86699923599014
73.19987790104268 109.50351910515663
12.68546031250875 123.24947975066274
127.15418194073568 90.27525465219854
52.959073628625674 24.214400307278005
101.6143823455389 90.6297160957991
115.75374866086352 52.19071907699602
10.068579231624991 34.56747397182572
53.02976925514621 71.4237238980211
107.866918652341 242.10281266294135
95.54233766105857 229.32431693279096
159.3384133222967 32.05047049085241
133.4147235898362 49.7740507577229
74.57712012349826 209.95773721830577
223.45869574335615 76.49707954522772
240.61317863840515 159.2624018434936
246.24646420828947 133.3659930584117
184.34911064443713 246.77943222248038
149.77015202176662 126.75854532069691
7.6049232187390405 182.02792208707288
57.69554857305259 224.30800796689635
115.33271152128374 176.6080664787736
142.29355199381317 80.34860237945787
77.39547129550262 212.1066235543752
166.65713352226837 14.239552320346876
14.046224174751154 170.5897288252869
61.91968485901847 77.61230619416628
193.36383430078993 239.8542563326377
166.80367744233317 26.709252449706455
134.392141689601 217.93675490328314
127.97733920966425 59.250854276772735
231.05243482519555 77.64309199725037
167.26305463257657 20.529981102567458
231.27762174885726 10.297054945200223
150.24465467606393 79.69288122346907
125.12266233652814 97.75268508495779
2.6525475772737894 41.644279086495736
90.63160458159409 197.71319455742076
228.6470437771837 21.728329383014
21.720107048995214 170.14153218514235
23.969012322780536 84.42117563217307
87.28566489594289 55.178144955097764
109.82275812053093 147.410722046244
34.52146675451484 178.2761763482735
76.10936532964999 83.55116837526478
173.51714248515927 134.87154131501575
84.34924188730189 48.37076629239659
111.53822720198325 154.01058369017215
149.39682189657844 129.68378991107147
203.72661141138593 3.977793344245917
152.04787820731298 134.21400313697774
93.14491072435906 242.50875213141347
146.4155051361581 228.37244775516456
88.12414768916376 237.74340098698386
218.48769967557905 5.38536757577332
204.65946823007476 122.69419891651651
87.81139622284125 41.30195109276111
111.48512532791227 167.2970877548201
64.79476480414145 122.79343831758835
127.57984855102103 200.51242805170793
126.50722795858962 228.7644027258405
227.12747520632382 7.133005719891145
63.85174876501651 6.0975304104900765
99.36135198773071 195.65050957781511
46.179668303621526 33.26622128019655
59.69691664376209 229.97821312574956
98.8934772379397 217.39634569016698
133.7247186301686 244.4865079694363
156.84689184324412 244.44013189994754
0.024711309742270204 74.72881314673884
13.811065857714716 40.84081609464926
94.15516413338376 159.81385247579166
28.963547611141284 214.75023346031998
109.52713682388801 201.91623173090653
225.9317565608886 145.1506508294155
88.74343900755541 245.61149812527552
66.62116809318508 226.498495797823
1.1727265321884173 233.02627024871813
206.518401401723 48.85146649044989
48.34858064166506 195.974916281537
87.88212841517151 67.03302705630091
233.05421406228953 108.45034311146537
84.4829291071254 131.01447851423845
46.39940110844615 222.0963718291035
179.77273815081764 10.852183224418999
133.62668928256514 96.14987346042075
131.16528620617552 92.6685559718105
179.59801331577825 248.22275550540078
9.944794195151403 185.61267369661294
68.1806881005663 160.62422659264172
88.55699049965799 112.32570126957134
245.64594692576273 44.30072063044383
67.20705317214836 132.33107574210027
34.40305250107886 249.831773356411
178.42728652388647 12.158067962794588
111.97663428427532 111.31584439215922
49.112831565608026 175.39342036496691
18.870672836578674 81.95471698166685
210.50712407151732 135.2410005138375
120.77901618307297 33.57618554530867
244.9673834690709 199.73862413447256
110.73528819567122 110.81672642353837
224.48922582996553 183.5651985071592
82.44757841258188 191.35267130100186
44.28442087424672 178.51293164751252
196.0271511747577 54.63241378685549
130.45410214265178 233.56973513632335
79.77914814618836 68.81527076083283
244.7987834246889 103.0032648728802
76.48991861489868 38.687991804418175
130.43642544970052 166.3683234019098
9.170603573664144 53.88034443171538
220.7496558341268 94.27457087737892
122.90680242300544 18.83429371664705
43.33407773088266 151.60865943246225
57.023417055721254 238.39274089966136
165.35445769488553 174.80969445949708
43.44182935145263 104.33806452448167
145.96914200485955 19.347411899166612
180.56531887815757 237.04828648443544
7.7714522799791075 19.179004270289845
12.18212292429513 56.23515400513712
90.65101764026359 37.00617223112229
48.09625265812312 227.47336200016176
158.66445380767257 141.01853702794904
180.60843548367194 99.36599835740029
104.3376841981875 172.8770702332833
95.06191713262344 110.50268457401779
54.3730606456988 171.56515595918412
225.31734488801263 110.92886595110623
230.66361932897905 75.4722667861557
79.51646291120937 179.69138245688578
91.61581053878201 81.95848368589523
234.6090162330269 82.06764523327887
235.76834770329572 16.972856300333934
184.94436969774375 224.233061119596
77.09367821251325 111.51962382364732
222.3018939716178 36.31368047666203
164.37386725742684 208.06691457499176
58.86017886028433 245.39593998151284
1.0969495914686933 206.84764376488147
3.9577482798653083 113.66746393253833
5.6274260339226885 42.936823004938645
86.55724606634382 195.40424345370334
25.502628349315575 75.4704866648483
56.171252365839834 71.43237144970729
225.50252248242717 85.3372412144757
115.8544493699421 69.83176218832968
206.9050162716028 15.149545435470008
45.10489040424145 137.02590715501347
156.94045672525564 128.65837800138283
43.56566424487099 203.3803629577529
119.22575332286775 233.7855143828599
198.45009701237888 224.96847820576892
115.61418561125589 225.40270943522378
31.659844395428543 6.196520257069821
58.532308199251396 114.21140128699678
220.73334716171473 174.4379719977773
123.55392010339766 238.47880197807018
117.22759067615057 110.97881331636988
239.96182416395487 75.86980078949213
95.76864304196927 235.21133291503475
179.04836093008464 129.6866040720855
134.70588180193724 66.27177137116544
33.932901388364606 105.88946584334322
114.9230072681298 150.72626725973723
31.25263970488945 232.1629637723966
85.31629687358385 198.45334374545376
145.94725675801368 169.04878663888726
209.1068674933266 77.6792664703325
138.76598403313352 120.088808633421
123.28620100423468 52.259827326490374
190.91994847184526 24.399071798139882
198.43017131940718 74.34805725717855
141.14566314761785 47.56999525424405
9.133661861759235 107.04303050799066
106.94830869307143 220.08276586794682
112.81018803946361 20.037108663765345
86.60783146210716 106.14032183438363
131.14767321982922 104.60776916471379
142.58011911291212 57.872115901543175
171.89103366715818 189.75119871722097
99.0427975430962 14.155754194051545
74.44684977684187 84.57910271103353
58.1060068337835 82.05268210596608
31.19887154967235 200.54967301100766
155.41385767268002 207.79791059926617
159.31845658865117 247.99923050333456
35.3283149644433 196.14145904019986
239.90835144066313 137.24483961297346
197.54302913187442 195.61455777219825
152.39187688277266 169.2088736571688
164.41159486928095 10.303968665349439
187.79522878011053 199.27039410383844
25.165427352192516 192.65455114570085
172.82960314824058 149.51454475059654
134.22073807046712 102.12674529063732
43.763530501886585 195.15528038740928
201.49711178361673 110.33285402919019
230.10080449300634 205.08134188822007
7.635922854887927 191.27330898976913
198.62181466703055 173.90147830040192
127.81312255627805 152.6989483120918
34.93940405920565 211.54393998713743
167.33036453257736 13.832893696736125
13.545591098867854 92.17072649643204
159.19459630783652 171.69984238725783
217.1375955923445 65.16003972260381
70.67661038727688 13.132219675910745
133.43434227696844 41.71530820606353
223.53539952325528 87.35084371405303
174.98422696357636 48.46141747003696
182.30763814316853 152.29862993906417
190.68107837516544 78.6305352257391
239.93776027885434 137.06768464893585
57.64238614767409 239.07988290030588
111.87580106624742 160.38295766828543
134.4818288889074 50.06972004636659
140.12402134430383 39.652392178203684
102.56116605101292 75.43823956394652
108.73461076190493 158.83228778967504
36.86525156603332 16.37959432200023
27.38122342729851 176.9387955715438
91.44696694481291 42.577064520179064
32.564919456152474 95.2028377207472
216.50569651169187 21.233047568754742
236.2992342801811 106.85800133615386
89.49585626407688 43.72141859939821
74.59347462695759 53.13395199134044
182.5638094993663 43.43886968096583
20.606557102529926 232.6126641373939
30.27786414884656 240.45211434700803
130.69034551279776 191.937557679572
67.78681030205804 75.7435814507263
40.619246095887576 161.10997202528486
83.79251651165295 13.187435109483864
22.506524135969514 212.10480059413055
207.2481373853693 167.3847385830961

138.37185013421364 224.29533998629478
131.4590161452873 22.82381568873626
129.1691370216055 177.31220384443768
80.63937625478995 249.6843342938658
147.51957436438815 67.2758770291006
99.49428696768814 164.1373125191
237.81253423567554 240.15940284937153
132.09059242391817 6.671316334406319
22.713277333638814 201.98885939298012
36.614851452595744 123.46354742884927
142.24439580389628 82.69563415633743
30.831398478326417 171.3708716534526
162.6510743417693 210.65431542791615
241.4080116094869 67.11629213657008
169.4796599937681 94.16955802780821
121.55882623046583 138.9776593411068
176.91980257175373 28.314470413330046
39.623512078698155 176.7557391194095
213.43717415276893 141.14824823040874
79.58726135622007 108.54351259074421
14.249337507535376 123.55123835863175
124.71939424389744 90.61041369858452
53.95189225977215 19.803620830733422
95.23507033242234 91.25912876630906
120.83682506311902 48.08027786346614
14.442456648774026 39.773735003842596
56.840476655440256 74.11703894253574
107.98317524103685 235.62929562133627
98.12025699339615 229.35389430861244
157.57947599294306 29.970636840011693
129.0989624059113 48.37570718458487
68.34681787114121 206.1247483331086
221.91075714575572 81.77034759375928
243.03313039626755 154.64088604854334
247.20127698419816 139.79993930811128
180.00988301391968 246.239690613695
151.666276163511 133.76232212843252
12.304475109863821 178.46103145892133
53.34146431232337 219.1657049023434
110.04167264627465 177.01554922958363
141.89346968270084 87.96464785681746
77.72430676566447 211.2840367067082
162.68005955509082 8.084693628719608
7.929019504135104 167.53023902056307
64.43987602758422 75.85685428567135
193.87602778186354 233.32163658633544
160.3940275844157 21.575463759847786
136.5037713015052 223.61870406218907
128.3948897278071 60.08085113530714
232.89215073738845 76.96007518528967
173.94020291826598 23.30356805546313
231.30419349607683 2.9907690464824888
146.80807883588776 77.2915174003381
129.87609531269433 94.77249712167563
8.923067050809058 40.0103362205875
90.72553597745434 194.11984330269487
229.9877819420876 24.64830041477617
23.444187662281735 176.50621298796815
21.00133169828411 89.10232977819705
92.30601355795994 58.43728256272138
112.02609037482277 147.0740966605473
33.83447015460197 172.66191537612107
68.3596540568649 83.63566624599586
177.9434472698133 131.40221269028797
89.17020792569194 41.88630882773644
117.34219456724865 153.79845367734723
147.26576760021894 134.50470810173883
197.33426758241333 9.358286336642236
150.31070909807522 138.72419091592548
95.88124988874533 236.56333597277376
153.8540314697675 231.4537909257961
91.03143890883936 244.34212888495793
211.8682925465831 8.139441462569424
204.25696111761832 121.5911405844709
85.31979529363781 39.81509970841274
103.63418475188871 167.07477116303747
71.67732095505353 123.75416801074272
126.30928872334476 208.16284177419467
120.36317873919563 224.8047205972496
223.16784846828853 0.542380480564042
59.4455413843884 5.182975216842911
98.05667834951187 191.74308437135403
41.29858389118296 36.80828074337372
57.123444417769484 224.243203419436
99.45342159574803 213.94483101952855
138.35153118376272 240.33490342580419
164.9930211604886 246.50597847724103
5.029508951129441 76.11916592134371
18.63502243027529 37.50752943554716
91.64401681717374 163.7447502967646
21.5310998773936 215.2511502721618
106.28275635077064 206.07640910384993
232.14049333263225 148.1790596970319
87.9499575280491 240.680038194297
68.21243824822109 223.35248934179026
8.04814819116914 232.29027720011482
201.2900016139314 46.746971122850866
46.808905322861555 198.11494478753505
89.54181631718411 73.83285199748963
230.93172072597935 102.04185540360861
86.49426759807999 125.44327921217518
40.768065878900416 221.36090599873032
174.76843936499938 16.450901141729286
130.38722968611944 99.29957005333195
131.71504935560358 88.84371049386336
183.81123022141696 241.25788296327943
6.60510654582816 188.51186467408445
64.28089946092175 154.0518083986642
93.69656828020179 117.87239841896391
242.29955559348699 48.792060961539484
64.48383100386846 130.27321684614608
34.328971183427036 244.15410776246557
177.88282835155778 6.056738835187869
111.48458135358148 111.05284986664688
48.121599042148105 174.39186264198335
19.137900855241753 85.17074668018037
211.7147470992984 131.71208305684226
117.82753814751109 31.694921030729574
245.31281879645132 198.22835029194613
105.54229153941303 106.89585419165462
225.9088377907338 179.52325604846317
90.31524017587041 193.18441146284894
43.20683314837459 172.8280567054909
203.6757595648736 55.473546395740755
131.59740578209994 229.8108230105155
80.47345175973291 74.93685401945599
238.72887059093912 99.23470201184415
74.20900571058392 46.44152698424017
129.43129727365067 170.9988503459083
5.412243596084054 60.63571676815266
226.74305641131426 88.29613252263832
128.36664318059834 14.27399019834552
48.35797741010689 146.36860439523258
53.55228982098548 236.13048935006162
165.48197106531543 175.65062925430598
41.546425395752706 98.64658123485839
150.08786542541534 23.371883136288073
180.8948782872846 236.10013941802785
11.915273456796355 12.081716716684344
7.451822266289626 54.48677967935217
85.13898633003403 43.21827974664893
46.42672515268409 230.9201149536489
153.11120357263403 137.82209231792282
177.69156536063835 106.48509404779297
108.42342798523904 172.02987078044885
89.6696795360453 108.67952099535685
59.40571778933104 177.80388856758108
223.18570568498873 109.7889246246826
230.51104040328056 72.76680279836259
86.31527187641127 179.3574339636414
97.1594272823147 79.49846020514056
238.05165717347106 86.85407381905691
237.21881103476014 22.827513280909816
188.7127308822171 220.488256172677
73.41236207944537 117.3130285794263
217.96322742948445 42.03503124363594
158.48620015156226 210.36119857390992
64.10511337103483 249.87855505458666
8.634206658948706 206.74902802399927
9.705090024619112 116.85523464983136
5.854506280096733 45.31918768129575
84.63167531728321 192.84027619226433
27.610994874895322 78.61264462099388
53.19755686976002 68.59076536815728
228.03835775531869 83.18736981853509
116.68394047740097 74.7040891325875
208.41314934493303 15.827692832184493
46.729820392984955 129.35509297875993
161.53461563845298 130.67328353757304
45.4053964846618 207.7356024103511
118.12450484046278 232.85306204126792
201.45963128553285 232.22356869014322
122.16569422815243 220.02838450217712
35.0644440241413 11.870766610497242
66.00792729540936 113.60997756158947
226.75809301706718 169.14630801426142
123.67909332698892 245.39405718431337
112.00064165656889 104.7873756323043
244.5470566343655 73.83835912137558
90.32702761084627 230.06429115579024
174.06275315468903 124.35513146876539
131.23399513789502 67.41159297822027
36.3124161697361 102.03535054640004
110.33429909056211 149.06112731639172
24.56139090793183 235.46801884415373
81.67092192915571 201.79868927571152
148.80490009673343 172.88015223539506
209.11871517981632 77.0039111154276
134.9752802549209 112.85621310165517
123.27500809929454 48.56426659396521
196.93510890117355 24.170340310294886
193.1576805857633 74.77493227064502
145.4879256123522 52.505707671301025
15.892339559216289 108.22867106489237
109.46705670729348 217.5544991633397
121.02774577568054 18.9983849311719
80.88999341548627 103.27889207250912
132.43499368017837 97.08310379773857
137.56021401209335 55.925277779528884
177.01285301084255 189.99625227718147
96.46156735964948 11.425257302365571
71.87844420677128 86.25911984950329
50.701220299676024 78.70185808047394
32.10791712617278 202.47715064887018
150.11914071064783 211.88079595825258
166.6253206078834 248.32234903544088
40.37826262349592 201.6817468706716
241.73619327117387 131.50437638620204
204.54113883607536 193.52773350479217
149.20702585256495 174.6760296763427
164.72343420981508 15.933814594234818
191.4292606626297 195.66650387341215
26.966632117768647 193.51252552723378
178.02831610203464 148.8425732077176
135.2273797566336 97.12291977347384
40.479482150811904 192.94238403355078
195.48767967893716 105.27567225389292
235.64221731605764 203.41099908805126
3.7949988131142365 185.6311056350361
199.75958457266566 175.0307705676293
129.0566205599612 159.8201837254247
36.34017464075581 218.0921190638667
170.19821555635997 20.625768984717936
17.215732151291686 98.41507004736889
166.0523655017224 168.4034477612247
217.4506559993229 65.06689259103929
71.25948784492591 7.138388259724571
136.14384928347692 36.89841310554448
218.86314620158265 83.91965247191003
181.35968549919107 47.41478139467228
178.46061322890728 151.42256018636903
195.2237091357153 75.49165276074604
236.11081461376222 143.18276230781805
64.03756210953091 239.82340036159883
104.79736497150074 161.99343910084713
137.03375007517093 58.031832966678905
142.13972828758423 47.54531278284174
106.79637326539074 76.65775404796696
111.6923352450002 159.01850487581484
38.82048805623201 22.83704116719143
30.249595106431492 174.3128090429788
84.96991787614932 43.76347876413927
33.615574213086724 90.49645779176952
219.5061226309768 18.698153884911388
233.38415373648462 104.24591963040471
96.82248596165299 47.502938974346435
76.0313249917601 60.08753392581864
180.10867274906343 46.482650800787226
20.709872689321063 238.32658193198785
30.58924151677056 246.16828768316597
127.42446281940173 194.8913659080498
74.22536558241421 80.48151420099167
42.52312300425471 161.88415473178225
87.82336356969469 11.029966292740696
25.52401092166945 215.6662081051573
207.47912763456407 163.65936346262623

260.3
540.4
229.4
86.0
51.6
172.1
114.7
68.8
258.1
103.2
34.4
129.0
172.1
480.4
34.4
154.9
25.8
36.0
540.4
17.2
114.7
154.9
72.1
86.0
25.8
216.2
36.0
286.8
286.8
480.4
432.4
286.8
103.2
8.6
17.2
72.1
229.4
206.5
68.8
8.6
144.1
172.1
432.4
172.1
258.1
172.1
480.4
540.4
103.2
72.1
103.2
86.0
77.4
17.2
17.2
103.2
143.4
77.4
206.5
172.1
540.4
137.6
36.0
68.8
206.5
258.1
34.4
25.8
258.1
51.6
86.0
86.0
600.5
103.2
36.0
324.3
129.0
34.4
154.9
129.0
103.2
286.8
216.2
114.7
68.8
260.3
286.8
540.4
51.6
68.8
324.3
129.0
17.2
51.6
114.7
432.4
432.4
216.2
258.1
540.4
260.3
229.4
154.9
137.6
144.1
17.2
17.2
286.8
103.2
25.8
51.6
68.8
600.5
114.7
108.1
68.8
114.7
17.2
229.4
480.4
17.2
154.9
229.4
540.4
216.2
114.7
36.0
288.2
34.4
540.4
103.2
86.0
129.0
144.1
480.4
68.8
540.4
34.4
77.4
172.1
144.1
144.1
129.0
144.1
154.9
51.6
216.2
103.2
432.4
229.4
288.2
34.4
17.2
137.6
34.4
108.1
216.2
72.1
8.6
103.2
36.0
432.4
143.4
25.8
288.2
17.2
324.3
103.2
600.5
68.8
51.6
324.3
229.4
206.5
258.1
17.2
288.2
68.8
34.4
154.9
108.1
103.2
17.2
108.1
86.0
432.4
68.8
103.2
137.6
144.1
154.9
86.0
258.1
17.2
229.4
103.2
172.1
260.3
8.6
34.4
51.6
260.3
8.6
103.2
17.2
34.4
34.4
206.5
34.4
17.2
143.4
68.8
68.8
206.5
324.3
229.4
288.2
34.4
17.2
480.4
8.6
137.6
17.2
103.2
72.1
206.5
103.2
108.1
229.4
108.1
324.3
72.1
108.1
480.4
480.4
288.2
51.6
172.1
480.4
25.8
72.1
143.4
72.1
172.1
154.9
25.8
68.8
51.6
114.7
51.6
286.8
260.3
324.3
17.2
25.8
137.6

8.6 17.2 36.0 72.1
17.2 34.4 72.1 144.1
25.8 51.6 108.1 216.2
34.4 68.8 144.1 288.2
51.6 103.2 216.2 432.4
68.8 137.6 288.2 576.5
77.4 154.9 324.3 648.5
86.0 172.1 360.3 720.6
103.2 206.5 432.4 864.7
114.7 229.4 480.4 960.8
129.0 258.1 540.4 1080.9
143.4 286.8 600.5 1201.0

2 5 8 11
5 8 11 14
7 10 13 16
10 13 16 19
14 17 20 23
18 21 24 27
19 22 25 28
20 23 26 29
25 19 31 34
27 30 33 36
30 33 36 39
32 35 38 41

