256 3.0 0.0 1000.0 3 160 240 100

249.8008014011791 240.9426971771042
182.7954926780179 128.36033089302353
73.791980385617 145.43573906320154
235.05750413365607 194.6892086029298
49.997681106547645 58.4967759057935
133.752519538251 110.46996219030561
107.85523515529277 1.5711201009822873
97.70064565109537 217.9253697460198
103.44737440624893 168.58592969179549
69.00183130443574 95.73688906091202
26.767697638307443 8.209287115395759
75.96039624864842 161.53827407884242
227.430957815607 117.86079790804688
202.3560629044994 213.11430449918262
157.22490557165273 71.32889243318304
80.3236656748729 86.98389633771438
98.85693887933361 235.8121229160072
239.03605642408283 163.24202717514902
148.9160662627635 53.2777985415698
69.35188928598002 240.5745690146744
114.92400667661892 188.02201567984602
90.85723145201172 103.11395890531178
79.9083134688456 220.13510216129265
197.2672852783719 192.54757492467087
131.61899536825112 96.9908892985896
129.2845527016386 49.16939851673305
83.1968176451533 130.15718289256483
207.80193937762922 124.83845386004008
186.08819329149614 235.83888843816612
33.978025588278506 108.95233800487816
109.79059784138076 21.147347878542554
82.02163375191995 36.44152945710388
157.52812790312407 101.15423616079136
18.669190120217284 90.8251579826361
93.59661922001395 24.2885560986649
166.9480248978917 33.37325930304932
204.43842343072342 21.064852286305307
103.9574769969947 47.418383041628346
219.04254453070664 163.8426754026751
54.821694525812006 92.2544357090774
152.8309148721057 53.484255687387545
174.63399617054762 46.292245714575934
97.0978866292318 4.770471307008667
194.26185837833694 139.84750835122676
102.48702442630581 43.824746996832644
136.61526459533337 114.60628077561915
12.522010717062992 88.17662211321623
42.672573977026005 200.8454414344241
50.36357239353281 235.1026398180586
30.785040219719477 44.477983217839885
202.22798039881434 139.62902585270956
218.291011797189 229.75187035567495
77.45776462195897 89.13117434922646
129.35173527836392 236.77940142729022
10.331837163635505 240.59393512870818
157.78840649912667 126.81250339630479
203.24311121251094 164.90578530619004
80.53681619409875 10.09263498037613
173.06925128527683 176.42925203969992
72.37571258418188 51.94142814355224
218.22927033331416 245.71951624079674
229.34484808256008 92.59499293918638
248.91799466066055 94.48551507853128
1.36358398032288 235.9270651225395
245.68344269551758 206.91803256912243
95.68067425474797 123.54277745120699
213.71593525543145 242.5659355508984
188.4947068160279 163.26715842788934
193.4834899081416 104.05609330101758
104.68124722181236 122.30598895403838
235.8266827847671 211.7437325996682
85.2515169599563 96.05732054499782
223.81173429969027 72.5910634026915
105.79643461696966 151.90289853556143
174.73672841544342 207.48492425726263
170.77593661989917 120.52420630183563
193.24704916971052 54.95327842067474
16.730453203608832 72.48642561651256
38.15193875733944 38.034919472835135
241.8069082328187 212.9909603539444
46.82065810775973 180.29351617521124
209.17700040382672 155.9368221242229
107.90318219282032 181.3488896404017
137.7924820205887 182.39359455522478
89.76235200584793 95.42830746544858
191.51413901368684 173.14592648345646
83.0206649906928 53.41289500831942
215.09129153610036 32.256899968839015
114.36834141487545 212.3322321137531
19.187330456597152 99.29721989810442
130.3555330955491 195.24286811047753
148.61891116400906 145.8783867463711
101.50695310983384 201.26997034317563
34.45767905571503 155.30827590517652
8.20661654274163 18.12109028606382
1.1803837249188542 5.776307390379209
57.39936156237738 240.4067163950693
215.22597845779737 208.0495195735151
77.41612038701986 186.21427051000094
156.6211136068197 5.377453684039329
193.84863120707914 50.65089529950975
179.5910060837297 97.67122799328153
182.6792475401617 43.477351195507914
196.5369762785834 157.02817754065126
242.18226761149444 134.08423186288948
99.08782367439927 86.33296849997615
202.15360432895278 204.59633500439872
65.6358029693021 49.98070256002404
50.076817372292666 205.7820995452583
7.78727543896987 112.10937486594507
1.5504397130445269 208.76493137897538
66.6060588665505 76.97138805166628
1.8488116237823926 216.98631157358747
148.76585771443825 70.91776869653377
143.04313825741966 143.0819036079303
177.64046986520643 78.15212811323538
146.14175510142397 66.76396546658736
5.7530453993552 91.55530599295983
178.61701195344503 200.77333639886615
108.08827904890813 159.64258417218673
86.75179087132622 227.8759994196176
182.2085037223218 28.95982413662668
128.28003649520875 111.89074142377758
49.401693913798425 73.93219922691956
1.9741555772642416 112.57821558551761
231.90354015891432 218.80231743382413
81.40978824773931 103.59649923774394
104.14553727656173 130.02994678575425
132.87465012326402 83.19139029810741
61.33081556033054 134.3912831478723
227.64065267651574 103.62832635404426
18.83873019605148 1.0765229543965582
237.37017256431807 232.40760939419943
223.8725612518872 140.28225268939886
184.8582517931565 80.16650215313432
215.94666023072875 102.74373240303655
162.54222519707628 54.71874998408383
122.11736054618105 132.76330746650007
126.46295394019674 106.80073602822296
98.5667322319278 3.477700706161685
233.36716791543301 139.35636263744072
230.44514945704634 243.47806570814723
24.893854074683365 163.6445538231286
68.74809325207171 210.45251626554062
113.74589830626924 119.67138214345202
47.63855325664398 228.13044598529575
59.788304733144784 0.6633246343491217
226.81155010810488 14.591412179724427
19.076041754399224 139.54087456058818
238.87831844418122 234.70910313007934
195.72083800113674 235.06961820325876
193.21606983930272 108.08140496022614
90.76540266281211 156.13605865131666
241.83438173902098 135.5533958704107
83.19146249595997 152.15639936508447
243.18287704097787 239.43178225392626
185.7481940704329 58.1703667749619
131.0459934823276 60.34944659805533
138.32441830649896 139.2880199301272
171.43792812212624 235.71113369201163
139.0353508838151 40.88685973776982
162.68470905124573 18.031995307111913
188.94342044475846 45.48464231780261
96.54255021795218 218.84170558600076
205.33231058978538 84.0262651338408
7.320990818021955 138.06689259253548
43.034832646460494 37.70355079093657
8.104853089411751 212.07529707100218
45.10451870443216 130.54570487545402
186.03759053682907 101.54864369161248
175.7555565573808 26.72857279400892
5.2763851260111405 194.73086326940924
223.63938032346127 128.14377546931215
100.63322170871514 203.85568461139357
77.51523267091042 135.75064664642798
16.423421356950406 40.69297336153247
95.8885573315881 226.01674533418935
58.282655834726555 3.294223374327304
1.3309019864310434 190.39012882114946
16.578647301675687 166.45143651844768
101.13917746868806 188.820389326664
144.9107076051253 76.42293141017662
112.86883806010408 88.3581814383283
64.02445942564705 111.21491849297574
33.222523884990224 100.67504619887563
28.463642358102227 52.86650628851988
158.57354893644828 109.81277628516933
207.81861175910774 130.86550896098979
169.4634810086402 108.62819808810941
79.0981840016444 227.8059260417253
37.043431784106126 248.75897573830386
69.36197564715735 130.11649892220265
202.6139666702405 110.9555689494208
222.64937751472343 202.7276768239263
106.75153022097302 68.850153811531
102.93639495598566 202.05705135732472
216.43125802044358 49.420575666930674
231.05582832803617 248.01809579862672
5.239405445362055 11.882765602854562
173.20673693114696 110.46657051117104
80.47051914730646 242.50979877574198
226.07087833671582 182.59655950687446
136.88616364795715 220.85648031407226
220.75918741308053 168.4748952601673
56.75893021718187 89.17191081888396
106.57681016471443 7.537150982969698
246.98213660304566 56.518199941243715
160.86410956577015 200.39221515713825
217.27398854844208 85.67799394191397
119.65726579134012 242.1746376462305
38.24575399266189 206.11244301582127
191.03569206820657 219.68739512589522
133.7659240678096 46.60907106575524
104.82403524848053 202.2732305667242
19.240413255247002 53.953447983146354
224.11063156010928 176.21218092056637
100.48556633408934 85.66093744633338
8.965244231069258 231.54939532962453
90.66876031295546 104.8900250982851
177.5558697830387 196.52374204159548
164.78154806104357 42.5076888758045
138.1058213376013 151.47551825801048
13.737436000703928 223.3566504120139
175.96402364606936 13.467238148276717
89.25959370156133 75.78340730621908
193.79548826259324 143.01967790026708
78.74819107416484 102.86277172510894
92.94033232350813 212.2420423763433
216.6755116854962 43.24177125280865
92.28208507742616 169.8423784914915
234.33887760325953 168.38748634731562
153.17425957652407 188.53158145264808
148.47773825589113 157.18589924437586
17.787883802445254 94.94706521280222
162.31679394086942 12.88734669378569
82.81331178157863 118.77729918400613
70.19368468871717 240.3074959127152
152.87165368782556 125.46260689321032
190.09823339856283 137.16083468381106
162.4809557080642 72.20708209371168
201.58707240881986 190.84842740075143
149.65329702174407 183.13973988827155
132.789557573057 215.49007336790223
46.293214258124856 83.10295832845466
50.42217752801304 38.980608132101466
50.987016282311224 126.57709846723233
154.70828247705998 179.77423815194325
11.764075080252178 109.26861995377271
47.55836356266127 150.73815274153253
230.37052096253217 19.301403390659527
162.4040625151401 81.52262686305933
137.76836217585517 222.9533486568066
37.50596797947778 73.204156506908
82.96342666653739 159.8521541211341
207.7937714667162 32.60918622344467
236.03578199761407 189.62207276815337

246.94349101599684 238.7741036071785
185.84229967003728 131.846098964924
67.66633968746658 143.616251727224
237.7381055415487 191.45621294359682
48.38593635572189 64.83688224583895
136.0089828681048 116.52770832603152
103.63469993807176 4.539933432190391
104.33129546343945 214.10437842142414
103.15486361952661 174.83267289035896
67.09316305631039 91.69380341756553
29.46256439097386 12.026516486813744
73.99799466741098 167.7433117793888
230.48228577729424 124.52174381484699
194.77843877210634 216.53989821079756
154.25281926486005 70.38247955964877
85.45948353526775 87.5653413438674
101.80658411686106 232.6488657318828
236.95305845561217 164.53457991363234
144.06091660910343 47.21269658333643
67.23363612990413 242.2913493950011
121.3161622648162 184.28435140329702
89.90257731842723 111.29617463017641
72.51698105258144 223.71585392688806
194.05163593724834 187.9747518841502
129.5062356046307 99.70967057029189
137.17250241276255 50.22442513584538
88.31097032972765 127.058495679507
208.96220890997031 122.63517656187031
194.2218200885291 236.8985217522786
39.415233267568354 111.37544880443234
110.21306883778468 14.137209849020532
77.0627475920384 32.29014998019403
157.03839915134094 100.14328967994892
11.675144310388742 93.64015038857521
98.17349994462043 19.954568109145086
161.64960960471183 37.21922728085406
204.8029035306817 15.245540993675256
97.99422617009509 41.93214866542466
217.85178590820666 160.24013162438445
54.26735013892206 94.44830533857117
152.60347727966234 51.606515698771226
174.90033500924767 54.69682488249333
99.12784995809528 12.38576528323862
188.34910171549024 138.7934626786334
94.1162492260692 43.320759389930906
136.58132387029036 115.4142943695305
9.997605117086666 89.12050068125873
37.41912452383209 204.43793667891208
50.917764637081504 239.6275942211839
24.905087663480955 39.39289946053176
201.85266840707686 140.4877871465578
218.68420325840142 232.4965053429159
75.68514849838195 82.3478191570815
123.12376260253394 237.32641883164425
16.500980305681644 238.62300251471828
152.33467008942745 120.58586458851936
210.12494716186492 167.14112108153236
81.99806836168442 1.945252245860285
172.6060768908564 182.1842811815323
67.35563939101758 47.01881287848261
223.0179219964856 241.8491623581276
225.0206393871859 98.00478348085623
246.3290877739954 100.93699753723037
2.594204581694237 228.52111679518057
247.01372042720922 203.24081060912462
98.74239622438824 119.68795968436649
217.05795088025448 243.6299066173851
196.04166289290364 162.4199413242129
190.8297044894999 99.822375953184
107.94031071358795 129.31195659255593
235.69508895961434 205.74503240059292
78.830006076858 96.81091983100349
223.0530386699466 68.24153952971557
113.72143379919295 150.45187967433776
168.67066878698253 205.53398516803355
165.34058770658007 119.0085143903361
195.12531119034577 57.90881980448703
19.46799980483671 79.72066637482236
39.15548040648681 30.35276522315017
244.797014333878 206.4137739519034
45.04621759289365 188.08907006328303
207.56240527828461 161.60722695493135
115.00822345819702 178.64716152489405
133.9593453210497 179.84315912429156
95.89761770920371 101.19752933478473
193.72050733016832 166.68978513044422
87.15798194573871 55.01387664308671
212.0348162954698 30.81984352587294
111.6549267741156 212.31436132031175
26.762534977582934 96.63968527705805
134.79917422430577 192.74744864864095
147.0047990327755 139.48068423276283
97.80531933168533 202.70540905132904
39.43520045147578 153.90908226061973
3.9346334679462025 24.432654275589854
1.7348064883190295 2.1638081607016355
59.787101139954586 237.2447308595597
215.03512782582996 203.9818314332514
85.54781839427115 187.67442302954348
162.84969791512952 4.96537527424884
193.06041453225714 46.64254169241089
182.65302505547817 99.12949448178826
182.12227583763024 35.17289321740277
190.78955574605897 158.86838961273577
242.70309317960468 135.81418406536247
91.90475318194191 84.1322376664008
208.49151151953137 204.28885036307886
60.48245774547148 48.15979432951803
50.199614040408626 208.38160618191017
7.179718915137245 112.68616322728664
0.46981698385831216 215.4666322328122
60.04572136301578 77.90085652411751
7.411026452849939 217.38539121756824
146.9041622746783 74.5596691757252
139.15056823773784 145.91503759649004
169.71672678251196 80.1984070226566
150.92773706411327 59.98668499329529
3.058212840016866 83.88123585914603
185.51548618121382 196.89148348429623
115.59544839039413 161.38470743842888
84.6898581926297 219.83171369016293
187.32476280581216 22.56094271599493
127.0222274741172 114.10860629549097
49.26511891577107 69.75596967133573
9.213450446271448 109.33393853489798
230.59799938644622 213.54920854530945
83.04065654831935 102.45772238247974
107.04516659122457 134.2347602471014
133.227441524296 83.7688395262457
61.20899641494809 127.70064254577204
227.56527302963647 103.72048972466958
11.98599637119177 2.2114852757916803
236.59704125762366 234.51102424816295
219.52985006589543 143.041982519661
186.40500988185104 72.01090611266665
207.56943716246354 102.17182822048099
158.81549371125726 58.20093837837687
122.66223562349285 129.00158731210885
131.3462478589744 110.1295779473651
98.86047237852134 0.637524827133279
226.0214617396398 143.38652187935432
235.10512738214553 244.28894456378302
25.603112707694027 163.0136187265278
61.532608445108025 208.69465492798324
122.15635656151686 119.99377519637736
52.3176943750919 230.09157423054273
60.20653553680669 4.7765930027170995
218.9555662572684 13.664040043312175
20.667461275728854 143.63915546653743
240.1482693598167 242.0373749921463
197.55170582034214 242.28428138393645
199.37723983373579 111.28235815197345
97.15214765417498 156.22337939612976
244.3764171517101 127.90133798429315
84.17452299228553 146.30411135039748
239.62838889611572 241.74880513828407
190.322570342132 52.62381073966435
127.8059493914854 63.22637189186345
134.52756137756998 140.31904374169815
174.40782484487983 241.8407990154038
144.61744192632995 44.702671955913765
158.97571037265644 24.44052167633001
188.5665932005045 50.219461293873586
96.40948717234241 227.14714464154886
206.68530226345263 77.07565769331353
6.853649806326772 135.2744700846666
45.25671791242419 38.19901759684602
0.2535145023586649 210.38122267786062
47.3607651559905 124.08384783677815
190.85146097084206 96.29697242025237
174.86130500110215 33.42187337521177
5.174734295291944 201.597328205443
223.943823419411 127.5603851675994
92.7659471975886 203.89343516357553
79.55563062295865 135.374382012551
21.737317025636028 37.99145996870926
90.59057497386455 227.97050422721503
55.467716401670614 4.613771080757834
6.835201322508588 187.4377107054632
23.446927158438573 162.50289309111258
104.86138751717975 189.23828989496192
140.3623752655174 79.88783747356904
115.60954155197977 95.96559273468318
59.959658283708364 106.53304215437198
29.33178222159416 96.17919934771324
27.6378939693982 44.799778611563674
152.50645040869176 109.89115693315004
206.20051734756797 139.12918663142517
164.93114393729272 115.01993402371535
85.11652505903594 229.90956647847472
45.327573250620226 247.1811544555241
76.48641441144815 127.65398845602304
194.93372821087996 107.88370764753085
224.6112742573005 209.00567054583055
105.23349537556659 72.47940441344439
102.34052660629922 195.05719237544454
216.27920785660197 47.37892425535439
237.07934167172627 248.82721335789472
6.404047416660285 18.685165020510127
175.26612871617255 116.83665624598139
84.031581175397 241.63340637492513
225.09477253131533 177.05538221993115
137.3498926606181 225.75528990854056
216.76959046358914 172.6514778366823
58.221851918400844 85.69662498449601
114.31515145931348 10.512843679261364
244.02376424484675 58.77133614014207
153.51639722452305 204.02294892833524
220.08139599827112 82.29325799598347
126.88971710177391 245.6034620072467
33.22690190752004 200.55426964391407
187.512023061941 224.98444204733937
137.0570592178572 40.870087405497635
99.65491092723067 204.94905389774962
17.28527363357099 49.32723459779489
218.38915785204912 176.66390983545753
104.30337345585008 88.06499469634399
7.695742120890442 238.35947127068903
97.13802686535153 109.98050761262625
181.9876965890992 198.65725222281455
164.8313414971675 35.9784631420699
133.7484151718756 156.4764971401979
14.651158939936126 229.8221341336052
175.1061455307628 5.387601708230994
83.8198720346773 78.21212129967361
194.21611000766788 150.83347088496814
77.40605211902272 97.80581943173594
95.0281444270123 212.82229111440964
218.03992874647784 41.36981715417826
91.204423949268 174.9319860521712
240.4349610911072 172.40342857645572
152.51681830590798 194.71155512030327
144.52513544882635 159.0270382670339
21.024635369108925 101.36657648230671
155.7386150993794 14.714019357252806
85.8011707381916 118.48448970324321
70.04024354002763 235.85752545587755
156.21011628072904 121.7420054377408
195.17861532095918 130.473097186986
167.5610039273627 70.16495335073014
202.1585534921567 191.4632765600533
147.6730978511751 181.78005146353635
135.03379061441802 215.4996285508954
44.693371306951526 81.45585510452722
57.74435090263541 35.10644281560535
47.2964518094682 126.94342094754258
148.79742606476336 178.89915959549205
9.582306015543496 116.1773381877089
51.73938395288835 143.7460071886361
237.32187147895738 18.336469276450078
170.27960183836848 79.60438326161359
143.04142648836762 221.10991156506023
35.266030233197355 73.91253324535857
76.9916001215056 161.17139048058357
203.6518275410204 35.71319018070363
239.27460483900126 188.6061646491638

36.0
34.4
480.4
129.0
137.6
206.5
17.2
51.6
68.8
34.4
103.2
324.3
137.6
143.4
154.9
143.4
34.4
68.8
229.4
68.8
51.6
17.2
432.4
258.1
206.5
229.4
34.4
143.4
86.0
36.0
103.2
432.4
480.4
137.6
137.6
540.4
36.0
260.3
8.6
258.1
288.2
25.8
137.6
229.4
600.5
432.4
172.1
108.1
129.0
8.6
144.1
480.4
68.8
258.1
206.5
17.2
172.1
36.0
540.4
51.6
51.6
103.2
77.4
540.4
137.6
229.4
229.4
288.2
103.2
34.4
103.2
258.1
432.4
103.2
108.1
480.4
103.2
86.0
108.1
206.5
72.1
143.4
288.2
17.2
206.5
216.2
129.0
68.8
108.1
258.1
206.5
114.7
86.0
129.0
288.2
286.8
229.4
108.1
103.2
143.4
17.2
540.4
143.4
68.8
72.1
36.0
72.1
540.4
86.0
172.1
229.4
144.1
36.0
143.4
51.6
480.4
34.4
34.4
172.1
34.4
51.6
600.5
34.4
129.0
34.4
86.0
51.6
34.4
86.0
51.6
108.1
258.1
51.6
34.4
432.4
286.8
25.8
324.3
17.2
172.1
68.8
288.2
51.6
103.2
229.4
540.4
103.2
229.4
17.2
25.8
144.1
258.1
68.8
154.9
68.8
17.2
260.3
480.4
34.4
114.7
540.4
216.2
68.8
432.4
25.8
540.4
137.6
216.2
34.4
77.4
68.8
8.6
72.1
288.2
108.1
288.2
51.6
108.1
600.5
34.4
143.4
51.6
51.6
143.4
17.2
17.2
25.8
51.6
129.0
172.1
17.2
216.2
432.4
172.1
154.9
143.4
103.2
324.3
143.4
600.5
72.1
258.1
108.1
86.0
51.6
86.0
103.2
129.0
108.1
216.2
172.1
17.2
129.0
34.4
17.2
108.1
34.4
86.0
108.1
260.3
154.9
432.4
34.4
34.4
540.4
137.6
432.4
34.4
51.6
17.2
77.4
206.5
144.1
540.4
114.7
480.4
8.6
154.9
206.5
86.0
17.2
480.4
258.1
324.3
68.8
36.0
103.2
137.6
34.4
68.8
36.0
108.1
600.5
540.4
51.6
260.3

8.6 17.2 36.0 72.1
17.2 34.4 72.1 144.1
25.8 51.6 108.1 216.2
34.4 68.8 144.1 288.2
51.6 103.2 216.2 432.4
68.8 137.6 288.2 576.5
77.4 154.9 324.3 648.5
86.0 172.1 360.3 720.6
103.2 206.5 432.4 864.7
114.7 229.4 480.4 960.8
129.0 258.1 540.4 1080.9
143.4 286.8 600.5 1201.0

2 5 8 11
5 8 11 14
7 10 13 16
10 13 16 19
14 17 20 23
18 21 24 27
19 22 25 28
20 23 26 29
25 19 31 34
27 30 33 36
30 33 36 39
32 35 38 41

