256 3.0 0.0 1000.0 3 160 240 100

129.5348121327546 129.68170498082634
111.93117621623536 19.20281396012563
47.93725562791426 102.19638694330291
46.86584542303862 17.944317549591528
18.96586408637016 143.31501802793093
66.06500614555169 59.3186129028383
191.08630739303044 201.12513798652577
43.90891426217927 203.8662844260901
248.56528568554592 149.66285231260125
185.3903596588645 76.55952442931807
150.75465327158582 126.43111004082374
208.80986081634668 141.00416033018303
95.4089785847818 243.21007313748737
80.56175143736752 92.19959708189448
55.514130835382204 29.382945817857888
104.78672467805131 119.22288918492518
79.32702188333451 134.39198367995292
229.23876665937686 118.26669757419478
95.22183982539781 225.4070982148411
87.85103989226656 199.94854929968878
172.68543716557465 63.59467707284128
166.5465378828999 216.9654914841124
201.6735724564272 143.80717383344754
211.3076570791537 33.38492456117473
98.1282657044676 91.85578287413213
7.371766621136533 26.0307497770593
228.3848682177833 95.61252019999525
182.52496534507904 34.419767715113515
186.2706930396749 16.27776177934584
54.02146111488235 126.84462758915765
109.41084200052376 148.06535060333482
215.98878604334456 53.581848299561166
82.43731129121204 229.84306972639382
9.029655406502968 50.81018193082984
130.58878872419632 158.63309700186005
116.79541153190195 49.70631130486275
17.680207435624872 211.221185142609
167.5748109391964 122.88724415579641
247.09646765145672 150.8937345832256
209.38784397852436 104.59180332934149
148.0142831491423 43.8867495907102
91.78954049792554 86.3302776431201
150.35413384130047 210.35395822157597
75.80512528065798 183.96028698915657
16.422647855125593 153.2272699350833
90.15068974559767 53.084878285445114
15.63906478159993 23.398514844576447
133.84549246409256 29.90084897384568
171.51269290089232 72.67365662774084
104.64290782010666 75.65316956996632
107.48836931826567 104.09609522449279
48.728636489428936 233.0463292802504
36.97968048538705 181.4606031644576
75.94909849117523 24.544602188289993
144.77399714178526 243.12981638844386
114.44564770963109 58.59077493577608
30.545172083076388 178.69060583435797
99.06345731315072 39.10154366222465
12.766935282184255 102.34760774938337
165.19368545346907 74.29232395929516
11.038222571034401 51.59117432048643
127.15133594036898 238.78877030306464
143.39105801251586 176.27622157061646
190.52953760425177 163.4874623152307
224.22665426467708 85.6909299331302
79.44527369096699 136.8719673600375
150.5321134686495 166.92371757873207
129.19128813150704 143.2139790223102
167.84877671253355 161.59733251332028
194.25919494052548 151.01603507937074
29.725187054157608 68.70856809898682
82.85061928693621 26.473979038680735
55.19004185853399 137.76908200846512
217.48105061581126 180.85860771432604
63.60481088956371 242.34453376171535
237.48812650207336 1.534286797537504
133.1562745314399 227.8417331818437
158.416450797475 112.26597467205515
160.36357844612436 190.66594435991172
149.27460507248554 35.66446912079185
208.24093057075183 15.221191767922026
129.7000270055702 52.03326329305041
188.09512201982085 164.5343135685603
8.858649276654084 236.14633493032846
164.37022265837112 42.759907307255986
128.4283675898789 146.5401649301482
152.74054342999287 81.60420280762257
193.57472898422105 67.96150447063421
124.21494684646444 10.574105352829156
153.39173770303807 125.22377108099042
8.010206166907729 34.31598014641305
63.38110628273827 43.19919180438142
28.29356866864735 71.09571294215384
142.44831981471498 210.0351238386154
22.8667703124254 224.10350142209825
189.50693954280354 118.77220195862839
249.14146150949983 11.057382065831096
195.92922019641958 4.220220907719257
14.508280188953421 136.537510349465
28.245497762002746 19.136135824293326
115.00900046415275 107.77397825963789
207.82420360591482 58.446109151351706
86.8166348244288 112.01775130312156
160.1891149771769 74.89675225699513
86.88288765249818 130.44649866095307
85.69118236333631 62.235748133257886
100.74860057162901 1.8362451932946444
35.077296666602805 166.56215436519238
216.8332382837174 91.34599872085292
176.78715407696478 89.7428422202983
127.5332913463976 97.97414633919568
117.56595324272972 60.34871258740418
94.67860036660694 158.22045783342924
87.56160283549164 183.51117654078098
225.08772006438966 225.82049453550138
79.21310144255098 147.59529425579626
26.634288836038024 52.732613777469545
68.64245420952179 93.2634940793043
168.42888663200148 220.42303765201274
157.65020761950285 101.49013330579047
7.316334696502641 221.01213594151912
65.54426867692013 163.69079295464707
45.101725907786104 90.31839141954886
21.85287721516749 82.11951487295563
72.73454517228222 69.30450947321972
215.77608223345175 192.05894114581864
196.7276923369579 87.86172764816979
9.357915488890756 188.42803943762686
27.98889345037059 136.86023179445277
110.05225690989315 117.2834932633462
239.47343841618053 4.849451770564367
222.69592480740545 59.804257640989675
84.49012493859526 191.25656305682546
61.07815680194084 204.54675116035435
143.6529820756921 175.4684821155039
178.17666195787385 249.08470841687773
191.2931012565352 219.6913688228004
192.18873466479317 56.962666718579634
109.78893514839314 163.4789677864148
221.9191375127292 83.4454789255011
152.8745859989233 149.5714620867802
101.83670027954663 157.59500200652653
212.2972869392873 224.01031727531642
204.9253318946336 249.98510820697885
75.9128693460386 38.3991461378671
205.05416321412517 54.63305360104825
38.602263247402874 111.24344636016306
109.09324704052253 72.8391637902146
53.72580586963449 129.04581953751998
66.30752083614058 24.591294262591685
43.1731279584083 62.256661994542384
51.90576183867906 178.38953190555188
182.71494673337983 227.47014472918912
192.06558676148876 224.49967262722532
6.598692675971463 178.9441180552146
56.95289972078943 20.581831367453535
168.63619237866916 25.871631450659237
154.6744201598215 237.4133749105915
195.6968840389492 60.331531720998946
182.98713089357068 36.62042223813691
0.1636163243548816 189.85942774771058
111.13900163662616 118.9077546571715
79.44379111182354 174.34339477968635
42.596097825617626 204.67220440986188
99.23177023246407 136.09616045952777
163.94672444400751 60.13891483532216
227.71351998740235 184.8740608830661
22.823536086968826 209.6778415907053
99.71955894956622 20.683915421036538
135.61851776690284 27.88344868206452
79.01258785124516 77.82881920686485
112.94054134727888 197.55958475744012
33.24473134677455 135.63660957587982
33.17217439060238 12.953212706064004
117.17827969720895 215.91404843438744
195.15925445470444 209.3946085452675
40.950029738719415 129.71390368701162
20.39764014924203 91.89968935723586
157.89568842986577 130.19681195296852
154.12830858771483 244.31226385217306
135.91829830152133 37.87519176574955
88.32443049494704 33.51941286155494
181.06866484860083 109.96261109311153
220.6556144334411 116.28811204047403
67.3777930144995 174.21313883449434
135.75898903585073 160.07775984532577
114.62297207410121 14.86080971657061
119.15931235455768 223.84787932718856
83.88034652051749 47.679791598667144
147.34301064420296 103.98926748330115
27.42963794183223 93.87617982097157
45.8176019556216 6.927955123775642
32.877702546795646 193.23508016815788
190.4000029151951 247.44925865383084
46.65327324037416 175.79249122132933
46.60286683655121 9.504715606444087
144.17306618429842 127.71775404729588
21.481281866707363 158.28677187826224
180.12256700177377 189.47196820153482
104.06634373300932 214.02356046587775
236.84677977954127 79.75793812016285
210.89920423270203 32.055746229101814
174.67049417912872 77.30877345081291
176.1981193797168 188.51254326028098
6.883378401165485 243.0200445907529
245.81814962365388 24.75334594243711
206.0607504487419 156.83021740547633
95.33801870817624 116.75915897887293
233.6342132994114 73.24247444702466
237.7843210874373 148.15486077962345
215.4251788437841 40.028640869014446
49.31316435728294 229.73564306619807
191.249525170611 226.6879544397018
175.5956266646134 109.68262679943322
44.00231599270191 63.22920158423304
111.92686383297385 228.6873967488588
249.73009036227177 97.7084601279066
6.146185318591069 111.53171741065759
133.04577005507244 150.88627352713527
207.0446744032254 169.82837162307192
159.0783339062008 72.39247804777713
13.000668793759884 53.895282761057814
44.55148963675492 182.9447233100035
6.3977251369146675 227.66902835214626
235.86830666350946 8.275836117050655
192.68056448070442 69.52880333777073
123.52325725054261 36.017581238692756
95.43931520116791 9.116804309242498
15.353837216652732 78.5701565122267
101.06927257992434 232.0846588904663
209.16304033849778 236.91653776262135
104.60335440824203 77.24893356642079
105.22628235337095 21.40457170966223
132.4344949507968 146.97418814746348
52.06037347644784 105.11730708187223
124.84816140274995 238.64002499292292
220.65255368646726 166.58306386909538
247.346157409627 71.28054760559024
34.6127519299905 48.60072860301573
34.7376549516524 62.980192752038754
134.32618912486723 198.44834687749417
220.79260353718166 124.40007137553827
203.9772455956557 42.657389741584225
28.02673232940636 158.2622371313273
194.99472712695646 149.27471911143894
169.20217229077258 150.71592161005543
139.6874657072586 213.78213314368662
82.76460646013312 214.84635164225577
81.25557335132471 216.24033397464865
125.88920875388365 121.48897869580492
189.83266926246077 202.2170971413599
67.02077668606512 116.18778424774499
233.6545332099369 90.64195196698415
40.49881014277845 40.17204712449177
109.45540891553496 211.57600700018068
0.005975860358498064 145.80961026969217

126.45955417663716 122.18380591364334
107.89352054359544 12.442584925044075
50.85993440652792 100.86796879704657
50.32426547690355 23.189806365307597
21.731251370177063 141.4043884322916
65.1989560391798 66.16654480865688
189.44089112609902 198.26779629800643
51.76704898045664 203.70340621510624
243.10195877355716 147.58068100897987
185.92547136684868 75.06273841876975
155.91921439044887 124.43165886522323
207.1958693462264 140.88153086483086
98.38353205286582 248.22658887236204
74.81313485888211 95.85614365370562
49.807837313460055 27.539976575924413
109.01330556433774 113.80319740131768
77.21477410543073 129.85119225652755
224.75079373031755 119.58522180571693
98.38392807421525 224.33959203746866
86.96087914699885 194.3281236657467
180.84412019947163 61.782214200250316
158.40218076710192 215.34739098875525
204.94156176407992 138.2238662978007
209.55445941663137 29.78807846652262
96.5234427900242 99.65397304750681
3.5156780432782364 31.61814551088729
220.3156370878852 93.25964812203283
185.47744365265797 41.4834221629673
182.19146622724026 16.95868273201484
55.11005034247465 118.59981664091131
111.34122197215329 152.9162845256388
211.9019579235646 58.50173655027585
84.84057571030365 227.81267232576909
15.121923801657665 51.51231462215578
133.3473446291843 150.92321528786704
124.22597882341293 48.09795540665085
20.239910048511415 209.5460453615366
159.98347312003582 123.33962171272364
242.87821633481624 148.37802979851955
215.7248569197871 102.17863278832407
149.482519696556 43.66223539590161
95.00222661380886 90.46701638619383
147.1469016420944 215.5981300732225
75.69468573570298 176.37713013611
18.63797701084727 152.7590713301022
90.08401193432108 57.892663419399554
16.685385639331642 30.104165015788496
139.26584564097615 27.947325110008247
163.98104945878018 70.34804444759193
99.3942495541753 76.97416044588365
110.95408360048908 101.08966958842296
48.09271366907983 228.50737177481528
31.19973898619041 183.91713912238887
77.21790878134904 25.65439963890842
143.3950595085803 245.31397665638988
108.58971993944483 56.88864195126028
30.42066936640875 177.5209279723337
94.07433915850386 37.66565853823794
15.850230442404495 108.61034697290958
161.54439800633284 67.09745583749408
13.965701317376178 58.961658371865674
120.85420313843703 234.75769596181703
139.6925223044845 173.70411400811182
195.07866836259177 165.34888729694777
219.54040984820054 86.99891675616456
74.20970950972855 138.94733271109698
147.020728113154 169.2676943308096
128.4941509388805 145.17653227186008
164.45617536440483 159.41561506327994
185.95907273888645 149.807790681708
35.779285156013 70.23460958543889
85.25031120308319 28.754314732847924
52.940853900581395 133.12052588318141
217.94348449225623 179.6664149107493
59.3302638029071 248.4061394972922
243.39244728733505 6.137658401519447
129.9200897729842 226.12595899420754
153.00592774448162 108.26034888404443
163.56181887398637 196.2910410094662
147.20159419774438 40.09074490347034
201.35530821925494 17.972940636182212
122.70546316426478 54.03942158406807
189.86395453251953 165.97655219884342
6.775338380870827 230.87481300076203
165.39011459843795 35.864592279529376
126.30859182485379 151.9585629601554
157.9500558330983 77.61931656148698
196.70911527259463 63.00249520804019
119.45691099967587 7.8169248381337315
160.29710219954862 129.6861017151751
12.275283581150237 40.34485427119386
55.91134550309388 42.76041595691238
36.54904819720986 71.9774621220527
143.36217983543096 215.28152542345552
23.89610127110245 219.78369274547728
190.24111052219186 111.46265837154665
245.66316198650685 13.112132586480808
200.3587254087274 8.674612868483116
14.536678161329863 129.64038488873456
33.8138094088265 20.6352353703764
120.91884820452364 105.61021373233275
203.34583660962068 56.929261833371434
93.9900513632537 108.64642274158851
165.6153621043824 73.6067235951975
93.09347745995747 127.50882587111693
84.64562201986425 56.41019004857048
106.21636547381566 7.125360062336855
33.88661655186301 159.7795304152737
215.65583575145192 90.02339567061519
183.0957046477112 90.2927650162286
120.75648621039318 102.81306202353969
112.83648218680386 66.6435779264167
87.84226038682085 161.08317515140448
80.96716855647884 181.24837227174004
222.71505579663943 232.69146827146102
75.0635047490471 143.00412892932107
22.58111992957884 54.47913839530638
75.12869534996227 92.42050250618489
168.0095113146524 221.3433505824527
150.001399714856 103.95999611973805
0.5849614723595908 221.14770893578515
58.089771612415156 167.5252446258309
40.19268968000553 92.41089902844682
26.15073991037198 83.23636201965428
69.1520286778271 69.09859412681301
209.5501232217175 195.34726295405346
193.62520173462244 85.77410495393495
8.406430381832253 189.6328446429477
25.848556184799587 141.35116546150883
114.73550122617085 115.47421386371084
244.38326357144012 6.384910168253738
220.53162386710918 52.02079454740624
85.29952057700093 183.08642645033362
67.98200791017858 206.20699482452582
143.91583797299455 182.6651765809057
175.45976509425518 247.14133988422475
190.0646103146032 219.8102078664277
189.9908670298456 52.61284066221691
111.87072519002552 166.95281672172575
220.88425888413042 82.96399712461103
155.26758063088678 149.55712552748108
98.16388929715966 154.41290307483175
204.7483897193708 222.82433286851588
205.34151148009676 247.1128854047655
75.42781318303906 40.990371189663726
212.25785258976995 52.11041389377047
39.159780029675325 109.46527601289108
107.8316832785465 74.47341037430968
50.029413849841994 125.46886539434979
68.1099924186512 25.113398845413943
36.48897702730922 62.176087196768925
46.844856183486215 182.56823431748225
188.66925421155935 227.25406995099794
189.65775335662076 219.76336506323946
9.004317841767056 181.74283652999912
53.68730365241936 22.113855210547623
166.6798204533423 27.74957939304601
163.1069472032424 238.10487480560639
190.81194037371463 58.27845999522319
177.24261281410196 41.66089013058025
0.44225609687478795 188.10187370823164
108.41234426733337 117.43069182081555
72.2464897527822 173.4671765186508
39.32958117106 198.86676696769814
99.94941075500569 133.8160758570043
171.3214769716205 61.661623743000746
225.85090488174967 185.97028633590082
22.770083213431047 217.95380966356677
106.97449240690126 24.790989281933047
141.4606109629623 27.296846575217277
86.18933882881224 74.52431651154102
118.41544036119991 200.00200393866012
28.376329027322427 139.0688324401814
34.927743950488505 11.89904018904045
116.80967411865942 214.13902662938798
192.7372700333573 209.5391373074967
41.429321279686434 128.6143753979944
14.848158696988135 86.43283805126
163.86887491942042 133.810682127857
152.17307330037568 236.82572621884103
134.20379027677632 31.990613875127195
92.72577504577978 38.362368023244635
182.48495817005346 112.12264806958322
218.8387489187999 122.8268201500285
64.13301426700593 170.17239557146306
142.20070483420764 162.04316669304336
114.3804611769573 21.607134327929934
114.98569134973785 218.91938108244057
89.03357774178045 51.352063664903135
143.79695777527954 96.51584812613936
34.5530117528387 92.2815930815663
37.98101367758941 4.991456068673905
36.117467482075256 193.86510199923333
196.76299968933125 246.05571176816073
47.064461642925465 177.66734166269367
40.848714592443855 12.704622750120048
146.4282138833434 133.01033009270205
14.529875595731045 157.7005656980298
177.91938942339036 190.01864945928887
102.83610433075168 207.05469674250318
236.32021604706011 80.89951000106684
208.5680033426924 38.41234338783331
181.1356703660644 79.69938017931791
173.0122432804872 192.80714705226606
8.594469624000178 246.97499460319088
243.06406633586556 25.553803572348293
206.8292606798703 160.84948423791107
102.35511722944993 113.26701540118283
241.16080631843843 72.55084365069759
232.8455772447455 145.74143380639782
212.50393742002532 44.89543951871958
50.31601986467393 224.46269864879474
196.02364020950765 233.34727750544445
176.99400386453493 101.72171781412187
37.21184660698238 62.09233310446521
110.54669059381337 235.13052952598045
242.95873994936557 96.44357634721185
11.503718944063268 116.96405416978625
132.91536337356567 153.153662216984
205.61541675362454 175.7499030799538
165.03405788403205 70.26188308275077
6.2867307456927755 56.65121296371761
36.718089309429075 181.40711153138022
14.530881171474054 227.49518806270282
230.91061929268142 3.092102651373718
192.8810318958414 76.24459691671694
116.3344518170553 40.22356909836702
93.39705836832802 14.140335471781674
16.009039699218437 75.42648455787112
95.21881334486487 236.8509027744401
216.92384722318147 237.15659255041672
102.94991272790838 77.65156103850865
110.59384002225514 27.29912026049411
132.19211184062482 149.349334964448
55.24626187843604 101.27211357197238
116.60184773436322 237.68295060445178
224.42632136346342 172.11881911794455
249.38365186866602 68.5211441247402
37.97264311663579 42.94942807361882
31.485851324841136 60.501423839985854
140.8489438259112 203.0319331532671
221.45694038145342 131.50830348216826
201.10606837509948 50.16178623682921
25.457004650701275 154.1337651477175
196.4418048214978 151.50775002329596
163.67865893508005 155.728918989944
134.3673049621804 207.82591839082383
84.03611503489012 206.46601410868428
81.71811283027502 219.93055999663102
120.99945335038551 123.85085219121322
184.5979731436513 203.29767908085168
66.0419052534364 122.8142947110738
228.2173468850308 95.1299824416017
33.607230811180635 42.37387727088812
110.28137230456875 218.87176038463951
5.541913542654042 149.9311170312409

154.9
260.3
144.1
25.8
432.4
68.8
8.6
432.4
286.8
36.0
260.3
137.6
25.8
77.4
36.0
51.6
51.6
258.1
17.2
68.8
288.2
34.4
172.1
172.1
172.1
68.8
103.2
17.2
36.0
17.2
137.6
480.4
51.6
324.3
17.2
154.9
34.4
172.1
77.4
172.1
288.2
143.4
114.7
143.4
68.8
77.4
137.6
324.3
68.8
129.0
137.6
103.2
34.4
260.3
17.2
600.5
600.5
34.4
51.6
137.6
172.1
8.6
129.0
114.7
17.2
260.3
206.5
103.2
286.8
206.5
288.2
51.6
8.6
51.6
154.9
108.1
34.4
258.1
34.4
288.2
258.1
77.4
77.4
51.6
72.1
540.4
51.6
216.2
540.4
432.4
36.0
72.1
68.8
540.4
68.8
137.6
432.4
258.1
144.1
286.8
25.8
108.1
34.4
260.3
34.4
172.1
144.1
540.4
540.4
258.1
86.0
17.2
229.4
286.8
206.5
51.6
17.2
540.4
72.1
103.2
288.2
216.2
25.8
17.2
172.1
540.4
324.3
432.4
144.1
17.2
600.5
77.4
129.0
480.4
229.4
154.9
86.0
86.0
68.8
258.1
600.5
25.8
103.2
72.1
432.4
144.1
103.2
36.0
34.4
258.1
72.1
324.3
51.6
8.6
129.0
137.6
480.4
34.4
77.4
34.4
108.1
103.2
480.4
260.3
137.6
36.0
137.6
137.6
34.4
17.2
51.6
154.9
143.4
103.2
229.4
229.4
288.2
8.6
108.1
144.1
108.1
77.4
103.2
68.8
8.6
34.4
144.1
68.8
51.6
286.8
229.4
25.8
17.2
324.3
17.2
86.0
286.8
206.5
260.3
77.4
144.1
229.4
103.2
286.8
432.4
114.7
129.0
72.1
8.6
229.4
25.8
288.2
324.3
600.5
288.2
258.1
77.4
72.1
540.4
68.8
34.4
324.3
229.4
34.4
432.4
108.1
137.6
137.6
288.2
8.6
137.6
103.2
258.1
144.1
72.1
258.1
286.8
86.0
34.4
68.8
51.6
36.0
216.2
34.4
34.4
288.2
77.4
103.2
324.3
480.4
8.6
540.4
34.4
216.2
260.3
114.7

8.6 17.2 36.0 72.1
17.2 34.4 72.1 144.1
25.8 51.6 108.1 216.2
34.4 68.8 144.1 288.2
51.6 103.2 216.2 432.4
68.8 137.6 288.2 576.5
77.4 154.9 324.3 648.5
86.0 172.1 360.3 720.6
103.2 206.5 432.4 864.7
114.7 229.4 480.4 960.8
129.0 258.1 540.4 1080.9
143.4 286.8 600.5 1201.0

2 5 8 11
5 8 11 14
7 10 13 16
10 13 16 19
14 17 20 23
18 21 24 27
19 22 25 28
20 23 26 29
25 19 31 34
27 30 33 36
30 33 36 39
32 35 38 41

