256 3.0 0.0 1000.0 3 160 240 100

93.23965463675893 186.20784213282894
233.02170532828953 81.77916946120098
59.49462524890711 188.43572935653714
220.8913541225843 114.96685518177588
168.60800168830096 168.46236993975643
237.81588391712427 23.385424530749045
127.80659714333933 133.59311137606605
216.04140074871185 52.47941219404778
140.37480925090293 205.96765281974044
104.96071774442237 68.98122423752883
82.88944477723665 191.32997401125468
78.1336091395842 183.23549816081214
12.499416012057813 152.38462197062302
65.60594620606017 43.08014508533422
2.0671265166606334 43.446754733296956
95.8964303671958 80.91501291925331
55.911060660421455 120.07928025232168
217.90377129601038 166.10284453081943
109.2365343567894 62.84397683724524
147.71375468296424 94.39193399395734
158.24358524780735 196.58094300234973
63.7912778302773 249.08831512650212
231.73982546671886 24.82478700800586
41.25223283330573 241.6150170499239
242.79132945278866 137.09488727612
140.28432815690257 81.37259312481527
208.86907354348284 177.87573763539274
28.820793805292706 40.233302602528916
227.93851199425225 149.03411859999207
96.29957032586012 60.688771606564416
53.596528145841624 160.7541094441066
51.80078651549305 229.56525686001646
168.43591257019912 44.82892280224399
236.8302665555384 203.83521606561936
125.82314904468656 123.74553347108014
242.1204095761889 100.64367126792351
174.74838947003977 48.42945227685516
43.45027023060122 177.43117730700178
146.97968790601763 106.45887307368648
119.75411673214687 24.585889936648396
127.62845822498805 168.99901557760168
157.29957978118722 11.387069172408282
101.66117341557862 105.02538093042601
181.98087397405953 137.32915590413106
6.102254812197783 103.44538692074303
135.21622838845732 185.68955773793482
2.4106852609272753 70.20593069086503
191.69746530080792 134.94792125858598
105.73604408897769 86.60993801338759
112.68807694585584 211.64658508030783
84.67025095438058 238.30804632460362
161.29094930517294 26.754520637526703
156.26012420465747 80.54076765756393
1.651135983257418 94.31610925857622
61.84430200483912 133.37637975620763
97.73202742604501 40.519281423157835
22.721822625406396 57.96290706770041
47.16039524005175 28.84982259140495
19.618087519087503 114.85804627560758
43.6435256253527 183.73201096246237
10.827001777630574 112.49054652722195
208.76695812973082 190.61785480558942
66.26449195152692 134.59226091255184
224.68860725620272 184.84276691084017
92.63601217658643 192.4303749422703
77.49751425291495 232.6616713953013
198.71905850210803 212.53793197534517
228.07798753318406 94.14352626349657
41.94346739116517 79.82175854049144
39.44556328624974 197.2513805215706
70.4668864091241 43.31462128819594
152.5762984205754 187.59551186688145
249.7136557856579 176.14758945105325
220.26741461819194 84.11375742066538
77.52521305554286 220.65670521245772
200.29151650407334 107.8702770457082
232.85892099534718 171.93606203669677
78.01622371565969 41.283897871844886
48.71219835152704 68.74622243915019
198.29026758038577 59.86272728778305
65.01392355317148 64.2263101685337
23.121504489483552 212.9484700557495
165.09616437091927 64.23969843839764
129.46365775713596 171.96301544505272
67.71401346639213 193.52865531103745
163.22491940658819 80.91387324733788
182.8371754863241 180.65850239648205
195.35678588803046 152.97524952109083
245.72593686649512 219.64602130031827
24.385453711406907 27.932485307682775
84.6974077009154 246.87871641310232
96.50465362774366 62.79369591012085
227.50947329378624 46.53749814653843
97.73526660762019 201.49641302955428
248.4326529778123 169.7069531105782
128.29709583388177 72.28095367080142
179.09484592128368 129.23037501851377
233.036746400842 44.295658071354715
168.56418021818988 168.3421171450652
97.91927974044145 149.52274555972892
137.4658315705443 220.00641031341712
188.12229190282778 238.94546840926557
244.506113508393 191.91031872022415
146.99098022543893 90.93101785465743
52.02807295261011 152.5160191160128
82.13795716012662 164.2423777696683
121.22433361160112 65.55425211562024
215.15855430177743 99.21028502661167
164.22752151238623 75.07175049980944
55.908209374100956 23.13463384482209
23.506546616165913 14.24392410803524
37.43593651371096 231.21434887957548
184.69633372227938 140.12073362913148
137.354070665878 227.15419052331416
215.4746506065489 75.78183746583645
60.42522628356634 221.7968913855625
17.310054236133215 233.01497403546574
171.7829567257362 164.79540062889666
68.85362604086723 189.0072686964155
54.20528431802327 122.15983497740332
241.92154823269672 249.42939790127548
104.6962419889953 214.90786027509853
176.82748202776597 51.70705521258554
204.7106205419332 242.05240168476968
96.91756091498424 79.94512141116921
191.9858497865305 145.977201954245
32.52104050692464 103.41233125844731
218.25402039853805 214.90697706502655
204.4991389486537 58.54484962931281
2.5873142763883084 162.12682399652007
217.18514546411163 68.47996017157101
224.55437653020465 8.576494556890523
56.12167828061324 190.86273924989277
27.79524295518765 198.73700043253453
174.07207408646826 12.122921533637754
147.92625269526044 112.79717987918364
198.53949930265347 102.41891299470265
37.347250127122 46.93420589920777
246.35991291090025 209.35951861861878
249.32036873487178 84.87533965413041
134.72194591504834 134.37104006892764
187.41505875756428 134.30484345808543
151.1717320909927 177.67198802814167
44.59388482675 138.24515234544185
242.55385587794478 154.12148084338148
248.70601592023598 185.9974458787758
245.50895135956355 136.4026371445158
82.98613403673579 209.35387554021332
131.7984097467496 8.053236158332227
179.75156655221446 19.231671624759333
179.664021620793 226.64104407332894
61.76580391260403 172.26259583773756
175.28321225855044 53.17849807665723
182.69468767265295 124.44234331611614
165.84593811486914 73.82266909176943
6.826090596861844 144.4188111489234
182.58977225760083 200.77693748244067
182.73164432991092 138.40157225320513
54.58865394615128 109.03108334998122
55.90094356990191 25.017988454400648
32.60386374553009 193.7420452380558
6.993911483054616 33.335749804972586
210.93583824630292 227.47158108726128
230.76870687139353 149.39108254522108
5.433443596220555 157.00372282013836
7.632393516534691 17.53323603312959
101.38533228866001 10.526450627743516
239.71170190612835 219.97998343410757
134.1061975433136 150.1841125222122
13.691730627801768 91.00361623286943
195.34633464998848 83.18781934890168
137.48343619938305 1.7787690624213592
180.97909220307412 90.49819774194775
165.81609845621023 234.8434854419289
22.72425293734176 30.20020850768834
141.66991344747393 100.4343339959149
203.4352522821299 65.87393082606289
189.404175860356 3.0989772957231985
161.69794349321674 34.98386506618356
47.80284168485122 136.11207392610848
58.21539486639368 175.830563520508
173.40042533544394 178.29459214700123
200.60470018071246 191.05878636709332
167.9953500222035 171.78514545710132
71.62739899398903 202.6265061060138
39.593226565796144 131.2530324299367
210.64867666461888 160.70989626692432
146.15013429312265 125.20814602652153
223.9165168305875 25.29110034589463
234.40248384733812 85.81112306222799
220.89278141816013 9.052528123970339
142.4497370159483 207.58681596145303
181.64209613304024 31.906742741775908
3.7421094591646997 159.41507733971025
95.68374229346693 209.41422489088802
131.61045618521214 195.0282711363134
101.37324429442934 21.122960535725237
159.27332202611422 166.6986133214596
158.8135268932955 195.84638519837262
121.27296994462993 8.83243658968133
37.30970921302648 208.77846674631292
190.79834339876237 207.67506983876
140.2547769528668 195.53092293335447
231.58420828105426 193.95106231669573
112.2514306113743 125.5012613523217
2.418173551535702 33.516737110750014
67.59160209288392 152.10737448022218
182.64309291028465 59.34025363873549
160.1401807872959 22.53761433500745
214.130906948975 115.53180157813195
105.20664548487318 70.67733758450449
114.37374903864355 206.12394626204303
44.01988376702706 212.1484586837157
238.46317490768814 205.0368595236526
0.8417435438054233 88.58858377772322
59.02212296640655 151.42622128413686
64.35844841663419 196.25198237059828
146.41049887464894 63.431706793892126
206.2463533111318 167.04156084775886
222.73590185678245 207.52315903688879
227.28683682250806 160.85402251708206
7.536089298930043 121.27887394949022
14.947737385510973 219.7753443416423
170.68838821091975 247.5284076671046
227.20045258026815 3.61324610407332
140.25190296505653 9.420281314822837
105.48570667800902 46.02227961185568
94.04269207468808 165.97425825873185
120.05064557543358 112.34055512184746
222.74449852301404 64.42257930940553
37.46292658031711 39.21736136717055
123.67371935566712 88.03245591331829
84.59246260915607 187.27646040976649
52.5793404743036 200.8420555928679
135.54975512858456 160.33132611806602
24.332612141084258 136.08618244387458
234.53400594937685 218.34400006912713
227.85380706455666 16.110258133274684
184.90878475037582 105.21208919840866
30.79510291701909 218.32790394542423
60.07272964385263 56.84115309189014
37.63017545363234 228.55732442256866
46.217190273827036 59.39671828990512
61.35750918994975 137.44077930622274
226.03823674026972 249.1115748211236
95.3735724590424 151.96147366800915
71.93782956395137 73.92281487741579
45.49810769013812 98.77937013350724
176.52660816776816 19.334057226113448
107.77806793383692 154.38713836344735
199.7752628536642 57.45307639710354
224.01785924464548 50.35348165678058
119.79666725119564 69.76830672998402
49.74350284740889 2.9476617117805692
185.94872204660535 174.45263624517386
185.28902655145873 49.76746009021116

91.80110968125085 182.89428351686115
236.55325053495702 86.6303019547762
63.10280980644178 189.60251851695148
225.15472800983792 112.2191305058638
176.4256057634949 169.9186958816737
239.29408346399646 29.96440215077911
128.40073425832085 130.75797598438731
217.74240980575132 56.98763294700837
138.11392066546824 200.1073107846892
102.5870130991281 74.46394537889067
80.21051453786487 191.81017624166358
83.61582440909888 181.19658129785068
5.641365985164293 153.470658832434
59.746486320719356 39.70193627990684
9.35434488151593 43.107059724731414
94.30800937444387 74.35092213954084
50.09266103420121 119.28665307268247
214.79906670812514 160.76212299324803
107.76847701280195 54.98779221142813
147.80493557010942 89.1221261816629
151.5297504783821 199.3186931771481
63.159317837135184 243.97467891677803
225.07830051042794 23.123163308630456
42.80366864459839 244.9897692006642
235.48072058868036 133.11045352731162
139.91123771136205 88.57994398243486
205.6640632593225 183.57208427310562
34.27872875495433 37.75297737608102
226.0483692903848 141.88884177538526
100.42746256769678 65.11772061046305
55.88516676008681 163.65008958347732
49.06859618840883 226.31834447517815
169.87142721346999 46.67354941976903
242.83958812723913 203.7427788417122
131.53568098444228 122.17317083833682
243.38707537768283 105.74974677936214
168.35081906044962 45.7269451049489
49.71144876554961 176.1660861856295
145.1904491369269 106.58794444720995
121.9307236233666 19.2761079943069
124.23329051593763 168.2162850212608
159.62768416321967 17.480300397814506
104.48116746418587 98.40539018688268
181.23366315004506 139.32814781571844
0.026451430935547915 101.58757783607969
142.8797768832701 188.99367343953983
9.241856239239038 72.09717539546529
192.34355572893807 136.26926033446705
107.66385223854222 78.87846904013635
106.94595133866116 211.79042118444832
84.10999542782585 233.6220080551993
168.52214256294567 30.151740159886447
163.34468472728264 84.25870597989638
7.405182511419639 90.34885452249294
56.7527367999428 139.76663665881128
95.76164428470885 45.05228610833592
29.571007851425886 61.29220407831845
52.57451173733024 23.64543878271791
20.42931503201306 117.75446156104421
42.40198597914241 191.28016671995937
5.946682754797983 106.71126481285023
207.9651870993804 193.76170841794604
58.72900211756524 135.99182309239515
227.51589533282717 189.86340654017076
89.44838003828634 193.79043685668512
76.64791316593234 238.1368642203055
193.9138567513882 216.8312883794693
220.93772508098868 91.95062506288792
42.78555760640529 77.19909386788035
42.94840226205648 194.05074790386232
67.9233874071133 49.5285997022393
157.8203312487059 193.38925288773686
249.69848461729623 171.843155458868
220.22672549715912 85.6081843939848
79.88623234114841 215.89506671289342
204.15195739958395 103.87742558454771
232.2238513890579 180.15751971396648
80.43481977125435 36.3548648390076
40.99339984723893 66.54890580796372
199.17109525013967 63.0751106709074
63.70647368615287 60.8429584531735
25.35588728947305 204.89089485635913
165.02552797103414 59.66239747971258
132.43045288080774 175.92170099430336
70.786278860615 190.7972245895502
158.74936427089446 86.59616159903327
175.73898701346346 183.80952850868758
200.82626247037447 156.50888581413147
244.04091786674653 215.43780159694538
25.087500372416887 24.773761700110057
86.38969186379073 247.59743081064107
94.45536382802969 64.37245208464856
223.79787832768423 41.74679845566684
101.95797825659447 195.76054985042768
245.53208956866473 162.07644676663406
129.06265662021414 67.48311309410524
175.49229752065736 127.20972370542013
228.69843695997935 38.16811916405754
170.89241020729455 163.4588862001178
91.53706500029188 153.93594753073663
140.29888895065852 227.02558343469795
189.91254417946348 239.12333000248782
245.24197745306085 197.31900028752204
140.64312601421008 88.20841711238259
50.93103159817572 152.22462205252623
89.1048308176244 167.79944632492763
127.97028956010331 63.61674034953715
221.93850778429996 102.41571351660644
165.1759065236454 70.7560707218009
55.97104209231024 18.63402953206078
16.295361680732647 16.639422173909985
40.326974979166295 236.5578728609728
186.3817527887713 147.29307885151073
132.20637789304953 228.40127984487933
223.3796986434625 73.76599286917192
68.40772455810654 223.71625946519498
12.069261678823828 229.2158986959621
169.816159924652 169.32698864791877
69.75723371074046 190.8307190467284
54.46841686805079 128.37954243010245
249.6859127784786 247.44670930319558
108.09481681366786 220.39596351828413
174.93749525585477 58.318743512553866
209.83660293626335 236.47349057755704
103.23564072948801 82.40783094544027
194.70342928181566 143.8855821076566
33.73609154600615 100.51726775985878
213.07769645478768 210.06009572793215
207.73928915387404 55.22722748794337
8.667888466875967 161.63489371158062
224.45600403362482 66.54524313652426
227.27387085758738 2.890764548037439
61.190505206242086 185.28216807880648
27.679296223506704 201.47466534688456
173.61187552353 4.473417654271561
148.13361098055395 114.48755580836773
202.22264821610295 96.63812325784274
30.739037398031964 44.8263808953844
243.45613450088084 213.9217187642634
248.09840845298086 92.30214125295247
136.91747138847987 141.0345057834474
189.52726736613218 126.59848927929801
155.20621997128234 178.5317426003294
49.43755861131505 142.71578841852917
242.3512670644654 156.16144785541024
248.7624175434011 190.22219026907874
240.02207085195943 141.20751473948397
87.91459894803502 212.4181768344263
134.57060916428605 2.825318839911578
179.14063062702945 17.69620424734336
177.3863689230548 233.53680619856954
61.0824936967507 171.3044516940747
175.86157485209154 53.463633416657885
187.8266108804463 124.55819269616214
158.9772535768802 71.01046854417939
2.2781307736432224 146.9794759779648
175.5539385786626 202.78787408629435
181.90531873414272 141.51746876350245
48.08691585823943 113.23294616868861
48.047621674649655 27.851343976389277
30.819687955905508 189.91335598721116
4.289246776076644 27.824709627578407
209.60029013402118 235.03141206663307
228.71252313988617 146.86930566191668
9.411109098539066 154.30214427587694
6.315912419484676 25.617386643157158
101.78310055934591 15.63050903995808
233.56081303311873 225.7059653693549
138.53117676743244 152.96700120234576
8.312813339717506 88.90824372089196
202.2221325583224 87.34833791523916
133.55977179450642 3.8331156714048187
184.49505233380515 93.45328655215846
172.57935873626226 235.81364891631756
15.689604373828436 26.464439151846932
141.4854173787999 106.87957963401887
198.83070912204118 62.161131362751334
192.05441505950154 6.1801025725723155
167.7354635726979 35.28852919290268
52.03618402278415 140.11130401410648
64.75447314141691 176.26764885258544
171.06168068443992 170.85810351235423
195.17243126696093 185.6989212299933
175.52712412285192 175.48243915523997
74.37451745078948 201.6623398872286
38.117910420054216 130.9829557017209
212.857621273215 155.65712571197727
140.6408410532963 130.9195876301877
223.14922463562897 28.838637070510043
230.78875376494966 83.69154538515616
222.40472743070976 11.823101960739935
135.56084073181052 205.50499630171385
180.78366155129373 39.64609476542749
5.6597714789854425 166.80497254115363
93.04289330204344 213.42988645199532
131.79414202543487 191.76789593201764
103.30992393877642 22.738975699907016
156.53416951650414 164.14344774304453
161.52475895474186 193.72819486619056
115.85969999764694 6.9681828361074505
41.762181665079446 202.68525500454675
184.39854781843675 206.5886769989672
136.19472837767566 189.54790999993102
228.81765955653216 195.53583861578565
118.20339089064622 119.52960985162136
8.629340759277849 38.80040688040931
68.13454461293122 147.25645387577094
186.14242753364283 54.792606295908044
160.58994123976962 22.234413781361845
217.67069193230964 119.14766801946946
113.1426815318028 69.96866914968086
116.74965761327452 208.09124177678672
38.658443189901774 209.16408480688187
236.089965896749 210.3193784930349
1.5431445609717376 84.4345049805757
55.900707210239126 147.7260892106329
64.4998853432294 198.2322361118749
141.94770303165035 66.96952057646327
207.20241531632755 161.39649059142067
217.1628207111454 212.37062341186385
225.98728071192025 157.41414081855797
3.7351338324457526 115.61272886689295
9.130783787406783 222.98980774630525
163.4723036161015 244.39422093871778
219.85897743205945 0.8171458729797909
141.20264331116928 13.184766968493577
105.48541501845635 43.45723383679162
90.67222701289255 171.783289978945
120.4674356059968 116.74644870958373
225.83952949264912 64.42911102132973
45.55462262617982 38.98556750588028
125.05110879716716 80.85441849203522
90.45712536670538 191.92989321559475
58.95144893637655 204.91014460898742
139.51759763890203 167.78121832710636
24.394794070718955 140.33911570564743
230.9417005849369 212.94017577537758
222.75058362100333 15.399221132974178
182.34071150413024 110.26661536280577
26.200353302227587 212.67750755333043
59.75755985099809 58.248747550074754
37.22084179956328 233.80536530971992
49.18284101900067 66.86502010704044
66.72236069665131 135.5935937693385
225.36534858898128 247.83994765744447
96.19282928729069 148.88960895953096
66.14216443138396 69.21305188778415
45.043770022016346 107.1831906029277
176.13719943802448 11.869164708235235
102.35139001150259 149.0304401219939
201.53142819583246 62.89230342028332
228.16178475507536 51.874636650258736
111.9196254619596 72.10808252511814
45.67130329953681 0.5168025402244592
186.91733934642033 172.36043912663004
186.27624220919924 48.456228040788254

86.0
216.2
154.9
229.4
108.1
114.7
137.6
86.0
144.1
137.6
114.7
34.4
8.6
51.6
324.3
600.5
229.4
258.1
286.8
600.5
86.0
540.4
8.6
51.6
286.8
108.1
154.9
114.7
540.4
540.4
288.2
154.9
129.0
34.4
51.6
34.4
229.4
72.1
288.2
206.5
36.0
72.1
108.1
216.2
229.4
51.6
68.8
108.1
17.2
480.4
68.8
114.7
103.2
480.4
216.2
137.6
129.0
216.2
229.4
17.2
286.8
229.4
72.1
137.6
86.0
143.4
103.2
103.2
108.1
17.2
17.2
540.4
36.0
600.5
34.4
286.8
86.0
260.3
137.6
77.4
154.9
432.4
17.2
288.2
288.2
258.1
17.2
229.4
129.0
34.4
108.1
432.4
206.5
25.8
114.7
137.6
108.1
258.1
86.0
34.4
114.7
36.0
17.2
103.2
8.6
288.2
154.9
51.6
540.4
72.1
103.2
216.2
68.8
51.6
143.4
77.4
34.4
258.1
25.8
137.6
260.3
143.4
144.1
114.7
154.9
34.4
114.7
229.4
114.7
154.9
432.4
216.2
229.4
108.1
34.4
108.1
108.1
51.6
216.2
108.1
34.4
260.3
480.4
258.1
216.2
260.3
172.1
154.9
216.2
108.1
600.5
114.7
172.1
600.5
600.5
144.1
86.0
258.1
36.0
8.6
144.1
206.5
144.1
324.3
77.4
77.4
229.4
216.2
103.2
216.2
68.8
137.6
480.4
77.4
114.7
206.5
114.7
108.1
34.4
172.1
86.0
68.8
324.3
229.4
480.4
36.0
77.4
143.4
114.7
51.6
114.7
36.0
154.9
114.7
72.1
216.2
17.2
540.4
17.2
103.2
72.1
77.4
34.4
17.2
72.1
206.5
25.8
137.6
51.6
258.1
600.5
103.2
77.4
17.2
143.4
154.9
25.8
8.6
288.2
229.4
260.3
103.2
103.2
108.1
51.6
108.1
286.8
103.2
540.4
324.3
154.9
77.4
206.5
77.4
103.2
324.3
34.4
86.0
143.4
86.0
600.5
86.0
86.0
77.4
103.2
68.8
17.2
206.5
143.4
86.0
137.6
103.2
216.2
86.0
114.7
68.8

8.6 17.2 36.0 72.1
17.2 34.4 72.1 144.1
25.8 51.6 108.1 216.2
34.4 68.8 144.1 288.2
51.6 103.2 216.2 432.4
68.8 137.6 288.2 576.5
77.4 154.9 324.3 648.5
86.0 172.1 360.3 720.6
103.2 206.5 432.4 864.7
114.7 229.4 480.4 960.8
129.0 258.1 540.4 1080.9
143.4 286.8 600.5 1201.0

2 5 8 11
5 8 11 14
7 10 13 16
10 13 16 19
14 17 20 23
18 21 24 27
19 22 25 28
20 23 26 29
25 19 31 34
27 30 33 36
30 33 36 39
32 35 38 41

