64 3.0 0.0 1000.0 3 160 240 100

212.2212564212333 155.46093260340666
195.82695045280985 157.4222895468164
161.5732439103706 224.44478506948812
167.48766005515546 93.95082633778021
214.08516892992063 167.4301841772768
77.78458065416952 100.06278358684214
118.4268582433699 145.57379981522678
117.08058258804641 134.5731530874184
151.51235754798594 140.8707850437939
137.83442861782535 87.4864829625514
140.08080305568848 189.29627226161085
133.41383136236402 184.00477604445902
91.39594809472449 94.99620237890197
243.0291920601648 248.70426692253068
14.086058934264067 115.94082247402388
25.357026068440646 166.50493535979192
44.41411628202574 56.732657514875385
137.15940193029095 48.25199983752501
1.766403250104881 239.71682217498278
116.08976780429781 210.52372419930003
150.19357327554144 41.47527116857025
213.02404771787658 159.63383333242237
121.28936774289109 77.5447047543952
26.638692065579367 164.43659058640668
217.5453364680332 37.804880339497224
206.57584212213337 236.88821301481332
190.81585803811635 203.4283393213927
131.49144871672533 37.30753313623461
26.222223896228748 37.394746444263546
95.92778054843478 56.890589931674256
104.861178404421 98.55691623648555
165.65796135237863 8.58874978419863
245.98415796398194 29.08699383899141
185.6243580727969 151.23582377449898
176.79324926439566 133.18813774404765
107.39259462151601 161.9507931843645
61.25950151528384 129.46466536894224
208.65667553592735 118.73802907373368
138.91602655654418 206.32311641756792
114.32536421405118 241.52457483095208
23.245193320380498 126.21097423929986
231.40342166899987 118.88775070666962
230.14566250417897 71.45392877629122
191.5429434239097 31.84082695521162
224.30791201249403 128.85361054443737
135.12248021222408 98.13858495990185
228.88660167850765 214.70422925451436
208.39607580860434 214.39636747453451
247.8056814445545 212.0803174166321
62.01791748023752 97.92823659039627
85.91447053095533 112.48209639021512
67.54952372275427 227.63220833915136
128.86867506423476 205.60333981755127
159.0860717912826 188.2005195951327
118.69297805688694 7.475159212822685
239.02375262919006 2.130787772096354
0.59724999357752 4.765468108516968
189.1666365795495 119.24362023860216
127.6260359732016 140.89804735508056
222.09781285007 69.3915802161049
218.9679510937431 18.2407805666511
183.46881609695654 23.996363733749554
195.83322671849587 21.88977365603967
14.755095278142061 142.64058686533392

206.3195999912397 155.97513026000902
194.9376652120842 162.73026542164592
155.8859955907689 228.872786623008
162.51454023212838 87.79525174419403
217.9459456455064 163.01411335623092
81.53120083502904 102.58618772963473
116.71001899308406 143.36497915999175
113.12835786940393 142.06894760823633
153.3052161260009 147.95444247566886
135.2072709098613 84.97025902692893
132.14740893811964 186.46134026070666
132.91987690066912 192.38082648652562
95.9256516502529 98.85501344989581
241.63892631019897 241.56308023319718
21.342397269234564 115.90685083269786
19.766656611626882 170.84946516479977
48.18647642438442 60.92717744409237
141.95511608116274 43.743191052347974
7.211718588453264 234.20491746983438
115.3530400678856 208.3742966918919
142.01960188640015 41.59631129087124
220.72772910832742 157.41280322285627
121.062675869734 77.92384823234825
30.100426098673665 163.660273131553
219.62103990382641 33.42153528369779
207.26669101425944 235.2832153024303
190.3503701642738 204.67208816008844
129.09531479171963 30.796443784127938
21.941804640614098 32.35579859395296
90.35587328900866 50.99167663887732
106.5156820530243 95.90913832842315
165.25193692125612 7.170027539245005
244.93549956412159 26.89753789590077
178.43848801733782 152.37274917223104
173.12940404437944 135.18741823328563
109.5512124957805 162.6352414383694
59.265590206695116 133.03366205281378
204.79912304424013 122.33787612977895
145.8477519398409 204.0780948308944
111.90097074636269 240.83974160859117
17.102125241886174 121.5588171889698
223.79589205915335 118.42241417007962
229.20743714404662 63.30482105788365
183.23084235118765 33.12527636700932
220.57258124704825 125.26182927765753
136.06877693798137 100.0603587499912
224.80939716057782 208.15191332884945
211.6887144095523 218.9179832998547
245.84006618487277 207.79989849518145
57.61911486747576 92.43946660062674
88.71194235829546 117.4035235639436
63.489607648764405 229.58803187615564
135.45991700411054 205.4865585811134
163.96284556296843 186.66786067889757
120.22457053985671 0.7810530734476406
243.20026818509538 8.997245330050752
2.535392962971006 0.8653077182057267
189.94348962787538 120.80314722273941
125.57119077967097 133.38520638319062
222.0517747632471 68.46190997250099
215.76856123498487 20.655974512576226
187.87757036584247 23.63873106884917
192.79600460832526 25.20993577623648
15.674835254549935 148.23450558506585

720.6
600.5
143.4
77.4
154.9
480.4
154.9
864.7
648.5
540.4
432.4
576.5
34.4
36.0
144.1
137.6
17.2
108.1
68.8
144.1
137.6
540.4
288.2
432.4
288.2
86.0
288.2
114.7
86.0
540.4
648.5
144.1
68.8
72.1
216.2
286.8
68.8
36.0
172.1
432.4
72.1
229.4
172.1
72.1
154.9
576.5
137.6
114.7
324.3
324.3
154.9
258.1
206.5
114.7
72.1
144.1
540.4
1080.9
36.0
432.4
324.3
540.4
36.0
1080.9

8.6 17.2 36.0 72.1
17.2 34.4 72.1 144.1
25.8 51.6 108.1 216.2
34.4 68.8 144.1 288.2
51.6 103.2 216.2 432.4
68.8 137.6 288.2 576.5
77.4 154.9 324.3 648.5
86.0 172.1 360.3 720.6
103.2 206.5 432.4 864.7
114.7 229.4 480.4 960.8
129.0 258.1 540.4 1080.9
143.4 286.8 600.5 1201.0

2 5 8 11
5 8 11 14
7 10 13 16
10 13 16 19
14 17 20 23
18 21 24 27
19 22 25 28
20 23 26 29
25 19 31 34
27 30 33 36
30 33 36 39
32 35 38 41

