64 3.0 0.0 1000.0 3 160 240 100

149.7048864128954 168.6439692408945
166.3359715821851 206.5858877271171
56.675145500979546 118.21069023675307
89.65739944192416 114.52215349923864
113.802519156499 21.73521985346846
83.58033278380084 112.89589097979305
182.30461087541002 138.1901159448239
103.98852075209733 6.04340462596134
40.93912050730839 160.73188111792425
145.995470084737 223.89514119819074
209.45224291003413 143.05241979204408
75.3160732409773 16.946372667256487
167.55888433844703 44.27104599796341
116.76942432958649 166.9851611799945
80.76266893627282 182.9462419522519
164.07583272364764 57.74838221979897
53.06576721240566 205.38348884988906
193.01331473567123 9.78031228078513
172.2520150551228 215.082174998334
95.58070277168052 176.80793189263215
208.90844208225897 129.4418485108375
0.2868872242308973 25.446996547796974
217.43178395478282 188.35709348101656
1.4665846037769104 106.10667942831891
239.55684244214373 58.97467300939224
205.44393377734968 12.694197427398718
114.48901583994567 42.7126757963375
158.60162305003323 86.84972152378889
198.53528817040547 240.6344404589086
41.36595745045549 73.68027475782313
83.98150506151788 158.60879403429257
227.34023885040816 29.42189217093957
137.0058405064598 22.52025178852049
65.91189297073299 209.81100703136687
146.8435031937118 60.995685710112795
126.20557614954328 10.478595706771232
6.937111446500777 4.480766832543587
98.37411593518955 221.36199793064335
78.70584781983744 17.911689691891358
94.2232759275173 128.92546956884368
31.74996822035786 192.0037900296109
65.14482331662886 58.372934421994174
144.99591074096142 93.10178350006646
236.13091652178713 166.56392324738925
230.48098916415913 27.490788874763055
201.56613322532385 131.9027091513725
204.7910837412436 13.02623461227978
159.9582239453595 25.055438786288438
20.896316340890536 50.11966257772254
103.74300278095424 198.7880340242038
116.7611662647074 102.73748176869213
65.94368487302363 25.548109560326576
201.78704943388783 139.30485752580972
181.54703328362007 237.7488352173855
108.77205791972771 172.38723737530907
17.148003474642405 76.32550756978426
213.68651025269457 143.41251628891544
59.345451848600824 246.21307402467113
104.84589679758375 203.7412760218362
91.92622781352908 42.88412949766793
245.72374362817595 93.83767214622694
31.280678048194677 131.57171088134882
185.383415455334 103.25997759784569
1.540209894328487 40.00158601863751

154.5146267364971 170.24537938778872
167.86034967992714 210.42373641726317
49.24379892610206 115.90753774434573
95.53908540247177 109.04390454028915
112.40116954326346 14.706315224894684
75.74943391151572 114.84102459138215
179.68312091849992 134.28975495127872
110.65212135286195 7.25746527843879
45.05227740329806 167.1844073495247
153.32324201629493 226.79215708460544
207.38336898851023 143.09228854018218
75.1730035226455 9.8063820407496
174.30620422661195 46.78233346219415
114.5930864509043 168.71384985199816
82.423330935811 175.18860412540485
167.86586193507523 62.82708894795322
51.80028453557892 205.88445518009354
192.5768455925777 6.512669893217887
173.56051720613124 211.02488900212916
94.92296185297383 176.17037100221026
213.8128454572929 130.05387128466595
5.575804786031951 21.7185565532102
215.9187502205632 186.13058141348273
2.3683733082357215 108.18522489292023
242.66455606830135 54.866643298159154
200.9027297361038 16.21047409539611
113.35868448731733 45.854459100551196
153.96561404338263 84.26966537800918
201.18061779326675 242.76461198014533
36.6496745909316 79.45848927314586
89.27002901494721 160.71357753748677
226.9520923129059 33.64425459096082
142.0771290907362 24.777979959272418
70.4959502530497 203.1833904806448
148.07694206535922 57.522816019052016
133.42570849474316 8.518293377623081
5.620055786760892 4.110434462008095
104.81359326371181 219.84591495212683
78.93764825370553 19.558498555918348
97.55774693276142 133.45379219844938
37.259694253061134 196.78992827426626
59.3519346297432 57.15070692467098
139.44180020475557 91.89340186582598
232.30962318202694 167.6392332726432
225.88220598730837 21.40397860994414
201.210056510768 134.31402538537338
211.74629849848364 8.905942088050484
156.86574655532579 22.86220208039938
23.616985505450856 50.546028679054636
101.06169568539956 192.40967414452055
118.82158833036324 105.58941037105829
61.08811274258058 30.138056835816524
195.07631164281918 137.03694810209748
185.43820894661482 233.63712258642428
107.21334412721134 174.09386477223885
17.07537828985428 76.81026881207673
211.59909854000867 139.81752645563904
56.07437355972089 238.41636030235355
98.88871526383414 198.2827256479253
91.74955952246245 43.30898473944894
247.9884030335169 100.75841334666957
35.45185876465509 136.88148779840273
192.35079413155034 99.85714067347936
3.740227936375934 40.123887806964184

72.1
51.6
216.2
144.1
432.4
114.7
51.6
51.6
68.8
216.2
68.8
1201
172.1
17.2
108.1
17.2
137.6
51.6
108.1
72.1
286.8
864.7
216.2
206.5
51.6
25.8
288.2
216.2
864.7
172.1
600.5
324.3
600.5
72.1
114.7
288.2
960.8
600.5
216.2
1080.9
51.6
36.0
864.7
288.2
103.2
216.2
324.3
172.1
144.1
720.6
154.9
143.4
68.8
36.0
36.0
540.4
68.8
8.6
72.1
286.8
600.5
17.2
17.2
288.2

8.6 17.2 36.0 72.1
17.2 34.4 72.1 144.1
25.8 51.6 108.1 216.2
34.4 68.8 144.1 288.2
51.6 103.2 216.2 432.4
68.8 137.6 288.2 576.5
77.4 154.9 324.3 648.5
86.0 172.1 360.3 720.6
103.2 206.5 432.4 864.7
114.7 229.4 480.4 960.8
129.0 258.1 540.4 1080.9
143.4 286.8 600.5 1201.0

2 5 8 11
5 8 11 14
7 10 13 16
10 13 16 19
14 17 20 23
18 21 24 27
19 22 25 28
20 23 26 29
25 19 31 34
27 30 33 36
30 33 36 39
32 35 38 41

