16 3.0 0.0 1000.0 3 160 240 100

75.03634154685571 181.09920943342834
118.37279384661758 98.41832553547216
6.5829310861887365 99.21197071992019
161.1695750362369 114.62125033912731
205.6597133225677 38.34051174956768
56.822882784495654 135.37996284171552
176.5020318475103 37.07735532607831
137.79427203506205 31.676783964510985
249.67975153192558 232.26119424988252
227.05902730499193 32.86650152206774
77.76706949889375 204.69260599458485
191.48178263909912 69.31085861876294
204.6893995903557 169.73038775948882
70.76128075901825 146.87710817508008
42.30777874455763 142.32321225251022
41.24980321028904 208.8781648357871

70.74965077424078 175.06999589588293
111.37031190088456 101.33094515150023
8.17916607699698 106.23401261685059
157.87184153117573 111.84343700537843
203.67489580403114 43.70422523768805
64.56026233210369 134.73675883017617
184.3221616069137 37.28045478732459
137.44462929332684 29.14183015975705
248.5588241031387 236.8673983567081
226.11965298274893 34.798111540080804
74.87222541722244 200.3573617934489
196.1089695885214 76.33339913559273
204.8014019970792 167.25503803444454
65.88426976046962 147.19052938440615
46.10872174272696 140.3648361227037
34.8475110872804 204.40330097564402

169.22345866029445
691.1959043508712
105.931367862313
865.6018858244473
67.02801368799884
727.9439003373728
1083.3660105868798
3.815727279631033
896.5918810889062
273.4191052555953
286.9613179918205
1018.5342852222512
969.4755844932894
489.07322867792976
450.29380018377447
740.3640540629004

8.6 17.2 36.0 72.1
17.2 34.4 72.1 144.1
25.8 51.6 108.1 216.2
34.4 68.8 144.1 288.2
51.6 103.2 216.2 432.4
68.8 137.6 288.2 576.5
77.4 154.9 324.3 648.5
86.0 172.1 360.3 720.6
103.2 206.5 432.4 864.7
114.7 229.4 480.4 960.8
129.0 258.1 540.4 1080.9
143.4 286.8 600.5 1201.0

2 5 8 11
5 8 11 14
7 10 13 16
10 13 16 19
14 17 20 23
18 21 24 27
19 22 25 28
20 23 26 29
25 19 31 34
27 30 33 36
30 33 36 39
32 35 38 41

