16 3.0 0.0 1000.0 3 160 240 100

46.6471522810028 163.15957123680406
214.2293315113433 6.841788508833824
242.28057606146947 44.6184392087707
116.96959229409532 155.9214257517786
59.493319755655584 221.8707697945486
134.74071277901365 214.26081027479933
87.90467123496937 38.6227945343669
102.96892908494677 36.245218057076755
193.010575291653 171.1037963071394
174.60692134617295 49.2096832797774
76.70126904504873 113.0919216533538
205.4877733486433 143.03407517073273
5.093254048680524 8.369280373168142
185.89087627110857 196.7707793860537
20.52690648776262 37.41887798176727
13.633506822984032 194.58476135008235

52.357555475053026 163.69772892708824
221.01113803112932 4.546348043560383
234.95975416228643 43.02564063669759
117.10782719835794 160.65038158471512
56.66203314279316 225.11879901437266
141.15675290831754 215.87180783891313
88.40274462610014 40.77927194432526
97.23822861974729 39.373746327997225
188.840135785742 167.94827120756776
174.36553737889363 50.323283871236384
79.82863931755796 115.56866100961616
201.79880984920447 139.45015571659349
3.8268958304056024 9.957107426762924
182.75554228981622 199.38785181684156
19.370574686125714 43.76813698237245
6.411971526904176 194.94986830835717

1187.8946826954113
963.7300463543254
1179.261097657473
536.9581865118943
11.18274901330148
1116.6902718041727
787.5681889172678
349.21827564829675
293.32885190008705
872.2916128622791
585.4599421438145
728.9651747988416
674.5967221344289
11.760980483344692
1153.209868971475
674.193459057738

8.6 17.2 36.0 72.1
17.2 34.4 72.1 144.1
25.8 51.6 108.1 216.2
34.4 68.8 144.1 288.2
51.6 103.2 216.2 432.4
68.8 137.6 288.2 576.5
77.4 154.9 324.3 648.5
86.0 172.1 360.3 720.6
103.2 206.5 432.4 864.7
114.7 229.4 480.4 960.8
129.0 258.1 540.4 1080.9
143.4 286.8 600.5 1201.0

2 5 8 11
5 8 11 14
7 10 13 16
10 13 16 19
14 17 20 23
18 21 24 27
19 22 25 28
20 23 26 29
25 19 31 34
27 30 33 36
30 33 36 39
32 35 38 41

