16 3.0 0.0 1000.0 3 160 240 100

12.121311838521526 168.8642976392158
112.55878664923783 228.59949733720933
80.07344986956988 108.81601681256464
166.761651411587 25.564143501391968
168.8696965014529 246.97010845942742
138.23614719876846 87.83774597516853
35.64962217304163 245.52666775643908
236.1645808238804 171.91743732623738
128.42465337272859 67.17048786710549
173.27086853482555 198.4577130620257
160.45659734794202 64.52169153987778
4.798188597743308 152.53204623964928
66.14279157059735 108.598966215012
215.01698311410084 183.50073471579842
17.105344582947822 216.65261433135188
82.10961414619509 164.88798245585036

18.375163199200795 172.04122989825098
110.0049571539641 229.2957936916371
86.68964459963993 113.42617044108846
162.14632168210903 21.303628403600282
173.55812485348815 247.2715254312489
135.69772795700453 83.91051671152572
30.23831173230468 239.2415860960908
230.25842103462546 166.9435773309595
126.28774119724801 62.9070577126945
174.34968742375227 196.49994565487745
160.97126197188686 58.137014254646594
3.1241919961389195 156.76575154791945
58.029789019438475 106.55251968274295
219.6671640900525 186.51153774209544
20.67619711118973 214.49488044657824
78.28184560038639 166.31482514324506

86.48441762358789
25.978719838064706
896.5494375168216
759.594882673751
527.0267521312928
102.39031525830104
863.8449322926012
905.0889834586769
682.1156651552946
626.0413423961077
823.8280678059563
700.2466676479361
1047.7624620245142
737.8448034354507
1198.7997110190665
328.835107206208

8.6 17.2 36.0 72.1
17.2 34.4 72.1 144.1
25.8 51.6 108.1 216.2
34.4 68.8 144.1 288.2
51.6 103.2 216.2 432.4
68.8 137.6 288.2 576.5
77.4 154.9 324.3 648.5
86.0 172.1 360.3 720.6
103.2 206.5 432.4 864.7
114.7 229.4 480.4 960.8
129.0 258.1 540.4 1080.9
143.4 286.8 600.5 1201.0

2 5 8 11
5 8 11 14
7 10 13 16
10 13 16 19
14 17 20 23
18 21 24 27
19 22 25 28
20 23 26 29
25 19 31 34
27 30 33 36
30 33 36 39
32 35 38 41

