16 3.0 0.0 1000.0 3 160 240 100

70.60927931208558 143.21753819710818
155.8593367713809 13.16052133217821
239.07581892219935 129.37252035500228
45.88743339208054 86.08348968668075
120.66619167301704 50.333815752108855
139.82956901268668 194.0696361264385
225.55300095646865 5.4951346617578
183.99109619412326 103.93558430271815
172.5241818764225 246.40757323389315
201.11713616767355 38.44251228277049
25.034836390389533 192.34036347476578
82.68675952274552 62.18645521513943
55.60899161721797 121.29323657063382
169.45640557094032 249.83636681927987
11.24317340888803 169.69607319905873
50.82814998570162 242.10801667065562

75.29493720741031 147.2749164162127
154.3541192360388 17.52035292874579
244.2322593508751 126.23180779460874
45.99901704202744 81.99210571116755
125.37828207243062 54.896225410989345
138.6266684949155 196.79372467058553
232.31147378404975 5.828190478468414
182.01603109297724 101.73334044453411
170.2354496893603 243.81123454374605
206.52112488061448 41.78732198198473
27.615360105006147 188.30852468803096
79.98323954384229 59.01731048620365
61.09598608626251 120.11999544559826
165.10973644528997 242.74872081983386
8.218088907059135 169.47807149891054
55.3544015725167 244.51343885931863

432.4
103.2
143.4
129.0
72.1
25.8
72.1
286.8
34.4
36.0
172.1
86.0
432.4
34.4
77.4
258.1

8.6 17.2 36.0 72.1
17.2 34.4 72.1 144.1
25.8 51.6 108.1 216.2
34.4 68.8 144.1 288.2
51.6 103.2 216.2 432.4
68.8 137.6 288.2 576.5
77.4 154.9 324.3 648.5
86.0 172.1 360.3 720.6
103.2 206.5 432.4 864.7
114.7 229.4 480.4 960.8
129.0 258.1 540.4 1080.9
143.4 286.8 600.5 1201.0

2 5 8 11
5 8 11 14
7 10 13 16
10 13 16 19
14 17 20 23
18 21 24 27
19 22 25 28
20 23 26 29
25 19 31 34
27 30 33 36
30 33 36 39
32 35 38 41

