16 3.0 0.0 1000.0 3 160 240 100

136.8576947908589 98.56012813085505
181.67485101314372 112.51302565968318
86.54772688667158 76.71809898938822
56.05016429159648 35.36686825995808
211.1608539225048 225.56619666676508
41.22286773617037 210.6090516467694
57.54746710983452 225.9791464253924
39.136091001137046 108.6614423910846
208.89324412759166 134.17517737730833
49.96656237747937 66.98976893685018
202.44251682351208 196.60203135310667
71.72080372223289 75.70544789056332
234.74201615033755 18.172459401196438
134.38504951993232 77.9447161402958
65.7527474073416 210.40217829308324
168.58537515730913 152.9781230506454

138.3479923164575 93.46652006314807
181.48243077561628 104.4068043026177
91.79118648242094 82.54448265848546
50.88868777628902 36.332447103813365
205.87009913712376 226.0048945982182
43.549553695848594 215.4365220595955
61.018913094008894 231.91583514838578
40.02038466504237 102.32644751694141
211.54916536688302 130.3753398147816
55.18848364448037 63.91284015226145
198.365444649058 193.95305474861726
67.71309986656712 72.11956618339885
231.9731747388084 23.306010230758428
131.0638707825216 81.46197267283844
70.89036404244453 216.72477511718665
171.27492868041935 157.10883217346827

34.4
108.1
540.4
432.4
68.8
36.0
143.4
68.8
600.5
229.4
68.8
17.2
144.1
51.6
137.6
286.8

8.6 17.2 36.0 72.1
17.2 34.4 72.1 144.1
25.8 51.6 108.1 216.2
34.4 68.8 144.1 288.2
51.6 103.2 216.2 432.4
68.8 137.6 288.2 576.5
77.4 154.9 324.3 648.5
86.0 172.1 360.3 720.6
103.2 206.5 432.4 864.7
114.7 229.4 480.4 960.8
129.0 258.1 540.4 1080.9
143.4 286.8 600.5 1201.0

2 5 8 11
5 8 11 14
7 10 13 16
10 13 16 19
14 17 20 23
18 21 24 27
19 22 25 28
20 23 26 29
25 19 31 34
27 30 33 36
30 33 36 39
32 35 38 41

