16 3.0 0.0 1000.0 3 160 240 100

212.87699791566476 102.73158067977703
30.376865118945496 193.23542601957453
220.67250682117873 44.58402247300053
100.37756830607961 41.33280165214673
122.41191942621491 8.894350580515104
34.4753272436176 171.31964839483953
229.7563897827532 19.00286318274072
164.1871030037429 188.96961914970126
51.68453651662217 4.362170687697425
78.42514942601112 175.73512415295136
52.59255213484742 16.466422731483714
202.6486963229467 131.0769784229583
245.51379931400328 235.6741282783901
118.05778575727075 124.81262587427308
20.81099863870786 230.11623843930295
4.448935877873955 232.13149505264425

215.1409046994747 96.30449458996418
31.92697098627717 195.6246713807571
213.71338759360665 40.53775743184343
100.09795095544999 39.35739487300205
120.65995414047148 2.945138252015922
38.8100343738339 169.86610088905903
233.6548922404772 19.49146989626027
163.56729579627265 182.5642605991654
46.14073363828461 1.2147677399092782
74.5267837443453 172.75422393965846
49.161906342402226 13.856493323909064
204.2047303659839 125.08374502762157
249.56738394388245 232.55241159196694
113.75368156712595 121.33218343378904
13.461763499510198 231.59459186379956
7.989421628015831 236.5852257143521

108.1
51.6
34.4
258.1
144.1
172.1
258.1
114.7
25.8
86.0
324.3
129.0
540.4
72.1
51.6
137.6

8.6 17.2 36.0 72.1
17.2 34.4 72.1 144.1
25.8 51.6 108.1 216.2
34.4 68.8 144.1 288.2
51.6 103.2 216.2 432.4
68.8 137.6 288.2 576.5
77.4 154.9 324.3 648.5
86.0 172.1 360.3 720.6
103.2 206.5 432.4 864.7
114.7 229.4 480.4 960.8
129.0 258.1 540.4 1080.9
143.4 286.8 600.5 1201.0

2 5 8 11
5 8 11 14
7 10 13 16
10 13 16 19
14 17 20 23
18 21 24 27
19 22 25 28
20 23 26 29
25 19 31 34
27 30 33 36
30 33 36 39
32 35 38 41

