16 3.0 0.0 1000.0 3 160 240 100

41.60308123678028 164.44101294843793
77.96841290156559 248.01353004302214
73.87261300890066 189.8818568378652
12.585351203876105 36.243159870818445
84.01146682153617 55.00395386004592
63.361209942288724 80.43435040785246
23.558906594564 18.735381587701163
143.4644219551475 27.915049502967666
152.13613090015875 77.58218129144448
188.23364266235137 86.61528364402629
82.10541822126619 173.5097106399436
247.33315161097144 41.156641732657704
66.03144499757147 162.25668850718466
180.2809913649982 167.26819739765466
206.00969446561197 193.3293948614427
56.143124265953304 40.09526560457896

46.62087618143873 161.65570626075885
71.16991209691176 243.03083506318922
73.93398100629182 181.46340031528976
20.092413930675956 35.606850734500064
90.54481040641282 57.290630691394036
58.89820496070805 86.28095351324802
24.023269919924704 12.304792048460328
146.91682582668648 32.81537772387635
156.38175168974809 76.42586467535675
186.85362005570718 84.3454737034078
85.5678867026534 170.09943359212036
247.0973124250242 35.17519672306388
67.29540449282115 156.19350175024113
175.04172965097632 167.93021503091637
206.24918801986968 187.2913053670432
57.84653135811682 36.50851280146888

144.1
86.0
51.6
34.4
25.8
258.1
17.2
324.3
72.1
154.9
8.6
288.2
216.2
25.8
172.1
17.2

8.6 17.2 36.0 72.1
17.2 34.4 72.1 144.1
25.8 51.6 108.1 216.2
34.4 68.8 144.1 288.2
51.6 103.2 216.2 432.4
68.8 137.6 288.2 576.5
77.4 154.9 324.3 648.5
86.0 172.1 360.3 720.6
103.2 206.5 432.4 864.7
114.7 229.4 480.4 960.8
129.0 258.1 540.4 1080.9
143.4 286.8 600.5 1201.0

2 5 8 11
5 8 11 14
7 10 13 16
10 13 16 19
14 17 20 23
18 21 24 27
19 22 25 28
20 23 26 29
25 19 31 34
27 30 33 36
30 33 36 39
32 35 38 41

