32 3.0 0.0 1000.0 3 160 240 100

39.581144685076175 231.93209815977502
108.77798047658904 69.66834942881093
10.55239976208941 148.1314593515395
4.009602048356542 71.65041867124597
25.079468346597857 94.81560218809801
196.25128961678715 56.74264479884158
65.4834942158025 156.1552451700394
27.5986308410584 7.569807902004705
103.18169266909425 39.82578185737448
228.3830959817284 93.9006988895095
95.96307806308496 51.48742257556712
63.993451097583616 187.91569604035902
211.51517986974113 122.92065341144198
59.93918382757696 179.38643537334596
3.455434903194443 40.67722294594242
228.01553361275114 130.6574167467284
109.02248162468773 102.71986252439864
26.886908310509355 214.21853339272764
31.29422088385747 187.08564568473844
22.290987851180834 235.2968088847665
154.93817694103777 92.64182962077344
80.28476211859062 47.36680146753497
130.15925469231104 243.12208946107813
186.52322291985178 70.87912478981131
153.93128076261823 172.58090919684972
15.827951823353725 133.8384772876094
108.24959583280855 65.47361217781841
49.759386241672644 2.3201569577106507
125.25828013030745 109.79105637164713
220.3271044404149 40.79899735871581
128.51615367383513 8.031099882843757
54.71247586384725 211.179034327658

40.79014351344559 223.63008326288625
108.85844564667293 74.17406006619265
2.5578989145709494 150.2076521728297
10.172154082320583 69.63105516005447
30.60008484286397 98.80939295008076
188.89587943562972 55.373893580830554
63.17842392511305 153.9979497358403
32.37546894053747 1.1850210140421369
103.99300031660007 37.913544526436496
226.15753785463912 94.59296802787715
87.85155184849965 52.75818454295411
67.71836402395063 193.3073593979201
218.66381943017953 123.31536707581847
57.924864632958126 179.1013406652433
0.49555915921278837 46.06799960001656
225.10705478200538 137.1371022884364
102.78318498763878 101.2343964377811
29.138830339591635 214.08131222883068
28.079765354088654 189.96752477476997
25.726202992778695 232.20793257504337
148.6309173856011 94.81975837317417
77.83116439820154 52.265611965463364
128.2315334886554 246.12554283316712
178.9350988615014 68.99561252322408
148.93946589752073 178.68566398309417
19.425361842174553 140.42277476757556
105.1422247987965 57.62060208783909
55.75419713692836 5.88960894455548
122.4498456359811 107.6845842374676
223.66748695563052 34.45448645566063
135.58579554844593 10.170094965373854
58.462785508667096 215.45634460140943

489.1701181303142
340.49126464174907
301.76514638762563
1199.2695487691003
125.50420635928815
1182.6529686814583
936.038431494445
874.9921516010212
674.1545262610105
945.5598875084253
345.5848795145658
475.3209369256587
970.5855021552039
970.9862437162376
712.4785183880742
152.10676046898908
374.89608484226756
835.020048963738
159.3108602512723
221.95050020038911
962.6080194685156
1156.3718887534988
1089.161327966763
269.97941923481983
195.55825788735055
942.0188036140938
354.50940384714204
115.5419539166742
872.6706176849565
990.4966554344813
308.3024857544868
1066.8094291955808

8.6 17.2 36.0 72.1
17.2 34.4 72.1 144.1
25.8 51.6 108.1 216.2
34.4 68.8 144.1 288.2
51.6 103.2 216.2 432.4
68.8 137.6 288.2 576.5
77.4 154.9 324.3 648.5
86.0 172.1 360.3 720.6
103.2 206.5 432.4 864.7
114.7 229.4 480.4 960.8
129.0 258.1 540.4 1080.9
143.4 286.8 600.5 1201.0

2 5 8 11
5 8 11 14
7 10 13 16
10 13 16 19
14 17 20 23
18 21 24 27
19 22 25 28
20 23 26 29
25 19 31 34
27 30 33 36
30 33 36 39
32 35 38 41

