32 3.0 0.0 1000.0 3 160 240 100

232.69115706633664 127.37232080506486
97.62833801491801 60.656185922565385
56.16341753484838 141.86522756714177
138.9430748284451 93.5021955665315
62.502818735970216 118.44132839469835
79.91128135425299 37.67931244367561
127.7614427937899 75.41834719117956
177.61941644151395 92.59527188498554
124.03974882094951 224.97983165339025
30.761905197783324 104.99172481543856
200.84672421314744 89.51870429815997
82.80582480287896 2.9317851591078856
227.50049019540594 88.60161204951255
225.30771275041303 41.2399645760709
227.4674915282311 169.68571440575985
45.81566425252004 2.6507746661408316
182.86722107880945 27.80364298688956
30.624154633137334 7.641322661323446
80.10854189206304 171.348849386056
226.86105501379197 15.870967119642199
158.6723332780044 33.365015686630194
79.43714518306858 81.34353136291395
155.93596313021195 199.1989568258982
86.4233335125029 10.71541576952137
84.00378805340247 95.59460537801573
138.59013308017163 38.61270447260395
106.65066766001749 66.0122262359803
229.71271323296352 131.77683282791017
2.079284337066195 84.8177658797267
116.81076656540615 8.758099659147533
229.16164447837517 44.9293975949529
80.55661549726517 90.6920028639037

228.96906965067046 119.94651373436218
91.66591416417772 58.33720083371025
49.761001031644966 144.1463785730509
143.37808460207054 96.27214245762289
69.5876217374832 120.63718089047676
83.84363006833487 37.34724179552607
135.81938117436965 74.19328655343355
172.97418325018816 97.37400014989284
119.73302199632278 224.34158754593585
36.6826101281833 110.8623288504574
199.10648123629474 97.52706192787686
75.01337083919432 4.585455329774446
234.2989930417836 86.05589575211731
226.00075928722922 44.97446647091832
226.98169310961777 163.8096958761617
49.770877464213605 8.635916303799673
185.58524539764602 21.339721825377577
28.463399574388564 9.03833037352772
79.06814134495666 164.04747604451165
222.9666399743686 13.070110636368092
156.3051213142657 35.103224783639504
84.77210690624094 87.19082087552304
151.57360514289246 200.46616876846713
88.79278373252447 12.219460903335449
81.29772061056403 103.06772683630818
138.04652858893778 45.958686624002596
100.64934327947458 65.36052514856556
225.29204201830225 129.56491977996066
5.919211737233004 90.66727767203345
122.17388829515974 13.656530151503837
228.26456018220586 38.661607161629334
84.95136813679552 96.59261776159941

189.252429202249
1098.2975560709144
1082.6809003623007
491.70506754407756
851.8374313354263
1176.5062251404288
321.2807910476423
805.2073070782471
318.34947796469527
577.3512595964903
1060.709210014444
76.29619262634135
355.8073798794601
506.16780915233136
748.2010924401469
558.8736178461755
93.02270780886288
876.3261641234374
313.95975182066167
123.91139304362777
631.7127226799976
1158.2414224703857
22.310305247049644
332.1950725893876
1122.5823052392227
1022.4104303447644
907.0477949803357
1018.4324568419964
188.60984784206903
9.579482313980488
977.1123094587415
423.2895663243139

8.6 17.2 36.0 72.1
17.2 34.4 72.1 144.1
25.8 51.6 108.1 216.2
34.4 68.8 144.1 288.2
51.6 103.2 216.2 432.4
68.8 137.6 288.2 576.5
77.4 154.9 324.3 648.5
86.0 172.1 360.3 720.6
103.2 206.5 432.4 864.7
114.7 229.4 480.4 960.8
129.0 258.1 540.4 1080.9
143.4 286.8 600.5 1201.0

2 5 8 11
5 8 11 14
7 10 13 16
10 13 16 19
14 17 20 23
18 21 24 27
19 22 25 28
20 23 26 29
25 19 31 34
27 30 33 36
30 33 36 39
32 35 38 41

