32 3.0 0.0 1000.0 3 160 240 100

192.18472251013628 210.30861552903016
87.72634284769762 183.59155071020075
9.15488497192804 119.47965385187383
133.71856853005153 55.651003782411365
34.27953994638502 148.84424493831443
176.4417031422502 17.451641934152384
190.43358245766615 213.26268092806885
178.4885555928687 243.84209215142448
186.55976832455494 98.21208563943534
60.196048549347566 14.643993555718799
215.5492239437215 89.89152332673616
120.12394637054474 185.76532723534947
60.465454711524565 62.93171347115345
219.57688288540717 229.43011719447873
229.3569450669526 154.03125504994176
142.45573228284812 201.60886481817832
122.42027616394962 125.81316076730398
244.5474749686665 218.66826912950887
95.5031307844916 5.5927562067892564
62.50057806843709 49.08937746974759
224.5462336635801 8.366443666744717
96.74259772017888 2.9530001373961055
219.5832478456172 126.65700186432585
78.68717808662282 168.19330624054288
101.25600544711256 206.66468525957495
204.22448741170135 246.3697327992166
44.126056638995934 78.52682509504335
136.0217856632878 194.6367553246562
31.11321938001632 124.97517321995328
86.80103671476192 140.76293655393061
181.64145294163265 64.72556136253866
150.64735328368488 191.58069368473707

193.01518890997718 206.8500300177421
88.91413989275809 182.04440410223216
13.88588398405427 117.92287188056214
139.1923047585181 49.35845090465782
26.782568503520704 147.24001732333878
178.84736463644415 16.37809494755621
183.1440996186223 209.0306429639341
173.600029342583 248.90665317337078
188.44569114007777 102.40112580922265
57.92398971645052 8.97208776450814
220.4966416565308 94.27715750592441
125.73878891947382 183.16525712922822
65.34706570688253 60.47099400673275
216.5924552470634 221.91901142014237
234.88604623902023 148.43592641196432
141.0972375707583 197.41495545287765
118.90144201101502 124.25616896938205
245.07620740906913 218.5127283121877
90.86735332830654 3.2936012406247492
56.40913224144137 46.62653532377814
232.29661594004222 7.135030554751953
95.02424412532054 7.7494011150590065
220.96119735301247 122.6044392192156
81.96161298489527 166.73255718305737
107.18250329446022 204.17040480558302
201.8718489019208 248.64854690792728
40.5714438523169 78.36102224906183
133.1659911808703 191.4172637857133
26.356484580498552 118.10635743488312
90.39685005253881 134.12883194395155
183.26790131260853 62.213517551238276
153.78163757574544 197.9739509676622

72.1
480.4
129.0
36.0
172.1
68.8
103.2
137.6
206.5
68.8
260.3
229.4
432.4
216.2
51.6
77.4
8.6
77.4
51.6
34.4
432.4
324.3
103.2
144.1
51.6
72.1
72.1
103.2
286.8
216.2
172.1
34.4

8.6 17.2 36.0 72.1
17.2 34.4 72.1 144.1
25.8 51.6 108.1 216.2
34.4 68.8 144.1 288.2
51.6 103.2 216.2 432.4
68.8 137.6 288.2 576.5
77.4 154.9 324.3 648.5
86.0 172.1 360.3 720.6
103.2 206.5 432.4 864.7
114.7 229.4 480.4 960.8
129.0 258.1 540.4 1080.9
143.4 286.8 600.5 1201.0

2 5 8 11
5 8 11 14
7 10 13 16
10 13 16 19
14 17 20 23
18 21 24 27
19 22 25 28
20 23 26 29
25 19 31 34
27 30 33 36
30 33 36 39
32 35 38 41

