32 3.0 0.0 1000.0 3 160 240 100

194.2133786825032 27.788177848471957
12.176507116891056 227.35646835521848
94.76596771254061 200.92120551304782
111.0720044548156 220.09976212749012
247.2436791922904 107.50291781649571
14.60189577678811 78.29952708605173
234.40376422511073 15.690970143925897
236.96938264178036 95.89862621729151
140.69681797618173 21.373155068073746
67.15982998491327 210.63010209515872
196.2172546781279 117.56688127796802
190.00841233613988 222.12836107467902
137.7791150757465 118.19189492064052
133.5171460391002 61.80601290542603
139.17409792159728 51.03293472783013
10.455074399970593 186.24967890019585
23.45784234621692 155.1250085393655
142.56685424437012 196.57124859213002
95.58906965840066 61.08019455779379
176.46885293565853 104.0565224616175
40.96838998327559 54.09909576081709
150.30133911983046 43.90691574052632
89.94481601297935 245.34056596996015
49.521222896383584 224.49851360542112
193.62436395133906 99.95975567124243
165.93589490849686 235.82431439078414
84.08334819581692 242.81055105858405
122.24987253417221 240.3169665261654
149.5906619761964 184.85836125892385
92.86520631531533 72.50850493730962
96.95497418993199 81.32519189915843
67.29501469103505 147.22653689445804

195.44446640467982 34.01729389519745
7.61658025778969 225.09074127670956
101.14984495550425 204.4932810725525
105.02640836382734 217.14063947831488
246.50608000256085 104.7788072823988
20.04733606348086 74.05806720291172
227.3741739034017 16.24199994742498
239.19742379310722 100.94857684280517
146.5388649257571 23.632888412990273
68.41762732511434 215.98249769610794
203.33724119111957 119.73719613280126
193.7842002484239 225.1281275961631
138.31968398116697 120.61886067641458
133.37915520217007 65.92744131187969
140.2928590794558 56.69709524080929
6.627601920090765 179.0006407156185
27.755213562768276 148.64972672470546
138.24211418099347 203.41728831055897
98.63043106999031 54.279715659663026
178.89689304076876 105.03886932457657
42.09752312406911 48.95156146113991
149.12676555951916 43.471361988746956
89.86714237899851 245.80865149326317
49.10324974475436 218.99696623391452
196.5713288713753 101.3077746302296
171.25723816403288 230.34099008864
87.07985293392645 235.62762349260282
114.3765388314647 242.75814976892062
153.63086610560782 186.61618853303284
93.88307192948322 71.77089639771233
98.22652589827679 81.33378073504599
66.40211686680273 142.20954403667537

229.4
103.2
25.8
143.4
129.0
288.2
77.4
68.8
36.0
600.5
432.4
77.4
72.1
216.2
143.4
600.5
51.6
260.3
258.1
324.3
260.3
260.3
34.4
480.4
216.2
103.2
129.0
154.9
17.2
17.2
143.4
216.2

8.6 17.2 36.0 72.1
17.2 34.4 72.1 144.1
25.8 51.6 108.1 216.2
34.4 68.8 144.1 288.2
51.6 103.2 216.2 432.4
68.8 137.6 288.2 576.5
77.4 154.9 324.3 648.5
86.0 172.1 360.3 720.6
103.2 206.5 432.4 864.7
114.7 229.4 480.4 960.8
129.0 258.1 540.4 1080.9
143.4 286.8 600.5 1201.0

2 5 8 11
5 8 11 14
7 10 13 16
10 13 16 19
14 17 20 23
18 21 24 27
19 22 25 28
20 23 26 29
25 19 31 34
27 30 33 36
30 33 36 39
32 35 38 41

