32 3.0 0.0 1000.0 3 160 240 100

169.5743395782277 224.99137810839716
189.63229339866092 75.35744674747818
103.0735769448351 248.94206030084305
82.9258535903423 139.89520459181878
198.34613263983292 74.3343077929323
28.735772175376677 214.2466888133991
144.58834208174105 151.9469989061307
242.95171220375227 96.65518655031788
106.9968329656572 238.25593139262298
168.76100549499444 36.48219951893411
228.65720762668062 205.3720053955436
174.37334375672356 187.4508540074712
237.48616415635766 18.56562741049342
81.82107688756959 233.65940357003458
107.6111757010551 226.0938745620505
0.4592836261572697 219.16282516045686
209.96332442466067 38.65512124129794
1.7514203613184787 115.16913702611917
7.892609956339669 247.6878597096202
46.70434973001186 147.50344043245173
174.22975787677558 109.70701871696976
143.91884846238452 3.0650959123365293
47.21909078053116 131.87124441642214
57.68463145511174 216.98557774312286
196.43242453398983 112.67484627086024
235.8919662380133 90.77434252316785
127.23880975353744 7.849227819276744
197.14661345627107 129.84893079318965
167.6617293653657 64.50272524880435
212.7422112864149 130.635004633319
121.81205434810214 239.70646312643976
76.96105651346336 117.93100203275544

164.43285879590718 230.2874329034388
197.33178302534344 75.82215561105075
99.29540480157009 243.73796263024116
81.96025068155788 138.06044345934637
202.110725364733 75.88765577556566
30.551932901794114 215.11527193715423
138.9665990529164 150.77782747576643
239.88587477576027 90.08340825705949
114.96840668567926 240.15257431348323
162.10726672677708 35.01965738100515
224.56746977848704 201.92427234746665
169.42111562784564 180.61736522864064
240.9893446734855 11.718363261474213
83.77030996407845 232.3163082989499
111.74954414454002 227.12584441526016
6.059342837147486 225.5241180521107
210.33911864221272 42.19033660936455
0.38354442077462303 112.13812152798621
3.7013916023243554 242.69286659227257
49.46576625043947 151.62927453303848
180.59549651277004 107.1943726024679
144.24708065746464 10.619061407901171
55.36871999418591 131.63792231538284
50.887121961198375 220.50859853154094
199.63165279716986 108.15909623474279
243.55628139263288 87.56113076347715
131.27138577388007 15.051051801604432
195.94178972038858 124.23877039420233
163.79418993915624 71.11895304109017
208.88438980309536 130.4713060598534
117.24640329859054 236.56077416067654
80.7100163449977 111.97582543870307

480.4
36.0
540.4
540.4
137.6
36.0
103.2
154.9
108.1
25.8
108.1
206.5
540.4
103.2
144.1
51.6
108.1
216.2
68.8
17.2
17.2
129.0
8.6
432.4
260.3
72.1
206.5
86.0
51.6
137.6
258.1
68.8

8.6 17.2 36.0 72.1
17.2 34.4 72.1 144.1
25.8 51.6 108.1 216.2
34.4 68.8 144.1 288.2
51.6 103.2 216.2 432.4
68.8 137.6 288.2 576.5
77.4 154.9 324.3 648.5
86.0 172.1 360.3 720.6
103.2 206.5 432.4 864.7
114.7 229.4 480.4 960.8
129.0 258.1 540.4 1080.9
143.4 286.8 600.5 1201.0

2 5 8 11
5 8 11 14
7 10 13 16
10 13 16 19
14 17 20 23
18 21 24 27
19 22 25 28
20 23 26 29
25 19 31 34
27 30 33 36
30 33 36 39
32 35 38 41

