16 3.0 0.0 1000.0 3 160 240 100

178.74309569221742 27.24391930740422
32.71765595506368 184.44341151095338
4.505191213416082 38.170379744414284
93.61880151068752 142.38107837907435
229.126891081186 126.45799784636547
248.5844430641616 244.30495815371017
86.32423508371475 238.95551288243038
220.28095210596516 227.78891657932448
132.45659401121722 69.90457391129739
182.3450798536423 90.02385081783476
238.61026964761288 46.5266425010418
232.8419103774762 213.54253225411733
146.91316330574887 140.89105976738688
33.347583451008354 26.515872148579312
131.09380677170714 42.2482067694111
201.04859236200292 142.91506598042795

179.2228587517418 20.809971290240398
28.10990659959181 179.05291419051267
4.5419801693647175 41.84039841386894
86.30611029814919 144.2297688992415
234.93489261081052 123.9758790679942
244.4506319766949 240.31192977309306
88.59011770313643 236.55643369106463
215.035694220619 224.01076271514063
126.70015774117286 66.82942933645836
181.0737910857267 85.81890338263634
240.6189288503713 47.31167741981196
230.36267398300492 209.1453292494584
147.1690170060333 137.10647818263791
28.73568224447712 32.16546853492977
127.55434864416254 35.447536364669325
204.29209414349552 146.34740901543847

77.4
108.1
432.4
144.1
137.6
600.5
51.6
288.2
172.1
432.4
432.4
86.0
17.2
540.4
103.2
137.6

8.6 17.2 36.0 72.1
17.2 34.4 72.1 144.1
25.8 51.6 108.1 216.2
34.4 68.8 144.1 288.2
51.6 103.2 216.2 432.4
68.8 137.6 288.2 576.5
77.4 154.9 324.3 648.5
86.0 172.1 360.3 720.6
103.2 206.5 432.4 864.7
114.7 229.4 480.4 960.8
129.0 258.1 540.4 1080.9
143.4 286.8 600.5 1201.0

2 5 8 11
5 8 11 14
7 10 13 16
10 13 16 19
14 17 20 23
18 21 24 27
19 22 25 28
20 23 26 29
25 19 31 34
27 30 33 36
30 33 36 39
32 35 38 41

