16 3.0 0.0 1000.0 3 160 240 100

68.4671152256473 47.2381863411738
221.6372771666626 171.18986551675164
10.631075381446864 71.17561250573482
56.57508680074991 10.137434917577014
124.39038315441617 96.08773725450109
12.023406520302455 177.6232449519668
79.2484346572159 71.6538264890667
49.84705985009322 43.68509244168181
184.8701377843695 11.175134718737823
8.43259443493974 50.15278692170993
223.8119237821296 236.55343995378206
139.8356710354026 48.22744392857137
117.33224194065006 163.08960367262597
176.81410421736283 222.29584321782832
230.28542900089505 77.05368664196271
2.6406354895929796 77.39400058397203

67.87706895943185 50.23471576899005
215.14385258751102 167.2541139601887
15.231086620916406 67.31033274319412
55.74472990654178 2.3729539901811147
129.05932690692015 101.50455700833677
17.062845595974068 175.76723196308689
82.68281934450242 75.5823955438325
44.66231565438436 38.69232367081344
184.70989140339742 3.4747129172048585
1.5918105223138856 54.54506364432446
225.1075799635927 242.50744537939528
136.12144117841154 43.731796884382916
111.51659651590681 163.82628533093097
178.60157747973642 224.2740028001033
231.8176061645185 82.11150302717039
0.48459270619219397 70.93859624603974

103.2
114.7
103.2
51.6
68.8
103.2
34.4
144.1
432.4
648.5
25.8
8.6
576.5
216.2
17.2
36.0

8.6 17.2 36.0 72.1
17.2 34.4 72.1 144.1
25.8 51.6 108.1 216.2
34.4 68.8 144.1 288.2
51.6 103.2 216.2 432.4
68.8 137.6 288.2 576.5
77.4 154.9 324.3 648.5
86.0 172.1 360.3 720.6
103.2 206.5 432.4 864.7
114.7 229.4 480.4 960.8
129.0 258.1 540.4 1080.9
143.4 286.8 600.5 1201.0

2 5 8 11
5 8 11 14
7 10 13 16
10 13 16 19
14 17 20 23
18 21 24 27
19 22 25 28
20 23 26 29
25 19 31 34
27 30 33 36
30 33 36 39
32 35 38 41

