16 3.0 0.0 1000.0 3 160 240 100

40.58359813787465 8.996660735813567
3.9605712584580566 87.808810918692
247.87149101507643 182.92139017555857
82.18183990293426 243.57104952639276
167.37508014833313 88.28812390565449
164.65786913098052 217.63597376462798
150.32203268244538 176.3564007040807
220.39076148112605 45.93758289665328
140.59436520611482 189.4305634401798
64.82023003848228 56.250096763439146
236.1954552949903 99.20523395720443
218.4092173313496 162.49550184122026
29.53143867074673 144.66312626395887
225.36593429199533 167.54972878444025
172.16270390799195 46.272734342367336
33.34519996878157 96.56787467999783

39.39650741551762 6.217109609814781
9.238361467469563 91.51090711029278
241.8421234091759 179.14663294049225
87.44166789277935 244.56591576682425
164.319402830792 92.55958384164525
160.66114735690735 224.03514865061345
152.54123385014233 180.64830976863306
220.78687836509835 42.62392295833625
143.09235996932108 186.10823744427321
70.27955531627848 55.3626814681395
238.64070699476554 93.13818184256456
223.41179018248576 161.07423042156526
32.15778333272571 142.44606490669264
225.30411495548506 172.44652119068857
172.30462223396734 42.882778322838156
40.87750151411629 99.70627208941063

143.4
137.6
129.0
144.1
8.6
1201
17.2
432.4
144.1
154.9
144.1
51.6
103.2
216.2
206.5
154.9

8.6 17.2 36.0 72.1
17.2 34.4 72.1 144.1
25.8 51.6 108.1 216.2
34.4 68.8 144.1 288.2
51.6 103.2 216.2 432.4
68.8 137.6 288.2 576.5
77.4 154.9 324.3 648.5
86.0 172.1 360.3 720.6
103.2 206.5 432.4 864.7
114.7 229.4 480.4 960.8
129.0 258.1 540.4 1080.9
143.4 286.8 600.5 1201.0

2 5 8 11
5 8 11 14
7 10 13 16
10 13 16 19
14 17 20 23
18 21 24 27
19 22 25 28
20 23 26 29
25 19 31 34
27 30 33 36
30 33 36 39
32 35 38 41

