16 3.0 0.0 1000.0 3 160 240 100

216.13000224035844 95.01471489834972
188.22316720472227 46.18387717719843
22.38137893571812 105.52411722098967
111.83943392166334 1.731878990748087
174.23446489059566 72.24531460020614
239.72365797201098 204.8649087470108
243.28025743036488 100.2726145489771
86.63358174164793 142.97557292894436
170.22040227998255 14.003146915891495
183.88218504258336 148.49386190786922
112.38508432618394 11.992108368473392
68.83783349387923 233.709073861528
238.18570640948425 165.57913858758013
112.61295343349065 188.17392510699557
58.17655261182103 175.5258217768892
116.56066776008187 137.0728448477809

217.26595404194725 88.73302990673434
185.28453450970372 51.76281340324842
27.995333120821446 100.125918674319
108.97818456780544 5.172757626819957
178.19022682055123 66.33624109445951
234.19327278472696 209.03460571021688
243.6162154871216 94.17621144070934
88.40262728736079 149.03076912387874
162.6604505110788 13.586646328327594
180.3004690824167 144.82439429296213
112.38801117470682 17.09622421197357
63.815416859728636 235.7122674079888
243.18064309658294 172.32246534509318
111.41959261324982 190.19206553089947
51.54318140996589 176.6112414007359
115.75409152938201 136.26732375741167

51.6
216.2
68.8
36.0
17.2
77.4
229.4
1201
8.6
229.4
229.4
480.4
216.2
648.5
864.7
258.1

8.6 17.2 36.0 72.1
17.2 34.4 72.1 144.1
25.8 51.6 108.1 216.2
34.4 68.8 144.1 288.2
51.6 103.2 216.2 432.4
68.8 137.6 288.2 576.5
77.4 154.9 324.3 648.5
86.0 172.1 360.3 720.6
103.2 206.5 432.4 864.7
114.7 229.4 480.4 960.8
129.0 258.1 540.4 1080.9
143.4 286.8 600.5 1201.0

2 5 8 11
5 8 11 14
7 10 13 16
10 13 16 19
14 17 20 23
18 21 24 27
19 22 25 28
20 23 26 29
25 19 31 34
27 30 33 36
30 33 36 39
32 35 38 41

