8259.200000 110425
7780.700000 221300
8290.500000 330675
8905.400000 440350
7646.500000 549650
8855.700000 660975
8973.400000 770650
8092.700000 881825
8163.900000 990225
9242.900000 1101775
9655.100000 1212725
8925.600000 1322925
8408.200000 1435600
10116.000000 1548275
8985.100000 1658325
8308.300000 1768900
9474.500000 1878650
9573.400000 1989825
9346.900000 2098375
7921.700000 2209775
7846.100000 2319750
11230.200000 2430475
10845.700000 2542925
9719.700000 2652225
9220.600000 2763775
9261.200000 2875025
9059.900000 2985150
8740.300000 3097225
7708.500000 3208625
8146.300000 3318300
8878.000000 3428650
10201.400000 3539450
7449.600000 3649575
8700.900000 3758350
9211.100000 3868025
11628.500000 3979950
10780.200000 4088800
10421.000000 4199975
9307.800000 4310550
7739.700000 4419400
8139.100000 4526900
8653.300000 4636650
9101.700000 4748650
9169.500000 4858925
9784.500000 4969275
8078.900000 5081050
9224.300000 5193725
10043.900000 5304225
8982.200000 5414275
8049.500000 5525375
10184.900000 5634825
8237.100000 5745175
9390.500000 5855450
8614.800000 5965275
7654.900000 6074575
8959.100000 6185075
8215.800000 6296250
8914.400000 6405475
7972.800000 6515150
10238.000000 6626325
9851.700000 6736075
8097.600000 6846650
8629.400000 6957375
8746.800000 7066000
8241.100000 7174925
9043.300000 7286400
8540.500000 7396525
10148.200000 7508000
8083.900000 7619625
10404.300000 7731775
7429.200000 7838300
8359.300000 7949625
9151.800000 8060575
8136.700000 8171300
7809.600000 8279475
9848.500000 8390650
9352.100000 8500925
9059.200000 8611725
8843.100000 8721475
11531.000000 8833400
8269.600000 8943825
9710.000000 9053800
9013.400000 9163925
10768.100000 9274500
9030.200000 9385375
9107.200000 9496775
9995.400000 9608100
9795.300000 9719275
10581.700000 9831050
9286.500000 9941625
9851.400000 10054225
7852.600000 10161950
8809.200000 10271700
9186.200000 10383625
8460.500000 10492850
8639.500000 10601175
9109.500000 10711375
9775.400000 10820900
9596.800000 10931550
7802.800000 11042200
