256 3.0 0.0 1000.0 3 160 240 100

111.48473849832266 183.72365219988748
12.980989013963523 247.36759181597083
86.73126371905846 164.84743235432168
223.82349729158412 66.19757016989253
188.12594222082964 197.74986756583758
179.57594653331523 93.34346049962019
172.56097967051326 122.78453487440206
46.57502047146947 84.12211215912693
41.3943123374414 68.17068491250181
232.88107044492983 179.81158931978783
209.48278860726884 52.772295517482746
188.0342249189089 122.23368811795116
155.10515821369293 26.957732227747638
36.671219213717634 10.459013759991393
236.05874301257674 184.48747126293657
126.51556141860328 36.79355750326202
222.61651302575075 16.351942343648062
78.9921354019961 64.31741798869514
5.565191686293963 98.86465935594215
219.40433503783888 113.87280086231674
160.00450238834307 61.1856401466801
33.699447421071646 164.38798195200613
41.48600775108818 37.03190721460922
92.91265259500867 87.26966463724445
204.92931925662907 117.39651382837596
243.06591404726 94.29879096279814
210.93260221591768 223.25719634687962
136.67643023990863 156.90451733688312
222.59800765987382 228.47308535782764
18.241204559167446 58.76601086419323
169.21815557811766 29.71587943456991
17.46780861562261 63.70905568425664
79.78194665424604 170.54624171410305
146.69123619884016 234.0481505810665
61.860273347449066 102.0714733623129
117.59852332296674 184.97644442839044
57.71656071591852 55.63982518513102
149.12652610007078 207.82130887832378
201.77625560803168 14.794291091551697
115.6240030170271 209.8789044608997
146.03066447664918 102.7528100941656
159.18728509953644 161.6262683088474
19.409191483657466 154.02509334152174
58.144451209493795 0.14647249842142385
98.51927656147156 139.0407565186652
16.784886474064148 103.41440253118162
115.62371705595086 68.7831776759604
145.50783751001657 206.95513046204934
122.55948323272762 164.50458767520698
231.96173511876404 229.58578118753834
80.82555117385549 237.41653357700076
219.24520606550027 3.2292170840001466
135.60361818401105 202.2784782212043
14.417674438258448 236.53837935678874
201.51169851196505 190.8873004349671
249.61424760789757 200.4851123988461
174.27778643238702 188.4152328464779
75.21244426292131 0.9525770849984627
132.36728269278044 246.15942748363247
166.81589370418428 115.69994097847083
48.2486111356514 227.08269217518466
157.70675953038497 169.91159129737352
177.69947473460928 9.434933223607889
102.7828818058226 126.54214418750662
180.76973168649604 112.48759287952808
90.64677890604212 133.7296947225982
157.05610673197145 249.31224975485378
68.56611745611715 128.11966868389186
21.8124732990716 120.74832184401535
120.8297479892955 59.30362838965561
86.59459427171886 10.029898808587928
71.96700105709783 18.115208084826474
205.60208236052807 194.2338100374732
72.7744875222473 81.33152029623275
16.1211458390256 184.88517031760605
238.6683635840683 164.40747559935372
95.99552039427589 2.7333798311768023
5.855467652665452 117.71528121852477
81.69347039478492 31.985797388901393
93.62113398489636 0.3602737545304602
72.48174858410097 65.8401539560769
73.76590930135302 151.7401576857
194.66187805817952 107.61172384412446
6.406325473059887 21.4694246805312
51.69997482275706 43.411946702622465
83.90616956214842 38.14976907212672
142.3683130797705 172.22645726303168
91.9725820619608 91.65785542491902
75.84577282651725 104.64375924868862
29.240190722015974 191.92975809350366
193.33058295950636 104.10238846321654
37.47257497723164 78.73478194810727
158.90745510627616 1.2728773405469573
36.165798666006275 132.51521953772982
187.24960629358145 117.13937075572117
32.692740285283044 27.227565416712757
181.85505608892086 140.68556769999486
49.27734668767844 197.21757750528175
237.66734542359035 112.22363967947685
201.6756932722815 155.83455089881866
14.510665319197896 28.556456858951083
15.972756183790542 26.155930644961106
43.99509509761493 22.411651929808706
149.21374374059153 207.8506717582992
14.280416817716441 214.55259877705097
128.8951404305621 130.27560361718963
129.85469735835693 239.59727280853028
47.47015271576288 36.940613458637166
218.71911163350904 103.16317178072734
179.704627268834 188.4684192211162
129.26812433763482 99.91695975633563
224.28936895680764 111.49236353150235
31.03439464851046 120.50833868731037
65.25690270151696 112.0749552248804
221.16896394435204 8.545866096200005
228.48986293484816 128.37186442795138
248.49124523493086 119.5695633457702
193.38769319617154 28.860596679457256
7.740174786839166 117.91602549667115
164.3212339188868 104.5036195356082
206.97605472521653 40.20417566033308
116.85076091546328 177.45136098162757
187.65426937343912 181.6578382828063
105.26621812278508 1.5647585275349873
126.00064340519074 128.5929699746189
24.322962443906636 117.89650635244998
229.04673745240552 249.05300445693615
171.37500095813664 146.59333377413876
185.04332817278075 174.50947214931085
29.12124032691529 200.37570438737893
196.5695100351157 202.70297099361792
244.73085378464236 145.05194333576478
22.05988511613835 92.36545679025498
89.70939511950615 220.7880511836547
185.87733149530706 78.9456774359413
44.28161094891509 70.6337704252177
36.102942069189595 164.26013358416228
128.781019011916 24.925216446899434
107.81381895110285 80.21331847983043
235.87746868972724 220.08528679839552
134.27401488160677 150.14280303501087
146.23756777887732 106.79464065406013
114.69312455182876 16.126259381942535
166.28101592683652 102.173753131589
214.06214887694492 149.3931136464607
235.21486888143974 20.205170802714473
88.61777154089789 248.59094767941073
116.27896238305516 132.49415783709367
53.72943782471118 46.864015019850214
7.163824958636295 96.13348339929709
62.49513978558266 245.54495021245523
249.47657278553254 176.98583183809765
222.09403222663033 195.63000206892158
166.99615745005482 121.99397841565613
103.66396160619325 128.93704734315602
203.61145586304818 8.56582906071207
186.11965243110382 133.29001231555125
163.1453938432266 148.46535578537225
180.41088609550292 40.98634297958598
80.36107276940085 155.32985427478687
185.22997166961156 47.858307771460105
237.69596484386793 101.69583594106163
134.33129841215245 105.22970458292663
167.37991807107426 159.50530192672608
45.1807206963403 148.39773672499282
241.57762982181842 186.12781301572548
72.03601283184128 198.78876422042273
107.3865345580514 188.4267517103357
193.84768987446654 36.1961886317658
28.507579778904642 146.0552495422719
93.79061863976604 0.5459095046574935
118.32155219000201 8.02975398409056
80.36282974648762 125.60965451121179
91.55210794685925 76.41771743744592
135.6499194725733 16.390303064897278
208.56209950256005 127.38482446969937
156.48009599578876 246.53888081259782
33.29286186368355 85.67831494281423
134.68588310972922 172.95746719896528
160.29242465896937 194.2337491885738
80.41598896218454 193.13344503154994
115.6686748336488 181.9311923650394
125.91250727590392 46.493678796459605
12.21814052691994 117.20355322756568
229.46283665111852 47.42453756342441
67.11704104812901 39.2723462290972
223.78203116067468 114.46743320560881
181.1331218178551 137.2783786801474
125.35083458934812 2.231838404729569
44.81690250182424 108.60068125626427
54.57889310072087 215.88198644852082
147.95725018349833 15.926936242696643
103.4794396082574 116.61795145316101
46.53679088627288 180.0610124882715
171.66782328896278 212.24574721036555
189.72203427118217 25.96460647828072
7.530910479094488 164.34493702563427
14.95120806902192 99.4491483354771
167.13890825230828 211.43245531716948
192.69922331061323 131.2122998028012
106.71633908248715 184.11734977115938
174.5756396326932 52.99880504372939
162.9204816620495 199.1807386155095
49.941801511835166 5.2584178363601355
28.898227034398953 151.54905737893736
102.72310291944869 208.13807066670321
59.30948613521594 34.088414652425875
189.67451294487958 161.8683895801389
165.77511530997535 185.4211590795877
134.69781107620102 174.018288728502
204.50182883968668 5.583945246383032
113.90122492428375 54.18744695827946
192.44481170765076 153.63001089376797
91.74852125271738 21.229795136294943
112.55558356480135 36.692305199265554
159.9988445685032 79.7488568514295
243.16787304788548 215.7995734729257
227.15112160387662 50.87905603757184
127.75718884678372 154.51834085025047
172.28370621727944 231.09889552740208
194.83472429633855 195.9481598048798
120.10300829414442 61.496648738030316
168.98342605291796 228.65163545062808
240.74301235019956 136.65087614152065
112.79055952417535 129.47969699748114
232.09843729683138 4.499616277577112
128.20770368068327 99.58874471548204
35.797366710421194 239.7142708525681
130.8219484073774 238.48427401539217
28.875537392416632 127.88368984912243
161.00548979116542 81.56297703777362
12.078455832242652 157.48256218842988
83.95759016642798 22.19269757233966
212.10381769881994 155.43398857823917
190.8568945995428 186.62951973690343
169.14826503611846 0.7233358352385644
170.34794388343158 84.57338241318088
128.17518535043286 177.99554656434316
23.35951813709125 177.83645802416214
51.715806904777786 0.12089859110711587
221.0377345253759 27.055226128133047
130.66408920381213 149.59159416275992
143.6584610814659 148.8255552841822
148.38426879971885 194.26883148142235
145.04083428034627 188.50525115200702
62.713512197763 96.59954156908684
179.23579204271434 104.07359593279136
220.21137837952094 143.768836202628
205.4808441092427 111.58677324227162
128.51738358615023 95.10210444775593
229.94720463744457 132.85518925364516
233.98532709255826 76.57670288787929
190.03988225412644 82.95163220907328
166.178798914844 120.20186947861316
63.08346971556566 128.41626640439304
125.03661487463488 133.39431827194028

117.61510260522637 179.4236095959194
15.256025247979005 246.06730079639178
91.38120749704945 163.3487176303892
221.56213210460265 60.25196114060588
183.0877369277446 191.93367434743556
176.08384831289615 96.84306501834278
168.0102263817746 122.44171490585299
52.55128117196104 78.57903246300351
44.08386691199251 71.3057206444701
238.36210057312624 180.95156941041623
210.1653175932674 51.16996806677662
181.5861815153418 118.02811298656873
162.4466747168236 23.97594127502159
36.16279942444922 2.785575017511255
241.24492039448765 186.24015365703195
134.01698263695252 36.43455554256697
217.50485225956893 21.917333099743058
77.49548672958997 62.46047446443814
3.7069053846859044 100.44959704742459
215.88237449334645 115.6460732156779
160.00678276431785 54.20432030690822
32.91923909285941 159.29882856871916
38.41539073541039 43.63899391483672
97.39458243708022 81.39731974193762
208.0795164814303 111.907341644569
236.62838155112524 94.74753811851133
218.18706591383338 224.76149640786412
130.5896710933542 159.00027927185656
222.76301175148785 226.99888388304916
15.425361628607387 66.65586831448589
171.6846937140803 36.438904618389444
15.910454717986383 71.5524312261085
74.35697025350369 171.3621815941245
147.55466673521298 229.8815776888434
56.613897931071136 106.18576832627771
111.8949140170554 182.1005452390692
50.42826748173751 58.3050955270141
154.92329030309847 204.8035085434215
202.46056516051416 18.855778899168342
114.28812689925724 216.29223828124702
141.26527408724087 105.52317614032195
161.52788452267183 158.8905094818431
12.576391170486117 154.56745770137786
61.36877845820465 2.9420186276527263
93.33387383955849 142.8390214830388
19.080274668309862 111.47382538862085
109.72589349236011 65.2602387384155
142.4344085712516 211.0887104733849
122.50446540028004 169.1188527028351
235.93457179567963 236.10003173454538
84.10712043860092 233.95628029807784
218.90617205744428 7.088326348641038
129.83666482012706 199.7190472370203
19.68242996858066 234.31172617896777
199.13997648532975 192.5973965723201
247.7040019738329 208.25874594948274
174.09792780757988 192.32218415459369
69.8669342550984 2.263339875253234
129.43753111792392 249.4895728022903
170.59511203515385 117.33895535851693
45.896887820453955 225.18875713478616
155.82082900546084 168.90679207883005
174.60021062105105 10.5754368139723
98.11284585055341 123.92723796538993
178.6551388919529 104.98613882753924
86.93597685410762 140.3577587310967
148.9689029680915 247.79956907837095
69.5252050194205 125.74063637297739
21.94721956541973 128.26838799001268
128.2312701268449 56.249005947317634
79.4834231586845 12.977125310901783
78.8683598670428 14.861190890785746
204.23553177818803 187.88630901551716
76.79261976531726 77.39068578480703
13.639376262533615 191.35235951200974
236.4243986864661 163.85238856470139
99.03798093453375 10.28443236569873
3.972286137515324 120.29819507859627
81.53432208304626 28.271113534892617
86.75757464632308 1.5858516807190082
67.51851088557373 70.1891789197471
78.33322954416155 150.0382626818516
200.25476354019816 102.43744538057304
2.445578284765854 21.753367253186024
46.892508349060975 37.39337800391188
90.7847234340391 35.95963878389596
140.96719417801185 169.79648716145533
100.17591234233392 93.21089632500471
71.39632115919694 104.2004046672817
35.18888505799339 193.31769058118712
191.3523872744604 105.62587677654817
29.921093531401738 77.51194892376537
157.1106737443561 0.492730631439231
37.145639705711055 124.48424818076239
191.43734373831677 117.38246913022394
27.51168541507462 25.44335561529737
185.59827058377005 137.91028832624554
57.17584793225933 197.93080375113473
244.6263798317048 112.70199611295418
200.09173262588027 153.52736334830755
10.157805170681488 24.428611587850646
20.482607178354485 26.107855944095036
43.110863509152665 28.524287637586937
154.40375547730937 204.91120552532394
16.281120857282144 218.28105457543631
124.41568595183993 129.84848266299198
128.79905649920457 238.1943944541755
52.61039604763368 38.028208378723974
211.93011274099095 99.02884989551592
177.12961087518013 191.31450458319782
124.18217510736612 100.72262274092247
227.15550189745136 107.62249336222821
29.489473248503206 116.97969440854783
67.53934533842471 109.88208491327728
227.0640653608608 3.459736089076071
231.70061119326766 130.54263216404385
248.21724716889992 121.25758058795572
186.92169187517 28.910982251063228
5.2587795996028035 120.98181092090566
160.93823535867534 105.82332165034123
208.10403664280918 48.50796930307541
112.06164608295691 180.59101974707335
181.0448349342001 178.84144920309407
111.10143911084408 3.6361342767584626
120.61740519057274 124.70218699635971
31.198569805484855 113.99899573118655
227.07418250651344 243.0905437773516
163.20284236667754 148.6320326711801
190.87384521448524 175.49565202929077
26.67669246466839 196.54369216797
192.47937606534916 196.74338304472707
244.02864220011807 146.8773301613466
27.151748640418333 99.08938788484409
90.09355716275192 213.6028564992792
186.90708855871353 78.72457642532967
38.04296432734014 69.60730942561565
34.82693147959884 166.41592605780625
123.9370875749679 30.716148350954153
106.0772249265113 87.18179909238366
238.46463864454577 212.53777087257285
128.83293332168017 148.65347597162003
149.08696354248718 105.45268761744356
109.00140650878632 20.31351970796369
166.48825764077264 109.20305256899634
214.42963026693877 149.7571688142259
237.48769902882822 20.20789671390888
87.07908206495635 241.14153659828096
109.13653001019172 132.76682719133512
53.419324708720154 40.70248274432439
6.958632640190893 90.72170076403377
54.6942897677454 244.8680257345853
245.22815834636927 180.95459262038918
217.97398231486832 190.3347983472623
170.05417038802847 120.51423339173343
109.28434881045487 122.99411193880009
196.26140383491682 9.344698997918927
182.84344985251073 138.26384777932404
170.39300401566604 144.50716845328506
188.24594500223407 39.913819686861196
81.13856402503491 161.0125904154339
178.35865464228104 48.154955272265155
244.74777733914163 99.62783342650906
133.30149167557423 112.59422204018024
171.350957115094 155.03620303901752
39.41130115847113 147.28764587954927
238.41100546782235 180.97408553311462
77.89785610228684 199.78308496472746
105.56300193335034 195.684255687544
197.7524673409137 34.325079231807386
26.06948836634995 148.5096583016623
90.89888543797764 2.6642099221750595
116.04665383679067 4.81604366349192
86.3153745103005 124.07675476721793
85.48198069430742 73.86074781784852
132.5315539047978 17.280937595519298
212.08203221152033 127.90161375797354
151.6911013167757 247.82061579918707
33.574546956331496 89.65273867532972
134.20583512174366 166.39305819615103
159.74099757350282 201.04194439962862
88.51728454749761 194.13983112926482
111.2510410164422 185.3932930331618
125.27089982358567 52.0313164216292
9.629327176176982 122.91955398391116
231.1758575351699 46.47981458055855
62.776956679533896 43.81014390341137
226.22908129651236 117.25607267689098
174.17294766410203 139.02597845652534
124.26857768738122 0.18981753095351217
41.68702031391777 115.18395473604187
56.59057339297816 207.94912088271468
148.30981180931445 16.78805928738203
107.16369507099787 118.54692038775532
53.12319678029206 181.13472950375743
177.02327354885173 213.4034321708667
191.8779106427389 31.714534291538364
10.711618088233399 169.25910242146273
14.418428066570538 101.9791239996675
172.30676430519065 212.79447294834716
200.69529279638616 130.6985501949379
102.99454101803579 187.26369616937333
171.72909391626035 54.56555249367789
158.93760826952422 204.32875173760087
52.96249656857166 7.098374782152083
26.961797917904125 145.3301917853034
105.13468694533212 206.60255852775254
63.3891578210824 29.673936434294585
195.06664863642828 159.09390956559398
164.23091554111804 192.6226256616351
129.85372219898312 167.99854821808867
197.75122723244223 7.039667470962019
114.55789038483289 57.979954559549796
193.27899490967712 154.79689760234356
91.78729458520388 22.057849491025127
115.0685478105814 42.95601242880828
157.75692287753293 78.18709983608596
239.00592428361472 220.5384935320259
221.86788630530006 48.496377720723515
126.23894560589873 159.39303589662785
176.1022714274321 229.0066790043093
193.1797847893238 192.30137462816504
125.42583577946004 63.07095302030591
174.9059922220402 223.6434156762339
242.85302391422917 135.25377663038745
108.04703640702252 132.29842860840506
229.64320602470283 4.296308682887578
129.08143891541147 107.97810254721385
43.0520974002789 244.03701036263337
126.80272506156689 242.7593547358108
25.019451942905697 131.18163277459598
161.31989894149766 73.49299844891222
15.273769317717372 153.0655086735979
77.01237812416697 23.120169323905316
219.46789787088818 153.83470305212157
192.23693281331117 180.334539492802
167.99249049322253 8.9686051030812
173.85969069519965 82.25989553258037
132.42304490335886 180.15327170886823
27.19804600312059 181.11360962381374
53.225026358914626 0.08589085770713267
223.9563278182496 25.028255279862023
136.37168417327294 147.91149863660436
143.12587194935892 153.5513060056897
151.1851415755867 201.33505530054066
144.2284084847399 185.80623591428258
69.78855035040249 101.10434195252526
180.37444350275376 108.84634841710583
220.39107203058688 151.85890685187937
207.16346128017096 117.71570101140122
124.26755182422391 90.22777059753898
231.2502224033228 135.22316227399932
238.25215896299343 82.03146644963239
183.95114283826854 86.5081849413076
160.14084926082904 118.09919121291637
62.26914861054828 124.7555984124176
121.55894904895251 134.99035099008242

72.1
137.6
103.2
8.6
17.2
480.4
72.1
51.6
260.3
540.4
154.9
216.2
216.2
324.3
432.4
108.1
8.6
103.2
720.6
1080.9
229.4
143.4
72.1
480.4
114.7
540.4
103.2
540.4
36.0
86.0
960.8
36.0
77.4
154.9
216.2
1201
68.8
143.4
86.0
229.4
216.2
229.4
36.0
216.2
960.8
216.2
1080.9
720.6
600.5
72.1
288.2
576.5
34.4
1080.9
72.1
17.2
288.2
68.8
432.4
864.7
480.4
540.4
86.0
206.5
72.1
576.5
216.2
258.1
34.4
8.6
17.2
1201
288.2
144.1
103.2
72.1
108.1
137.6
34.4
720.6
960.8
51.6
129.0
144.1
258.1
258.1
216.2
137.6
144.1
960.8
324.3
114.7
720.6
103.2
51.6
137.6
480.4
77.4
108.1
286.8
260.3
103.2
324.3
720.6
258.1
103.2
206.5
324.3
86.0
144.1
144.1
86.0
206.5
1201
144.1
206.5
68.8
68.8
25.8
229.4
288.2
720.6
25.8
68.8
34.4
288.2
144.1
172.1
68.8
114.7
172.1
432.4
72.1
864.7
576.5
648.5
143.4
1201
720.6
51.6
154.9
172.1
51.6
34.4
258.1
103.2
137.6
114.7
216.2
260.3
86.0
260.3
36.0
77.4
286.8
216.2
1201
288.2
1201
77.4
103.2
129.0
103.2
288.2
17.2
540.4
103.2
1201
288.2
154.9
432.4
648.5
17.2
34.4
720.6
720.6
864.7
576.5
216.2
154.9
258.1
432.4
648.5
324.3
68.8
258.1
216.2
432.4
86.0
108.1
288.2
34.4
25.8
72.1
600.5
72.1
72.1
216.2
720.6
144.1
288.2
144.1
540.4
864.7
137.6
286.8
154.9
77.4
86.0
17.2
216.2
432.4
324.3
36.0
432.4
72.1
216.2
72.1
144.1
960.8
68.8
103.2
108.1
432.4
432.4
72.1
960.8
172.1
103.2
154.9
1201
108.1
1201
1201
600.5
216.2
108.1
72.1
51.6
144.1
600.5
154.9
540.4
25.8
86.0
51.6
144.1
432.4
648.5
17.2
216.2
103.2
960.8
36.0
258.1
144.1

8.6 17.2 36.0 72.1
17.2 34.4 72.1 144.1
25.8 51.6 108.1 216.2
34.4 68.8 144.1 288.2
51.6 103.2 216.2 432.4
68.8 137.6 288.2 576.5
77.4 154.9 324.3 648.5
86.0 172.1 360.3 720.6
103.2 206.5 432.4 864.7
114.7 229.4 480.4 960.8
129.0 258.1 540.4 1080.9
143.4 286.8 600.5 1201.0

2 5 8 11
5 8 11 14
7 10 13 16
10 13 16 19
14 17 20 23
18 21 24 27
19 22 25 28
20 23 26 29
25 19 31 34
27 30 33 36
30 33 36 39
32 35 38 41

