256 3.0 0.0 1000.0 3 160 240 100

152.30707132583228 196.0759332475005
217.25604798085337 181.9841869011371
76.85712269586136 68.6339573757992
120.12016330099907 170.43552059858385
104.48613580961508 88.36435445061116
129.40831000054118 223.9188839174597
157.96036165770514 60.854170401764385
14.757794240224692 7.925659864523565
71.32495721912827 78.8058771026666
191.27306198786235 124.07003207693288
187.75280302047497 92.11384185877561
212.79000604547312 108.41657179167034
87.74488245185303 194.4016616168398
76.12439497568346 197.05932752986917
164.1786120454987 185.5574391325027
147.11245723489867 0.5671381277001508
112.36715480308743 168.29323885995376
197.0333526473226 199.2913039976008
41.68258447024409 129.6910425314027
97.43661191418535 61.25121586775198
152.60521111890867 115.43886269444702
49.465392796660154 99.68451393103331
208.8778288491577 153.87207200751203
139.9115574748868 58.49671812395499
145.89128505318428 138.70246733993577
213.65687368751003 44.03187567925138
39.26659524785542 202.63727280945656
114.45909515755295 168.31804201565498
209.75172181907197 0.6198895960918549
103.0888283290364 123.19591629361992
198.94503625240193 212.62147612232732
248.83595943312943 202.27496124838234
52.09843855283583 42.49470038661529
116.15463051328243 219.44007268559156
73.60177285986924 45.07140750851943
51.97766373837786 59.39288150061253
104.7028853307434 38.336448196190865
66.42086571787026 80.06166058826034
138.21057928179246 25.84638624711491
150.60623659760037 19.47675526225401
8.31346735129218 211.36608840272459
138.2293885366019 232.4217307388319
69.72272598516183 176.37185072074487
242.62253876346816 133.7649180169065
75.32182661702872 45.915474292311934
185.449537258866 84.45602242816344
36.17021043612356 175.79993694047
223.074788372839 161.88080616073523
233.52802701644447 148.76122640374186
170.25101692815235 215.59033784068222
12.773194461971531 83.21699826499326
137.66302085217706 74.60953948410278
58.015200351570876 118.48092513671443
11.300257874333363 98.6946653779057
106.20234551064459 215.87866812685417
209.0976435054331 111.18663667365064
175.0665035495549 2.667177822240241
170.2446824467853 37.397560691856015
150.4333802977947 178.24871945289678
240.97670675890924 80.53100710623559
23.640789402100765 38.77754240304013
164.55971273090904 94.92160999434057
163.93172316191695 25.843461276599395
41.17797792497832 12.086138172388349
69.53677548685307 73.1914520679122
215.66577170927283 71.05108540277081
10.584250432761399 51.307758023677984
158.97430130931824 13.61047047509234
96.77473049761457 52.943380376767934
177.0933168087092 163.20152692430787
226.7675791817477 94.53052451202551
115.39098363254935 182.61065422233764
145.1227403517617 174.5970828400644
32.879682360046544 27.52789837552469
216.8122574703997 53.28564824269807
186.1169425800574 26.31072220428468
132.5489754622129 41.01856511619523
182.45492633130797 27.810135551448038
102.09833208185768 165.07513512213995
103.27538850521178 245.33771626561287
145.89201650935627 246.9925539472463
233.777866024457 70.06693840198177
138.67677751824712 155.55535107945943
111.46812622412702 177.97889024365486
84.57941517773968 164.7284139066903
246.9630155240695 196.4023472859152
102.19004219115315 194.77082743439362
140.49070809858569 79.57389263232389
165.9251439295197 181.9727760611361
198.08597180713397 218.87877843694505
30.707509949018856 12.596161157666236
146.94539657688333 164.50913564857677
20.09761726585038 128.50059308918446
244.6573175489435 122.89442852980828
166.81545908898337 140.9171279931633
216.2604772475416 65.62207489709007
74.2405379916688 22.132185474769777
210.46310675020578 42.75789088907522
28.615230511686047 39.312167057934275
175.5915587601286 225.31092897084864
214.93919784008634 176.67728086403113
134.5329540607533 116.95265245764367
160.66974116478127 43.22368753710634
39.16829024806831 74.206424210422
34.58549854465945 45.162402767867846
171.00378837255315 152.1195953351484
129.33436518894936 190.9293639071328
118.3787562958019 11.548623031074733
221.1285505967949 235.70749555413073
66.64858068989979 221.4777161038359
157.91108722856043 220.55130589720207
136.0234872458878 109.68983698781418
215.53349299289118 39.841811090689575
169.94129414216923 112.64896347341133
63.9129594997995 193.5116975846763
57.69037747050146 171.58916175280464
73.42128744902402 106.12501022577806
235.41653898003963 239.0452326785822
26.80392494557954 214.78983353461427
14.39633683272723 3.334996867822543
10.803709914276787 216.926119009818
178.5300445877393 116.09930285982004
159.3945249916676 77.3231078558218
220.2582925645068 50.277497697414994
153.42063068326263 161.58941023091722
141.26292481206147 78.6438655698784
46.220032149656895 111.6330247872526
6.5807797245990285 114.0818854480245
59.147149382048596 130.3387353896022
20.23050051082259 113.38944976894547
161.21769241777298 242.41039591883282
247.31289150262523 245.18465614816446
234.7802314134863 213.35193853337572
90.19791706531602 238.47833111174074
231.3116800417265 45.42023131157996
56.73772847937442 43.991076195650905
24.407517597845818 87.23997174407391
77.55386791437103 216.96282339804253
104.73678164695934 202.25634941377848
148.94826862590833 104.77268427435712
163.68539048361944 212.33545679313238
78.91184320167658 144.73883114374942
95.34593341907672 162.3788519490467
73.14689596006859 202.67764033113235
194.47449960655524 231.16350806542656
237.42466861443833 100.98490195894666
128.66968221036564 185.15740233340293
129.27184915000865 69.93666719794258
227.13130754505096 122.61630997035952
1.7570417422747842 136.73260229268053
29.254359740238545 164.0709177562253
246.94496241064516 86.74562492919752
112.53224039293538 243.0917458961724
218.6248306782836 196.54444921214483
224.5697840638185 187.61689362934356
56.23130178650643 140.3776288122562
146.31976348760838 57.27259798551765
171.42809709962228 101.78422495902781
121.19200391274373 12.325553346232448
202.38787570142463 3.5591966591478896
188.8522005270149 165.56715423564432
118.39423899157985 227.69538972562398
152.80622081553477 208.43718436043304
20.996648666808284 227.4214668230198
190.57572917180102 62.72738286643498
41.32206788317258 221.97306184284068
47.44217471761233 23.970716076945703
101.25871887001009 193.74875698638542
19.420999198755258 139.07010959581527
142.87198826847865 205.10824949652277
48.957377770629336 90.40764494831203
170.7485823364522 226.10663196066324
222.75535411520062 243.363982354033
212.59264077751834 179.85242549093763
243.83339521824786 138.3106709640948
246.10072569279214 206.65653435861338
43.476100152418454 52.07441295427503
129.32833584123838 37.95696074127813
188.18987923356391 218.94992752772842
107.51977037590635 39.65235291331845
9.176172624476148 213.17662857695905
220.04402666270406 38.577974024819994
229.7409474940557 35.397445401862626
50.16483133376509 213.67102082963953
212.16154934697585 135.10682137009036
199.804836602767 205.21785035960193
135.08617229548548 227.0542018394768
60.18195822551231 3.458532336701625
168.22562917357035 182.22111392084196
153.1684700755111 27.8223822681683
61.18982458663263 23.640920824536394
243.620678371893 48.08564399899679
97.9786341123623 72.48773782109683
37.67215526895981 54.07907528569431
15.682044967926606 53.07582858459031
218.36921784144164 189.66976054901875
53.857100092296214 224.57449181108467
111.57017354398107 64.76586135267473
58.7850314891491 148.16281192925544
131.48820034232074 153.22058618192622
197.2402269763568 224.277658877301
81.10966178384652 143.916474671345
37.28203739937477 195.97504991071756
26.75446212949259 166.9439356347843
53.280952116139034 26.35301307830523
188.46166803436356 136.04948724631134
232.26248059409238 103.77444514898346
25.500922132993875 111.27132401978047
241.38757959628214 36.39284113149074
86.91797599483003 186.53458558243295
58.30882478946425 23.0597931594006
194.1066657327351 60.28578087685057
43.98026335260824 174.51464445174304
210.5304023378106 216.34197990952026
165.35454098259328 155.73180032198158
129.93067046881293 68.54458759954821
28.527386272197834 84.49440074354175
58.27473630289204 118.70466167040856
46.270155916626834 200.88818361505201
133.49631943986077 157.0704704300653
70.98550723457939 63.320662635017676
198.14195221807364 101.93224945587556
107.00421831441761 236.38472174077603
161.5492725479459 0.18657581979475424
199.3410780009484 151.25842956334841
106.86481426299673 231.6656416644262
147.5351653467562 164.8850009724551
58.5622848209521 142.230148395732
103.60278816899465 107.78481173005352
86.72644272081065 215.07261876970142
27.998256830787856 197.34035025640983
49.04349413420317 222.45167781344523
192.42613110224187 108.61015180047131
114.47941222479969 108.67888748099017
206.68989325909672 131.1284917456336
54.259403518895496 10.540019672795664
210.61723727441125 214.69017843535167
239.28544368810208 52.451949347919054
119.63258476972058 77.95842032798267
57.31000548298351 121.32400248196637
170.97919754541797 104.83786917717374
116.24767602194677 202.63110568439146
63.807737802088596 186.0284707832188
124.34017964805929 2.8037873376086377
117.56522842690944 160.92357102631277
166.9432113442695 50.010023757604856
116.69599656332718 98.53509328122492
111.0121121101238 134.1248386782976
210.7850840050599 106.99567819903949
197.12180922258565 231.01132304548017
44.625163775908696 183.93414569072377
208.4104131576802 146.39426518221904
83.89147908972949 232.58933875168162
106.01397180603561 37.84282703312031
219.8976718512829 8.28416659954398
141.02193780893427 214.3948022856572

145.6551833491686 197.45920643063107
212.39800071394848 184.7164340226759
83.33695532209104 68.75853249626584
123.5834524254455 168.14171379076026
98.12904587118457 90.56375096022359
126.42442458296149 228.8014471985009
156.36482021482428 55.724241271131014
10.900702857657679 11.503868443163645
76.1790020820284 78.91383862177601
185.1801655486424 124.13514291073646
182.23661140812226 97.8245211298846
219.9026418087351 111.78998818900357
90.45519609207659 188.66717531977025
73.44527243906835 195.4222560375331
158.5114114138287 187.69805600927404
153.373163319798 1.2014573842482057
114.93126204627634 170.42787085229955
201.9381861887175 202.35812926443575
41.38903597930177 125.17332298769149
99.79337006254538 58.43218178605547
154.33286857498473 123.34295551366972
47.49892579351373 100.25368202279256
212.7107355342743 155.51816553329982
139.87710775484615 51.93655548915643
142.870023611505 142.70267604921807
207.53860514954712 43.571000878384005
42.90996075054332 195.58232810333558
112.43682294195462 172.36316271395447
202.57445885827616 2.7528221290225585
96.87207806267573 125.82484017147017
200.53842233206382 206.65317413021032
241.87086466675987 204.1369396505204
48.484103259645224 40.53101097747675
121.964836297107 215.17981553847045
69.28441854203842 51.91146852642803
50.334085910867465 62.55519183766386
99.24790130415865 34.46517062279103
69.93523790545083 81.85081816392851
135.18752310388317 23.170332196461974
154.51876698577064 12.028260666631208
3.489479586952837 216.32794706481718
140.24747340695126 232.85197641194176
71.23436364765442 168.429809639865
239.03998336106815 129.10451303087328
79.96949960364181 45.76867509338703
182.73718442258024 86.63850337044279
34.832486332291026 182.40065762641143
223.6553433003005 153.80465892329838
234.86062911191254 156.97555851956488
168.00329732009266 223.27177136618457
16.34311876079425 78.54124777599259
133.11684295720804 69.30240970520657
64.75850327749538 122.19863066842821
17.40680556473856 93.93459095837814
107.459653912018 210.10012877512125
215.23831021975272 106.68787877247252
176.38244615302767 2.6541600617816243
166.38014851591888 35.267326540770775
150.75344319808033 175.1839037792779
236.57056135892284 76.16605095801931
28.52172396902075 37.51469655503076
163.91623487170307 103.00451685596786
159.01065560792654 26.085022571780026
39.97526196752024 5.892969048897717
62.62537596235035 72.16690799902109
222.6948087050093 75.56012005626661
5.5271421494459405 54.04565165767544
153.9436511723906 6.814546464969373
103.01049607240778 50.76256588898806
170.02157435364057 161.25453141360296
219.96636667103664 90.89209987357552
109.9509620095093 186.51830719536727
149.28491079489106 176.05927258386643
32.37691061107886 34.367784904637155
219.85900839706244 49.60047471680101
185.94850351328756 18.201391273792332
127.98899216574559 36.68428053355588
180.3195675875302 22.976601361129333
102.47934924930865 159.9674717458068
105.6799645418334 249.0333566192416
146.45611518790412 246.48294311105408
226.18766912219678 71.61414714326875
141.10096424603302 163.23570658398305
103.52987295058713 177.05994426889464
85.13838463050496 172.8681810862856
242.62651765656602 202.69575344740593
95.1742814166626 197.75673666425678
138.4108095732406 74.75059491300867
164.56827339670855 178.0622369909964
192.51828805198525 214.9615674455458
24.960349636530932 13.34514851655344
150.9999011715228 162.1335298943147
13.33195672000076 124.09390460104788
248.01530597819814 120.75301248642567
162.35622741456214 147.7704221135983
221.92055070815456 69.48284883617539
82.02657647531899 21.19362802749336
211.06718342215072 36.290793887217426
29.03501818918969 32.069644415932295
182.71427409154836 226.52209644642454
207.1856270438016 174.6244433451062
136.48207522411008 116.35125193198553
167.8179642724787 47.71267154691211
37.29568902448779 73.22509056840617
38.09113998994232 38.238750187844204
166.10057531256524 150.85472568008643
127.14896562643906 195.78336538757034
115.14787826886588 11.782745837962072
217.51062347324338 234.0768330385638
62.101865668790474 227.35119892627517
150.39565958569588 223.83471516126238
134.64650035985497 107.28513044355591
215.24940894156808 35.715952858271976
166.2030412410141 112.02353592772208
59.79249522244739 189.53438142337973
53.77019107049274 174.7485943787618
69.20925210450918 109.02706305848753
228.40826623367767 241.76095144864445
22.66323191965275 215.1434126254155
14.82531927248909 11.199877242493328
15.848350048122544 223.35913125615366
177.96243603833554 111.93465532852056
157.59360606918332 84.38988118140122
220.51520413943845 48.51401162317853
161.48251672482223 164.12491185841446
145.80981214049004 76.65587913975322
44.601359294279916 113.97723106126936
3.888794286549313 109.2092297610382
60.281494921387626 124.01751040079559
22.510163888825318 115.97373570075479
169.3340757737546 240.25706903286527
249.0172854875348 243.56637796101012
230.75586027164468 216.09040482329706
85.93851513478768 244.56208032097481
235.37343392518713 43.36207381843216
55.57793502574665 39.944800515443326
23.40987612608339 83.64465583647562
82.62226011446455 215.63134655486942
100.28378491832548 205.42797939346886
154.66287444060046 102.21047330442823
156.6514829348291 215.8356161598891
83.97458024356824 145.11180733686052
94.60464926672255 158.08257724628734
69.05807523431461 206.03672424227975
192.23154632731746 231.14846135367745
236.542723855392 99.15247970080443
130.8793155825255 180.51033369284082
127.17619145590622 70.48036774187742
225.62821850648513 126.42557937339771
6.884415644484443 134.92935538946372
24.627286009129612 157.55906987146003
241.8340772432737 81.66723210129415
118.11111027870751 243.77533676668142
215.25963007304077 197.54286454653595
217.69994017288417 187.65112207189634
58.70997339287923 143.98723406556394
152.192893129232 56.63527612671626
165.4968766198451 103.1694887396857
118.13892831776555 12.355835054179586
195.91200110995712 3.2177247392912167
189.17864862778498 158.73403688004944
122.75754398551125 229.74532877278992
160.6848230511406 207.00875799993474
18.792968460267346 223.7647983116968
195.0679433520366 55.983506534892065
46.12978113576185 228.3533700969933
50.99530090412116 18.497217386467728
98.27420600252829 200.95805480470898
23.82155541977424 145.51403298781537
136.68604566099492 208.8040447056882
41.37833181368678 88.51311660901423
163.71763467413373 222.46836837838447
221.93492034166636 239.3615042714916
212.09377597679287 183.8169801198174
246.4924606809666 135.4127417737683
246.00175685447508 214.20423856537738
39.75734008637238 57.77159529808568
135.80063232148598 37.163346910635084
188.3601957405549 224.00086429627822
101.1281284361173 34.108093168055966
4.064318099892161 216.06077065728985
219.40114875325406 36.31321138109364
223.47548029921037 29.828157082643468
48.431995300924626 207.57669455559798
215.67671173449597 139.7131434660247
193.05098180278162 207.7099959740467
132.25943317036686 229.03374750362096
59.033691558652926 1.8987470922888494
173.60581652753538 177.75015450428967
155.43122571943618 22.335983035374902
62.77240365061243 22.196326060604733
242.09201051224053 41.22165599188404
94.63840478695856 73.19044460914104
32.258115126724356 58.50631350448784
12.275590681394332 47.27292028088223
216.49455988910972 193.85992254172086
52.969363230906005 232.9858826301735
111.69600043829666 67.29986708435423
64.63388194287461 143.50061640183594
136.07174511173406 152.33718146373832
191.9461188495574 218.8287579440946
81.78133593787956 143.7242089912875
33.879327917736624 196.84534539484366
20.340955455765613 163.82642432137283
55.88952390794039 34.11287077152256
190.37516238179003 143.79458476066895
234.53837133641704 96.18850193865941
30.701233153374947 108.74156503157892
242.46379873355414 38.14684986054234
92.38850439029295 186.37053481648113
54.61578767811773 20.51507920409365
195.78486198396834 52.93910606197158
49.465129408611915 168.16469571072437
213.27979070402344 220.07575697768772
157.75478187938307 154.18879829174975
123.06824030909189 70.73050012722545
32.012841019206846 91.55705128327347
62.59852298810417 118.71690746817612
46.763045543574634 202.33372370320816
130.65059881873887 149.7339554437799
64.92274126985978 62.14569207564424
199.01763670227962 101.00340580548
107.36304909240518 238.18281711730424
160.61537701921125 5.227184999111928
200.19746661536834 144.34904929107458
113.93851814880627 233.06589619731372
148.40654467780305 168.81738509156617
58.81682864838106 145.39431344902667
101.19127696602631 114.51967117208031
90.23168165419365 215.2375378274479
27.072939052081246 190.3100753792605
41.20215780632561 223.6728145898977
195.55827610640705 104.64312471145162
115.56255316103689 108.78287002515039
207.15775633404186 133.8279996179868
51.41111932633455 12.440119412680584
215.44644675153998 217.20725564202976
247.53671886533806 52.28433303860602
121.08334688011621 83.25225654091359
61.57384347604719 117.2400823926297
168.84464505763285 99.8204373975399
118.87206524066546 199.77616475433874
56.01205432723141 183.81364956835856
125.07415643144476 0.7824179203237414
122.65444960834121 163.26826243844678
167.31463103165217 54.71532801567952
113.8745537542831 97.7626398994969
116.44410033007834 129.05221655306354
208.85859150247208 115.04049237258693
204.59917355177555 234.03412421635448
45.46274626243166 176.0538866270211
212.94347207237314 146.13535785582962
88.11911454622484 226.36330642129843
98.19538701359093 38.59922362753232
218.37662954839678 6.131461002514799
145.23417024243412 218.5520207819725

68.8
172.1
206.5
68.8
480.4
960.8
25.8
103.2
600.5
480.4
480.4
1080.9
34.4
154.9
51.6
324.3
216.2
68.8
288.2
324.3
229.4
68.8
108.1
68.8
576.5
288.2
432.4
68.8
648.5
720.6
51.6
432.4
34.4
864.7
8.6
144.1
8.6
25.8
72.1
36.0
17.2
34.4
648.5
114.7
288.2
86.0
288.2
137.6
137.6
34.4
720.6
288.2
72.1
36.0
960.8
648.5
216.2
144.1
154.9
72.1
103.2
172.1
72.1
114.7
34.4
51.6
129.0
34.4
51.6
432.4
86.0
324.3
258.1
229.4
36.0
8.6
68.8
1201
8.6
1201
286.8
86.0
1080.9
129.0
51.6
960.8
206.5
600.5
258.1
77.4
1080.9
143.4
137.6
129.0
216.2
36.0
648.5
480.4
17.2
720.6
77.4
576.5
68.8
540.4
288.2
216.2
540.4
229.4
216.2
51.6
960.8
260.3
34.4
143.4
72.1
68.8
288.2
77.4
600.5
432.4
1201
540.4
86.0
960.8
77.4
103.2
1201
576.5
103.2
258.1
144.1
432.4
17.2
34.4
137.6
960.8
288.2
137.6
51.6
68.8
34.4
72.1
144.1
288.2
1201
720.6
51.6
86.0
34.4
172.1
8.6
77.4
480.4
86.0
960.8
258.1
172.1
68.8
432.4
1080.9
36.0
960.8
1080.9
216.2
216.2
172.1
286.8
68.8
216.2
432.4
17.2
540.4
154.9
137.6
77.4
258.1
324.3
114.7
540.4
324.3
72.1
68.8
229.4
129.0
172.1
864.7
51.6
1201
86.0
432.4
600.5
324.3
260.3
129.0
114.7
216.2
103.2
480.4
8.6
143.4
324.3
36.0
137.6
103.2
324.3
172.1
258.1
144.1
600.5
229.4
143.4
103.2
1201
432.4
1201
144.1
1080.9
286.8
114.7
1201
144.1
137.6
36.0
129.0
1201
34.4
68.8
68.8
72.1
286.8
258.1
154.9
258.1
108.1
137.6
114.7
648.5
143.4
324.3
206.5
51.6
34.4
864.7
144.1
864.7
154.9
576.5
25.8
68.8
480.4
51.6
34.4
324.3
720.6
576.5
206.5

8.6 17.2 36.0 72.1
17.2 34.4 72.1 144.1
25.8 51.6 108.1 216.2
34.4 68.8 144.1 288.2
51.6 103.2 216.2 432.4
68.8 137.6 288.2 576.5
77.4 154.9 324.3 648.5
86.0 172.1 360.3 720.6
103.2 206.5 432.4 864.7
114.7 229.4 480.4 960.8
129.0 258.1 540.4 1080.9
143.4 286.8 600.5 1201.0

2 5 8 11
5 8 11 14
7 10 13 16
10 13 16 19
14 17 20 23
18 21 24 27
19 22 25 28
20 23 26 29
25 19 31 34
27 30 33 36
30 33 36 39
32 35 38 41

