256 3.0 0.0 1000.0 3 160 240 100

96.44341904425974 118.95442358820505
214.6196791009304 51.42288921167204
80.69068472537133 202.8423151806788
79.33441871554314 116.3647192580155
131.18421040757653 33.424075985949294
188.09884690168536 150.1905949310845
197.07035237103887 113.74898895325744
25.04540323895127 17.410414230526168
160.73836344149672 56.30942900015046
166.41569569705473 9.102135594201144
112.04934983958186 66.66091747358976
216.61070807399594 221.0382337598876
213.14258280111414 138.0012603576013
72.90080492842013 46.659691619324626
65.83610287036215 131.2560623613539
215.84844848786562 13.036903711665076
140.26671668801322 104.07993450773192
100.02035797970707 145.88940990639333
69.78766592680158 105.29674216735863
143.23747497508128 40.895639553289065
119.76629348642587 23.32031450882971
128.7919651793538 206.28533972829538
161.8860842726535 6.49541162277803
14.476263879795587 227.22761659464842
81.58001526256301 40.246617742484645
56.3679791133335 66.88029027158107
220.6389071763443 223.190017461465
188.22234972761476 189.10827094038157
14.308982288274985 231.2065971798213
182.86074406937274 39.74706347594831
109.5446879012798 160.43939837807665
189.06264359601482 65.57679957393661
130.5672114668238 221.60296075184917
128.9728783248396 165.70138116878942
57.234503058342575 213.8453088268398
193.09088278449843 173.22163713901207
190.3760718827072 200.37549158220025
209.10133070377628 27.943768022134606
247.09379643251845 196.50634348846555
150.0033276779013 19.4046925702695
193.90218178057404 64.79363673116289
45.49133040294351 3.592692326679331
187.9920510202822 226.08644095153232
30.94270828248219 248.40440624139296
98.81855904621611 185.36930421881925
160.9620270304983 87.7801670313619
108.10215339237259 55.299073667745475
45.65396975378977 57.272165062548005
61.68201758376074 210.84310585474793
61.99617966571938 125.97333172026582
85.21600987466371 51.747992935988336
56.749812236157354 116.45532360474678
104.24329192812978 5.351678521473058
210.90755346557344 223.56344368289353
245.2051311618234 241.26455199983621
242.77178834220535 71.21512598297925
44.2114980142112 19.308850773535667
231.27397574205582 114.3801275320614
144.52047200880486 74.70742205541842
210.3133631415971 146.81162892038628
191.18948381218064 243.75134618654545
15.432502098243429 132.5150932601478
1.2783146343924578 116.19892812062596
48.64026416380665 146.39452346528893
146.00372809688275 125.16985501197028
62.29534565662098 195.07674229173082
84.10387923963312 228.04207431248184
89.15230559310538 210.34988574123025
3.8242343475475282 72.55420479661397
178.8930346982051 14.66165168560854
210.40049169359517 137.9218459281869
146.72091538673544 236.09673744422332
71.72500545510208 166.53351845503173
205.89541847712428 53.432946661114336
35.625544711208406 131.5982450928065
82.35468006044694 198.27709418118482
177.60077559078007 25.490036766114944
22.30431052478521 131.66956580245545
136.2139305678716 199.81250122241434
40.69769515711252 108.52812627999259
214.94441532443815 207.63825926971376
102.31898746387591 52.20566981048347
164.09909690194755 132.19810152023283
64.04727519203574 118.06811340537476
18.9594758656452 0.8513554046483685
58.78811609983398 21.179985073149666
54.61172011256235 196.49330624799933
173.45136195870032 80.4426988436141
81.70982262415077 69.82851286878486
197.17740149870843 119.98783125983597
194.474069110624 205.40766159848067
6.103454559559268 228.72683789203353
66.88604705372566 70.87102493899452
181.31483164055712 173.58046926097413
50.46524684161249 248.51211974635822
88.00698074450736 221.01352273752158
238.9723373006999 191.09542566729436
81.45635424092593 109.62323146748642
69.92622119672939 167.7669731020616
151.21644770555716 11.920283646875335
26.564426934871683 182.2648003017826
246.8334642255322 181.74423653142193
143.21736806899497 96.88172289053482
180.8044194731324 55.08372487342303
183.79912087561985 162.62459288906052
22.622238301601456 177.90924065233207
245.558499241761 185.33519121483323
116.56783505031338 45.79886155523294
203.25226161091572 110.00188858837947
20.53101824277667 239.69088918640315
230.3308979613646 192.29927965384041
140.92093737311762 173.7174209383457
145.44205410042034 231.9095752160851
140.50555657352908 190.89526373366297
57.73747007851776 186.0223727433303
238.09895322553567 111.59417837380612
196.8261482411968 103.84628491398512
154.80548477948315 118.82817299631293
192.480699808447 217.51827172177934
89.28278880749527 229.39760743811073
94.27182947532926 246.51283203906675
218.4727387018596 197.9857466036576
56.07585730914205 44.1543605925227
244.43104556271498 169.79885108473013
167.23222314833092 14.558347481610918
103.23389108986808 207.12434585452343
95.30120301255197 200.45700174842096
230.60782739640837 197.02689785574003
90.00919162045004 205.54860769509006
216.91552495373148 241.72034450449195
76.58417431977571 147.86582439270967
140.98472665356118 149.12948677070523
240.3137943974263 212.78760181652447
227.72530175797186 219.89570086939048
158.8667937546211 33.357031733422495
171.62274715728657 140.58743240419997
164.56003410793008 85.97808411165892
145.55926913281954 150.68290031408313
112.79313826958915 143.2671735855118
156.7559020339423 50.475801843826524
210.75111145466576 81.79330101298399
215.7278013036996 35.95522556255834
42.26758720116946 32.20250992739038
216.9332982308794 62.84411446324856
98.95227013486169 126.89935374306849
70.41414681002364 144.1927747969821
9.817805116398153 34.62877659266578
218.89586697533952 227.2936584176934
191.08491162882777 231.96355182263991
81.2426682056737 226.46589354726677
86.88829376528129 30.519979404540294
61.290976277910495 139.81521086617227
0.3426040935576302 222.70918899311934
146.98779487112918 121.77991815353548
58.88504877799275 246.45294649610355
136.08724854030595 189.4515315412148
56.95779493249709 193.93260829904594
38.475236429484085 109.387587678516
160.59143574586994 208.99346638946034
154.51510863022386 8.064857637912398
204.87400910253942 191.9819602207491
46.11366823633292 114.24332171992756
141.48801598073078 59.08412967584384
30.016621779851928 147.27004165373182
102.35400026708274 113.97338001748625
137.34025256747526 208.23085238416903
26.38293473840625 201.54583736173265
36.1098694075912 233.31117315140807
184.16577294213465 235.44943600314255
183.9678703962927 144.65156940480102
42.04978584174707 19.583848559385302
144.41134979222912 152.69566724657116
122.63531897492157 71.5470239960789
164.47573800636118 204.62421698668783
210.99792705961136 189.37604882683118
229.4386855366468 124.60911132020627
120.78628230595295 131.84954872300386
137.22661626866832 42.66063750452112
122.03511478751719 131.31061424456823
10.32902606907038 129.59266488912183
143.0342240597913 120.52672021931599
215.8359574123738 233.60975295523147
5.374714198644604 127.25829019808127
37.67606960899286 201.55772754034257
100.18953580732237 173.72541168502426
71.57616650694281 78.86900375662631
138.25918143673078 121.38147219508524
222.88502450003378 21.50522948003694
12.8010896924311 144.34345239275845
34.469371112367476 8.016996916902302
97.69437256510282 60.07854135327639
48.608167939994786 109.03484976213728
147.23489842936087 50.186998724864154
85.67636624525166 106.5867620447771
230.5361376121367 188.01798240952635
170.74130332114814 107.93276342123393
50.49444867127953 91.3318626794794
22.522137138596023 241.75154066220446
178.25232753130774 190.97965707510303
106.02617339045287 163.05437083354937
7.982035932168868 193.54479412586346
154.15845082637946 178.67481123781278
105.75287358579253 216.8190036973704
152.65032718413855 66.93877209970131
210.7784257588844 187.48717967497052
49.31017465816087 66.29739229966059
174.628331795176 169.62794974003316
147.04314405977877 187.7775901970303
193.9821581628697 144.16907303223442
134.30066278014786 70.41166323471614
193.11651315764036 172.68706660735222
143.179859223827 90.63187844456897
104.0512328132481 18.43266810193478
12.361356585212564 9.433469887630942
215.71596770306292 236.01745748673773
176.94937548667744 2.71513553544675
9.840734567133358 193.24304696401714
153.98357484054375 22.230164417085224
85.08136372876623 240.84616006672502
100.61203518426399 202.87363480683936
68.67624309969122 126.50210384392344
215.27237700187328 187.9745439596331
188.96610834384717 25.809766428072646
190.0708958050482 133.94529297831275
157.60590556273917 43.19787808480416
110.65217992314416 221.52841777942373
247.08261341004155 59.365474125231465
161.76219563843938 73.24290526226113
81.6706199940836 142.1448001804603
140.80883830355194 238.5481752549362
203.86235041051341 176.34924420461107
15.5132167541783 98.53332604209183
216.13439366738592 45.559556679224706
177.55464196461932 214.6258982244313
101.78817063918389 68.57557664134445
62.52339960100889 120.48763398446647
99.78019029130999 90.45578342914507
29.71771801076184 59.70954249047694
210.8902592174302 4.787862508951163
106.58515516269851 65.93503466611628
227.26242320490286 169.79863613727574
141.28957235003043 54.022455725106944
202.0999304470011 203.09282776734315
174.56577585258478 193.4962223261572
130.7785652185622 35.57035106216377
244.63168457808948 239.6512329664944
103.73551676667935 130.64951179054265
182.53416587085482 70.52820295017803
216.2506197973568 235.17423102278647
59.941525860742026 121.22311616030498
198.9277674171169 244.07927871446202
50.35927607846599 125.14307904528648
132.48732138854575 54.203826272990334
146.9219719906768 116.35378409995162
76.70987168669544 228.6856780954861
218.84323885527436 4.844950382286606

93.08230353570713 126.27344311462907
218.93586814559964 50.82766831170565
86.22964587352963 196.79954109898875
83.27505604528088 115.49748245520804
131.53635246093276 31.235040263075636
191.67809965097143 146.52538147720603
195.33879733810522 108.3957615301754
21.880986941573006 19.641277069305797
162.6897075636949 63.15512702130413
173.8518321695568 12.12707440568786
115.31089309822612 59.95016771458481
212.96964769460857 216.6976642654472
207.10907065283905 133.96496534390408
68.36271529060262 48.55091865608721
62.67976702146663 126.68998952803798
215.2382380281923 12.833071822895004
148.22633140386034 103.32417058094335
102.68560378995723 141.68420478391002
66.55367511462823 108.5069307261371
137.1435346341257 39.78889395914595
117.06590832306327 25.529799300175014
133.7062292513765 208.07907441214493
158.16536680166269 1.4976034820172734
10.451580447197156 221.46952976158366
73.58629689518345 41.76773439348288
53.52388382103804 72.96819704309979
220.76417534786526 220.5934843561676
192.00515956035758 195.34798299345377
15.024098297782535 232.5570661075558
185.83212062782985 46.653358542973564
111.08998841438938 159.47539378765796
189.4927791998003 72.41962041360652
134.55113457677822 225.83638896672423
136.20721613963127 163.70739866166136
53.99457976441749 207.78879586919075
194.03352083075563 169.1686954103108
183.19104714509984 202.39041907211933
211.0720847621359 25.062396895837253
246.87630647802015 199.250966938973
148.70773019140515 26.280952706504074
185.81078297916994 64.42141732341759
38.286426111189876 1.3712172275205103
191.44550541015607 223.4056912606221
36.906566421299665 243.00049694413403
99.13956811403635 187.14851561693163
165.37813462312621 90.6376883070463
106.12621443556952 59.879866059798395
51.731462112459795 57.2530688437731
55.18034912155231 211.4397923388575
64.91147958393772 126.68270354185098
91.80624942323529 55.906929238083656
58.4445087357029 121.82918869566858
105.20907063963494 0.8743646074628186
202.67583454029997 223.55272615922868
241.01141193340982 245.63027142131048
246.05210522271517 67.92583790814844
39.09107944461254 15.133965661437571
231.9520455310474 106.9490463846218
144.13114239806677 75.22425543557384
213.5532686102958 140.55869114247656
196.08550829802954 239.519581279123
11.080537904109677 130.04655899779678
3.4300528199017464 119.07133739114703
41.13548410991899 146.50614411061107
150.53654426645136 131.11097682539332
65.42457300662885 197.58434145408683
82.52788888733356 230.91442208808425
86.88737436397548 204.59439085871682
10.415128144220464 68.48624615236787
185.1135841264117 18.51911411116988
215.99097391556626 139.75608246631995
152.17328219943155 230.9235572658357
75.21604669578302 165.11784043336246
210.32134837625827 47.98618585021511
38.05602794045568 132.52195264548206
86.26917608637308 192.86627607112104
183.88673976883246 21.875595198040525
22.852567747773055 133.30844091432303
142.36482906102026 197.98119545663366
36.50330677293984 115.16649540523564
220.40958022582967 208.49458345221453
103.62665556125967 49.17741696062361
170.9000900258989 131.01246191286293
70.94549397095517 113.76195473693431
17.05601958631156 8.819749476814327
65.48167873060868 19.329502957678933
60.04989488265805 202.1243855779447
181.7643507799685 81.7455022112325
82.26558868696968 65.48334627032634
197.31714764471798 119.92571971714297
190.47242042441385 198.14511069860146
12.129595954084527 222.84808055198175
66.36946526908096 79.24822771967597
181.6075066670538 178.79661788085227
43.735078439798514 246.114028178466
95.73070338089548 218.05993695876313
236.96781069646227 196.03900577134965
85.07969199311397 116.75770243573191
67.4350948273037 163.1749007299851
148.86619807367902 8.900678609759433
19.590924057827504 184.49565356131177
242.98574222544332 179.09420499256058
150.56164599045573 92.84921195205206
178.52157397314775 62.31453927249145
179.49126630823346 168.33587245169014
23.540191376224485 171.71868339110182
247.58086972711277 177.34356988231
116.64490193727897 43.05766345420325
202.143924065836 111.08417202759152
22.005424889764868 238.09495990858701
238.38142761681013 194.71590061208022
146.11133465204324 177.1815781987764
150.5268095196335 226.63053145939384
145.1282331492597 188.69304851371658
59.857616515467726 177.81841046599104
243.28319384875826 110.00533774893978
203.1124932954325 105.59668915554518
153.20259415234725 116.46522562969552
195.15501934150026 224.02503271894494
87.452893947059 235.47484336193207
89.83080050199175 240.5282122267224
222.2429381184162 200.21371922448654
58.02562640337866 46.76288973248738
247.33913228132533 169.1485578307007
169.3336666980176 19.48745555939915
105.12147871384278 201.93119089836648
95.78198355097675 204.39652432201112
234.71712522721933 194.9295307012344
86.27146775543937 210.69827217656905
212.42530725237748 236.656544128603
71.98024372395861 145.4564656843561
138.08031369148517 147.5850434246743
242.60981912275253 212.59134690895328
230.20443132292567 219.85792474062927
162.97342531046885 26.011449009926135
179.01939499464658 142.09391954101883
158.7702644853957 86.43697869310365
146.7503813843104 153.8411536452889
118.1395024797571 137.71040305103986
160.3594518938848 53.32360922740121
217.45874810641675 83.54120310200614
216.25354861301398 44.1808761123364
37.38112528202078 35.570505368012874
217.29524089682155 57.03030646548268
106.30017702218782 129.59464713535294
73.59208433160158 147.11563610876155
15.161062857245305 30.512938258168948
217.13782124670095 232.47072975870918
183.454535260872 234.44843612055928
77.77610120103954 227.99203041396495
87.55574486139412 37.73351569063918
65.47075875728919 134.13989408774444
2.8016628224478146 218.8640765524807
148.04497910705103 125.35006523987677
52.5008135733537 249.93860509459057
128.52767246470293 192.3101530188011
51.497305792805065 194.58793647029555
33.66565092922008 102.48760423944975
164.3789080147108 211.2660902990312
158.4934396333661 6.05682569172955
211.33385960926233 188.63845050964733
52.448372507853755 112.26876746796954
142.06549241076857 65.35671449191044
29.513581196171867 153.49214057505003
96.40029759709721 118.57757600387875
138.34406089732278 204.3912545421228
27.96839934252171 204.72538128269116
35.091251027594026 235.5129528005369
177.76894205329265 236.68776076714892
180.49811745252066 149.93174907775656
48.44301348271854 21.13983057973895
145.23125925617387 144.69995556404695
120.12889756127876 69.39292888354306
170.11481012107237 210.19130016924012
213.05925372518425 188.71575544321738
225.08060616406087 125.0402307128419
121.13752586198216 136.15520628135386
133.76169121994062 35.16322623810112
114.98098623302694 126.8940174312298
16.78735814738108 128.2364084165285
141.9513796342324 113.88527670377094
217.58153318579184 237.96367813925622
0.8045065777828042 133.90970743961464
36.55682986749567 207.3612444598228
98.85606810489966 172.01528243842313
69.96300733005934 83.46521438644538
139.94876834462767 118.62129615795786
229.21835679644445 26.126722755978243
17.063676267026622 144.47181356728086
35.641249567014114 1.1608131350767381
101.05916887008273 62.05723723805498
52.644283223859695 102.89383592478652
150.95146527466858 57.323395437100025
92.29980671419311 105.45372486812855
232.64844747494905 190.17643234001096
174.128461466965 103.17608493892358
52.910853522028845 95.58281221174656
24.57403308522288 241.01174904890578
172.69673987848665 186.2378775264714
98.73167261415536 166.3101087751011
3.7609629794516373 195.09263708587648
152.23570701155165 183.26763711218913
111.4303648410381 222.80845547991487
147.7764246808187 67.2141858692199
209.68531055617387 180.9344621150096
53.29673486075539 72.84861148079743
170.40314016827404 174.9717793102839
151.2877473181572 181.33709734121646
189.27545882802173 150.24512934569063
136.97657848203355 67.53709421268708
198.07913704844472 168.94033351854623
145.0458977482493 95.14380830424454
101.9787445481519 16.357518079020807
17.35041382019481 9.844186561481589
213.0712298207461 230.14559037538913
182.0022910457883 6.448882611114065
9.065414686063978 188.99540009883805
160.8188320528021 20.816175929063263
80.81097791922723 242.45535873961717
101.08030738528001 195.1213948788718
68.53539454289329 118.11792651473249
219.78845535522345 186.1883139770601
194.90842933394316 22.353346055359186
193.54015101198868 135.2482925854444
161.15492103628674 40.107149894640095
116.96827752823255 223.3734911517552
241.70975044412333 65.65281253539942
167.29656189634076 75.75092255028292
76.76761921671307 145.90187797106344
137.21748813365767 233.72535089052062
199.9862698377646 171.84670630527103
14.51657128134079 106.30165420663535
211.8621681305593 39.07721422986229
177.16999254436593 216.37787923800946
98.44207402785766 71.18342952624162
61.37322500930542 128.60768918646107
92.06851449326436 92.10887829092837
34.960833184543795 60.89915073093233
215.50141837930204 11.486186106770546
107.89725200178208 71.10008672875558
223.64262724256722 177.3383454251873
149.56678206230507 55.86652095504582
197.90431486081118 203.43095071893842
173.91185578142566 199.55735588757952
125.63703678052856 38.64604206833375
247.0489616063929 239.70094411489524
107.20513968899122 138.1871278554244
187.06896197872584 73.39686813864718
213.60738134411093 237.81619613398476
57.693266345007075 126.57994428024008
191.5063304673064 242.89272596695247
44.486115970838654 124.51253175773067
139.99697753399877 55.70870413993517
149.37493255084323 116.01260107898123
74.75580036942495 222.1280107674603
212.6978799090959 9.39828455203784

432.4
216.2
34.4
258.1
864.7
108.1
17.2
260.3
258.1
36.0
648.5
432.4
1201
540.4
144.1
154.9
206.5
324.3
68.8
480.4
154.9
288.2
17.2
137.6
34.4
432.4
576.5
288.2
600.5
432.4
25.8
143.4
258.1
324.3
86.0
129.0
216.2
144.1
432.4
216.2
103.2
34.4
77.4
288.2
216.2
648.5
72.1
129.0
17.2
540.4
288.2
68.8
260.3
576.5
480.4
432.4
108.1
68.8
137.6
216.2
108.1
540.4
216.2
432.4
720.6
143.4
72.1
144.1
432.4
288.2
8.6
34.4
34.4
25.8
129.0
864.7
960.8
103.2
960.8
34.4
154.9
216.2
36.0
324.3
432.4
172.1
648.5
576.5
51.6
72.1
108.1
324.3
432.4
86.0
960.8
34.4
720.6
36.0
229.4
206.5
540.4
432.4
77.4
260.3
17.2
144.1
34.4
8.6
960.8
51.6
143.4
77.4
432.4
1080.9
229.4
432.4
576.5
103.2
260.3
216.2
144.1
960.8
108.1
34.4
540.4
600.5
129.0
17.2
216.2
86.0
51.6
103.2
86.0
324.3
17.2
51.6
288.2
103.2
288.2
648.5
86.0
288.2
864.7
51.6
172.1
576.5
480.4
324.3
34.4
540.4
114.7
600.5
17.2
172.1
144.1
864.7
25.8
324.3
540.4
8.6
324.3
1080.9
17.2
600.5
648.5
576.5
648.5
51.6
72.1
51.6
36.0
72.1
129.0
72.1
103.2
8.6
25.8
103.2
72.1
129.0
480.4
480.4
103.2
68.8
17.2
720.6
34.4
206.5
68.8
25.8
144.1
1201
72.1
77.4
137.6
34.4
68.8
68.8
229.4
1080.9
324.3
154.9
864.7
288.2
103.2
77.4
172.1
77.4
216.2
258.1
77.4
286.8
286.8
68.8
216.2
25.8
17.2
144.1
286.8
216.2
432.4
34.4
154.9
103.2
864.7
216.2
108.1
103.2
34.4
288.2
17.2
648.5
286.8
68.8
1080.9
144.1
103.2
143.4
103.2
288.2
144.1
288.2
229.4
324.3
77.4
600.5
864.7
288.2
25.8
86.0
17.2
206.5
720.6
144.1
103.2
288.2

8.6 17.2 36.0 72.1
17.2 34.4 72.1 144.1
25.8 51.6 108.1 216.2
34.4 68.8 144.1 288.2
51.6 103.2 216.2 432.4
68.8 137.6 288.2 576.5
77.4 154.9 324.3 648.5
86.0 172.1 360.3 720.6
103.2 206.5 432.4 864.7
114.7 229.4 480.4 960.8
129.0 258.1 540.4 1080.9
143.4 286.8 600.5 1201.0

2 5 8 11
5 8 11 14
7 10 13 16
10 13 16 19
14 17 20 23
18 21 24 27
19 22 25 28
20 23 26 29
25 19 31 34
27 30 33 36
30 33 36 39
32 35 38 41

