512 3.0 0.0 1000.0 3 160 240 100

17.047734233302968 131.60895507930323
88.20971451017712 199.88465026782092
241.55988331647671 142.96701247641474
113.95455749707526 238.2834466815655
3.7559224820512274 127.17302591026852
66.49212658647934 116.02217461164422
148.54037068727033 192.77682370308924
28.61390035180311 84.41284158533472
2.97753814008761 106.0927298005992
108.64963791732488 232.21290389000353
6.720607936930745 11.744937766363872
67.99831313875815 93.23273344318433
230.94811076455352 25.249574435141753
124.71973107828104 56.387001796958465
183.81088388630283 192.44157518574613
228.68180894204997 69.33778483580397
119.37498001755714 53.531654110003686
137.23219846372692 14.382178417930907
207.15436206822184 99.5695302564322
3.2893559936969794 222.5237990813461
82.40616932511155 151.1380204278213
207.33095642202736 49.36068328740592
195.5060941269504 116.16997042068719
55.09781246060877 38.35530218450708
217.4066478206067 61.413841334328175
1.6795006829908032 23.38588258894056
176.1845667949484 124.15135174871028
35.02248290719404 161.95722457829498
234.15263123122503 213.11653058864164
63.39898211244208 140.6561666975195
201.42156276240743 4.788248945078593
91.37651376201747 237.36361105587437
222.50450641507393 128.5431631868418
35.85481595646095 21.025959362902995
79.63099851865896 8.888380413941716
246.31397592007966 126.78473214704886
157.8824044453054 34.359522281344255
227.56945264913207 180.7012392500807
244.82227363066488 13.292565183313926
65.4360543721516 67.48697310316737
5.502831369475686 19.14286236444579
220.62015504298586 195.30855066576459
84.34931638144391 47.50077545641165
128.7250158666195 93.96714719089402
91.95827760752897 222.91263074293366
188.90866868505722 70.44775007858325
146.3237175315476 77.59945773307648
245.7898385641048 32.303206096138624
226.6802114491883 215.55143869910867
197.69343291094293 34.01762494975544
38.85693744899127 13.714985199422546
177.93731941412653 172.94959407661457
17.111018950213413 106.32048519615378
139.70773391852325 19.05894607631156
43.42480376273891 140.0653417142023
143.19757118383373 205.27235661108918
11.427116246493284 181.74428080677842
88.49864225869194 2.933650279081074
75.99835246720899 55.636134566210224
214.15604491100382 177.9698257887849
226.63016507744987 63.76989006529391
135.44292369483514 76.83698511426346
168.5720371703506 6.678861263947594
241.72446062550412 45.40732323600905
62.94568357928193 5.46148988050782
100.75883979895059 128.7691230347051
101.20431982379341 16.057990234274317
208.20282094466447 44.79056240449114
190.86056756576224 143.37899020326557
144.040449933406 237.10992137965002
112.93869206450172 173.66306101660274
228.90825872735508 143.7498643488118
12.699862549115926 199.0595472625204
187.5383216312137 23.33250419617755
4.83346703780263 104.53503067902447
9.48011427427925 118.08546469839924
204.09816262208668 99.09374761856682
161.7995980031311 147.9127627456685
220.8927604467593 21.962025928278617
220.28281521540856 223.2445443842192
159.97508597091056 235.47714361344245
171.95438762300043 64.98875256215949
211.36206945120944 211.08071220177644
74.50330852209946 15.84631537408676
71.1461998195711 231.40645958621354
198.30423937591786 78.16665672895343
218.43423266411435 244.32721502097291
238.3419255270578 33.58355461834597
98.60789779857842 68.84499455301959
201.99977068800612 9.05220894293604
15.427424071810137 224.96079551702041
215.24335288860152 238.71064759590232
124.4782224212892 105.97569123768147
222.49334780525666 224.85879666345306
109.66736677761493 99.38602668573365
226.47180712516263 21.8823376170314
71.13744764930307 186.2425552311036
238.8443450152897 101.96716623718446
233.06562366336559 120.03594764286251
198.0013256616119 229.2459802514853
0.11823095849838872 224.31567160698677
77.39301734096654 173.59112896144958
118.25548392092824 225.27167168632536
158.85279866902596 6.0204241101478315
73.64412110837138 145.25218184512903
148.24613065767468 194.84240006053264
3.6655390606581406 8.348536052820682
21.097844500469336 55.75738691773627
236.32551811458254 163.77793133431618
21.404236380029417 200.7435840443397
133.95427979773476 62.38383327759689
180.94522286825529 120.18462150875963
191.53339176518696 158.26259683448416
103.91015461719446 243.24806890392375
97.74062651074631 27.19571040621391
11.273058006656372 30.034455730798467
178.89170520126305 10.18909423114417
11.483333047390353 10.730172803707195
86.59690521204911 173.69614527690965
248.35888252791074 108.00003195482385
155.4308146425295 15.960424502164505
58.57839684565469 146.63884900377593
133.99264928415053 9.917060510072378
196.81466846852925 174.5429614909956
90.87145455523007 226.82406081161253
5.986964057610372 152.4491634309976
98.6330354798842 122.53645338877217
207.25156509390388 78.37202578373073
213.05814765077903 101.38582469207618
209.126082701372 104.3731653912158
40.843432079256196 171.76241856942207
88.07879058901617 159.92393924320967
29.39441996935166 246.63285345380768
188.8841308216643 216.20896918491536
101.34408204944287 52.6173397586421
177.44577870204947 63.73848629206005
75.6714664722509 7.7944491481928
160.66225467955334 168.8158094728185
93.85433646857977 172.4841328220582
38.28764871829787 124.9456806097255
114.86985350943907 190.02879662157878
26.157538599861613 229.33589746253216
222.45457767688595 183.26602251151002
61.14947041920918 215.65262723668067
1.3127156874335744 26.030706130675096
48.5083529159909 232.37548449839866
43.261408367601895 6.039202542129779
104.28447610714441 139.68124490260968
122.46055846863719 139.4460623474917
110.41927498170706 96.03105669826017
21.16499765898955 152.91639455909956
87.38816619877426 6.74612766543331
132.92326781874786 33.10302684144564
88.18838072902014 152.90174274227942
1.1024294714352956 17.145521471798542
51.86880361574142 2.2121734393300008
35.524059065371176 2.890413503424921
145.43170951805715 126.51888304311407
109.71014428985771 185.99660616838
157.39099233400106 207.96178162059164
156.56509645115452 223.94079235502838
17.240798294139047 130.57941943592482
141.24079698409975 221.09595165863752
171.9997742942436 90.01995597930507
55.17629931664103 239.42132246644172
149.90927438044926 146.65405782451174
50.357648767853505 248.59727435645635
6.907127415043152 17.460254013290655
209.92731556288606 84.1034053531684
41.30904016083889 82.85163102912988
36.623804582395586 226.89329729174818
54.81312913401074 157.12201475455464
108.47826347813071 202.85486165449228
187.45907363625813 29.748536754261313
245.02776689083362 16.84270328991025
73.03683140043618 199.220774748992
101.61246956788936 196.5957739749469
134.06532722822442 226.1919115096854
36.028438457808925 13.039936328336582
145.56951388909798 85.05180613216581
203.84966250315736 243.21918927748308
221.9739526980574 171.86575481548346
162.57158445686943 17.870114616667017
125.3532381371609 143.0788893051831
43.556856556183384 11.559780657610624
110.78948181052297 5.487580542402726
48.98019206658874 137.35442391441552
201.94544930117763 208.67997569082743
27.95090910371481 76.78123368060407
186.14156053909528 47.84113373469911
17.8822563141304 228.36331000144958
64.12841366065727 21.91971659825806
140.80318411570212 247.5145330543892
75.1408856776245 152.1665196699957
161.38660003134007 2.4626026700604875
36.28216580819757 7.901565534118193
3.3355750460016544 191.21588918810497
220.4142001705776 149.89715953235324
69.05702519324025 239.948225304462
1.8472614004486076 63.848449111437056
170.43744237241805 143.6069002053692
27.516612662500993 164.44362790021182
171.0024086090845 48.34022197734128
127.94759869446925 29.233168339177272
123.60740383466774 159.56345764368822
194.21197082118272 18.67412560487436
231.9812542240142 198.85391865996604
172.75896995956825 76.91894380651776
125.50491047756005 107.14385710763769
10.996276310007241 169.71439479826793
187.50127390353106 131.74265514093224
0.2749278509423525 25.759052657167242
150.27038884224055 60.091880380682916
134.9300513053699 180.5352980589564
143.5634120869628 191.60013681606003
222.99825148340537 198.97200008341423
193.05256232570753 170.63176777227952
44.858803910997615 81.54746159371571
168.73636115488935 120.47677692751166
127.08168206763129 17.823219035504685
247.80653239158895 149.53034976212206
204.18151777512574 132.5344796545191
148.22072497319905 45.51409070494228
65.9095415252243 27.89815417078298
57.745594051502366 114.71963255449825
105.8997415714083 77.07642830771697
201.08162169003634 208.65119371508106
121.59347592970587 218.27746452264316
247.37275452945298 58.65486890300689
43.534161930547825 221.75563411369342
164.5033572929135 35.1341918287523
143.67525638008482 62.24121487615436
70.98280025504025 216.68709904829637
145.06092963341553 92.48660405611359
135.63849410782944 185.11066686683623
249.56231320722497 64.85388251290367
176.2451179812112 94.24753129194688
25.84746578206326 119.56631146644811
227.90298636395175 188.06155630198955
108.8884846678278 122.09701415034887
44.31882617365443 143.16926534704615
238.69741377679387 220.5684210991515
187.292445532148 29.76212334333303
168.24456954303426 2.4158753606791095
87.64429076692478 33.225413291973844
61.41221816246606 99.94561901761487
101.96621148545785 83.475090476134
94.31632025740669 12.464646432212373
114.53803211805813 95.86068170100387
168.2666881819197 200.7075063858771
196.1339617357098 4.3641340522992405
30.970393355549547 26.190472695275385
133.84035575793934 194.04461550142105
148.6204258230973 215.83796971539175
121.68929845244506 41.86162307364205
122.12986930141928 246.7106109190004
147.27625258487674 64.91256123708567
118.18896349014288 72.91517229777541
49.26848962463562 82.01444465112351
21.18936052093123 20.852873258586758
1.506650084101585 122.10271327033867
129.14804222642553 130.53082756872328
98.33082276759022 108.76554155608328
130.49723958070336 78.82700281253358
142.4886547053514 179.58286822824346
0.791307701705074 103.89281104229345
126.44127321838178 178.8729649252947
10.940957365313059 84.1202590593973
198.9822641923495 50.512334953473434
220.10244335061705 79.1491623741076
135.1196432674268 58.14994899863837
127.69571098778832 176.34395193305787
193.44826778383654 151.04803644953685
228.87471325996486 202.81042152788066
6.438342266115892 210.98721330536006
18.421986122125784 10.167142421722787
106.78878534543398 78.28114916668316
80.431055370102 205.27976947922826
75.14213633228795 170.71807995116993
222.60375126721743 42.41627355274918
100.35958899137651 122.67257662022912
162.0751610935764 55.95037841560796
232.99052616216966 86.45508451989542
171.37004948609012 199.81236077677596
202.34393172213964 24.218964697323624
19.300680839792417 230.40283481820887
69.66508741321032 221.4764383157159
229.92869986126286 74.13497766853924
199.6592256998494 96.31144824357882
18.51658850640045 206.7790569652755
96.20962432401018 54.36166853749361
174.97905540913945 239.9642652122213
114.73214446727398 182.45042672158655
211.3431567651451 21.873146828297248
207.51892825220293 88.14911951944588
172.51950970234537 61.19100418112916
249.04125993856456 25.031971613064112
210.86613339191024 204.24254903579381
167.73165751417451 168.70113683398293
150.84604631991138 206.65639140017208
177.7457315115599 226.03877155191012
126.97536592856939 171.43253644937377
184.96581485185803 86.54045390757703
154.30931500245592 77.85023635477378
39.13958727909431 178.12014226706515
40.554294315131635 146.64525024278166
46.122663095399034 82.3547160404296
3.953935999873565 83.31020984269577
202.51372245013025 35.89710432264614
205.63543999645125 213.88940268747592
228.73738302137752 96.02559642687575
229.62785380801523 15.54470087433768
103.2793579359757 234.02693392404538
169.51406247055823 183.084331097036
44.73635796530873 116.87445126246345
188.15892154589255 65.14341624194128
26.036375886505454 7.329343298115298
104.48463896012133 123.64578931990289
196.8641740084471 220.93877481531112
205.89075597031513 65.59455687165746
155.25177487804865 122.98122866430312
130.58765271380034 61.435019118946585
183.4682408035431 135.50678014305302
39.15683869370187 202.12229593002104
212.67733289017048 210.5667492004156
181.92933772115535 232.08539768614452
233.72433891367496 197.28113994333216
36.237188191137335 163.54222974113205
171.01941539972893 228.97102858349018
215.31466524677998 118.055821504055
141.57833215677363 244.33266344920764
119.02637204253344 126.84705045498539
142.17978925136177 171.86088599316116
249.1980868609761 248.4511540308728
107.49665245754112 145.59189624472165
123.7147819853093 225.4342212357125
89.52298869638383 230.60538131390288
36.8129010047166 228.62969909319733
28.403924070563107 14.188739958806817
104.39373069756289 172.8410821397495
91.30377697767209 135.88610177282013
172.75592819084346 121.57716366947163
92.78579134805162 237.497275493751
146.33639101167282 11.84599424022814
45.97138702843206 79.25938064095223
141.3053151985379 199.44005961499752
56.59620728624512 219.96309592834854
194.36636949168033 49.00310996798074
113.60000776215784 229.2301728903237
156.65753445119225 161.19035242886056
118.60990854464931 162.10792723569944
22.936702393117294 135.91860028292376
171.71710586039086 172.5464511750139
63.45373605873447 23.80287513416013
186.39308348300477 184.77936837160644
40.26190853514322 165.47403684574275
101.29856925755709 157.48777146080104
21.23801245585591 205.85783157558026
87.35266280274132 24.29360759060187
47.36056005736611 245.23961798293234
106.34344091784718 29.16257235820585
130.79074006709365 96.49694623366997
49.76530627157083 166.98514544201782
222.15764817956062 13.617186454334185
60.398251967017565 201.09553653710304
182.06671454849266 92.5771124773253
76.12194370808237 170.59756942177373
178.99200188831384 207.11255920649714
80.08978123214816 82.89094257598506
168.50168932307784 87.16494140633232
65.64765575644657 126.26493311588152
165.53060090372065 8.56994346607054
207.78129075525138 105.46438550914341
34.9589076522584 48.62331215772467
205.375294569401 163.27069556023488
23.411890684121833 110.74933062459924
169.2157088454133 199.09159516835498
245.37351980632525 229.40539311770783
115.22541397577857 135.56354974150213
139.43630030321 107.84472380121254
197.55864027734583 199.50873137539745
185.28084637760463 83.25305582628589
205.74468373287837 46.4492944047197
26.352367317380303 122.41055176059164
57.645175656536956 133.6351445174184
75.19788122320756 35.47252312319601
241.74368702564124 189.33583610878904
74.44282414641631 207.67970951365768
77.50495417547923 218.19114947208092
194.58647176868124 216.63830483271312
219.678844333713 161.50131956887915
94.23678612171076 117.78251171216822
236.42296929554644 92.68126255508788
137.01489247816968 236.11503415837296
72.86706837866608 117.18366041032233
103.52768254156331 179.70628480517442
214.2288298019527 94.63619610154383
127.96150424424569 222.17832704237554
219.10837611589614 212.6804335225175
182.3789832695649 64.6212062453167
174.04411792910216 106.74859074819204
99.1778483021705 35.400902042357934
4.384269809667024 232.8241346404465
244.04043395856036 237.64609024244032
35.69584992762917 186.44645271451722
166.67590391808744 24.619097552581348
200.4628455422351 181.71762505785793
239.31641445160432 42.219306661426785
230.14153134913468 76.32920561549544
48.41201778311694 240.34707828570075
48.38253383981528 242.69612508918468
208.9737061148324 139.24229023340058
180.70315146461832 123.2648604374082
146.72571236598088 153.4158456082854
125.61359079378076 49.765702334144514
207.84396220315355 228.17654856973326
102.0356514017961 199.52347994600862
176.96375462767003 236.98273847893194
42.99405977065129 179.0899947354197
221.94828759519876 165.52750616057335
128.04240931818484 70.91302744649641
65.34527510401514 185.32572476108552
132.1670902328624 1.404719308790242
158.64882628661482 203.7851323696883
37.6236810665852 174.99791065540558
94.28030801602763 58.935719652323804
245.46801460922046 72.09549820916023
227.29264569043283 155.90489784583218
125.97884326106842 71.0607035974117
161.07913888761507 205.65462373266004
128.11751235639352 118.89166931212388
222.33319584894525 54.19088983924269
207.5010567739234 123.49654994308723
28.260356490844906 73.10110400029274
134.73308819780388 11.108006348148598
231.01262735052316 140.76633452125057
181.79377545894317 99.44246561631815
134.5056974380036 246.29817559091606
195.07361687903432 60.983728041710265
206.08613660028473 173.55835271439764
194.84857762850643 125.42461691353321
239.84575580178443 230.41891255167064
210.23078537860098 121.25112202328297
106.9492964403039 60.56719624503781
75.1862534999165 51.644538164532214
2.955628110924952 241.10740451421196
76.86689286898942 123.51370519299093
21.961963410713132 124.10155116033214
64.65551985964862 150.75241662875072
136.6874688899451 94.99734819887138
126.945109243632 217.19905898622082
229.06990873806885 167.316371788005
239.23690831496032 89.85459090457462
205.89315229223365 74.06654212042903
113.64445370236263 67.29251113648729
174.83834937195368 57.93288322336607
221.89997091983577 141.6577272013151
42.57149108259928 24.344867717138673
51.722609367613664 19.29632176502119
248.13435023908738 236.70451365412217
6.663809275252897 104.8798225183318
22.43723295187894 111.981433354849
223.5022671338193 94.3648458068661
209.31049454786609 32.088029323303736
10.589459018631924 227.0857406422235
245.2630047067301 91.35255319723548
130.95675857484792 67.55361365343282
93.73000662976206 194.15259153677667
23.40396519565879 182.74775345572337
51.34656874664081 220.51967230818354
70.8881599728742 131.7886386299937
25.00224590109823 211.89536126178464
217.1112827525055 93.68614885263163
114.1753609136511 246.26997168261124
212.0400591457076 139.80155304930216
118.48894862576587 46.672388319359385
91.62928016728927 5.664269439417141
181.99053325482737 194.91670010631339
203.30032757831134 198.13983152320534
206.45354120947667 105.0397759967587
201.51468917414584 229.17655952035602
93.56793821515386 188.66913800835295
231.08551068719618 87.19209658818639
233.49385035360436 134.62659502364082
230.23330116754616 78.29720167242694
117.28742647284157 159.08455379794663
78.35886219619888 102.05149385298313
121.08252862147964 204.00016815809448
75.61901484439574 148.55424623843828
63.03050009837824 9.204326946487178
26.011065869733287 162.90281307086738
207.98773612310438 201.16339969916964
9.851207029158871 120.5791919806565
230.3780000362216 133.13146089863636
37.612603670075075 143.01960227994297
102.8972287271044 104.87233349995468
148.9908972786146 213.63508854930032
73.55055750778128 0.4515405178744658
120.322334041711 223.91719651726353
119.58780888034119 227.3173614894663
38.46105363775332 192.90699444519808
61.455636403273004 132.36769097790855
244.5535164187364 236.2029295003923
240.64456766488274 197.01879890737447
51.53572882598662 21.049195965876233
220.4711137286459 1.29589052562748
57.43338873540116 24.642011649158412
81.51823942014383 44.60332915533544
248.47480571987347 23.818035482343458
189.0766479604515 7.252490467214906
53.121989858842866 38.342810497236535
149.01170919130314 206.68349205709382

20.644955213777514 132.73788722676846
85.09810869487622 202.22071777934704
239.74570676067265 148.4695160530291
116.43464672925535 239.17172730777898
0.6286179602776332 128.97711498184836
71.87519658465489 113.94675933679375
150.49537211754884 191.4776106332736
22.265823258937502 82.06640392741751
6.587621282803047 102.7417689050426
116.68028116909998 229.62056723472432
4.54189088390139 7.3369288768438405
71.89851088059562 94.64961711005057
234.21870144017282 24.812625770366857
121.7199799561535 54.009179871450016
184.06686004498957 198.79736193615906
225.64316249053283 72.28495118199262
117.93992535567907 49.18751263952742
136.74421146576907 8.04848930030902
210.59745990170447 97.1668863066577
1.3505251294092246 230.0973808790125
74.38305270999207 149.31372998863355
209.0589084450606 43.67941443038345
193.65507078728137 123.33009349360304
53.75100131513697 32.94345654854086
212.57034618633324 59.97345305087434
0.5559444722167406 27.630007002352073
180.95697332017215 117.68165560806987
32.42102601698218 167.3126421706244
236.58465611863085 210.35001963111114
59.98071261948715 148.36974787275585
197.03681415522897 9.485049060109246
95.53690323540714 239.81766103030628
228.4628427509021 134.2957692616172
40.62703859653571 20.472348333210515
72.0275253035933 8.44605811923424
247.3041852443612 118.54665500100877
158.96552533215757 35.449386116716774
229.8766975771638 181.32346256542064
238.87918146568205 12.537608989697247
61.63219481303722 69.5581306554636
11.789252977285752 13.755973661270598
215.16763529582298 195.70992279005202
90.92533712441615 42.63623449667314
128.15974680193256 92.20505085809013
85.34795816157892 225.86125336739923
194.96195317064266 65.46324593381262
151.8127574497715 81.55684851042308
244.9576306027023 36.95133899369035
226.00478311355707 212.6635255510529
199.6249038844064 30.690394443241814
39.032801789025015 6.193116915660518
179.2777983846215 177.92262755041838
17.094970607207493 99.2513306168837
134.83719517477854 24.095674377341584
42.49280274403558 140.74788459815485
144.55587183661524 212.20352085816046
13.057142964784635 182.78146862246737
96.49176087307995 5.157605901223911
69.89985253590164 54.63073282008657
212.95287984958915 186.2890785218123
232.39235961677076 66.33811973979029
138.28592989570996 82.74032350372784
164.67450138198365 6.914329440687538
237.5832454113218 50.71552431406251
56.779858578891975 9.551717609195181
106.85851888154119 125.66423844367108
104.2094560118303 13.70851750936955
206.3165477920135 46.513307906185766
196.58711999242843 146.31773612975294
147.43188812635634 243.14342291622089
109.5087359455717 177.58910414094933
233.51197013467942 144.81966995024936
9.506552078195313 191.4214496095763
179.366104560246 25.268996164615643
7.006064151312358 100.10525237097664
8.724001518307073 124.78028456297999
204.72884191492298 104.33632359354733
163.32719595187518 144.86920770788234
221.03556138559563 30.24042549375855
227.1222468668549 221.4541373344777
163.9678059754751 237.25372475130567
164.9049162005425 62.33140549855495
213.6482580608103 205.30587523455787
79.93876992150695 15.403710590909558
77.33655860193511 227.051854880366
192.18917944311832 75.27938541479995
216.044055765213 243.26277870550592
237.5292987554391 34.44259634790589
91.7235894122001 65.20904925656
199.3892549188246 12.731057939860014
20.687680347996366 223.8446664785911
210.4063804990189 234.92542525392528
128.8441273789552 106.06228397956046
223.11904854945817 220.98118074322028
102.3348071508598 97.90755834142215
231.25651041594236 19.833392695436437
64.67486697087588 188.51499560703144
238.28978924070833 96.4258854859956
227.12562894207966 122.56943856376255
195.6181485076602 227.83830108416785
2.2913588303760113 221.67663400789326
77.59446873147363 181.87940114606013
124.8234669389156 229.57443617113256
167.17828739331463 6.330241202270381
68.75512508612674 146.28518462811624
150.5833576049566 195.97497619427375
0.9358242988005416 14.28549219080233
20.819569435817503 50.10212502665737
241.44932763614364 160.11376841113443
23.109396356513436 200.3624596184623
126.78434933203917 64.36536090009278
173.8342914473143 122.28413282734834
191.0754088004997 150.7183935060413
112.00342163070832 241.11739382531883
97.69216886579434 31.05205112839374
10.600061457960136 33.586743927370016
183.50849684781915 3.2070999706241556
9.489109177712535 14.365635396001386
87.27731808376078 172.3109003806112
244.80259540667157 108.50870354070364
154.12245856227523 19.258099630700354
52.304305241197056 149.09534619904767
139.30820318789011 14.918063219476501
194.75571281804255 169.26086863702477
84.44605057998488 226.713925225477
8.79147424913071 152.22105435040714
95.41741643000712 121.20335440679139
210.16198183102895 80.04234363940446
214.89106930841655 94.37730334484662
207.46142379246686 110.03114502560481
46.05579039013433 173.34802002197858
90.72985003285109 153.0700705172006
35.84290756829533 242.28253966913692
190.88326319411362 218.44429737512522
106.0413045185959 47.005847809981624
183.86078994026724 69.17230420001785
83.20104600900393 8.327603254123545
165.76030449573918 166.8557012546877
98.93617644885721 171.192068504242
43.90979096810702 123.2100733747434
113.22151117348503 194.67395392671224
23.37190167387143 224.40297064030335
225.14626012214273 190.56425989727717
57.0905958327404 210.35541065470724
8.32315079182261 27.910074321891354
53.90807345525622 234.4818867963889
35.394087249215836 7.196071638439994
101.75566213531062 141.95021063749917
122.40288771669594 133.35707641356046
107.78617643219502 92.89027694417942
27.875735101732552 153.42501339591766
87.52828592054074 14.511279406660528
128.05599848163996 34.75053116951315
83.96641556192544 145.67032526070275
3.902317394294058 20.582270446059812
50.0789435790723 6.909549310243318
30.785551463193173 4.6107944290063045
141.58704733074683 125.63329127612039
111.42001277275065 189.3816967090981
155.95822601932528 211.19356311431488
153.77000741204137 226.91249145121617
11.886944947546885 136.3543759371348
145.76383789479559 220.41884462712616
175.8501087597819 94.58554070617747
58.151676222934654 241.4934395579917
150.06436927301496 142.253989467468
56.603523971875234 249.78131918948216
9.199191982885601 10.608871408665483
217.45967986799903 85.66965046503195
38.82972443787575 84.76639681878692
31.776845348325256 233.85518682021612
57.814582026981256 155.36528244811572
106.6362092790269 202.77605147971434
191.28151447389394 23.374270685295517
249.56421245036668 18.31804245583732
76.0900335602806 199.26270807593068
96.05050844854024 196.59706069624775
139.31084462371223 232.5223249767521
40.778445324024084 12.250647779214308
138.46062008414256 83.03843989538828
205.4823720621816 245.17497705014614
229.4165530437922 170.5405228593829
158.53137076727236 23.32238072163942
125.06785320237812 135.58981541021737
42.536693555212196 16.410833011408414
107.24053519104623 2.9155853525760502
47.25638725799045 142.20616402579196
208.76363957853695 206.47388048310327
32.3367023641265 75.7224032268878
184.888682031198 56.22212747598196
13.117015007708622 234.15401100097978
70.08779972906842 18.48647299708439
137.33251478503422 240.86201495708275
69.31197635859051 148.26468117612805
161.29967703166372 10.040383257244102
42.347353585403866 9.09366653888813
9.13278259855857 185.71359089866044
224.55518613697183 152.4316487979819
74.33296081593468 244.65164636891973
5.142235003306627 63.04835211940765
175.4343100040199 145.3882686938212
23.862751845208862 163.05126109738683
174.74495397193877 46.23118462699791
132.04176749563914 29.103641589602297
126.25282779056818 162.79040876614906
190.17523397734425 18.846151505692298
238.40598032825537 203.25873927036898
167.32294485790496 72.2455966651214
132.58288386319117 105.65493745233908
10.022348681358373 162.98333071975404
189.5009450816615 129.8507642254054
4.5655148986700755 19.413690432250526
156.45369769660093 54.69964282426887
139.44121084781014 186.65111632531054
136.82932805734313 196.63241899106566
221.04349009216304 202.53750999443454
195.17593451885256 175.6847322025189
42.341816713721116 78.5096637510071
165.38224038831763 127.12246720175052
121.04637538784685 14.192413746794308
245.64621322187065 141.43052715952928
199.80163240501017 128.43866358728746
147.9483606706037 53.53346227304187
65.53028356315754 31.94216269982078
60.62502543180409 112.63218570446124
108.60860683804493 80.92584558925684
205.2504959827055 207.1700857906759
116.1330072910667 223.1594861105589
240.6105864417766 63.18862886105861
46.64288065766253 227.4840728371407
171.8292370308165 37.39251690522169
138.47827292655407 57.43613255941091
70.09532621189545 218.6675575028605
143.2009534526355 86.28294821995297
132.47063357863613 179.95132425145377
242.99554044203012 68.84574231670295
180.32254282639263 90.54359473318688
31.287764388796933 124.80481412514011
222.36063804273266 192.9429563742998
107.5940213069218 118.30663160409274
50.51266632680801 147.70481210337195
243.76128349506027 220.93530429891152
184.15475574167993 22.428116755850603
165.06863443062232 7.018309113091564
93.8663795414795 36.49019888297919
65.84104763011247 97.85534015801339
94.72431698457493 84.52610011693076
89.24866786054709 10.412992969492525
108.20215871789188 94.45677285412418
169.82261698612427 193.5521494361512
196.54059542305998 6.737496400110871
23.488691711944593 29.903450365559053
134.45062456789128 188.86958417911964
146.6317287300102 211.69040512195517
117.63608090198369 38.530771897095
128.64462747309165 248.48857803549174
143.03655705219825 59.24030973340103
125.17875888598797 70.333202746968
45.29814024683076 83.10222690572111
23.56585712370102 14.540544491282253
0.1358427396798978 122.4921612829979
125.4989100165477 132.7830233600036
104.83996060019582 108.79928038454908
135.76985772149885 83.78969858395627
140.47274235056705 184.4131167754076
4.5085470995059325 98.0404761814207
121.27905581292312 177.95484600700158
3.2486825934363583 84.25671168978519
200.44869936714053 47.36937784889966
216.7548781722182 80.99255621114665
134.57976890972492 63.938675937478514
122.9642873031514 169.8170220035838
187.48343064171186 145.46929543887487
228.3895704078227 195.4224069835219
6.718203093640046 202.85023948978625
20.63425029610788 12.66395872894116
109.98328511376914 79.2279707232896
74.97286678847806 208.68965980894987
73.90891720056302 170.10017311530322
220.13672499062048 41.38470403573885
97.38523226088455 122.9836236598687
156.91672153585574 62.1718646731928
232.56679977558377 93.93598797174818
172.87901355564946 204.25733387766303
205.84939234566968 24.162954080657272
20.17437822939311 236.99695612900405
76.22478411187683 222.68331464220338
225.8102323216478 68.3022058562969
203.0157379095463 91.19278677340078
24.46897802870601 209.57247236045976
97.91256086230074 47.15488683483623
175.52195419289365 236.17258144569752
107.5939461836046 179.01583231054119
213.85537990405285 23.860289576865064
210.18455448459397 81.27180718610887
178.08648469969893 56.0399473830053
242.43329975464516 24.16729634940784
208.972056895683 209.18650190862505
166.08848165599565 170.20783262656897
151.917890800917 208.9789052248262
179.32320339738322 227.5478845709584
122.04835770199574 172.83179540254616
181.42318866275923 87.85424222780236
159.18715960610368 83.24191901239026
36.143117283030904 183.12840008724422
37.7828827982937 144.9057361287048
48.35516114153113 78.24067180365579
6.901412801348206 83.36852403282427
199.34916323511098 31.402870773714177
202.3046060460827 212.7652071958838
228.65839173609257 91.11419325684922
231.99811656739277 12.658694419608402
95.79178184590178 235.31528853145863
161.8316799770461 181.39226669698346
40.37860628558895 115.62145342332938
186.3461771684177 58.623837391272524
24.42975967289773 15.6142113702048
107.26306634248012 123.51568472668167
197.73209329571748 228.5623675805584
206.21482800522801 57.17246763804673
150.39242500545964 125.48508789997742
131.42564653333028 61.84967806372701
182.60314035306143 132.01565124276456
37.44405221989366 201.55217149750783
207.9432405738577 216.16307361602347
175.94146586041728 226.81170586000144
239.18612552873685 198.91532889477963
32.8016415275848 157.6700179399114
167.05621850304996 234.63577748017875
216.32916139598376 118.04632869860349
146.48433896311627 249.5895997726226
119.24989103364273 119.3648446527428
143.99822179041533 165.44153809556408
244.41113183559924 243.5268533143312
106.44794576971952 143.4668520151411
125.55708737948349 232.22330304980974
88.26758544239397 225.2270082789608
37.234238493618896 223.06892093610307
27.530711982125812 22.412425297422377
99.2340754824985 179.2479381256973
85.7961198092479 138.1903769043723
172.88704214542986 119.85195095490778
93.76736602798194 243.46694168779348
148.82872399348088 9.837786674353948
51.93272449088931 75.4464881130691
142.86947890339982 191.55233790026614
50.24669812557436 217.60828673323257
200.40149018089818 43.75031454449352
119.86044245196592 232.8691255644496
154.92431505532596 169.42210832115123
114.24081184512191 158.2354271340933
17.47819329196315 131.174513394757
167.24331132947975 173.48625399567348
64.44745314368167 21.967760481878233
192.4516717684035 180.85803896269715
41.22016273272838 162.27896677529088
103.17788025229247 153.46446748414238
23.530971954781183 203.8464118403284
91.53602653416974 20.28086289298431
49.44254677470059 240.88443507235624
111.85193411626473 29.061739727825554
127.20095938251966 102.31950070485993
49.89551935106848 172.74791136193213
217.8109664608047 14.207047783965226
56.89669688295332 196.2188724633442
180.95907375128493 88.33071460227163
70.08781876908346 174.96917401723167
183.55798921509268 210.37135506311728
78.6093522481891 84.03289305805545
172.11775996043087 84.2249592995422
63.231392720717096 121.81514757530798
172.0622827046571 4.24285318234166
202.8658075329466 108.59058336069103
37.34274441478794 41.31523784149782
209.0287187865481 161.59476562856034
29.86496904653829 110.23587437957369
166.6991840463244 195.15147716936184
244.5032303983545 236.41508567142705
115.19961740729312 139.55781863482508
143.81016302016815 112.89165511276484
204.17437560369092 203.14769799001058
185.22152319992534 80.80030366470028
212.34688569851315 43.14995233999852
23.413867182779075 115.89425643799062
59.1609249676317 127.11629795133769
76.2337841312587 43.0383383019515
237.38899849249137 185.22559931096654
74.36325023593076 215.1025318387526
70.27929584116558 219.86893502049122
198.05141732802994 214.07168306973628
212.58818207914533 159.04438150839687
86.96911641724478 116.08303725783706
230.05765812759324 93.29627211036396
137.93021999419216 227.9704196760892
76.52713578279146 111.17932950197904
100.74368575799703 172.9012590276505
211.19391820273293 93.09248529845482
134.1761787867393 221.11401334256644
218.45372451989698 216.22596651456445
184.95746189918754 68.12582335728804
165.8384986640134 105.74539922999351
97.65954425145875 30.33671140123259
3.57179134901478 228.0678359205835
241.87843189272226 245.65427560061286
34.59660675955892 183.23009882047984
162.97494758192406 24.664469800154464
198.58122863162865 182.03384549763834
231.6008977811886 43.08222941500359
234.65224805292047 70.85190444476835
43.55543938832324 237.91569784408009
42.50941585181292 246.24506392607745
207.5588985140777 132.11435331129334
179.6668600411788 120.3790012616042
141.96503854274593 149.19980343624397
122.73690568808333 54.67765227812754
205.9308931530842 230.99298810474062
102.28674241248648 202.08408130147095
173.0518667641726 233.5216443400958
44.104848204228055 179.80988542496218
228.38094892932833 170.46118966451846
130.55189562251314 70.5190050673328
62.28961767275659 193.11741511522064
132.96649292302158 9.281810257702416
162.45795590170698 199.2333041625785
32.838336425061534 178.19415738692786
101.03028605929187 57.0909277219496
249.441327792677 70.31789595307545
228.61649149770054 162.10479026258082
125.46529474208829 62.705876565851746
159.86293949371816 205.57123611003206
120.01722004139084 117.1049634206425
220.29360632403322 50.99491788397981
204.33767759484846 125.86567284506361
22.175032545435013 73.98387286880711
135.7855912996164 11.024883136343867
224.307553077485 136.91952826720598
184.114061061468 98.80199838999631
141.62392509902503 243.52375979154044
201.02991954806205 65.2833131291048
200.45630129725882 177.5415853186597
197.2724517218787 118.6486050778172
236.36712393810313 236.4846107791724
209.82347815942305 120.05489238617828
99.30430726260514 60.772289394049714
75.21740769345747 55.59456473699464
8.589009907621515 241.22972388322373
81.48313669343382 127.91814426900683
26.08108420915706 127.29848282292791
72.63006019184256 149.24058563233243
137.32344024765473 88.70792386441553
119.48008520011719 218.90623197402897
230.23494478849094 175.18125964970812
245.81317376165563 86.98405674118575
206.0521092659182 68.4786137964338
111.02972504401414 67.98795678815378
168.69995582569328 62.470081383817764
225.9647148799042 143.50813868242676
39.2181413868066 22.737759845732285
58.81485002163023 18.99926996602705
246.77937921715377 244.36905262760416
6.305429094396353 103.36411536876788
24.34995244847568 112.44922360577475
226.16808120935917 87.34907573827019
213.44042177761807 35.87448551903005
17.140472976469063 223.5116236252858
246.12171203245586 91.60508449426708
127.38774953744996 60.51357879245553
91.18821393480326 202.2032754422538
30.63362656730495 183.74082930092123
52.94412760522246 219.33341699104412
69.486208260986 126.7222469884331
22.154587245660608 205.1983373814065
210.61463247717666 88.45074913157467
115.71404154114786 242.50827657485897
208.56553752564955 135.2473057329666
114.58712007394884 48.09827131723291
86.08732181654713 6.4464029474844695
181.21762473719545 192.2841863485648
200.56114828256835 202.7110811785363
213.26044006876091 100.7657274640971
206.6357033941879 233.15608564745503
94.56936450625241 191.06266613866285
225.74646178499276 89.98642847525356
226.17421517980395 136.53963560849905
238.23049112754862 77.08945217223298
120.8823649756248 164.5686735627919
78.35985226972558 99.71057933926514
116.43830353899601 205.36653259150967
72.16288160803333 144.59408955141691
61.738996483963774 2.608203016991495
18.739051965318804 166.99127599270741
216.11840858521347 201.40856510008382
10.995409416487078 120.38886361405731
223.32313801049415 136.10647456403984
41.596347475402446 144.64183494002125
108.47022195768619 108.74142535363437
146.26813516136434 209.68997129936815
75.2927277654237 1.2724739160224485
119.3295656461538 226.5084865556397
111.6008745701196 224.47365614903893
37.49128256105441 198.76849305257795
54.742431303882455 130.46518682754615
239.52557614358034 241.54104778184194
246.23089795623207 203.09785878544832
45.25923539044108 18.436576333751454
226.2135166561204 3.149333446590102
51.571077236798686 24.969655431488132
82.5535758873083 41.252385706033564
247.24912500694458 19.981244220180077
187.87066852736217 3.2464891151915145
52.20928141229994 46.04536839847978
150.47461845802374 211.07329570733742

864.7
288.2
34.4
288.2
1080.9
137.6
1201
103.2
114.7
143.4
216.2
36.0
51.6
72.1
260.3
86.0
216.2
258.1
960.8
576.5
286.8
258.1
34.4
137.6
72.1
103.2
172.1
216.2
576.5
540.4
288.2
137.6
72.1
68.8
144.1
154.9
154.9
144.1
258.1
144.1
540.4
1201
216.2
144.1
72.1
77.4
648.5
229.4
600.5
34.4
114.7
432.4
68.8
77.4
480.4
258.1
17.2
648.5
960.8
576.5
288.2
258.1
324.3
25.8
216.2
720.6
72.1
72.1
34.4
25.8
8.6
288.2
103.2
480.4
286.8
432.4
72.1
72.1
86.0
576.5
34.4
172.1
260.3
720.6
144.1
51.6
68.8
258.1
154.9
1080.9
1201
960.8
36.0
51.6
17.2
144.1
68.8
144.1
480.4
216.2
72.1
36.0
1201
68.8
129.0
34.4
8.6
143.4
288.2
1201
68.8
51.6
72.1
216.2
1080.9
129.0
72.1
72.1
72.1
144.1
864.7
286.8
108.1
229.4
540.4
137.6
108.1
8.6
72.1
72.1
206.5
229.4
720.6
1201
17.2
206.5
51.6
8.6
216.2
600.5
720.6
1080.9
17.2
288.2
432.4
720.6
288.2
103.2
86.0
34.4
25.8
1201
286.8
286.8
864.7
68.8
172.1
229.4
77.4
34.4
324.3
68.8
432.4
540.4
25.8
143.4
51.6
432.4
72.1
540.4
17.2
137.6
68.8
258.1
72.1
229.4
103.2
86.0
260.3
206.5
103.2
576.5
129.0
36.0
154.9
108.1
1080.9
68.8
103.2
258.1
108.1
143.4
17.2
154.9
68.8
34.4
600.5
25.8
68.8
1201
229.4
72.1
216.2
720.6
288.2
108.1
216.2
36.0
480.4
1080.9
258.1
258.1
51.6
72.1
103.2
86.0
1201
172.1
36.0
1080.9
129.0
25.8
216.2
51.6
17.2
103.2
144.1
260.3
432.4
34.4
229.4
432.4
286.8
720.6
288.2
86.0
77.4
154.9
1201
68.8
288.2
288.2
864.7
51.6
288.2
103.2
540.4
36.0
17.2
286.8
324.3
68.8
540.4
17.2
1080.9
960.8
286.8
864.7
143.4
216.2
286.8
288.2
77.4
720.6
206.5
154.9
36.0
34.4
1201
258.1
600.5
172.1
68.8
324.3
103.2
648.5
72.1
260.3
260.3
480.4
51.6
600.5
103.2
17.2
720.6
77.4
17.2
288.2
129.0
17.2
17.2
17.2
108.1
960.8
229.4
576.5
960.8
172.1
129.0
229.4
720.6
720.6
288.2
129.0
286.8
260.3
864.7
36.0
72.1
324.3
576.5
51.6
144.1
36.0
260.3
258.1
25.8
1080.9
34.4
144.1
17.2
600.5
576.5
34.4
576.5
540.4
286.8
36.0
36.0
600.5
229.4
51.6
108.1
114.7
1080.9
600.5
103.2
258.1
258.1
216.2
216.2
72.1
72.1
864.7
960.8
68.8
86.0
8.6
72.1
17.2
286.8
1201
172.1
34.4
25.8
144.1
143.4
86.0
103.2
960.8
137.6
432.4
34.4
51.6
600.5
144.1
864.7
260.3
144.1
1080.9
68.8
229.4
86.0
154.9
34.4
324.3
600.5
720.6
864.7
600.5
288.2
1201
108.1
77.4
540.4
72.1
480.4
86.0
108.1
720.6
286.8
172.1
17.2
154.9
260.3
864.7
1080.9
34.4
1080.9
286.8
600.5
720.6
432.4
86.0
25.8
144.1
103.2
576.5
1201
129.0
172.1
51.6
114.7
72.1
1201
114.7
144.1
720.6
17.2
216.2
258.1
576.5
540.4
286.8
51.6
600.5
960.8
432.4
144.1
1080.9
72.1
72.1
68.8
960.8
432.4
36.0
34.4
34.4
8.6
648.5
216.2
480.4
144.1
154.9
960.8
114.7
17.2
648.5
103.2
103.2
137.6
258.1
288.2
143.4
432.4
137.6
260.3
288.2
206.5
1201
260.3
144.1
51.6
480.4
206.5
154.9
51.6
8.6
286.8
36.0
576.5
144.1
51.6
286.8
144.1
68.8
720.6
17.2
36.0
432.4
216.2
34.4
68.8
103.2
144.1
86.0
576.5
154.9
540.4
480.4
114.7
258.1
36.0
480.4
17.2
68.8
432.4
68.8
51.6
144.1
129.0
68.8
480.4
36.0
576.5
72.1
34.4
260.3
68.8
51.6
540.4
86.0

8.6 17.2 36.0 72.1
17.2 34.4 72.1 144.1
25.8 51.6 108.1 216.2
34.4 68.8 144.1 288.2
51.6 103.2 216.2 432.4
68.8 137.6 288.2 576.5
77.4 154.9 324.3 648.5
86.0 172.1 360.3 720.6
103.2 206.5 432.4 864.7
114.7 229.4 480.4 960.8
129.0 258.1 540.4 1080.9
143.4 286.8 600.5 1201.0

2 5 8 11
5 8 11 14
7 10 13 16
10 13 16 19
14 17 20 23
18 21 24 27
19 22 25 28
20 23 26 29
25 19 31 34
27 30 33 36
30 33 36 39
32 35 38 41

