512 3.0 0.0 1000.0 3 160 240 100

132.1178028747057 179.61868053370728
192.202472472119 233.0708743466451
114.94471612601481 247.59885029630559
17.084544279051677 19.841092619447082
164.087722105003 146.77906309447792
148.12906117586925 224.3917824892258
36.910057804450695 238.1442965453085
112.10416572629312 78.52563487949352
212.89743146932528 205.44253965514218
58.18228792188066 186.8593654461288
181.50098077917383 31.86546576788932
163.07930017545434 123.10563340756175
20.396857751061205 3.767786050575539
210.67029241593508 241.5008205186522
128.45193088066574 185.91960445134163
219.1926067839587 14.43488510185012
44.37427555661158 170.7933254223494
89.46189918842443 230.65071905048035
57.12255317073822 161.67423394440968
43.942365837255274 0.00523979931216223
6.168618058003145 179.85159288102494
244.32759967181912 23.138909290594643
111.88830605871416 31.99474208004338
116.91029813590629 142.68720963287004
51.854243221038985 201.34449755776615
227.28818448350137 94.46787888651106
72.06686899166412 111.60438270562084
77.08375709716516 215.59120614265953
115.1925158862892 114.15114076048022
245.06371795660147 136.81942782095783
108.88307696958793 35.39509645394162
111.73806300901471 54.48009362544901
46.65130774979259 243.9114190100781
51.020932383739115 72.18176590219139
34.765502245905324 70.62279864625539
215.85125591208921 233.28910585983118
88.14539744065044 115.242742756652
45.22575162910472 80.45583232359054
233.7959194653754 168.9839392741968
54.67555208081393 206.85680778627622
23.625480914500564 81.95992061912146
98.48627809203894 18.259058863659973
16.55396701802589 174.3618485432816
154.68211623604128 142.46118217738436
74.6733222007802 150.1430029252975
83.21780235701782 2.055570125529038
172.57513031285103 85.01969342402515
127.69236084415245 209.95701430860407
247.2686992728013 195.2479363243883
77.71975446631177 137.87907206264634
33.49944553007267 38.43161556128949
217.71162231255053 145.87873616656034
49.29002923869849 181.43077226989217
21.282531568056818 15.758711704380811
105.37942973327131 112.31778495651143
133.50248062085075 121.58485199985755
75.26030760752845 194.7493608723895
181.58448356556232 35.41813684902609
1.8369203533056822 151.63936120921628
190.61671087002264 206.27279329343287
115.99883694588894 36.62827076343386
31.266343958971266 6.848742616050091
12.110856645330237 99.48649680486851
67.53263424235078 113.89184099336528
206.24409229381652 90.87747127397446
74.53124623851711 218.89661461850196
148.12419655542988 146.86509933504092
4.691886927172817 177.59724228859156
186.92682267364142 40.106597762808114
136.053020594817 25.335699276138186
123.07600050683665 64.83442391039237
139.23611620906865 73.06017409419697
183.68443219370246 26.47366165979789
0.3681635396031724 196.86667829671427
138.51209884025315 217.9119365249128
131.25595131743572 130.79071841342432
140.8644863253524 185.66128479745436
107.12928363099871 108.0021403003375
108.6722262350629 12.098787819254303
216.33425648857863 73.14001509740964
249.78222553058194 17.69143215510041
182.42261930682167 11.618965711424512
153.46408441617024 92.41129437563208
215.75027522966232 181.6430221683846
28.53773425439099 227.90827794801046
9.865862943999021 216.3220119852424
8.990446139727048 142.732385131666
178.73717672886258 83.59114466449385
27.892272566619138 20.641615256971612
179.04929257301762 165.8812287186224
20.089698339734703 238.20860373186088
24.935771263739802 47.904675297707286
229.2613031782677 59.65645051701088
46.659079039330784 111.24291704259454
221.6200973428277 25.00456793454425
52.344498390031745 19.73009895589653
81.82695154481362 1.3569740604112146
147.24217919446468 33.91154214635483
214.52670785391638 195.81679069006984
189.83761115804592 38.83617000067135
143.97477177385284 220.98297448853123
224.05545808434948 116.343183464887
135.85516630591502 91.41368373818936
32.05858418414176 2.6707132526028743
206.36372714358478 126.62447984557149
90.99786012382324 70.49441023174397
43.619442606095625 232.2234029773839
105.93012461927704 22.903780678434458
16.10408930126758 113.98020034460183
43.296795705528496 3.974190802686711
151.17554963955456 119.44998338646579
224.72778846018332 76.14084613013877
235.26915238325822 23.137901738792515
81.24574879582185 144.69384333072486
216.81612492168293 53.857272968024894
3.728662210758571 196.76784461749705
107.19482948733325 122.75050044851005
79.56513983140253 238.2255188733478
244.66376074446683 240.53212334854337
224.25581949459433 79.92223658946872
42.72717792948769 126.55800690765199
162.03141929912243 140.63744662406617
22.922033647425483 75.42345059644667
72.66575155322072 62.493829487176576
45.71034000316981 56.80822985979941
78.52909243655307 231.5710578222126
81.3547331258804 79.32069234508185
97.02711766084849 229.7078316188442
109.55720533574575 111.1113213311854
222.2903264971283 191.265498338973
35.994976386619776 155.9665244896497
132.29616048387425 59.20897581438095
81.55507253561747 17.36361057247851
56.67077794175424 233.26949675547834
217.93473452783698 53.28122411099193
57.81541689301789 157.66138520944443
110.86993916538026 59.98122391295138
91.52794231371323 14.326979761604324
168.17557582867184 66.28710307492052
187.64994797727147 91.42154609986125
82.03962601648429 44.72282016182022
234.36166601060071 241.72233897802747
98.00725638098933 94.41025951962745
149.54831230913737 160.62006658491936
17.283348754787514 99.95518769872078
43.62154606952945 214.14960868030676
152.84447285808372 124.08437855546292
45.11324766467587 209.7012756425637
215.21984778103118 108.69910581144967
19.02329033386338 156.08300365480864
240.49760560718676 96.98239456406313
241.96611011112606 245.22576266734592
219.70118808573233 127.83750055198351
234.7083007259649 77.65072905097145
34.35202465185982 120.99932099802513
197.44128158453898 86.54816712646927
222.3663720584939 3.5850988406786746
141.15965838436057 52.955050398303285
49.25098779612727 0.6571552488486565
141.01288517995567 118.16261902990396
95.18918855982425 101.0035205653699
73.67571844694085 135.89273048836327
202.09154451600523 223.7345604601611
116.7556594657854 223.39178429967484
176.91317212035574 186.03267867206574
186.40975098915226 215.32484983196858
180.078514442301 201.84060081725391
103.85765192552913 58.63699883922197
243.90069616199818 166.04319261155527
246.51602265605143 56.63070817220839
214.367674291356 187.97559251690862
151.16917161941035 229.05992075979546
148.8782464444855 93.9893381588132
121.56860374563716 25.398649020532766
207.45919019264983 249.77820609759686
165.8435350136607 154.15269858654653
30.69298636346257 84.39556536938561
238.62390128125347 32.71746823445063
40.677689701298064 136.40046230895993
91.81650341400649 59.57665189727548
132.98430778920195 26.16738336413174
124.69489255688113 247.0437428509322
225.9531488890537 176.95164993804033
30.827520155124798 138.6237656118097
104.7198020316921 82.16724066039893
197.74053142159863 147.18951407271138
37.12182830546473 41.474011262778056
226.6195765944989 76.17371778235845
47.76727148022597 119.90996724917319
243.02396023655237 38.004440263591036
167.64439938801183 136.41355518021587
183.53991086930475 171.08816344957577
170.21593618439377 218.59784197209393
163.75521454925868 99.48751942819464
170.73005043976195 119.32474776918586
226.4479515975881 215.62271622076554
80.38858134356242 155.5646239800874
93.34882693362958 57.020814155052726
145.43894926584758 61.305693284440686
249.36598709703486 22.541452485389247
195.07415232743034 160.11537845433597
37.39216947818105 81.49366231825944
39.303682357555495 200.9589220183899
151.3211972469778 241.8437839731189
247.9424253408404 90.24058013598018
181.2969534892992 120.1454221384546
210.06711009898976 157.55469346769567
212.97578153739292 214.98897152947302
130.33484520791285 248.40341906140873
62.39144782220998 84.69924484465874
95.67991286440522 224.50481717651715
115.07154381951992 206.29755641214678
49.96404618577755 136.8687788847962
190.65101024292815 197.64790657650136
41.109029540339485 41.80276729627144
142.8243734203026 33.08726320181785
111.33361166988587 138.81705306534857
224.43265368362813 199.13509088379325
40.959843172871516 86.26103373947963
243.6239722607135 100.66095015661183
21.80905948357981 91.79441225697427
164.56675215196853 223.2074844758169
6.814183038152483 42.08896039967494
100.2349881775417 93.17925852440334
161.8220514488779 27.759960388659273
27.838416001443296 213.52950898999896
27.51686711901222 50.01192233526688
80.16863362882265 191.6089918679106
72.58053757990714 17.78453445630035
141.95900009190527 158.49131619260612
220.7895349716355 208.98714241655378
27.647682995417977 21.264809027443654
206.66994910355368 104.67431651888751
155.62681364989447 116.60681272629932
27.4333039620821 1.5495257155841158
16.817695051367682 198.59196690475736
61.33234164014892 89.30491576895858
149.0227008736384 83.10310390346304
59.233186560673836 192.58077261855138
165.82371145772925 212.03419647025262
42.83894211688683 50.59700001683159
230.36884884631172 237.56068582245845
24.403083439999 176.29767793137322
4.652454537555806 176.31334139422773
123.87999477990347 41.731979350874724
190.72230382891263 134.17747155582038
238.87546255097897 3.8922560576263865
200.20582940927528 190.64369317725206
61.82714623429558 96.75431246739325
74.36408445633849 17.415294795011388
183.44445378875477 128.9886654077666
45.18506597411848 224.78896696365095
104.97812755791902 15.759874965778103
20.873115130881082 202.43687778970215
194.55518703580407 133.68621935586296
159.3505058697343 182.55602694967217
106.72269283655186 17.948330850786952
127.83879018278866 125.93128204832708
146.1489475280915 37.54384294043048
32.444663669698336 197.81778941093052
102.92310986669625 46.545111761665204
142.39627006692427 35.36220698885242
245.11925783040746 90.51171524219525
193.97468822577127 64.58190553586677
216.27133085783936 64.93976226143012
50.972861640204314 101.49605401196374
127.77963864151626 207.4805727541728
22.89003210634599 202.4127310173076
142.28215238282408 28.755042375582352
152.255835964659 216.04307907266295
82.12702900357507 146.4338171732096
28.576707664711876 223.0672066445438
233.68180276710768 56.359646308246994
31.210102982837302 31.271008388895126
82.06717087717492 245.26714538260347
180.0104906452115 220.28025840472841
88.44056971040601 42.05210437078216
5.2622370149218165 147.4922260171668
201.5087892208027 223.9516914475999
55.18559822096283 3.6990498467317225
136.39538341052165 226.99186570631113
66.7464509987085 30.26828287804903
129.96550182333996 226.0863997172835
46.040985975034474 185.1947228560511
230.6147984290721 65.67490189461081
23.60224312906781 30.472976174558436
119.35809787706211 58.34746723728343
23.607370182179565 112.62471589757489
229.95563779351858 149.04124191615406
10.681770828549292 15.14117231076817
155.68624104200975 36.71052774204195
134.80587816315187 54.23327285456583
180.4647877684211 61.246822092485054
7.1409255401679586 196.89645455783386
238.07116668412252 102.18385491485945
190.12402862597224 92.43315338424648
248.58625606212172 83.96242040119556
6.114862929223613 200.27576672389011
63.54887336543638 153.01434143003544
247.67222148135895 158.9193441953524
145.0562940118193 84.63558338510572
16.228209695963198 204.5611077384697
2.6547922476246324 165.558142440174
143.72874930895773 170.01607345256087
46.69239112762227 38.323265340487
75.30381593713203 79.90643105484818
229.2444051205088 83.0052679296254
205.06091072901344 217.11200483620345
181.2371445281106 214.51650414477538
181.8163819735421 101.71160622594039
210.26519113014797 82.7621033334347
75.36688743559888 218.36001117869418
87.90163117621374 22.885639627150788
226.58705453523828 84.4231873409877
26.52813177391297 2.2209601501057277
48.66243406414144 169.9408180849199
113.22639381708804 209.3716535188493
186.6723942652981 5.44284713068735
215.2040137040402 193.4753060595755
34.71870488505005 156.15113988079003
56.683777278916466 144.218306490612
163.47367210417357 177.89372376245373
165.07851097513836 59.006867196883945
19.8047213726191 72.82499406737955
12.502483121765051 161.01735155039032
179.0490626252271 42.804425311656985
187.54675854353948 184.34836572949558
200.1888956704137 110.4218680827935
173.33642618034344 181.66858580855148
180.66495081280706 92.6186024439635
84.27775997972986 47.971128557735526
30.609015988649485 171.88431915771747
209.54543857635517 26.73807359052788
154.44704264235082 243.60244607485814
121.12613319129039 189.06561733790616
39.53444680228885 14.743000543034235
72.39727153334537 58.925707684239356
157.7870288152112 47.8450186717001
208.25614127943243 7.736192657613716
26.554170766210415 42.856491645819396
245.85735513768435 127.66125773794604
242.18429247840047 0.5505379257817189
99.1367949127587 40.515110023011225
226.68120788679107 159.0635555472803
22.998401947754598 51.631684302385295
97.21371856528721 206.96001863971023
155.09666499933056 184.74518823742028
140.4906002344916 78.7610166295919
73.73528478007802 95.14336262800995
159.93394557231593 92.24171144320098
165.24323128020677 158.35558959946115
37.72522460787556 145.81055823347606
194.3196541353714 199.53253576618064
216.55011887641854 48.99598965956836
221.33473759792994 4.232150154058117
45.94177834941965 33.842639181331094
159.71830735923248 97.09954476991584
108.83639318605314 81.79765463760039
161.5408676380295 134.06216287183452
72.48123667600173 113.22603511978144
204.05177464075445 224.77059615459618
247.09092694167052 127.84735745586256
42.760170411258294 249.07285339934862
179.19865905223278 137.94702744252126
57.87312225955879 123.53138587302482
69.0340829538837 139.66991193014252
239.93797857037475 125.09251749938169
159.55930672052563 197.10314517869296
98.2977293598773 177.63520416657477
232.57736628770255 8.771049959487854
166.37915300522525 94.22888105985616
21.444630147025716 193.66161903156032
193.74893044053562 244.58914455256482
168.39272131801184 152.81327466322458
14.791345777233705 60.18832893123732
168.28747022052946 157.99204575546491
103.66141949319538 57.57681111724381
35.88752611745938 122.92298609672494
218.63001110409425 35.35615324412539
227.5833118314474 122.41490689461735
238.2228972167146 59.21767165308753
98.79035126442918 127.85980544430359
81.01984809994475 203.6447994170653
30.715105170255637 18.985753941715476
0.04879764523985086 42.78537426659218
190.19722999168744 155.73554911203559
104.68653636823305 226.6449317776803
196.85745681600292 179.51695842543222
26.57857726973201 201.48945241750639
147.38619117526196 164.1528173143679
158.02217277789174 124.2162973438825
207.18359544751593 222.51113512885075
48.13499752211456 44.95680384057904
138.47456455399617 22.60463979009286
58.98593224039691 140.38718498528397
76.93525459398029 54.085364457419736
206.96720641220702 30.52436684043619
40.47584551120587 7.013805506157128
211.90641778494617 165.1144887345347
14.497777619668112 155.4098107193036
230.27947025835516 165.89489133921268
108.57173057071662 38.061501883193905
18.391049263010466 130.57564936970633
19.528925714402067 20.564203782874657
167.15578638635947 185.3064224722036
1.9859702529446965 122.98430434158425
8.793393822627504 218.05586481693675
56.281296800269416 38.827170526754244
214.37581290155651 225.09144486702934
95.80546602631173 227.20334961094943
133.14203879077024 196.13373910570007
95.81343734161327 25.231591851727327
139.21812086734434 140.28745516016318
91.67146007879568 135.27996848744533
221.95679554157118 3.1031363561426497
163.50166427813775 153.8202695007462
41.263270143194696 34.498340939401714
224.93359850955864 140.25272012624063
214.0744940335334 82.50793066438803
201.57491161858457 132.42888714789547
132.62541252208288 23.27871499001613
8.199142180475489 196.31946589267184
201.25288457714643 0.22194083686868926
246.78641556100055 47.24999324447732
67.13106064101518 141.31397000213465
120.87075750751042 26.432529077130035
50.91007020731583 207.24967795729796
136.37381308118003 156.09618500633425
246.53820658842034 214.84900740946728
89.6504129967434 16.087941837719473
218.63395136483788 193.05943366480335
74.8122283863723 185.8813954910807
102.96253278532633 148.79676306300757
84.6530821347424 189.59687991309397
150.8812020320779 217.25976292271184
198.46870658636436 2.115385404648229
144.51538010195463 25.2477889371249
97.29556103402726 41.415151989713685
30.97077846638094 208.04188301871537
73.31019977025771 242.54491029852997
131.44785988997575 62.944020144968526
219.4686785585084 136.18435071230087
75.96565726285914 51.921617255298315
57.20117474457914 242.28970765937146
40.39011080492377 117.09690943745684
143.0013370440722 23.973805151609433
109.74665210763624 154.44134158564972
63.67941101021629 24.639135585509287
41.69202366142308 233.984378840148
92.55006943038549 42.6494119159393
185.4884844789242 29.96781611813326
0.214577208508121 106.23959735920366
171.8745905282739 187.35704282136018
144.21605675499106 73.62478860949805
132.59199031640543 214.82802088218995
96.37270687772009 76.04088426101555
203.5448499307188 99.8610201476812
198.77999030315263 75.49082467917961
84.37556859271841 10.174216873191838
7.595743181081138 81.41741407601097
118.90981335509892 65.49190507216731
15.901773570358547 249.3885147425843
24.141242137372426 71.6718184837181
170.55745139176037 150.913410586195
42.36829865345043 204.96103984222609
144.4100771019415 90.60295859496215
19.67271603164411 198.37606673629077
35.47161145066774 241.50689366382656
31.207329966632724 206.613528148021
1.3720651082817503 72.08495604853951
158.90404491369668 62.31894274349947
44.16578111461844 19.244114331447765
133.8686631588772 156.82542297468086
67.79937579377227 62.092356966337334
228.72815099950702 51.7282643071082
19.203905629200435 206.16297038096482
101.27876561972604 244.6021375196616
199.469381560883 158.97894685041948
101.61955568193831 13.998649477814734
232.66154177798893 93.62787924595806
173.79826825149445 236.8476817467835
38.9138803217029 165.18170045959968
103.34551962039895 32.576624474677935
174.8437239068301 75.69704780861592
34.757672300881225 194.75713515453663
225.86486683432798 160.64125916575827
131.42105344345643 0.250281985863382
58.677443858679844 98.58859799133346
108.4597836556273 75.05925930578364
12.592703129463173 197.67007853434149
208.97071258750756 35.2919828228756
192.8909093388572 171.61669660434387
7.740031078311061 63.457355283752875
229.87945880772568 234.2788707083386
109.94817460731349 247.22258189780146
235.9226474410646 29.975438090817846
206.74540644139813 228.8362145170533
66.54984282688747 136.4462088974095
50.63439779833143 116.87701113359805
59.288830369071206 56.025511487492714
134.0670990327712 42.273697494138425
133.59669117320234 186.47815873455025
2.4736119905835463 171.9293686144085
207.8890140324716 169.54710829248282
178.44655627473762 197.16260411275658
51.0760450838523 233.2781479524057
248.01669550700655 145.37601488384698
168.69034706333406 173.21185398979645
216.67943005249828 167.61683842611805
90.70362165651675 83.58982138352377
230.70448980076534 118.6165396145956
42.15171229490819 243.65318958570785

139.11485073518423 178.5711521378815
188.04751387008622 235.31723030396023
114.19931113532844 248.5284114782768
11.117274908110986 20.344033449741367
158.69246062779823 142.4982015712537
149.40293294965585 216.9996432765211
35.784156204032385 243.92308803008046
116.17349971690969 81.03171264432585
215.78828476642062 205.9221812994956
56.539625072380886 186.57621625682737
178.8239140920083 35.64699529203763
168.673626844284 124.63086982160065
26.07011348570465 0.35705308465716623
207.15925076745816 241.29071727188256
130.20084260346596 181.44841113861384
213.00411791391505 13.672572553000418
47.61670382442451 171.12014176255659
89.5688577578568 227.54462926205957
60.73465323002333 158.42213436506734
50.00581594889025 2.7947672003703627
9.003855778799336 178.99018850558755
246.31152804663117 20.929119898452697
111.35704701655821 32.96935570475076
121.9701867661629 142.56210131849744
50.89129865135128 209.54449158444572
224.87244927744197 89.24624876783915
68.94348552052548 112.96808644431886
73.14473266846413 217.19581522878346
117.10475105011372 110.98365531959281
246.36759443147213 142.28381760258685
107.16597382979224 35.79192597784003
116.98048321506057 60.84663876695712
49.42281879070026 244.2981093062799
53.75452155709129 70.14532337724377
40.32200773247133 64.90119873902145
222.3263565022828 231.28505506313695
95.86085956142742 117.7311387444663
42.54952432965437 80.98559431185323
227.91652607633483 164.38856598003397
52.60200416213207 211.68116630562204
16.455083990293552 84.36256582002619
96.3167024881175 16.664328334324157
14.361559322613154 179.35278875323817
152.754154673262 150.13225875163909
67.81482904693418 145.2803894375694
78.9358157023779 0.22554151994860772
175.71057253499137 83.71398904776079
134.48181390184394 215.01351422048245
243.8679615042629 191.52540665611042
70.72454472676048 138.3910558353272
37.118055579041325 41.334915196557546
214.92777824896515 147.51749164503877
47.22393080756021 176.90898548802153
18.56050978137097 16.892454310434623
105.09586697114845 110.10990675617033
141.39010770390422 123.13505637008487
83.4605684044872 196.04906117599606
183.79293085317354 35.79592426609579
0.37570825626428994 147.09742512291436
191.4371112501434 197.90961985599094
119.40245387266168 30.797342351146117
27.260166510999994 6.123646585144749
4.283868934984003 100.29512369784868
73.95433244355374 118.50129958134714
207.72247336235148 98.88406118210186
77.36209852395135 223.3949811938738
145.26606825553412 148.17246442634757
1.282384123097835 184.81675906756152
194.59969297792557 37.455021876108944
139.89205527999056 31.339758957700415
123.934223127975 61.67946310478578
131.95058565304225 73.30756293059044
186.55137330927602 30.12274689502939
1.925249042699806 192.2603565887922
144.9364194854055 222.64198916598136
126.76489848549666 129.14896031902916
142.26809671626935 189.16585904392332
101.67522983919875 109.4350162999607
107.00062208702491 17.338685640220035
211.7810658324426 66.84116499076515
247.55183919657887 11.938814810316083
178.85953601678915 11.71514422188888
158.78357328523276 93.24383586242429
209.6303057892636 180.40666535939192
21.483801327404322 225.03700007851194
11.355319489740918 209.0800417075948
13.04402670502325 137.61039192125125
182.47885713883232 83.2616445724444
27.289650818072666 20.778322220381924
175.5835947021576 164.50612985912963
17.0360203829692 242.30402933248354
29.1464181215505 45.39412290295278
228.58557323950922 66.73893737170728
52.19331213301761 114.2980304830692
227.06035960500887 26.874531513545797
53.44589855486731 22.879230629027496
88.22085484803435 6.160512820675729
152.69023519308507 31.712149575903485
217.6514003353922 189.2512603561423
193.67438925843402 40.44062646428184
151.07785130017814 219.94686248802807
224.10575506079252 119.93844546861106
137.52888247696436 86.42506742458787
33.017924129668394 2.793746024164101
209.17518698314694 128.5953630149251
85.49571672119171 75.2349400400879
42.76262887199553 230.6540467133349
108.22800822831302 21.221212585385285
19.622785560967998 121.21173028206967
44.05295223873068 4.377422163852396
151.75407866519998 112.48705506772843
229.3072825057644 74.2481538614552
239.1628483792493 17.83476518889604
81.29128512238334 140.8754473095814
216.06981025721558 46.04698850623015
2.1794139767393195 188.7397954310078
101.30913813474726 126.40725879878148
84.91068662829734 241.77450184227988
239.51349479087526 236.01788216357562
218.45995266594247 82.76090782332207
40.258861876891345 118.79257882098412
167.83448974292872 144.36479709808015
22.78319906717244 78.05902364051848
70.28333327890121 69.85970457272775
44.040657855213745 50.94005215692918
81.347525920594 224.3122816431653
78.82949220405108 86.06824287234515
105.28703770532003 231.35629972920978
112.50729447225424 114.89611187218004
226.439085355155 195.7806971791816
33.4966320293619 156.47934517131176
131.29540930683723 58.962160163260165
80.69615857898349 15.070664248336058
50.28639274488236 235.47818329942413
222.9006085993889 56.56189547696472
49.842862848092636 157.38360334491537
111.12307123967122 55.441185859557294
87.37523879324083 12.36492036497197
171.86480092979957 62.21250499886716
191.49267913243938 84.60489958674064
85.63704920183768 48.4637612720378
238.31658605954982 237.70773967557886
103.45628009534799 97.19969798844141
157.2389927353942 163.0089037692211
24.094211454003922 100.91955642491405
38.971607679775474 213.32605935820737
149.1782557844041 131.05150517895513
52.675089778373376 206.74380598291899
213.00799557105444 102.65193678348278
19.890047811247648 147.87249492779623
242.56031251729104 92.74724067506246
238.51823899813715 245.24298068431708
215.69377112961388 120.82827086781614
229.51683497695328 79.19866582239068
34.58256683673552 120.55267504495792
190.14230194759293 87.30742010255615
216.46797839044442 7.683748697603687
133.5386057640158 54.497308857265615
56.596497884226906 4.834582854611052
137.7197101775022 112.02605299739149
96.75018175424604 106.03226230015142
67.76025960047977 136.80535689737192
201.5583408700728 218.75064253182353
114.34221303502409 216.28360269812012
174.02681178643087 190.5684208240934
181.58688518238873 215.06499054902142
178.70719098877368 200.83677314657953
107.47628756822725 55.53618584502357
238.33131912298543 169.44040404106389
247.86933236286106 51.38776257768943
214.33482714645578 180.4153201742671
149.61984686696738 226.90418451314304
146.62287296636876 90.37548806114079
120.19517441139632 21.770661605232807
208.11699896892344 248.78386425474093
164.74395357972622 158.17481654487074
23.261749178184214 86.16611551831096
239.31170405570788 28.56273804278192
40.314731157360036 143.48996915580304
85.86050521353778 54.68572765094218
129.3181613549374 22.590803556649774
127.32924020730735 246.75401861140904
228.072342846569 172.61406489696714
26.92376746106706 143.86631918549799
101.39534401893302 74.71613009329181
197.66483499429404 155.19001360643307
39.12341672715497 41.923717145459506
229.6948556939466 83.9925247940313
48.82502339714315 120.29193962236626
244.29228923380168 29.902833756028425
170.72560687842193 142.58606581272718
185.3059196923417 166.58382566487327
169.9164753052834 213.2546735817468
165.7150098447258 100.03491121974272
176.797466867988 114.32231546817329
234.10008979380396 218.9862577104469
72.93028122113913 155.10304658533946
85.83180175170241 55.33966259194989
145.88881507942375 57.31463861352209
241.70748120748436 21.216118690197128
197.59156021845166 158.13684451239092
41.09422888949354 77.8432433071431
40.5921747524341 196.63020956284302
156.7189925106143 244.79409382750342
244.83501608073118 91.45796197010483
181.96472563840695 114.21837804265306
208.38650875948818 164.87847373210548
216.85183917258624 218.46730074798748
137.43306312823125 249.6242666322556
64.20490879185553 86.51045778379748
99.47977024411439 223.72467658363325
113.203618170691 206.19003093431368
45.138359427871364 136.64256041329833
189.57923454760981 192.8218675346298
41.404033112546756 38.81094733998142
143.56612476238575 30.36230169545287
118.91117779281541 136.64766116237925
217.49005471359416 200.96866673933505
42.89743141056648 86.89685607672726
236.7342681982929 102.90153414905318
23.472681892045934 99.17070056519536
158.0204117084414 220.7808245636379
6.587924827670538 39.06427269136081
107.39045509201873 94.95190942704626
157.8955734188352 25.236100703347642
20.190233892037167 211.89243237016908
30.448656871900265 46.06327913425501
85.04158809367465 192.27669522200247
75.8442357590029 22.849060627187306
145.35707883059376 163.66382274914355
217.1614077873053 214.73456041171576
21.053198137992002 17.890653792255378
210.57821755609748 98.17532134669635
151.71615070747313 113.37721881175092
22.671444127796565 2.853788747419567
16.2242924237066 199.1701975170327
59.99951411290705 84.1081653837363
151.32635879843374 76.06034485119395
62.523756890782934 191.13045406072223
160.4472565136107 205.67656439474206
40.94230927711045 55.23336581269489
233.38650941934935 234.59824977892822
21.50087963306832 182.23319509674727
6.714740439991651 179.94208433837207
129.95691031789147 47.02788670290756
187.52236234585655 140.30394211313904
238.85846382356482 1.4761662273006515
197.01795335138488 193.2508754552729
66.13320136311313 95.33453497792543
79.4964403843672 11.913335583995849
186.36763132958566 133.9334476593906
40.9205475074565 223.9429450278098
104.18982358597175 17.583661656704162
17.113385015948918 205.1191804806253
197.26419700981393 125.97572249355835
160.88495726570872 186.95519069722926
107.13526129634329 23.38297837162642
123.17026423112048 129.1548056617904
149.44621144704422 38.66715546914498
27.921028640584684 193.95718936339165
100.24785718364379 38.62284855677939
148.62580979750135 32.42384446951965
244.61652677657125 86.03271991744546
201.42497710265985 65.34332434142692
210.79021870315015 64.79469436667712
48.05879392198034 105.56851148319618
120.65487364422694 211.74180209559287
26.318785286117947 207.3024457384759
145.17347436133355 31.968479682348978
158.52267776524982 213.15116005519852
78.5405764008 149.75027649569913
32.66458747214965 222.0649518748176
233.4494996880276 60.22265646635228
33.95041120834966 33.887934298388046
89.61244314543177 244.48223577251042
174.32645558539642 221.76875424216482
85.14812406496087 40.28999241535153
9.76202097588555 146.5611295269051
196.7521319050501 217.55801318909826
48.143323458388956 0.17996408774823003
134.2078085358116 227.09947448404975
63.31827042876981 27.114756882208184
125.23141949876657 229.12845191124308
38.77210302007805 188.48449999857397
233.2008119288431 57.959699350998235
19.06154790493808 24.700406362656498
124.48302641246262 56.07806414357685
28.204325896609568 115.49571962318178
231.4051917281401 143.9311875053737
14.231683974299358 18.967087714871266
154.04150423855435 38.752338564521565
138.35988360859267 48.27990690225048
180.44501880463375 67.05151272113488
15.557070966044945 196.53580966830583
244.50501299727287 102.57266678199744
181.97843287684736 94.76299836727037
247.8955378221473 78.28377072958384
1.0999469106514337 201.99131065808567
60.88396953347089 146.78797726761584
247.75783176246372 152.56429476634517
149.3329073623349 85.35014603674796
13.262645223579895 202.99693847953966
3.616771591149537 164.89849375011437
138.0916640366254 171.54654054746584
47.242142988622284 45.29216203072595
76.63253488872913 76.32162288874989
234.0600765841389 86.99462776622721
204.88757218623232 213.00112495842578
176.453067103713 215.28020692692493
178.1946843404532 99.54281311558114
216.97543214485708 85.06035705702278
75.25388676997635 218.28677502769244
83.7831046932307 21.826384257568137
232.8545064886556 88.26210068651028
34.71648451815179 1.4611177397279296
43.30935628686849 175.9633098292738
112.35376103427738 206.23965243109927
182.60265075294993 11.729241735855101
213.79284747941833 189.68424942890235
38.237200808596775 154.50588400604738
62.57128671351669 143.70815762245084
169.89962708239608 179.14985467147906
163.72995275054333 51.695234801329065
25.23949727044364 78.90485404118147
14.016439735224957 154.0424364535331
171.7549977056207 41.08924544022241
182.75444341293388 180.50748964406503
202.56739643415568 116.43845957361212
173.13663661892556 177.59485547718492
177.06867141984782 100.24634296831289
78.24999079148853 52.16933623402417
33.4061250194779 176.90477496054484
212.34115907451203 31.97814425454301
149.47139849337276 240.04630821483946
119.75073721426679 191.66777632081514
38.87142402661342 16.06916679761336
64.40322735316342 58.061756962305836
163.74333809410396 46.550005643816064
205.05744960614382 3.5677905353476422
22.70893970048124 39.18877917136832
244.38326894152578 124.13846098226577
243.47696357107102 2.1306845924405904
99.56099127217166 37.02968725252634
219.09716699392285 162.51569272608015
22.229431816859073 59.93635401530881
89.70915748419195 207.67960274040013
162.26712504093615 183.78702753152476
145.86726673347255 76.23884270856118
80.16954497771201 92.51947596634092
158.93549185327566 99.08548441731782
161.66019128641636 164.43591769987273
31.081787424915436 145.90350411415974
192.19697611297298 207.42567151309808
215.3891917944547 41.79096324108092
213.7620755531431 5.818247417746725
46.7170627913899 29.789028560970294
166.10496596939132 95.98164595403944
106.55323711270795 82.81668809042748
153.6320242988889 132.87172199518818
70.5074898678435 114.77422605750724
197.03269356680485 228.059104032007
249.47276588977374 135.67366468259826
37.050139292300024 244.91633808966438
173.2923224871755 133.66179629407048
53.35935290718771 129.12774995710873
63.12539474705786 142.12559525632196
240.3223198964614 127.56450774070727
156.81661030673627 199.21912191760407
92.35740513798835 176.68975936210597
239.25455792766778 4.305719268745428
166.3721082456936 93.52771397622413
22.375731843959386 186.8505488449142
196.93077848300166 241.45909481882563
175.5204074083676 151.5103886148958
18.881357134473447 64.10653369504529
169.53192308996756 164.82333934172522
102.75749725039779 61.98161299756721
36.75126921798091 123.71368266251645
219.87724268725188 31.424590423475284
233.4562960666418 122.87120790854475
245.06507775462438 58.405770755805996
95.8909300913735 120.22389942049783
82.84178029626543 209.11218662829074
32.016717957538326 18.396056850017466
0.7797661894550778 44.78572643648848
187.5156417950874 160.19211737983895
101.60121665712745 232.09693305176182
192.145681053532 181.65126892673266
24.428511422559502 205.80903783199292
148.9694005740182 160.34046574637688
158.3105904102647 132.07381115735748
215.22669570387086 222.33285827264206
45.097964046571015 40.326649270068685
133.1064659135686 22.63003705917288
67.05993064439639 141.1886245856525
71.7653868417355 58.348265720539274
208.99422671076422 32.67901640799023
40.715305623743895 3.746774441308248
214.7593224915743 164.41783799916558
10.571902525468774 161.11730079644585
230.50132934197543 166.75335609180178
107.69291357582603 30.586827640203346
23.954046634258958 133.74354343143827
22.008360817156486 21.28815657638297
166.54940379412415 188.53984772144594
1.2067648315141066 130.05561423485543
14.869190405060712 221.15500205649246
54.11605634521951 46.365370407697945
217.78322808918986 221.84213369381604
97.29668709585145 227.09827692162267
137.52401280356486 193.04296686861977
103.20831037924243 25.72096034475163
132.93423039739736 137.3543959609389
86.22878402868356 139.5734277690884
224.25867900603998 4.1276416199927946
167.55426243643444 154.467006003827
46.621415111243266 31.327438853709726
227.96723773823106 141.93651245895222
214.14367542003356 77.13738793984997
198.33013289457938 135.1175556111265
136.64145435349437 24.354740106358324
9.053193825231565 191.4535521253972
197.3430668719797 6.69252952281324
238.37657209689363 46.12117413362693
72.25726035503247 147.3707798843632
121.50092367080265 19.621277860387003
42.5563919518869 206.01857228321956
142.90757065310027 159.2131690076371
244.91042971429792 210.41988849956542
85.80668170867794 16.22737855174189
218.27267243852256 195.4789020294579
74.36070217406868 193.83938769658909
101.21515037000623 150.2521095211807
82.98585896440083 196.8073480129339
146.5680652466642 218.17500851813912
200.15505930964585 9.34235446079551
140.13796395873993 32.27561043985963
89.5643093661645 44.50011848671018
27.819071599001237 201.05215341773692
76.45033768655338 249.99782100668884
131.61284136076344 55.95023060428525
214.667862386874 138.85649778908692
80.02671721325308 47.12739396448895
50.58792997222522 246.59304370820226
37.60294285355087 111.61367824538154
143.73157852887346 26.864430344070044
109.33549586881708 157.65723034744673
68.81916866197923 18.340404589594407
43.95817644081518 226.88397808679468
93.39257929464954 47.86145231527442
184.62375268918836 25.5008757307115
6.800412051673171 104.10366782073469
170.88367468006297 184.37555789998964
146.43493036615078 73.94619917718234
126.75798367935295 216.5358390617723
102.03447040052008 76.4607726206995
208.70187742298666 95.8371994493146
195.62024578057887 80.23649168741356
81.30840293854072 4.782719997830087
2.9409413295730378 76.52421858359149
124.54165695501807 71.67018818933687
18.815396575006055 249.00863817251732
20.58206331664844 64.22374723337931
168.1460563456698 154.5932409830594
36.858997255941134 209.25025821674748
139.57755541336005 87.76453092698381
23.38213838668979 202.62017010283427
31.60134715098875 244.78544544212906
33.444372024158675 203.42744407755643
4.125374333175003 68.56046521422174
159.24073352785243 68.0148410784357
36.91592172454525 20.440465654834455
140.35380076888904 160.5006295850241
70.37947043000293 54.67746740333176
222.24012107892486 56.40058112638613
18.752173100804402 198.16304892274067
93.31288519331471 244.84774977207297
200.38188340796734 166.96517869468528
100.89948561874407 19.06681667437027
240.13716385497776 97.17282272344993
173.50589906101368 244.69729657083303
37.50212152029258 171.09796309703492
97.8363638510231 27.75130858827632
169.82544932027798 81.5920718056114
39.97741395427115 193.99689333226098
218.5566280138234 160.40633722272602
127.6416589287244 3.496465496609508
57.43852023694029 104.48719902071599
113.11069786505684 74.43947766300249
15.31093391705382 192.05536612175857
201.6416625264667 38.60245574566057
188.66532045034802 173.99554312857123
11.55395207487958 70.40380671823229
227.73197986538256 240.73901929045326
113.9923306976923 246.30154504411038
231.86031466727883 27.566614698858682
210.09822332578662 224.0095775514424
66.62920342104043 133.72097733616897
49.47975338880273 117.755110091956
56.63007874030482 50.81081858215966
135.89846751015853 44.635668885883774
135.95090078463232 182.2449594634575
5.200722806873142 169.6975241596915
208.25122043548888 176.1111628834057
173.27095555050897 195.0783012194394
44.93812207106887 227.92395630146433
243.3421830313441 140.0490894206109
166.9689499294007 171.34492133651617
218.9001371895139 172.6306047295192
84.44147481553502 82.67479113279764
231.4948300284653 125.49392474998822
47.7339121582836 241.04688765289404

25.8
600.5
129.0
8.6
172.1
144.1
480.4
17.2
34.4
68.8
258.1
51.6
480.4
720.6
480.4
72.1
260.3
600.5
77.4
324.3
77.4
143.4
103.2
260.3
8.6
51.6
17.2
648.5
260.3
103.2
286.8
137.6
286.8
144.1
600.5
129.0
51.6
206.5
1080.9
648.5
960.8
72.1
129.0
260.3
216.2
432.4
72.1
229.4
229.4
129.0
286.8
36.0
216.2
206.5
576.5
648.5
480.4
1080.9
77.4
143.4
8.6
576.5
34.4
68.8
114.7
480.4
720.6
286.8
68.8
108.1
36.0
17.2
72.1
17.2
144.1
286.8
648.5
206.5
288.2
68.8
540.4
480.4
34.4
960.8
34.4
77.4
432.4
144.1
51.6
129.0
144.1
229.4
216.2
216.2
206.5
648.5
432.4
288.2
206.5
72.1
129.0
540.4
77.4
129.0
143.4
172.1
260.3
114.7
137.6
103.2
108.1
1201
432.4
480.4
286.8
288.2
720.6
960.8
25.8
144.1
172.1
480.4
68.8
144.1
480.4
103.2
103.2
108.1
36.0
576.5
77.4
68.8
540.4
864.7
960.8
72.1
86.0
480.4
103.2
576.5
144.1
154.9
260.3
17.2
143.4
34.4
17.2
103.2
576.5
258.1
103.2
68.8
86.0
720.6
432.4
600.5
108.1
143.4
540.4
260.3
324.3
144.1
72.1
288.2
286.8
137.6
51.6
1201
960.8
480.4
864.7
432.4
600.5
432.4
72.1
1080.9
72.1
34.4
260.3
1080.9
17.2
258.1
1080.9
154.9
77.4
260.3
1080.9
17.2
86.0
51.6
137.6
206.5
216.2
216.2
206.5
8.6
260.3
258.1
576.5
172.1
258.1
576.5
51.6
648.5
34.4
540.4
86.0
36.0
720.6
432.4
103.2
72.1
288.2
540.4
25.8
17.2
648.5
480.4
8.6
216.2
8.6
206.5
8.6
288.2
68.8
36.0
72.1
86.0
576.5
1201
25.8
960.8
206.5
480.4
480.4
216.2
36.0
432.4
1201
206.5
1201
77.4
17.2
68.8
286.8
1201
34.4
648.5
260.3
1080.9
51.6
34.4
206.5
108.1
258.1
260.3
8.6
216.2
143.4
72.1
103.2
720.6
143.4
432.4
51.6
206.5
25.8
720.6
129.0
103.2
600.5
34.4
8.6
108.1
960.8
36.0
258.1
432.4
34.4
68.8
286.8
960.8
288.2
648.5
648.5
288.2
77.4
720.6
129.0
103.2
143.4
143.4
51.6
864.7
600.5
17.2
8.6
34.4
144.1
137.6
432.4
34.4
77.4
17.2
17.2
960.8
216.2
288.2
108.1
86.0
114.7
576.5
206.5
432.4
51.6
720.6
432.4
77.4
68.8
143.4
286.8
68.8
1201
25.8
258.1
86.0
137.6
229.4
34.4
25.8
260.3
540.4
286.8
206.5
34.4
154.9
77.4
72.1
114.7
51.6
17.2
1201
72.1
864.7
324.3
144.1
260.3
480.4
258.1
114.7
17.2
324.3
600.5
17.2
68.8
72.1
103.2
72.1
324.3
1080.9
216.2
432.4
600.5
68.8
143.4
1201
103.2
114.7
1201
864.7
144.1
206.5
77.4
260.3
68.8
34.4
432.4
68.8
432.4
8.6
540.4
143.4
288.2
324.3
600.5
8.6
288.2
129.0
144.1
286.8
1080.9
86.0
216.2
114.7
324.3
68.8
8.6
286.8
144.1
1080.9
648.5
72.1
288.2
34.4
143.4
600.5
216.2
17.2
432.4
51.6
17.2
576.5
68.8
51.6
229.4
286.8
72.1
258.1
154.9
216.2
1080.9
260.3
86.0
288.2
68.8
77.4
172.1
600.5
229.4
540.4
1080.9
216.2
72.1
108.1
286.8
864.7
216.2
137.6
172.1
86.0
480.4
103.2
137.6
86.0
34.4
86.0
72.1
960.8
206.5
206.5
864.7
324.3
129.0
1080.9
260.3
25.8
34.4
17.2
68.8
1201
432.4
51.6
17.2
68.8
216.2
129.0
286.8
600.5
144.1
154.9
34.4
68.8
1080.9
25.8
172.1
720.6
103.2
25.8
103.2
17.2
648.5
103.2
36.0
864.7
864.7
1201
143.4
86.0
25.8
36.0
288.2
286.8
137.6
260.3
25.8
8.6
172.1
17.2
258.1
129.0
108.1
114.7
258.1
432.4
154.9
114.7
720.6
34.4
144.1
576.5
229.4
1201

8.6 17.2 36.0 72.1
17.2 34.4 72.1 144.1
25.8 51.6 108.1 216.2
34.4 68.8 144.1 288.2
51.6 103.2 216.2 432.4
68.8 137.6 288.2 576.5
77.4 154.9 324.3 648.5
86.0 172.1 360.3 720.6
103.2 206.5 432.4 864.7
114.7 229.4 480.4 960.8
129.0 258.1 540.4 1080.9
143.4 286.8 600.5 1201.0

2 5 8 11
5 8 11 14
7 10 13 16
10 13 16 19
14 17 20 23
18 21 24 27
19 22 25 28
20 23 26 29
25 19 31 34
27 30 33 36
30 33 36 39
32 35 38 41

