512 3.0 0.0 1000.0 3 160 240 100

202.84750379400688 111.26609678833546
187.40247627656302 25.144958665971608
91.36104726156591 236.078913356432
166.40419313971006 91.45209214772598
46.264866734239654 152.17923343437388
41.98223946195554 2.65129228562333
60.30783273955465 195.44991375595504
117.37437498261389 196.85605804793727
180.65935985526903 227.88326778437542
51.06682212035321 79.27755351093165
85.25195692042858 29.11980340733844
183.31464043383357 59.37216236614945
98.04687261892636 239.32008522600242
1.5009721592860181 89.2784649545692
43.73320734854408 205.39624695451016
103.27582022047733 175.59791169591082
72.09131177032974 181.7828310885662
169.92726610963916 73.8282457005146
194.41445089195162 50.683437187122735
139.51384976142896 31.895382566322905
172.64808931397843 88.43010023823891
208.16456967134462 120.65810249795891
238.03470228647305 249.43870464210664
124.18519905970935 17.75325982203915
18.87052900600972 217.3828798498146
90.61042537765701 242.9654476324108
107.98376653124659 38.7980354333955
229.25350920521169 3.070423065865524
188.26259396918167 7.738213309583658
239.78202190314815 226.8702943102402
108.02162719821854 172.22878935373114
148.88584786257744 75.3025020465281
157.79184427379474 40.57406306915054
147.10115047605177 75.37073578925208
120.22422351225187 247.38696108119845
135.88394542772969 129.7164166090451
28.444366403018755 113.99829827134886
66.21690868677652 227.41756398259542
100.00866386746038 230.7793929680707
106.49121551663428 80.86281908691073
122.62072865288268 128.394666752144
222.41699134978145 124.13165179883492
166.59399017842708 120.84662171345576
208.75857127990628 106.94198561240833
76.10157674858414 48.86466180377308
156.57705294624827 88.12426840970438
231.05088742502394 203.53493365148697
225.48283415962698 0.46827461759144096
48.166820841466425 70.12253767702099
82.72851235704678 240.98613111597712
91.9359390699499 158.74526684532154
0.6406295353729996 163.66060682134227
141.70141987815862 91.92998912400871
161.0311419736471 211.3148170985007
28.221036985791454 145.40281421545384
193.21639917247586 76.73297764230158
239.55157200803015 111.01297656098413
36.14822433287507 123.05516418784912
52.13770868452508 111.24539030022059
248.3609508580076 117.86258713398581
114.13087449218273 1.4514078711379552
73.64479995324832 40.02119896554984
34.77454124698437 187.266349421946
206.02483730760773 180.33067451092916
72.27464418150045 30.53316919356208
101.35302249433705 213.99883329454724
73.20140209341955 8.960073019884106
85.02968736449972 0.872354704088002
105.02682336649946 204.5887395951787
160.6587329737427 196.23037136857192
219.20381987963057 176.06125224183265
20.535738316481645 41.72884780772107
157.55080409073074 37.00932187897271
224.7184798189906 210.3216364815586
234.90390630545764 13.801972748462427
42.52050656391101 143.47810437537814
40.94511842791185 243.72463284789998
86.99596215201893 46.904564581513014
25.83673334416403 221.72606874121365
15.579554756823294 172.1140061326624
51.32269567168221 113.60095294220365
200.83851297463897 244.9980704198532
242.79136367744388 225.33058268073523
167.5425389912823 216.8510948693368
230.80958569687462 28.386144734850376
53.61128777240911 186.29856521413978
189.3851615394677 170.13427434342725
228.81488310502405 168.66599916632867
40.55086907533692 80.75465713768845
143.97485422176663 119.12012267936306
235.14437275943277 90.51919756961982
102.32091058003648 24.027964121187935
64.57577956801622 173.26950907807293
60.5262529728888 94.79375436926415
174.16923762009685 240.7648615842058
237.09428870440604 102.83203438704328
47.36112255755096 150.88217172482658
214.70691984694514 156.13893257399545
45.598559845354295 6.494932941492948
112.87085199834249 231.22650463595366
50.533320826960825 60.79948554585493
135.3166386749013 172.42115473279685
111.27613514880888 48.644908902635926
43.797952527966615 230.2337327450578
21.38884770401159 181.47457309521022
123.46979469020508 130.7419021270944
110.04145350721161 94.6530607580559
123.19214560821892 215.65308552225179
114.03568257446203 179.0156686233166
231.64543926021818 41.55739055117455
6.4315036465111275 162.2563173156582
227.4569547577598 191.88131836866603
240.24874369637402 173.7987092639392
55.89482086926723 38.97331257971273
10.420668969356978 144.15764676509656
127.48068484105185 3.2870134655844097
209.96145054221404 134.01050597467412
107.9901379057516 193.85389352504527
181.88271735727648 212.1626545868716
111.43667882141125 141.3158941812515
137.1225491723424 201.49766651910483
233.04283429326702 23.552449196588277
82.39074348120722 127.69195064069811
218.6948280433693 65.13947720700774
34.340166794685736 158.27035465671662
60.568359373924935 52.28449843761168
56.39355290285006 213.36010015774377
247.49164809705212 162.0742655117282
178.41489605784884 67.699548912378
74.24190762287292 107.22759906465154
224.53851130998206 233.08322055947787
115.10281542222076 244.54710389905358
1.0861760549051303 154.7443176646432
209.65980615055497 217.707114119835
86.76344945834511 202.90853891707786
248.8084227099865 230.32413836994803
64.44731738634144 202.05886977867348
241.10875790763728 147.17164591095786
108.48961416634396 66.38299374635862
159.99878633286932 243.74872950715994
104.13138169798397 191.78096244293556
16.33343964276207 46.8539416179754
84.95172310416297 53.38666929468261
221.71482086424479 168.39445708024255
26.72773139811799 178.3488179701007
100.758449035134 90.68572978265313
97.00629295919074 46.55264106477833
113.00848009491219 65.05052400856067
211.90186754872784 228.80056533251891
45.49053348888854 75.65572282947483
77.98784612936491 94.43245938998531
194.79200801169196 214.0582135727426
122.3019080239211 165.34920642761924
102.70889833996493 42.58799014490855
61.82932339517425 81.5638620315157
154.73028963893879 208.3246069785125
35.27390127857341 74.19155104127553
84.54436317755079 83.80079129311841
43.500366581849335 114.44928079613015
1.1447944062079607 102.94562683503364
240.62294303477543 200.467446233123
53.56625233166567 27.753147643653442
79.13554920824348 157.2386397502393
86.18966831924347 45.799940448847835
174.4821054126557 188.48248445888046
179.48144310858345 80.98627180530104
79.0105231195796 230.0235828852138
40.69484463018156 201.6249590589863
13.24880686116564 114.1656703937351
144.00972718745334 246.9093964189857
201.57896450709353 235.51807613575156
147.96727910344455 138.11452296289957
61.52352078293699 77.78393863018978
180.4083568372463 149.8636104931453
223.3739808785484 28.63759769801433
205.59515119855453 145.63982850880598
157.71570637289352 191.9703493293786
160.95978270484383 223.0726497624674
64.55071151797014 182.36812165035684
131.9736175594428 164.4227627816392
155.60433724807575 64.05752196829698
36.578143963974966 131.23816687609866
164.35859268740603 39.8791085438949
85.73987961973742 74.20754150640543
187.90417541450415 227.57375316379145
84.7302804620065 94.4912585506974
133.5602010935896 59.80010469036925
106.13107054293805 232.0851684234289
163.32470599442325 195.3219855926704
80.44775558968017 155.19140337088865
145.83281454224283 141.72264771542953
5.5771817880763965 126.36175860518235
215.49918699154318 153.3810526484481
179.670622793931 33.57710187273913
192.1772798814485 97.92780177697207
104.15576819830407 105.049120621962
157.8344981685256 213.8991967293793
28.386867377534347 167.90794134583544
36.79733468975793 243.16903457200732
195.79520762124514 216.05379387843723
46.00731477794401 104.19004024226174
246.82395211457418 1.3951184807267092
194.80178767706767 42.7710508715416
226.5762935365974 72.27409447779687
14.594614312637145 89.47740851100531
232.34968805656933 68.25717944079277
85.96464438752638 239.23318475248738
65.25893000425506 220.34218437553943
123.48463810430893 21.05909236566758
124.4051673745161 178.53939763526552
125.94645413467292 182.96684628075468
213.22923717254784 238.6394723747632
56.50869617503809 170.86035349972227
241.9743841986758 135.5283080058015
91.1366857679085 29.910317846260888
218.5865897825633 123.77865327308798
117.68496674955284 36.739332457451646
190.61409782410823 105.25875632482465
206.07634250670233 146.7926759896846
27.665837928509962 179.67426136259908
14.827921410010047 61.10071994310145
120.24102653550345 237.5943925189172
35.95261343078535 50.298402910105736
153.26600015442344 63.16567788662922
105.7202539988667 17.451202205784917
106.8254605931743 144.8602832965993
48.48738654813556 14.91045626741297
157.33316979235133 101.63386898214816
107.52889371570285 146.56162508791078
210.812203233855 174.12973970891971
226.66413075294773 125.82455308736395
223.40194544349347 154.1267274763327
148.00222908837435 232.50460420853227
247.70545164662198 102.42540501005706
220.64879242428339 148.5230109205215
238.01321167816585 6.834842344858149
199.2477533260604 156.03044400885452
163.85884692990012 183.45312690135881
176.08831311748276 80.33603604490739
71.4691093971096 217.58329472664462
210.4816824404583 51.01748138079443
192.3044622389085 27.778607808134932
109.52134451176973 204.08098032239081
30.063424286185136 40.80699844146915
226.677047225288 33.89989163793247
158.84204165024445 25.805393756132666
150.45669177478305 16.639438143260744
79.45036701702018 112.17229455411068
46.70426199282712 96.21676923745784
168.62634830804586 12.476596078988322
15.928647508481358 147.4551949260754
92.97312725407542 100.98317725805691
230.61242868521646 32.87188061107274
26.27825203585324 116.66307323597816
148.43152453686812 199.69963462676594
177.06291628644453 242.42867710068558
236.084344052608 225.51551350920192
10.695771016851625 183.79460403679767
205.8497468882356 240.450495016943
17.09952625465494 90.45607974163164
199.95753139634797 197.71946895246927
60.266941972667794 158.18609090488027
178.94069751986456 145.1067301283146
33.75919594292906 169.7557400476473
78.06382604065656 207.31204484718262
200.54968293895956 181.3686202931089
117.63851264344908 164.5372985204602
79.05056525701659 178.35894414554622
77.95166189609736 180.49191462389942
113.29792970403011 16.10848993954306
43.670794903036686 212.64962256869515
55.649667886560756 155.83613568079608
36.7180195092931 85.06722665129813
52.07190550449489 0.8895708760285059
35.38610382174845 102.22475332752786
169.33374451745908 104.5509213714945
69.39043581694715 238.38331583580955
231.5910060563893 88.29962386293236
174.29139025379004 245.23714783761665
39.603058111614466 158.14986623606114
174.74054362320004 101.5948512663109
173.00940008780785 30.109013126690286
201.66745736302246 130.19287781194365
169.63171049417272 109.56409085310587
8.041828589172157 94.03355524120546
245.62859195263127 141.52035226061426
209.32100902851832 78.57553410727422
248.71446792781 8.107499177231414
84.35269127051026 232.25713707596546
38.87432378375469 178.12597446317366
13.016418810368968 71.78050280992665
88.30394988180512 87.32517932170106
72.9336459612599 86.03086615578204
120.4940774490279 142.71125462477795
150.82485290560606 74.85234179057062
136.91440038657873 130.34088315472687
127.68646181342791 189.62911524460367
203.9025777137195 169.43591860443735
159.0095268876578 66.04788213930121
92.1004735846375 157.04527487580623
125.33500202789516 2.7355484808509747
36.692837542572825 15.230973917286589
189.35888132108224 25.567186935360446
158.25975716211107 139.52546784644778
73.77470214901626 242.67435204448353
148.781216765809 32.904239607783744
222.58678271617921 133.8763470101982
70.90060092220423 65.30619450440997
156.53321570863034 2.4886858945089854
215.17163437045633 191.92048845948727
64.26967550532709 74.17019384805612
197.03991525668212 195.55000193834906
80.35034825377274 22.74242596187448
196.23496740029557 169.61964844896505
184.94197629494167 137.2135871886503
124.8582946087371 190.20229180364998
214.75473770785234 230.91626093777114
41.429289668628826 156.52041549938613
196.25638979990418 12.42030718806969
207.25962948414949 222.65584612420642
75.96354694396254 133.2270287168435
110.71868049052557 179.29513681989005
127.66686734130298 128.61657168731523
5.944594377951306 160.4366093196429
175.85643170006824 219.92679414524565
47.70163351751705 204.58208324619338
164.17203412380044 181.39218300376467
156.00321815476735 52.321686390869374
165.12578737522858 153.8420114238508
12.114441746470723 21.64958426498595
0.22201822158327 96.459919311598
103.61309569341672 129.9423033903318
177.1579484421312 104.35497603938667
126.00165278140891 188.1948649784643
128.81785399332313 198.35905373747093
214.30016110943296 136.75323757384038
130.6869497693255 212.23924747052976
171.31606849728954 37.021480009360616
46.610721659890444 129.50234426867252
196.43617739433412 145.56133842836883
98.43031544233035 184.2922237105878
98.95427161824463 141.47923549537364
231.0883756670674 84.20666337162405
91.13318636783715 227.43720397274322
140.75042702877133 249.57705712432457
50.65336962530956 105.87638007182498
215.39039228127936 61.26524519848814
56.20152511340834 36.937757150236365
219.082546998909 159.41782183961843
183.94948569351592 130.26753761299872
107.98593982879198 64.71128474446233
237.10274198322924 241.5471468555411
118.46909225009867 213.45433362861948
168.54052671109915 60.461056193430146
167.1844445003708 225.50175070245893
187.80840554369007 25.497011681902826
219.7592417546482 68.95489818671396
82.71264481745963 105.12352228201782
74.67094711337532 131.70704181888712
236.9608709360849 117.5527029786918
191.72223034140487 56.42671062361285
51.40817178420623 159.18209017057424
246.57319302833176 165.05587937985402
246.2154004138273 52.07768512244396
242.50318206277174 208.3281815441555
139.3934066610841 39.34136721752124
154.44219785440902 90.11202258367994
114.45559346074482 208.9818111960889
222.8826518234675 156.19672305622566
74.80420525027176 187.4873656474701
139.21579039641048 183.01377889799295
195.37243792852843 154.81730993616463
132.034008077037 203.9804791933762
200.08675682011025 100.66527201260824
88.51668734487606 14.04420322544217
226.97721209380867 92.38623529826046
190.61830937315716 211.5884952126824
45.49224187611317 151.8202925527405
210.93730083445897 169.88719864828613
92.39148671748629 243.86046854092785
11.316310904037092 217.61267886963856
232.02316186569925 91.4321650695305
146.6500504881998 59.24849542853994
209.2511758274941 32.03705092232545
217.27478237387388 55.34401628720481
72.42928044586603 242.64333850788432
162.23056505018207 117.41761655418648
145.97459932936752 34.23219319148796
46.34581564921089 14.44993616811971
50.50923825435735 243.4462440912562
128.52221362502902 123.20339038015449
52.04855140376738 132.9836650526993
5.864054437145466 56.97806362378055
0.8747092928598488 217.00815425426404
173.54456811241164 156.50795097889466
200.0044753052589 119.79795681825567
185.37112979552703 155.48118731992903
229.69996553976276 205.4343894188038
134.64993052667646 217.70054472701702
222.65069550684038 182.99266164300604
23.248691671423487 172.48077087808846
119.4716150203935 132.23622139319846
120.63547628413754 158.11461818164813
209.3692978575117 92.79163099803961
164.40260664383985 5.127483052804332
160.37926028682597 76.90969535940856
130.3839689185324 51.617587947031026
172.7641960498802 111.30983663625635
172.46411991376075 28.947752061261017
208.48542407278978 25.91433953996672
62.04937139710706 80.0601816068372
8.354541596694103 190.97474780730593
125.98982193577798 12.868360461564727
230.00418710591555 128.86093870735706
64.6896201355533 171.25242623072327
39.837440181382135 5.968937361042842
57.84281532886093 208.96898441276613
65.72185607641772 95.54824591453837
183.5892606575372 212.69700813561082
140.05697520861202 49.75494845118644
204.26504511144893 28.271850910337655
223.9108074261385 232.32211702526303
92.40068167427265 196.12977238790373
57.99625493037719 215.51455090182426
86.32557883487598 91.1624024860708
195.3064783453787 193.6488597269085
218.88531248026902 38.32664582456352
152.29269524980202 36.18293117738883
221.12666312184356 6.164270447275771
52.233439868434345 108.53107769481599
207.18925098356692 52.40361471280508
65.54826539813219 196.80549723001593
51.969707875897136 125.48935493353372
58.568636726459346 131.36639640062356
57.42347178162327 129.61277667555885
117.27747790409379 63.677528990413904
194.93068109469687 90.1977223234916
105.23261975682077 83.19399044058379
0.7044689006786842 106.84198880532719
61.11030575642337 8.545172055957979
234.97210784114876 241.28392602128997
39.49540343883276 185.81218892706931
207.00121027804448 20.402464600681014
34.368870427897214 138.04531022450394
155.50612219356285 237.53598534928378
194.27476967902976 17.345731736695818
72.74263015397747 163.9922516421627
23.836228371079045 94.51281673945886
67.78480633406211 26.921468357988974
93.77232981755276 32.23211962000777
41.04471592176759 164.36077001837543
155.9072640944502 85.82354209901627
129.96734361819838 19.001634026894365
37.94521943607443 20.358464681512313
111.7511454636903 157.87913833789997
107.08955230343601 71.07467581962484
168.48813575119985 42.78728153385003
77.33313401845501 156.12801648529634
218.12179870774239 219.58420476180876
173.47788046241928 136.06955506476956
174.07596362587236 42.10935728799209
63.89226287619187 8.944592986987438
13.353661894365654 99.72449353679752
201.61437823949657 173.70961590089513
192.48478742348874 175.6411766628589
111.01159939300936 47.53832550947498
64.98161160362584 183.0858883911454
186.0509255731281 62.21935402399159
124.5506608333579 153.03880163962313
121.6441873847017 56.94373683898949
143.430622179488 226.28314771889504
212.16233817577873 101.93608374645532
15.64605733283478 97.95439534566422
139.82035191364596 12.828013528862842
38.40881092511292 154.33025346992468
197.6010357177511 161.53326287483728
202.6665505987422 20.69787864198225
184.1728472194201 44.60334560101781
218.06778575969338 0.9165383417147899
141.31463344086154 190.34757968152715
185.3757575185056 35.868065173305375
228.68180038034123 116.75464086593873
204.95848188583147 22.613340124834515
216.11074644861392 222.09682300233428
137.77495231008862 78.71751558164247
17.95201032995633 234.58175830933894
130.60412775075008 36.38221377011553
214.8590194078894 205.0403421627341
44.2658083905752 11.443913073747563
223.5266411931725 28.020845484592773
92.10532747640967 124.49366781995924
37.82826607882017 122.27376047667151
86.52244020571362 106.84940961023625
237.55289729221093 106.37899034024242
216.08983203953642 81.09300304979871
93.39083702589826 107.79661078118183
73.54096763719365 116.08410153838733
107.09466865131981 175.67623478018785
202.54879110173212 1.402200340466786
215.324423713838 222.4817288156538
169.71108770001388 235.8192965431657
77.78948206161604 134.62533709853992
208.63498342914875 5.50659445709914
216.2291362541395 8.804624995620792
199.91634288572624 60.77745359431194
208.38575225935344 31.415580404769994
15.484467429676712 124.36874426760966
4.003084406447699 80.99700721619874
246.55789576421085 6.221327416786298
209.55867231869658 2.2392161068233998
178.70175072590982 173.63849514033586
125.82398924577825 146.01204126180022

200.7921198744674 111.83061951762294
189.84695929183934 19.966689634248137
99.24982164435198 234.16666071320827
167.11777696686076 96.37297238916248
39.81806084429213 157.6224187435427
50.147694073640395 3.291472316455768
59.378449328039764 201.04776263561683
113.45334302283125 190.70090713354105
182.29583249253523 234.6155649803428
50.33986004220381 73.4012723342146
88.77381610644505 30.985154241880558
177.09817804130785 65.06917077484425
92.43961007910437 242.0425939681344
7.800148000252527 91.19203142047496
41.83066494482482 212.6809012072216
102.32669894608637 180.16529906635913
67.75009468651363 187.83953522615752
171.10019148430132 75.01202784682751
200.63090961140782 52.2986414966117
145.76042952389034 35.45102640560116
179.24263382037196 91.72837054021669
206.36227197265913 125.68428619972951
240.32374795812 243.0430726334703
117.55293066141643 17.458660426036722
21.47769659501725 220.02109863433407
93.43957850037182 243.82839571804917
113.57271051298976 38.40166779050214
223.20296375387045 2.7489326624221544
186.82485404664055 14.188102286767645
242.82792335335623 222.63816494665846
106.36678932398355 179.0831679187886
144.25620797831203 72.26093284713453
162.35700813663075 43.025235781209425
147.33910435548822 76.87581743473187
122.47703000819779 244.6103641851893
141.81751776618 125.62962721320059
32.96558140616784 114.53727653431142
64.78153761286947 226.95519479243993
95.83533549002354 227.92948106360618
101.02604772819646 82.14288530262529
119.75971879893402 124.28184624336363
219.63751579836324 120.5313652259313
165.6644056871683 115.499337116414
214.524028872775 102.15521481567794
76.96363156337993 47.667722407207485
150.5530364613691 84.17884570406493
229.39492780208278 210.02089581292637
219.60291824993018 1.697601240289781
42.71470794951912 71.40748731166794
76.56096802906373 239.85072325587467
88.35244294809772 161.9917569100107
7.4040833104482005 163.6675784411006
134.5293490155651 93.38251023032059
153.34967828559212 210.64162654574199
23.34922042919299 141.58916621717597
193.69643600375903 70.2207577519014
242.46107934398592 106.33430616734698
37.73079154081996 121.63881072774905
47.37845878636582 104.61967102831635
241.27208497592895 117.09170215764594
119.42137114641204 3.844003346987507
66.34492332562245 35.80703392664073
34.054957633385314 180.51454962913652
206.07530440980068 184.89007787912098
70.67538161411355 30.404402016070364
107.10313071092598 208.3293118243057
78.29111216971454 5.207478086665024
87.84974653105168 0.36560185942000056
107.00618734597089 209.9699458016966
162.83292213860656 196.00354751829303
223.117875295431 174.26342648058338
14.448608246293986 38.404530449725804
153.89648262753357 42.39024775826575
225.00542079439646 209.1423518247844
239.79169065912956 12.16720684484901
48.468141596676894 143.92756992208447
41.18886050868423 238.73036307792478
87.41159926417627 48.27877615716239
24.178834325511072 217.30212614946439
17.443485542373764 176.16140464279863
51.54797804304137 113.55367087715528
197.2952377407806 239.97619035126277
242.99098306084758 219.98629990253448
174.60851065649334 219.7771051123818
231.51421341081115 28.681292925919006
56.90759473613477 191.21650220559695
187.74089183658626 176.9798632091915
226.99141833842913 161.19859826462763
42.840080319671266 84.51508483282355
141.8323622198551 116.73943506876239
233.57581108715428 96.50667088229112
98.84526168169788 28.337003308404608
71.11222374666836 171.87915720045024
66.88375283523082 95.48489413567086
172.09852900289064 235.02051148377961
242.47555287802302 100.05856769133601
44.00008224181859 147.84172154638833
217.74346931546486 153.68974815664313
49.817421841522716 1.416651874867253
120.05743013325676 233.48241368604292
54.46291916682755 56.75770042875231
128.85633944632025 167.60107428159546
117.57088731836556 53.875832725671316
51.62365936059485 229.2586814934576
22.508594714214237 178.7446225159906
124.11411144055384 138.17384995570328
112.85583335956842 96.09594095347548
121.16940917869238 209.15486671477095
118.93395987502909 180.78255437470114
237.53295429066395 37.919571649684016
6.629847184208032 155.51444852285266
224.58811334764104 195.7995343846693
242.02769094570334 170.1663154235514
48.72820748090223 40.305027275556405
4.702541893514628 142.61077430046558
122.40927170199004 1.985913606879941
210.40106276417674 126.72083078755739
113.92485501954953 191.2017893850493
180.7484362200071 216.13168759711544
111.83788311846884 140.2837723107255
142.2495498531544 197.55344100343595
238.72590234592138 27.088612193892192
76.81915253352295 126.05365651836306
224.91736931158798 61.91262683148721
32.32775489192519 160.04816058908347
63.96952243950182 56.524432536809
57.68854708144705 220.4749560660579
249.20299314179184 164.8516804484092
178.99674289466193 72.46416746621642
75.06542027665566 109.64707882490139
219.35605132288558 230.37709020554507
106.9993024731139 244.91916475126496
5.207694603865859 152.21147376998928
204.2258174298692 223.14153338032767
81.68167732621193 209.06786164404951
245.37642850347333 223.10147798567388
57.33630373024173 204.6983028024356
242.6948029029934 150.9975254313772
109.85757525260115 65.45874594369558
157.11226473358468 237.97600150022348
105.67901780688783 197.42865371143338
13.525303640243624 45.667093085851846
79.21195744696189 50.98323944471969
221.6652635303285 163.82347645874611
25.897321932555894 179.72241802105705
100.92454902395562 82.31795490194723
92.98935268133197 42.63315453294292
117.8898187149022 68.34747309640798
207.1131843752934 228.91854507557656
38.22175511332521 77.89360017062424
78.02535035756775 94.72121854998005
201.15989876091942 216.43584895778545
116.18526295655724 169.08555914726998
107.04204793757552 44.14973618742024
58.28086590295539 85.7983617755983
160.13417786261448 210.54852026446258
31.236378842596473 68.11215732298223
84.65515936589196 80.0497592549495
46.23547982793666 118.3917455076982
2.709322277790416 110.15431977134824
243.9949421196008 194.18387580736854
58.7624449395234 32.602744131697754
75.64517255696332 154.65269977907056
87.42687131823881 45.39205333938931
179.6489929844104 192.63167256120806
183.73387849275136 74.0642941241812
83.95169868299232 232.0339788861408
33.87696871258697 198.73627358117471
13.545364216924261 109.97825736975308
147.1924369209274 241.18731905223305
196.29675938705117 236.04030297477698
151.280020780817 143.18169389207904
60.44748308956338 80.39149329973137
178.1263140837619 150.03150584727106
224.86552179562005 28.103150672030036
202.18396104212025 149.75843295052792
155.87619181277933 199.59241090188002
160.26109958634467 216.4163775070181
59.04735420861171 178.57477919825058
131.4748507954233 167.4767542217038
156.1145148547981 56.8029652801296
36.04355233979628 131.8174342197627
163.78551985306623 48.25666071148432
85.28797550273076 74.58520726795079
190.15364304921897 232.81828175027277
90.10363646904048 98.21105630928881
135.69549092571555 63.09589648314834
112.81684359222946 235.97111866422486
165.30706330931156 191.78603740247647
80.68929729231608 161.21015982073266
142.62374141405738 140.04998030191126
10.760996364123033 126.01965014807034
223.52927883612307 154.23976110966635
174.9610471601895 28.598001106124983
194.2311952608552 93.7435763676914
107.46915041237118 102.1811068103427
153.67304118285833 215.80880473453703
32.9542038687661 161.46595206589686
33.676709907667885 238.391119291236
195.91722385405097 212.55966115306046
53.78949000685221 101.82255170602656
243.4002095042565 1.0881791489125436
197.41466534038742 36.75445387272466
225.28328510066976 79.32374483038362
13.419596728874634 91.70202986902237
235.03620051644057 67.60183224727326
87.9188177296785 244.0732062230209
67.6936132653197 217.37625250596696
119.46867797616159 27.65707867819242
120.7036293846697 181.2823194111479
129.65531040912498 180.32581419343686
212.9636458993699 237.0364843605397
58.80688019897409 165.72516684881222
249.11713471793496 138.4086723192997
90.84019313720803 25.94027149743694
216.8401762250597 128.97478319143912
117.14937511559765 37.58408293357054
194.36938053263015 100.20230353109127
201.95436359320303 146.34422638478213
34.51776510112625 178.1792219792976
10.321656590866645 63.15395764155518
123.01493867612484 236.89166806701752
29.13652616089779 50.475602292580604
146.74719502016853 58.007491125658504
99.5527327952192 14.23385441374328
105.67921556330892 149.84623488217622
55.93848653288955 13.488851781895267
149.5113649758562 103.08953293180743
109.3546735334786 146.61822879974738
218.00491773373432 176.42847383150053
226.4839214026397 132.06369248933092
218.95977026798622 146.9888929986591
145.42176419119878 233.55547864763966
248.96484314089 110.64594650647147
215.5116801657424 147.03901863132202
233.20605734538546 0.15635110661266216
196.28411182896966 154.78527139775085
167.13496475157572 184.2916144749369
172.20159762171684 80.09672097872748
66.2934883907205 224.1848412557573
213.87144130967056 54.6107415211565
185.9498399250591 32.54227704516546
107.77824339952099 195.84301823028878
23.76472566835275 38.19166913897723
228.34897166110375 38.787305690420965
164.20364865897116 29.480093985122192
153.96694884138543 9.534348754687782
83.59871531170523 109.89684849991762
45.432778239207686 103.59453365696832
168.95920501395508 17.686324283959358
13.617652539100161 155.1294081531796
90.414832206733 102.78193187791868
229.3598403221969 24.554278647186234
31.3892684938393 114.91607177081906
147.48101298373933 207.04967186815543
180.4843849480786 244.88053740698874
239.95568761224462 232.7748080560266
15.325619681891055 186.82642511849832
207.23186054646422 235.59847958464397
12.261875622397806 88.80146534174416
193.95315995527358 201.2488850081186
56.21427880045404 160.41530100325193
184.4788037746996 141.81640539111555
41.82565774730354 171.09066213274954
75.78477114557491 209.1124759627241
205.22553200621758 180.44960599909197
123.01759051076813 161.8471918631634
80.92671343198205 186.48855216045533
74.19383474776551 173.76269132977703
116.32067198910856 12.364160315283701
48.27737536762494 217.10714957820457
59.00053491559337 161.8430317331579
36.41431233713283 86.37126333567538
53.439921140567584 6.208704953862804
31.86222426012314 97.07688347483717
162.81603070658227 100.46220893571042
72.26233099062243 244.74944944383884
230.15522542886256 86.14927298947039
177.5010544101038 245.44120523839615
36.45419427007443 160.26784209750096
170.63404742643533 97.05054329985072
172.03367650329943 22.343252122938612
206.28336899840707 124.97697561654458
162.8898790256272 110.5974587467704
9.63671643349992 89.81188939441076
237.58826198370636 141.0021666265082
212.0660079250027 79.55776707958535
242.709867777128 10.151774426285092
84.83789089259832 234.98082990571405
40.20269409900412 173.81534000083005
8.041781861331614 77.35233706476052
86.38207346514851 86.20116257207333
73.70032882435731 93.56861182434959
118.20038071632536 138.59816893847878
156.73871036724404 69.75490895226174
138.55316889412174 124.07228980573773
131.8652549313654 195.76755016999806
198.14441418258463 171.29008406229877
165.4859404133541 62.73868035260091
88.62302856065291 152.89748499333456
122.28993878219913 4.824280177967877
36.305902894725016 9.913394614864956
193.83046341206963 21.52294987975234
161.88756056471155 133.82767115590391
79.30170987021268 246.97124207592393
153.2779716612294 32.49019531440842
222.28575093096615 134.2998490838119
74.81744664852414 61.62479814683542
148.90505341067887 3.1423406559773492
215.23599142886692 183.76139736919427
67.20534305719255 72.44533189358057
199.5020246740995 191.40431699197333
77.48997413683009 19.450441806377366
196.56285562994194 161.45828909879742
182.72042832135915 143.33439790380226
128.48596190904968 186.9368039451435
208.12770582065275 227.57456518684285
35.433867566046494 157.56619418644152
194.32768458455357 5.713840403095249
212.31887607268703 223.08107963871643
80.56461408765894 137.41448274948826
106.89220885201556 171.72590147168194
123.04908342679019 129.78778134061426
12.449757096402807 163.96336355735198
178.4870391855704 224.73794617121013
41.97496705743603 206.14041194791199
157.75294469322236 177.70129509639904
154.360590615781 47.710034884725914
156.93974437009166 153.50920074712266
10.867296836319095 17.171176514316322
2.8921096100250065 95.0631111378161
110.26408416474878 134.03265032696385
180.28796892158144 100.4326998428385
128.8331037070029 184.39713239136492
135.58508099875928 198.36885410912484
215.2035172067274 136.85235979622217
124.67367343306252 217.74881660480233
171.00668478015157 44.53198828067506
49.19975295019338 136.72960269898482
190.87243500218236 141.7099455730047
97.61400252123123 185.38370205138887
95.36549178400647 140.69320764185767
238.03752207617504 79.47687833086842
86.28157371219069 227.11591960114146
142.33167495013706 249.82361934617862
52.77269581174559 100.20541843840248
216.93584247456505 60.08249036102087
59.87668888911918 36.04879882054726
212.3454852593537 156.85477314188344
190.66084465452164 133.24113979296112
109.86742044589529 62.65174429069134
231.47487996655178 246.2752611682724
114.44096939842682 211.77589229702392
168.21607150370696 68.18563868985392
173.15804923728365 225.9461918155645
180.14555661436873 26.1301137073669
218.47540668046472 68.3213603893344
85.5430727192115 99.20049020817994
82.81178464804165 134.0258778077581
239.51531290904356 110.39473174410325
190.7563965796831 56.16071376595849
46.89981624477216 154.25361585256618
243.17578584061388 167.91694650030263
245.3016863852828 47.79260204183139
246.20737811604147 204.90444029834134
133.30213600208907 44.47019877548364
160.32038961652114 95.8801801245498
112.93792494830751 210.8766878149754
226.9073448305824 152.8057522400447
69.73010566649614 187.66922028892256
135.9987367716534 184.65410123662411
200.27983039590907 154.78352892857345
137.16611725762823 197.4175597895844
206.48663540958484 95.3744034382156
96.31634607191577 12.179316286953568
230.59625612904424 97.91543763407195
190.60171059305537 209.39871416722104
46.08866694750496 153.67241867347224
207.42461065714298 164.1552677968037
85.459024807542 243.66158555573017
6.3731768001509534 214.59706660829474
223.954519618235 92.15335984164463
140.10112648053035 62.136643190789265
212.52134129077112 36.359976335482855
209.88982966414375 52.71663961336912
79.47055986481382 241.45925219011917
162.42878507879087 125.67330171151906
143.42224441413916 37.655796741062204
43.767307067840015 13.438138444478277
47.663996514755944 248.6257692295204
124.95701735074257 123.14627626949068
58.60803954201565 137.33492033802477
9.50994184240117 55.5031593923278
2.5377168811284987 224.84818614113772
180.8657413193051 153.97327153639068
197.98649838586235 123.4649825210028
183.5672320389594 153.04946194188773
230.09929187844384 203.6770770395375
130.72105792994208 218.58675268835827
227.55164188403603 183.3914819262602
23.464927755533854 169.1647251194014
113.21732458427499 130.36744924522486
115.34547015675659 162.57963424697869
209.20916442887975 86.17834989140161
159.87218935321619 12.077928828600953
163.73160876285766 81.39079537558253
137.22019463363495 54.648492425960924
166.3386210170545 112.95097805513323
171.28000732889342 26.32255246911522
203.98532337203878 19.343143168256667
60.01901165472412 82.9020651068024
15.076941572320091 193.2073966446947
130.65257502429796 16.407508434905377
236.15793458817132 123.09326197314601
68.63050620949471 167.48331777456517
38.38030057916819 3.382980644237504
57.440031119993684 208.4400442442908
61.20035266749377 90.5860688363694
188.183229701447 219.33589267668776
147.35605404413042 53.20099585973664
204.73425001344918 32.03572075531991
227.23099480760823 229.20162993854996
89.0582435864949 198.82058004649718
50.036712254936475 216.5508684696976
79.9523857831567 91.87042523467152
195.72616764321742 191.26615672611342
216.77980085281132 33.04030844357886
156.63173753703907 40.04952171784676
215.62145419024844 3.2797219869793173
53.30694262810673 112.41389062017268
201.6280699157748 49.45025876188272
73.56848942414265 196.12948571342477
50.80322306738941 125.9181141409327
57.09086423944862 132.84640118283824
53.22883766825745 130.00654090614364
114.07789827393827 60.24896073488723
188.40271693497297 94.41289743204548
103.53582772044781 85.53558603847905
1.281608718591981 108.22673090193796
57.75276692999054 13.421005085410304
238.95360140916299 234.77347667385337
41.66480885148441 184.38503887178373
205.95426736249973 13.804372023775436
37.0204703429797 144.9772927798923
154.7371934265426 229.75272697192102
195.94793080859878 22.82308770908706
76.36907170707771 159.27108548943687
25.882720090869892 95.62993761169284
59.80061959813893 26.637600416016703
87.22686121395537 30.4861398961101
44.85926252084035 162.54662624129907
158.4131687989751 86.06848488775229
124.91955326357515 13.94529570149397
34.29970677957214 26.78076511662403
106.45255696023162 159.9970443079582
104.88386588560617 78.11961658025344
162.56180900770622 36.91036272622619
70.12259147130162 160.44309388070369
216.66590289389532 213.93586494783867
169.69967881455332 131.7501847095341
175.2629982747206 45.57040044927593
62.502470103002 5.025375638127688
6.184629042645634 101.01486797287987
197.87792976974563 167.69513308102793
193.14614661447902 174.48215324173427
109.0568208056579 47.72518594586941
60.463124623524436 185.4897323651741
182.21706241208665 63.52027471229485
131.45616578253714 155.05944032655637
123.48899030499754 55.44830139428772
150.00160953215143 223.0453641008077
216.3247994520366 95.53686231630101
18.6606633433829 94.22070152254342
134.79799466733 17.89530821879576
43.425284716989424 160.32789162962118
205.6036078404511 163.66494905377388
207.36843768933107 15.50187334878808
189.67299930107808 43.01440225882508
220.22445003204967 1.8075656755442704
142.92580320838326 196.81919115399637
181.0375639514801 42.87093381519166
225.22582680285956 111.90423561527993
206.03244537186785 18.017709029265443
216.9393529387964 215.96415661505557
144.63798114976734 79.80676526326405
20.226664127586613 230.14108899859937
130.85613459710362 37.58101965939342
209.35876534052463 205.461668488044
46.72707794321129 17.924536356967614
227.6904311314882 29.872603171524347
90.10832498637892 116.43279056906863
35.1160651978466 127.33174570732511
90.02414413982923 109.84484320190741
244.54547689234508 104.54885826628663
210.4733553805264 87.16262580439982
99.49319957814667 106.74332417894158
79.90053184755119 121.50675130967936
112.30757641648093 178.31642727020449
198.2007121779449 8.232698819692574
220.1543406493277 218.6466669091204
168.11054036072358 231.9328334410375
85.54808971502426 131.27154384132874
212.43520615002137 1.818909488653403
215.31732895282238 13.650642913999755
205.8995513904836 62.2193338844424
208.9805860106997 36.134715286827294
14.652890395140423 123.91359519514126
4.155540002413222 81.28235499557148
246.2293123992848 9.204883196197555
209.41311237744426 7.699043827997215
171.20679418601395 174.59224417007013
124.88650472703685 138.23216918769052

576.5
34.4
288.2
229.4
324.3
864.7
286.8
480.4
229.4
17.2
34.4
1201
114.7
77.4
8.6
143.4
36.0
960.8
864.7
144.1
144.1
1201
600.5
144.1
114.7
1201
25.8
864.7
206.5
72.1
1201
576.5
68.8
34.4
108.1
1080.9
17.2
86.0
1201
25.8
72.1
17.2
1201
86.0
540.4
103.2
864.7
172.1
576.5
51.6
8.6
77.4
1080.9
324.3
324.3
576.5
172.1
86.0
34.4
17.2
72.1
51.6
129.0
432.4
51.6
25.8
143.4
143.4
51.6
34.4
600.5
576.5
216.2
77.4
72.1
72.1
576.5
17.2
8.6
960.8
216.2
216.2
72.1
68.8
68.8
432.4
34.4
137.6
108.1
108.1
68.8
86.0
206.5
432.4
36.0
51.6
648.5
960.8
72.1
68.8
540.4
960.8
154.9
77.4
51.6
229.4
432.4
288.2
258.1
17.2
324.3
960.8
72.1
172.1
1080.9
103.2
34.4
260.3
51.6
960.8
25.8
720.6
288.2
229.4
1080.9
864.7
258.1
1080.9
432.4
51.6
144.1
206.5
129.0
540.4
51.6
51.6
324.3
8.6
51.6
144.1
129.0
216.2
36.0
576.5
720.6
36.0
229.4
34.4
576.5
1080.9
34.4
216.2
144.1
480.4
68.8
720.6
648.5
229.4
1080.9
86.0
600.5
260.3
260.3
206.5
288.2
129.0
108.1
143.4
77.4
648.5
1080.9
154.9
216.2
648.5
1201
144.1
720.6
144.1
432.4
229.4
144.1
720.6
68.8
68.8
288.2
1201
108.1
86.0
114.7
8.6
286.8
206.5
8.6
68.8
432.4
648.5
51.6
129.0
17.2
108.1
324.3
648.5
172.1
137.6
288.2
172.1
600.5
144.1
540.4
143.4
229.4
1080.9
288.2
600.5
129.0
172.1
8.6
1201
86.0
480.4
86.0
600.5
144.1
258.1
34.4
576.5
260.3
154.9
576.5
144.1
216.2
144.1
114.7
432.4
600.5
51.6
432.4
480.4
720.6
143.4
216.2
258.1
648.5
432.4
960.8
288.2
960.8
260.3
960.8
17.2
216.2
1080.9
576.5
114.7
137.6
137.6
206.5
108.1
432.4
288.2
432.4
288.2
103.2
432.4
432.4
8.6
68.8
260.3
154.9
144.1
103.2
260.3
72.1
216.2
36.0
432.4
229.4
68.8
77.4
229.4
258.1
206.5
216.2
36.0
288.2
103.2
960.8
8.6
72.1
432.4
144.1
286.8
206.5
229.4
229.4
1201
25.8
258.1
288.2
1201
144.1
51.6
600.5
1201
51.6
34.4
77.4
114.7
8.6
143.4
68.8
51.6
216.2
34.4
72.1
480.4
288.2
129.0
576.5
72.1
86.0
324.3
72.1
144.1
103.2
51.6
864.7
576.5
540.4
720.6
600.5
1201
68.8
258.1
960.8
17.2
51.6
103.2
864.7
51.6
216.2
1201
1201
216.2
229.4
17.2
648.5
8.6
258.1
720.6
86.0
720.6
216.2
144.1
216.2
288.2
51.6
143.4
540.4
72.1
17.2
206.5
432.4
108.1
288.2
8.6
34.4
648.5
600.5
576.5
103.2
68.8
51.6
648.5
288.2
77.4
137.6
144.1
51.6
34.4
144.1
72.1
288.2
1080.9
432.4
34.4
17.2
144.1
77.4
137.6
229.4
72.1
600.5
576.5
864.7
144.1
72.1
286.8
114.7
144.1
17.2
172.1
144.1
144.1
86.0
72.1
8.6
114.7
51.6
17.2
216.2
51.6
1201
480.4
432.4
432.4
129.0
480.4
25.8
432.4
864.7
216.2
432.4
77.4
17.2
68.8
600.5
108.1
1201
114.7
25.8
229.4
648.5
648.5
258.1
51.6
72.1
960.8
8.6
432.4
229.4
68.8
68.8
432.4
648.5
960.8
720.6
1080.9
72.1
288.2
216.2
1080.9
172.1
143.4
600.5
34.4
258.1
129.0
129.0
72.1
480.4
432.4
103.2
324.3
68.8
480.4
86.0
960.8
154.9
720.6
258.1
108.1
864.7
206.5
68.8
72.1
480.4
34.4
576.5
172.1
25.8
72.1
72.1
68.8
25.8
8.6
68.8
68.8
172.1
432.4
258.1
17.2
286.8
72.1
258.1
36.0
258.1
324.3
17.2
288.2
600.5
68.8
154.9
77.4
864.7
129.0
68.8
72.1
34.4
34.4
144.1
540.4

8.6 17.2 36.0 72.1
17.2 34.4 72.1 144.1
25.8 51.6 108.1 216.2
34.4 68.8 144.1 288.2
51.6 103.2 216.2 432.4
68.8 137.6 288.2 576.5
77.4 154.9 324.3 648.5
86.0 172.1 360.3 720.6
103.2 206.5 432.4 864.7
114.7 229.4 480.4 960.8
129.0 258.1 540.4 1080.9
143.4 286.8 600.5 1201.0

2 5 8 11
5 8 11 14
7 10 13 16
10 13 16 19
14 17 20 23
18 21 24 27
19 22 25 28
20 23 26 29
25 19 31 34
27 30 33 36
30 33 36 39
32 35 38 41

