512 3.0 0.0 1000.0 3 160 240 100

246.73007587488436 211.1007419747313
221.60325976444793 11.729794020558264
204.45222933819701 147.42262738881624
56.4560385023089 201.3372967350906
54.32677056018159 41.3523709171702
112.44069878162088 127.6974795484442
0.0439343663516667 133.63283114650554
52.09349506064911 202.72921038816764
114.71464999006156 234.4272048466362
143.95164095930855 187.81897631046897
158.63733845991325 3.957432730369054
17.435750890129718 33.86113212234612
9.056844513399165 247.81746387449925
185.10815153073534 210.4868673419246
214.580815312569 186.98170944072228
53.604712324830246 197.12729943754016
93.73667251608569 143.41095923833163
215.74556879459564 206.71028994046188
53.173833993141656 231.39999394623183
195.22967568496404 10.721210337336945
126.86878468096094 193.50088414933805
151.4682896103275 206.9984377401015
226.2585339950608 46.13597543395376
168.6101424207111 48.33444424891093
113.34352870871427 72.98488626518701
214.62785602331718 78.53587893576297
64.62648109188504 111.89101874716472
120.74471378405686 82.47362145690174
131.50027882293023 24.4612114723288
49.20140649540386 220.1037372895515
12.830697377039874 146.11058436484475
76.98965242379488 135.6651289235438
84.74918867605675 104.90082824419866
59.86177968011972 192.21737396957863
127.41604436054793 75.86275619486338
233.4164991205735 58.14677610010724
115.46553868205145 180.4113206315735
233.4523698035194 186.40599833073418
13.01192919389879 41.71978820339856
238.83625306847242 70.24905389631996
235.46912502421293 57.8502080571438
249.02088886088418 203.6114031211991
234.60022469933628 56.50665726904136
206.87721343033576 22.45316087351945
87.50169125553487 92.83808069184968
120.11830798383497 213.58814999590507
179.6133816987563 128.8434425299321
175.38892530018842 235.99226693274414
3.548302952381288 147.79411587639075
31.908217339367607 93.68841588176124
192.5243152607455 138.24843728148576
126.88806540039899 28.176547445599386
145.84957180764437 174.0252845739658
232.63055080283948 103.07139216805575
157.51897793836676 39.3095358853994
30.367860361960595 166.45521342628373
3.1012461855041975 74.30113927278641
191.9870865167234 45.21291108552264
48.0624180253234 179.43859948941477
54.25430772030445 35.634589915989444
161.40185090458618 120.29694662348966
123.8776158047937 107.56340832337555
49.96297745840034 88.70700785294893
221.32505361412134 9.309238475050025
209.31086158502075 95.51585616914501
170.28513358620123 11.672602680213002
16.472874149365186 59.28161143620389
90.46362029504407 249.28410821204776
29.362612131068804 64.81232844728652
62.69056706263695 138.13959075829962
28.166248414078858 177.31534575942274
177.90107450305408 139.1478954395073
82.88325226186771 53.559774937822546
207.67998880703578 139.0151875372018
93.37683961588183 93.2315592186056
76.3627623529797 238.42752861192884
234.15490704758002 149.23860529086878
191.69237616754867 11.56489299642019
142.23592780497802 57.66504043202988
130.34427434574056 149.87875695255454
74.96212790080331 187.74876882244968
226.12981812385945 179.9649782194066
30.648455642848628 27.13467476211717
85.3646201218306 85.59062559035362
183.81770390655598 212.59825740722474
111.62554571675409 27.39176699215748
212.34632961386177 69.57075852994693
225.9593256397084 80.85278217440323
41.37059512820579 139.31435071277932
126.07335310924626 100.2487328421442
128.76897600498378 249.69051944883984
243.29389329772434 122.58580099560851
64.70833043293361 160.1922790242017
167.28291564160867 116.14580592212495
113.55436167401886 73.90024156148573
77.73058477084157 85.78067755008406
113.98057287199626 104.57101046277644
60.64017391983459 200.2121558053408
51.736025567659574 205.51636063029875
29.113052060675937 40.40825637939524
169.81144092646423 88.87001879475336
70.20279096099263 143.2579583443032
2.502522356499753 69.36741335289231
154.3887415950289 136.4307335459068
238.46077481418928 172.7909094002349
77.61554997369791 19.441139306661803
206.1156980764197 119.97252750820786
182.98399472098902 34.99302100708079
184.7680053921593 237.62769094520394
120.60801680118958 34.141478540054116
193.49679522078853 68.19393042623473
227.04036288185063 54.64623252305828
16.088828985446586 108.37909352182676
176.57836312545552 107.45506290990257
100.80378315087759 149.2891052289063
58.16026821035123 37.49023773023632
143.2603289346357 63.13482146400057
231.2669082142927 115.04599943637304
132.60590217473657 216.51802748387297
204.1087413120852 8.062451612881578
128.9830245626163 185.09113896053185
130.0211494700128 190.30920890066756
248.3785635958833 71.90845388089812
117.24472603439709 142.57004354816772
171.51237343508222 151.76814267159472
206.75206548551893 140.64942137204739
29.656649357076294 56.67957087630912
198.8319955443363 205.66441387843173
151.5364606269902 66.63546399102682
117.22916191490145 178.034523729491
112.60675063868067 219.29778293467646
17.61675104878946 97.74643357970744
52.36086682775296 231.1537746650635
75.54904296277462 53.258475048504
247.63190487824983 193.62111345965457
192.53477714254575 218.18706574452958
126.20279365363466 44.799661166313896
210.34195263495963 116.86120772826585
208.67346520984856 246.41848354326697
144.29598334737483 230.63738468093487
185.1100217324252 92.120023612026
9.116468880764671 131.45532868169482
117.41411523135109 61.58184656892515
151.78238789645135 24.307960979815217
156.6933062416839 148.98701372023945
3.792062909586752 83.19865769900112
137.9934186973934 239.95266675391147
157.142497203161 38.63998406779653
215.55299680361614 206.6542398319038
124.80360419041908 18.318117490433938
164.1208138933718 163.12996941176186
236.12517323881096 219.17278830810838
219.8690067499825 231.2006665607788
167.25985190875633 118.99765750241737
80.9109157900233 98.37151139203934
109.95637095524697 103.6142242217535
150.1465528635994 102.31565591469591
248.11411561649982 155.13830251202504
182.97757696072293 122.7893271376627
194.27061800257982 78.47977874609421
171.3177409034079 213.0158514031288
187.982870422845 96.44982473601532
116.40665004474072 242.7473272130716
244.8344980553786 202.32048209756672
137.08349975762354 197.21372121905475
75.62636802367095 158.1513969197811
63.469751182067355 80.04909480297981
154.87795411575394 34.75983574821595
81.65581495005806 31.550097879356144
140.7714785887906 99.15080823400963
199.26962272877668 49.21018564978552
148.00656223795465 193.97360704156085
222.7735685580395 175.31263879861885
191.77392176739727 97.26188193212631
14.204529029136964 215.17425303544601
224.2020071168376 125.393083988256
126.51290491835154 32.02440749415542
11.64785736776222 155.68938574309323
183.86140516391373 75.13414460110623
216.10859824930733 194.0819644438581
222.61546455504387 202.4400712353616
42.533570900593205 135.40079813122378
42.00455056960708 152.2074769429481
156.69313841603815 247.23798419407572
33.970582038892694 33.52598341667806
154.1185316852829 135.8279270670978
228.1002309100055 59.70511809884213
67.62202773730483 55.71844381966828
140.27970390209595 24.966605850051586
153.90949197084407 136.9354439152597
83.8354060913625 246.60981602402614
45.51993683129913 83.16119019581075
137.69314772340317 204.2833530534458
178.24981263498498 96.1003963669137
116.66809734079733 229.96249792334692
81.72156062297952 46.1501100295626
6.944057584165774 243.97600883222796
78.42873960270249 97.01387012552337
36.945722862322924 247.82689172374438
19.76519000942542 142.48451731621174
133.79500414337556 140.58406137489175
29.515544435193636 177.76376052979379
141.14759819726726 195.0347878401273
0.6551135999403046 16.733837530199857
151.24499929482815 36.10068988703863
182.42872912141632 93.5832036849723
215.9866576213637 51.57205668852497
181.14545010988144 115.02373327091995
95.31991405023719 147.70812515566988
51.455075265966045 39.98959425178564
174.906828989526 167.50462431341305
83.67826051862615 68.62435221606088
75.92932723039056 24.89082405479362
175.29140769427326 46.0571917593193
160.49023779108265 14.187695145584433
214.82618541461946 163.91948765453597
28.12247369642129 75.62614000344078
58.627461101584316 49.754692972917155
22.16257282181966 37.184266077322945
35.60756911570692 231.88897909334082
65.54795140652162 86.99412317236555
72.88833621396562 16.930312765720213
105.46969009130171 198.0909655586031
223.79200834730565 70.11750031096864
86.82502759269039 32.52844645044933
42.423206300267715 10.735794350397121
107.01438238588956 217.00698593993164
36.829031869227315 53.57316163505082
219.13200215965145 26.703343986134833
190.53798436004155 120.88404001793174
18.779686137860462 34.1654103602615
224.47348741419768 4.263210821824543
167.7067952059541 182.16271362640484
113.84087830203788 4.4874140374178975
127.05406870855954 245.3159400534662
230.66274410467366 53.63921753576997
165.45380702420476 77.95592749332853
185.19120783191218 233.96388092817125
73.33809727470386 125.79153746695026
8.624697273313414 137.2489561562502
236.5441177859418 12.892188292820627
77.60058266975103 102.8942180269197
90.49986230737022 224.2716094057771
94.65210531683468 43.64922583420577
137.66646439659138 40.252601801387236
62.322279859409356 241.03921847754893
79.89069630734777 112.45039074604351
128.05225975617134 99.40978821865323
61.332289906862485 16.34371434383744
239.6042967531143 201.45219669139354
130.25169066854602 125.87149335247535
208.69692327928155 59.578823078059614
123.86239795972445 177.25098577512566
144.17265452967595 183.27800607681687
171.06614503745382 83.01209663340978
18.10875157813524 8.555890250482062
92.10192187675942 213.13763473909142
235.39891699316885 233.66680366855454
119.84892273004189 135.24459622053334
123.88854102428643 82.25139371603856
145.52015314415482 114.49516028320484
89.98007970989039 78.06995164250111
37.87778219300023 76.3183530113672
185.0476733693083 171.67361587261018
225.70737280973646 152.5711746331677
217.90511995763086 161.04598223955514
208.2529625349892 160.38219035006972
208.18867196001204 79.60073143863872
65.52065288092595 130.4642555252064
25.95655303247446 20.814923650613938
160.019394045753 144.8424996822755
146.67906552148372 239.36439144903878
131.04675635673726 189.7072816197247
176.38183782718176 134.8533888426023
129.76120466930715 117.68566663868482
210.21455985992225 135.6706450635646
247.03514356111387 80.84375359939561
61.437875684912186 104.55412932422762
178.1568292771931 155.3578550682823
188.03852801651502 7.447324454317422
39.530053170511394 11.002776388350899
62.52981704497701 116.93524559427912
121.85016373305108 41.428308216844094
243.3621860257532 138.13030133392238
66.26820382629984 71.29208010166887
40.88101588160081 17.754629618922017
81.75389639828417 40.493966924700395
179.54313123759286 10.841079683690442
212.24699591219652 247.13466320789456
199.82076329932832 153.85066391813425
186.0807837008744 98.50799908099961
185.88761729798748 130.4966173811134
205.5738416466875 217.51649769404858
175.53897312021388 20.187553931732356
53.4607978381898 135.61028041685108
199.9372535499062 129.195322783275
99.02327630048438 34.39707281182525
139.67590344058075 5.344420332743987
64.91531141811565 85.26966146680171
55.65159891471877 243.44099216527968
33.092135726460135 164.09094197465808
230.78797444831397 111.84929614255537
29.752995811228587 181.85451406865823
83.81650420764136 178.1090664651756
222.05706661869826 21.511812363425754
157.65265214044322 138.47380699940618
131.09321263260324 13.08556632117544
124.67698733517842 27.727247258755472
132.07589784574995 139.2954782029521
13.831835089192223 49.77231318951505
30.445047184343377 51.52619694062396
229.13024340113503 146.2460333231732
37.61982314183854 235.85062072906427
85.4743148772714 91.65930634074765
17.85822181961952 159.7666546209533
152.0733159415311 232.95807475900136
220.18041445514885 177.41013924867778
172.09045926133723 167.0580088215839
234.63865050839476 185.98605842964713
148.2034386209118 180.99431751914915
128.48598071205024 16.80683389649809
37.52661456539463 188.6842023019685
165.58060789137502 207.0147503378509
199.33318867028464 153.28645377751928
23.007425331487447 189.92302797306866
132.83697287313802 133.69629744157157
203.556984393004 93.30650781680438
170.05382210269786 141.71847077786114
105.47577985611537 56.44398117216887
177.4485262891512 33.166852879093184
249.25149279961389 235.49449838408194
213.21843533892283 29.692014591771954
32.81466389885654 125.60755111418165
76.31228308150237 9.846271667795198
154.17342335810727 108.89741972147115
93.37545355349441 0.8646615640141297
3.5257595569748448 165.74860192134676
179.43364281069557 212.62333099935424
26.24359615010824 138.74566146535958
97.67810943603736 141.9469618391688
1.2754705636184582 128.8588063616335
128.0431567173753 146.37422656331958
67.77160639272387 168.17029469235024
245.93480134342394 50.008729366785104
76.82360600645161 199.9924085617435
78.27420090387457 165.91028319035027
49.390569608179696 82.80322934317047
211.7607057314106 118.61514802585677
120.20951840130576 221.33826786966716
134.82794396519282 242.79908452937127
182.1352523559105 119.06126001407539
152.8825617159673 68.99880006887774
229.82080753196482 32.08026930597707
176.22493519564216 159.8130547534562
159.0781938678905 239.971384838201
219.03179102260785 109.11677248981408
168.1235286558701 230.41615938009102
227.80212155972987 160.2231564968196
224.43778676571185 5.61866624899332
9.462774780972932 5.556269155157084
236.1346233971531 222.61854327201846
114.11706210541472 107.38720710910674
1.4282907977097303 13.791724458756761
244.510346130382 221.22107483796432
72.23949336459364 229.7951289385543
187.34729274502186 79.08843614817035
127.4931421650668 162.1946471968612
3.086662929339512 19.24185478453716
247.70269797327117 78.73131253205337
109.89766384487032 231.84238524969075
148.0745638538261 119.13169110683044
212.00033194056758 46.44781207964244
92.1284753456506 103.4284161556471
128.05342079683186 162.99479510493612
121.62607616553922 242.1115361422722
195.72346384362868 209.65187607594746
193.18046340790013 75.00498591476132
70.44154908484906 71.87365357895726
104.03007348962498 152.83846383661663
48.26433762982171 102.78590815570857
102.0194638831246 100.72509462200865
120.3826616759061 25.245079134277898
112.9223532173188 25.619643502140715
75.37830098417774 205.83851668025534
65.52915464021517 229.33610277965727
18.629359934398014 46.020770537031545
12.556965794627006 193.91010266072684
30.464484655853745 75.8952117508464
119.72260518775929 84.38310745025487
165.33346562742713 76.08457087940185
83.5191904124928 158.18637173208495
53.82713758765745 205.93003332869242
191.2470887430128 238.9354214866044
236.25108253963464 10.251557292026508
70.50880737385137 12.178075748407707
95.73594621710669 90.86510482659111
77.04681092333465 41.617271809648386
90.44128468082494 93.55981084731482
129.6841488837905 104.58191364190414
249.15475449145896 102.02739937796815
97.68053843031244 104.23988144084403
204.60726761280833 24.691867190092115
134.10933367060608 111.7798877233084
212.80509819313914 150.00999792949406
236.32279251685816 221.63791410932697
125.92792009230094 148.19913004763504
56.47881841202193 44.01051624736199
176.66564672401918 220.43189711227106
99.48711725146278 139.46205606437064
218.3031863816358 98.04677801964887
197.16352627890123 68.71947714593432
85.0472141684833 169.37870604763015
102.32254538350489 241.582660120031
200.62878684114034 37.8872943051842
95.63309187662136 200.5533054640976
38.59856111576074 234.07723999162562
13.915741108481845 83.6920605085321
197.75060578732584 128.864322494367
170.24186014573377 206.0232449637186
31.69162122840258 41.597661261584065
26.667380757156717 242.02984784293616
180.39155468944674 125.65966592323987
139.7987951159887 77.4395705041877
19.481327821337572 196.14273531966657
229.93328326936108 78.76489836338041
236.78246177938914 222.98510618811312
88.11762527368552 244.94176998909393
37.150967615997345 24.576947376797442
156.8899348624324 98.74247251016219
2.3193372003664505 184.71036537717964
36.40602251310213 21.273279514225862
207.41428819659183 147.82204345918933
62.59707224487468 89.81956895626573
218.96509280382537 196.58117767705303
5.24616323866825 164.94528489383123
245.43106063806658 149.50005031277266
63.42489734711096 90.41344056265366
62.980296008122465 32.44475572176789
14.537425018500915 33.40216084530506
235.00242954406062 124.13516638782707
141.30542251976942 59.843650053171466
165.84404653360647 188.1140630873323
41.641512015203084 51.646860867466
24.012969545997105 229.12820538100203
78.26497216870987 20.828126442181905
53.6510767228254 3.5893697876939745
3.7946581212477404 138.53645753466478
206.87147058232765 117.56396868077013
23.479069451752434 155.0342875247496
177.49226207678538 34.28492119755655
134.32509389260431 148.94827988028982
54.87251570025794 90.54319723349327
76.94037791154942 130.75794944048647
125.5997025200919 190.22332543911406
1.355746373071981 172.11499135629938
195.32648987726154 0.9038533906723378
154.65562484271226 40.71683041693011
120.89194349921235 152.29159825316685
75.83337955450367 163.07145052068387
13.224449487382522 26.068854723808737
24.998577253466298 149.2042514289378
235.40479278504787 106.20905309382067
24.638314444461795 208.93728068437142
106.7520744549939 139.66679995117053
141.30994375164778 31.61340218693215
41.85772152117415 12.169951650904176
32.66283685843599 179.5244275589475
219.79956562169954 10.863045531021909
74.81935788665258 2.081941511894614
149.62141098564507 58.514832930871705
122.92833377184171 99.28120086821293
59.652992529858786 146.213060238699
28.946438010836907 205.62728478636302
81.04324647174738 59.89622963417543
237.0753452488016 108.17277075303605
185.68188620548014 107.24210631769388
14.930616809537778 59.5295516781573
39.542215657977664 12.706147956858011
170.06558429192432 54.18833982493276
28.42377208687935 172.09475310664607
52.45124657077846 247.29556344697366
68.71867887266566 125.51049057853439
187.32114685484106 121.53863673759618
92.02450415574465 45.58485501730819
239.88756161832993 169.11440981150392
71.46915261337436 128.0005816804917
172.686547787171 29.56610389910616
159.9581235416633 28.472849653265854
14.209215545159747 116.88213163024147
226.3704943030734 72.18434911077784
182.91336413730278 225.51055666002483
196.88560030037226 62.09149818534712
210.5533353191285 155.0891141044336
40.27020669436149 42.02902558925642
32.774656301111925 161.62797528220955
205.70746190841476 74.98569928700246
31.014703190265585 8.917069449969727
117.25299718119575 232.35781076016428
28.151803360163846 86.72446906584413
178.41144983664253 34.69459503221572
183.03358986850935 218.0289442666268
142.33452223679436 142.76204122458367
77.06490785377117 200.0863721602558
31.481339389094337 229.8717710327891
108.89965389029493 160.54414693660027
246.37707476748633 49.424580862743206
39.156514241857174 44.074762594879
160.55563707467877 220.2920069945366
40.816469356686035 55.64139280525579
60.68049538633002 133.89707608971327
172.0760387374648 196.76810482107038
55.689855978103246 74.72559170974665

240.32761996974264 215.7082708384807
216.72653969410413 5.170237201114452
197.13995399399406 150.40184673383206
53.58681351306876 202.23466970833553
53.5251099175893 32.986433701406746
107.70478862275779 124.73129188492719
7.650593118317478 134.93386308819836
47.07793310306874 203.7341057559594
112.36496913011464 227.80373029250723
147.31333724413471 185.86736099380684
165.71758114767067 4.672610496621321
18.56052196090985 38.98736595059712
10.306862540158196 246.7289050003258
191.51894618915847 212.9431703186786
221.18050271868142 188.15543073961447
49.16213097678537 204.27103864984096
93.85954158111115 150.0408965149936
213.79395066975724 202.04915052507627
47.260386901558235 235.97976262218234
200.14229721800388 12.594591467392558
122.06960762255109 191.05740572136162
150.56934967285193 210.40251982730203
230.1303816823012 44.47789232973962
169.1452904851963 51.42533124061804
114.0510296154792 65.50663855571365
212.12463918413147 85.8199410173884
69.56088522754122 111.19755817380327
116.29276664626784 89.48269573829067
135.72134747005862 17.991319754576214
48.241880681802684 213.93217888278485
18.778138633040676 150.82231182089242
80.70237464559457 140.36412314038958
90.0413625300111 106.25220172428568
66.79020307156178 188.4399143913242
129.96974463826757 78.92353750094458
225.65862358643452 56.93083927264803
120.90381505902856 174.72041075497265
230.82848788635349 190.63227362418652
12.374553020498558 36.96512194647924
237.96407125729792 63.559188673329686
235.1452304737354 51.81062962059899
244.64753697921722 200.50045910742566
236.05563672854774 60.383113730843206
213.7947993385501 21.893559170722
88.33315433525519 88.8684257592463
123.67679892612222 218.71078018093183
182.51154396464747 133.68094141950002
168.50200628025607 233.4281719886424
1.8863535271293475 153.7110751723901
35.52447076280485 99.23819687795319
186.01268435877978 137.0087604871818
128.42542044428689 30.41830364465309
145.51613686945814 178.0785182863844
234.63951542479506 103.91955220961879
164.11801410267498 39.88451484036962
32.87060226037225 174.09023291638164
3.939230719681719 75.80784040966442
187.70637247268712 40.39920018009513
50.20972235861967 181.86111525893256
49.22556363638361 37.64341354905915
165.15626961641115 124.88543694470434
125.15929037157647 101.32971814082872
50.78296919602512 84.5427772840889
225.74213693253571 4.3145070064861955
213.74223103466332 102.54063154024254
175.4681524436213 12.929276014680886
10.174102031890314 64.09040767335905
90.84826944265026 247.49836235290672
37.781810749542124 65.54960804866423
59.03296723994905 139.28939459080487
19.7313944784005 178.17162588495597
177.47605653294417 147.62138987365563
84.79507481708865 50.126446143032716
211.12913549674255 132.1569329406193
93.98192332762964 100.32145816676963
75.67319558352331 230.66665750532354
235.45061464445027 142.95925301501214
186.6034626139166 5.551037889446025
143.2267672114123 50.223361777125334
132.54062404469337 157.11037151687805
73.56587376831628 184.50995781450706
224.62387476082716 187.02819802592876
38.4421550743822 26.888747482025078
89.80155555115982 88.18993840151914
183.34738523641258 219.57404762214682
114.18679102812499 21.19452841060976
216.4344213224131 73.22440660048093
232.3677933146638 78.36675306023999
44.988581639764185 134.95489675267942
130.0350844754195 97.78332522275804
128.11499618234078 246.86244043475537
248.12005451458242 123.82995697355086
63.54121982117189 155.14901239213626
164.8956374639301 112.37192114814148
108.16999793011713 68.05310642455353
84.76787664052048 86.1178722119979
108.58826014330147 100.1416039873875
60.840685870610315 193.8562454033693
48.18559493342289 199.64617155602758
29.203549491862045 37.07648091466426
165.27526380267867 94.05689541753301
69.76140598240684 135.73131996500499
1.5902963713717577 67.32140185860031
152.81867059446404 129.42092462461528
243.83130587593516 174.80263059372533
75.40667419097869 19.37406902392186
212.0228296315433 115.56031652186063
179.79785013073794 41.39940984279444
189.06833024833438 240.68446937271867
117.5104494160774 37.686151719381
195.43078738598277 67.94769526044503
233.53285163669796 50.62629977733785
17.430785167934477 102.00031610172874
175.83638079111918 108.25122707676161
104.5034326914969 150.2951583680037
62.0402905906568 40.40744207404703
146.20516966094834 64.24358521280485
223.7512089929857 115.88863691469817
134.97663522055555 208.38353819736983
202.8024891526844 12.447177898821687
123.62559947415599 181.5523572325451
129.52723733833494 198.22252974049567
245.23789418131742 69.41102140109082
121.56733286326099 144.50566368371602
172.31177251721004 147.27184758011612
207.78681316918724 133.62321800517225
32.01765804346316 54.287090059316725
195.4747652419561 197.94116899335935
143.91419647390316 64.26532996824156
120.38811745360562 182.4804342949107
120.1976228821035 220.5211381388529
22.054664005542957 100.60879428751365
46.97367751144338 233.27486366291518
76.53105962404314 59.01555106114323
243.8640435483971 186.0523716087593
187.7398073986643 219.8192302350876
133.51382777376796 45.273255028799895
206.56128589907166 114.11401676122155
215.54414607728543 246.66293469699662
142.08706286038256 230.62087257832135
181.5089727651777 99.33428320696031
6.890781412378699 132.18998511964372
118.05615837989683 67.33097694120386
144.9608545692588 21.053832753364894
160.34393302185575 148.25168643158233
5.216044674223625 84.46778957093667
142.22426594257294 239.8675909148806
158.50063245969955 35.44081810253455
221.75993700304747 209.32193960420022
123.3337974741038 17.645816003756504
161.577265025759 156.01973383088185
227.99505412513682 217.59953543696997
224.70072930857432 232.26163224750047
168.81772946863006 126.42146095110729
85.98525309307762 102.43791219917652
103.62968567283588 102.12847021067716
147.57970455979776 97.28100207081548
242.82997707579455 152.954493866366
184.205824167329 126.30618083196096
196.14620537467465 73.6593537446979
167.90400636277153 219.62179458348427
187.43046996473865 97.04361479684742
117.19823060051876 244.47663486169523
248.9894433939734 204.30699511716548
135.96469618488484 195.48459816580913
75.70023706632598 161.5749023341324
66.49492484571812 81.90571167508895
151.42877512230473 29.09361734391791
77.92964162975974 36.43870538837249
144.67239130435425 92.98503624090974
197.54807345580056 55.87977915541881
142.82591781160238 196.402610240174
218.55487100902315 175.92417267352764
196.7793500472557 99.3092851841189
11.44666717469825 220.43922271422352
219.41870964108674 129.11306246798756
125.39548529346717 36.27249356492751
3.5021363823258547 155.7414003490709
175.64423481037048 75.44696904852877
213.11673135234582 200.05129594401888
229.55028425536187 204.15898432628995
42.800935900291435 141.1962833719944
41.78376936812081 157.63093543740487
163.51647043920588 246.11846195409868
30.59499138710636 40.64950173610385
157.9635689761763 140.2560368828331
230.8159563376281 58.335944004311216
74.27453843153347 52.19172169409212
136.88540674586378 25.182541341762178
158.420144277664 141.98973356920422
78.21318066250599 244.43939569318104
51.79866315288834 84.37724460861423
141.66538520932443 203.29240415338015
178.4925992330756 92.09717494444139
116.24919569670747 222.28959198310852
81.22172817984011 42.24096979976682
10.016279011707068 239.71581609646825
79.5159960391422 97.24550970404589
29.324484882447628 248.31951263116275
23.992904907436664 137.55569756469518
134.39239301438403 138.8336338352536
22.58112813090743 177.40781202090562
145.79127689259067 196.15630110501635
5.779666163381686 14.842325437572496
155.57062390810663 29.48672568804389
183.15740627905868 90.51471367001979
212.10814805396285 57.351563978944476
184.5105318588753 111.5522685586818
95.03533847346377 150.265453147296
54.234846372091916 35.50039400224891
169.9680797772339 170.9245761725943
77.17712993817685 70.46433557035931
69.26271861218284 20.849429512181356
174.048529822579 51.482013960260694
163.14246652853177 7.9015613606922
213.71861750083278 156.32562705878374
23.870396596455347 77.0127425493913
52.574244133147516 48.779651109159246
23.5837810280774 44.30771433517361
28.42987869744912 236.2999618602323
65.7317571824582 79.82701480591383
75.9823037362696 22.702234946429396
106.36738730578773 190.12149401809728
223.81917153602993 76.91529065609446
85.1776879177949 24.306074077173417
38.965649823873214 3.8040566171679
111.53199287795442 223.37455944095473
43.66467257231779 49.38333836688899
218.71907933358347 31.3652094531722
186.77333014970247 126.1202159717081
19.67754421445586 31.64910076351557
220.22754296199778 4.771048295954511
162.53190997620564 181.3144802149733
107.93794453159036 4.8025805427532875
131.74851529415832 247.78093924483377
237.76444771475383 56.80197270702256
159.20961391110342 81.26012294194155
189.56742819652612 241.15551520088064
70.69250060846272 126.78294043261235
14.200957953403009 143.02543102524467
239.99608628941968 15.297584718291096
78.78864562623075 98.91194144756373
90.32534059193526 225.70226972467594
92.4364925088105 39.77649103049149
134.54973232528462 32.78928173736001
60.64766459808343 246.1713043831728
78.99097771535324 105.09240083601217
121.12302879282689 100.09196991627576
56.20220485694663 16.184399429127943
240.4969450614988 206.58582699013246
128.6507288681097 123.39537361589073
205.90726302345752 64.74954109812566
123.29104265543504 175.7696029891857
139.90723795012266 184.8473713015304
166.37524510301478 83.217869063903
15.633369610088321 1.5285307193086406
88.85319534603315 218.9506017353428
231.39434244917987 240.49677861390998
124.72726879210092 130.96437478508102
118.4928621229347 79.96228472381404
149.77002907930108 109.95918946443359
83.2948810390303 73.16172202021973
38.25932875450086 77.62879778728268
190.69171660134725 176.68702840394891
226.72951867257098 156.49965166133163
221.6769053450151 166.84393577476214
215.60373709837685 163.36634533539907
201.89587480417052 78.80979723568382
65.80249055018278 130.89393711005746
21.600243681845903 17.665222538570198
163.0296734571813 137.88683568574552
148.0878928428314 245.92867541357342
129.94791576824232 181.90467928334712
178.9648317355314 133.8916161036027
123.7510117884365 120.60157573155578
206.42103553898747 128.3785488500578
244.42458732544944 84.5699596890706
59.88966833844756 99.80814580178549
173.49852061535472 152.90321127820138
191.35108144814222 8.870657812945131
42.491922979038144 16.301971740175393
62.29766911955592 110.74334172669603
122.49746464830413 48.31380463421694
237.36195523668366 132.87503088001156
67.21410695577262 72.42097665712502
37.20625299040159 23.43644687764279
81.24035415131142 44.49234798925678
181.2491714577232 12.620213030544337
209.13022743574325 249.23586547353727
195.13634270074016 147.68959028828237
193.73816367820515 95.51889163154698
182.44030836536376 137.06451044591395
198.02948104271323 217.30527767016034
177.9873656879786 24.929666180970393
56.6761665153826 129.5789639795882
195.9765492955056 135.00552649059847
94.18828851351948 31.71926997135821
141.86388943983152 11.523134220883719
71.58423134706837 89.88060797296357
61.88406730906429 238.8730479787279
36.67866072928378 162.9277985048324
233.59901136911472 107.52986395467768
27.034495704176877 178.69175369696237
84.45984228413009 182.46307459695947
225.65734340697952 14.266705993248252
152.35196930365922 142.8254359837128
129.06425543753065 18.86938670494176
116.55922556009645 27.57788681936088
126.49986273741085 141.48345566398427
9.639859909910786 50.49815648002998
33.478278471445854 57.926278240624406
234.95421989526682 148.5857113903864
40.02384163023928 241.66024650193302
79.16767640071149 87.5591284778963
20.952799280652716 153.68801477754758
152.80243488524567 234.8404075136989
216.75539234995634 178.5988289794944
177.76899618866665 173.1306444257509
234.7693662672068 192.0695662451109
153.4204921437223 178.9982866264605
133.21248306006797 21.485504409642115
31.03716499341333 185.12835594147145
161.1221531470196 213.20569887793724
195.9162452744825 149.3344532597504
22.23590836224709 190.10332523725833
126.33534203798658 131.08008723926275
199.0608060477463 97.7980193540742
162.0516819518668 142.73434114857577
107.08416404357706 52.58002835635356
179.76775671521472 33.47130872959397
243.79389888646904 238.22374651707224
212.79249289423964 27.89194665802003
30.75901643810694 120.34782847684541
72.30864072771193 13.655617737204418
157.52946734513816 112.77873535437486
98.50580674296444 6.504817143958286
11.278119779028817 166.3117515344372
178.52159317601163 210.52969805731195
25.840525635240752 131.47645258609856
97.1777663444818 149.45348549871176
3.053605979187135 133.72653378698075
123.72262407228912 142.37770225326116
65.11760986222018 174.5123492690338
245.79666703797136 42.09115181488598
79.82041550356756 201.34945367767278
73.96331003735321 163.99959932851402
54.55837287908783 83.36613054802183
217.04585185647338 119.0989529812155
123.30464341555428 216.88971720137067
142.12777512449145 245.25952443003752
176.41278469760718 118.04454877916012
150.55928837699688 63.06353033637807
232.21195669571267 26.432143671527907
179.7147912100586 160.57144115890708
152.53463700721503 241.27547015590275
216.60727357917781 109.96293809049514
167.73921931777835 226.0102807277365
222.7807714148931 157.88227331446703
230.91190918691137 3.884545937351075
15.93312291212351 10.54454663589599
235.1593837648206 230.03498195930717
116.93586653996648 108.11692486064078
2.443830833165128 7.525586063677592
244.8622522372663 216.66446854943013
79.92392648816258 228.938061753798
184.29123017426247 78.09942770703735
123.3611372563902 162.52190931059278
3.395532420089442 21.26782748568448
244.01364587594736 77.92102009223692
111.14275732201811 236.63467088259128
139.90294640444162 119.16892604417087
211.44641858370045 54.259094712582694
98.18655251519786 98.03944789204364
126.56238190630839 165.76602070261507
116.64279055493057 246.87645661345218
190.07434529747292 210.89360899911557
198.91554779228653 71.06980514514852
68.9736999703851 71.89023941334924
108.16022703715181 158.34656955478658
42.46732444813331 97.17077112899497
99.64614204157412 93.03525758338213
115.65346749455979 19.793256355456144
118.8523848120493 26.816614613434847
78.28551820570173 211.6716074650928
68.03669418092947 226.68931026505155
21.876906552423357 44.30263476051358
7.665875056562355 198.80196479212745
38.46488992550739 73.24327845081064
125.22934446310882 85.79032276851939
160.28062373574505 75.13101929828488
77.11261557331359 162.54941764283313
56.631780325774564 206.41331177651892
193.50377651901442 240.02519713258764
240.15502637457516 10.828970332230432
76.99115479472762 15.785624234280899
100.11426363078974 83.92864605945493
78.34645424640591 33.53612116057972
87.44573699631908 95.30877879035454
123.17638190479391 109.42331587087844
247.43454239141974 107.30809229309251
100.8213445314641 99.18027859944422
209.18888789159635 20.0262441021557
136.9734423673101 104.8954298004611
209.5338164924187 142.5674524619958
230.03154394026686 227.10612531304227
132.85724030846154 144.41836015990114
58.398736125517495 36.00117066971864
170.98427945999651 225.46605289471876
100.13564092461064 138.4254777201228
222.12684479872885 97.11926079137825
199.76027228323923 72.92847675109981
83.92703946880964 163.69653527866842
101.71300269065392 244.68895959096528
197.3451927108143 39.9889298553579
103.762448519609 199.7429711139287
46.51632937214528 237.0357243506989
18.575785781299288 89.78535156043476
191.2782924150112 133.7594160237832
167.0212029615571 200.78501140552223
26.61940029634516 45.62845170280144
18.721182404771135 244.38260919650511
177.03280650880117 130.736250308452
137.92575334557304 80.20995651492504
26.703997260550782 197.73754815814152
230.16320667621264 79.99913305274924
236.964766046396 214.99093701914816
82.7481980287067 249.94470275378936
40.872349990265874 27.070990538843017
161.56426517362928 92.56438094260453
0.9109632555189262 187.82671107267814
38.88125294622369 28.89831763923223
208.92422673126458 148.4633330133337
64.58320606956894 88.46910003080811
215.2405426498271 195.93118887327617
7.340790374383676 165.2316203933306
241.29933031849615 143.3886293730139
59.36935451949399 91.65326345577036
59.112527137914675 37.914816950986804
15.319261770834286 28.085254241528634
239.81643725148953 120.33238617090502
139.65004798890357 64.45231808947638
162.42811859567692 180.64765216125758
36.33396241580517 48.14157340043748
27.481619076512587 236.25363323383536
79.23755641939232 25.54688789751658
54.35128723534927 2.3305147753927002
3.4241162282897255 138.6744516610354
202.6353511819284 117.61873622215424
20.14555935982429 157.97674286926423
181.52415921703346 28.662914571837728
138.18902146911879 155.89960133079552
53.82544408592044 97.63970647796982
78.10325653798577 130.36662453746334
125.48066741894323 195.754621474015
0.6556796183654345 173.62840667848772
196.53214446946714 6.368682085177991
151.81002554348797 48.57271211523687
122.9362607956638 145.46208207176156
82.41607829016715 163.46990202192987
18.22450445068677 24.11724292088044
30.500303873944755 150.60150862488817
235.4254264196911 108.4523267216459
18.842015663808 208.65837451206167
103.98072307503853 140.40747012438356
143.3746149253567 27.580302063368645
37.54453516538517 9.014728969480467
32.92471035344322 175.30474055695024
221.0123754305436 6.411516664075218
77.87444384370248 2.7016109608448136
149.60201272790263 66.25595285472205
123.35284424969836 104.21381610161414
63.117677400190836 139.89624188702737
35.509867743936276 209.3068087496484
80.14679078574139 55.676827402033865
235.12153356741268 106.74276320943018
190.7404399527818 100.7643857122065
11.681753518898608 64.66870257259777
32.757786977966 13.285373064186562
168.59357487263168 49.61124150304119
22.502164041068806 176.06514405634854
48.57040235588192 241.75392041559658
68.43980547578695 128.0339513705863
187.7842529280328 123.24039578976445
98.31065037170895 42.80927685878353
242.0736244163462 170.49893168125686
78.6591276859559 126.17254051819316
170.7789713882469 35.48696566761156
159.83732492006388 27.79373668620527
14.605722944254108 122.55917542632527
228.34214691464692 64.9656738548112
187.50336050900617 223.5159033641461
198.4392633927102 68.65165776806565
211.45779990921463 151.1963673360494
42.161215929384824 44.54356749591759
31.404859543828795 166.69721226167505
206.68345239319646 79.52759298932583
26.558995506131193 7.063949312803686
121.69866500904897 235.02424461139466
28.64168157681679 92.60641828489541
183.94438691761246 37.804892155435255
180.1766744080242 216.7430175249057
140.9445193584542 145.9069003427791
74.27004878995692 204.77664015849413
24.654112388532713 231.81184308563215
106.46640980337116 168.34202034873093
247.77822732619347 42.2874019108557
39.1696213509268 49.57956965037544
155.39547660293758 214.49146579728617
40.12086665523562 61.52500215371351
52.62861875940375 135.8143319591455
174.39296141321338 193.53470870049532
54.92795568733352 67.12116739856936

960.8
103.2
144.1
72.1
129.0
68.8
216.2
114.7
576.5
600.5
68.8
154.9
324.3
540.4
103.2
25.8
229.4
25.8
108.1
216.2
144.1
108.1
480.4
540.4
144.1
34.4
1080.9
144.1
8.6
648.5
540.4
103.2
17.2
34.4
72.1
51.6
77.4
480.4
108.1
1080.9
324.3
68.8
288.2
8.6
1080.9
34.4
114.7
34.4
216.2
34.4
216.2
34.4
68.8
432.4
260.3
1201
68.8
576.5
34.4
432.4
77.4
1201
288.2
432.4
72.1
72.1
864.7
480.4
68.8
103.2
172.1
206.5
1201
288.2
137.6
432.4
288.2
286.8
17.2
25.8
137.6
114.7
68.8
324.3
432.4
34.4
172.1
17.2
540.4
600.5
51.6
108.1
600.5
172.1
8.6
129.0
17.2
229.4
86.0
51.6
103.2
206.5
206.5
114.7
51.6
36.0
86.0
206.5
103.2
1201
286.8
216.2
36.0
648.5
1080.9
600.5
51.6
8.6
576.5
86.0
144.1
129.0
68.8
720.6
34.4
576.5
77.4
154.9
68.8
864.7
864.7
864.7
68.8
137.6
34.4
154.9
34.4
154.9
216.2
72.1
36.0
36.0
540.4
258.1
432.4
129.0
540.4
432.4
114.7
432.4
72.1
8.6
480.4
576.5
324.3
432.4
258.1
286.8
72.1
72.1
324.3
288.2
34.4
51.6
103.2
17.2
600.5
258.1
600.5
576.5
34.4
72.1
144.1
288.2
34.4
51.6
34.4
17.2
77.4
77.4
77.4
172.1
144.1
216.2
600.5
129.0
114.7
68.8
68.8
77.4
960.8
34.4
68.8
144.1
8.6
103.2
432.4
143.4
960.8
51.6
260.3
1201
1080.9
216.2
34.4
34.4
286.8
288.2
108.1
144.1
25.8
324.3
600.5
34.4
36.0
154.9
34.4
288.2
216.2
216.2
137.6
258.1
114.7
216.2
72.1
324.3
172.1
206.5
154.9
72.1
144.1
286.8
540.4
216.2
480.4
17.2
864.7
206.5
600.5
86.0
1201
576.5
51.6
34.4
432.4
960.8
77.4
103.2
288.2
86.0
86.0
51.6
154.9
172.1
288.2
600.5
648.5
216.2
1080.9
72.1
172.1
144.1
260.3
34.4
720.6
258.1
114.7
17.2
432.4
25.8
154.9
216.2
324.3
72.1
206.5
172.1
576.5
288.2
720.6
103.2
258.1
720.6
34.4
154.9
34.4
288.2
17.2
72.1
86.0
1201
432.4
77.4
720.6
137.6
216.2
648.5
432.4
216.2
51.6
286.8
229.4
143.4
540.4
17.2
258.1
288.2
103.2
172.1
103.2
144.1
103.2
36.0
17.2
17.2
1080.9
540.4
108.1
480.4
1080.9
960.8
648.5
51.6
103.2
143.4
25.8
206.5
288.2
77.4
154.9
540.4
137.6
216.2
72.1
114.7
51.6
216.2
324.3
172.1
432.4
34.4
86.0
648.5
286.8
51.6
432.4
144.1
258.1
432.4
144.1
34.4
172.1
17.2
154.9
108.1
576.5
172.1
34.4
258.1
1201
1201
432.4
229.4
143.4
720.6
137.6
540.4
540.4
17.2
1201
258.1
68.8
288.2
206.5
286.8
216.2
648.5
864.7
960.8
143.4
68.8
260.3
68.8
1201
72.1
260.3
144.1
216.2
960.8
34.4
216.2
720.6
258.1
8.6
432.4
103.2
144.1
432.4
216.2
72.1
576.5
34.4
864.7
600.5
600.5
1201
720.6
206.5
129.0
229.4
103.2
17.2
576.5
34.4
143.4
288.2
600.5
77.4
720.6
288.2
103.2
17.2
864.7
576.5
960.8
648.5
154.9
258.1
648.5
51.6
206.5
72.1
540.4
960.8
432.4
286.8
432.4
8.6
324.3
864.7
258.1
137.6
258.1
86.0
288.2
258.1
960.8
68.8
1080.9
648.5
288.2
600.5
172.1
68.8
144.1
103.2
34.4
480.4
288.2
216.2
216.2
103.2
288.2
648.5
540.4
51.6
432.4
143.4
1080.9
144.1
540.4
258.1
51.6
144.1
68.8
432.4
68.8
137.6
540.4
103.2
172.1
600.5
72.1
1080.9
108.1
137.6
288.2
216.2
17.2
432.4
324.3
34.4
540.4
144.1
51.6
864.7
72.1
103.2
154.9
154.9
86.0
288.2
206.5
1080.9
108.1
72.1
36.0
143.4
172.1
103.2
17.2
77.4
68.8

8.6 17.2 36.0 72.1
17.2 34.4 72.1 144.1
25.8 51.6 108.1 216.2
34.4 68.8 144.1 288.2
51.6 103.2 216.2 432.4
68.8 137.6 288.2 576.5
77.4 154.9 324.3 648.5
86.0 172.1 360.3 720.6
103.2 206.5 432.4 864.7
114.7 229.4 480.4 960.8
129.0 258.1 540.4 1080.9
143.4 286.8 600.5 1201.0

2 5 8 11
5 8 11 14
7 10 13 16
10 13 16 19
14 17 20 23
18 21 24 27
19 22 25 28
20 23 26 29
25 19 31 34
27 30 33 36
30 33 36 39
32 35 38 41

