512 3.0 0.0 1000.0 3 160 240 100

31.586110474928013 230.647826591068
125.77612912517513 59.977373712638254
64.474331229434 167.10889169667698
135.5446159823121 186.5151790003511
17.028612228833506 106.79517581041434
213.5203152844374 206.87897834332873
22.525041499975945 58.02599489947957
73.07711543681606 49.673829671126654
36.765643687392576 31.901397552788257
156.8013704855039 69.90792507636007
223.01482607421602 79.25808963827077
135.82875237489816 0.6110139674860571
161.82014221845606 217.67881848017075
137.21636148309088 71.15534222198951
243.24708180852534 50.569684706851525
173.53738439801083 189.01068516618545
139.3605725470839 3.7981177177534575
131.51242249599082 95.79358652674111
77.74664877542826 54.27774114371542
181.44346409069027 59.652658390929396
17.398645700709064 147.0098146267874
109.4230612475656 53.04432783631724
142.8385071117351 45.05725893222529
103.28923416461963 107.85635639471907
58.48023662644547 27.35486000974771
114.6830279095323 29.09697925609586
101.70520515909281 244.5154960277674
94.2180190723152 116.65149845936898
164.8045507981705 224.17400404968524
19.438582379815855 233.7414478121092
100.65263669981545 99.75606414514435
156.76597342088564 133.30112343233523
81.60474337254594 120.46893399977837
148.96715113375785 82.68229788604265
134.92953102324984 56.266978987662476
244.48420136145475 55.317591172631325
110.95813140934926 149.64050170991572
31.77280432178589 8.27750239735192
51.471480998531824 75.85028406325245
116.953382627876 51.79642083229294
174.7869680601328 212.12032661638838
102.5233011791557 94.71958131929298
18.052805325446368 160.58344514907517
64.07079867935269 243.79744424186234
131.40498808812026 89.36798036820038
157.8719296473153 165.98099801082847
62.004996738807435 245.22192392848046
221.91945520895928 8.090902333649314
85.17166638796583 55.38080236199999
210.585069165065 221.66461946536484
30.27181678067731 67.32749892574971
143.5860431653091 130.65678086891077
235.5779004329281 128.76487776345127
124.03681973682451 143.76112502555836
227.77807465703086 219.7456143750885
167.57518219784188 242.57301116015955
98.18368481885203 155.55343569429135
174.7038245358317 66.62729775658383
57.99826118390541 22.798137438321735
111.03409867651922 221.83374236396898
165.75787056588618 247.54361824180873
20.48038262869628 27.664972902786023
26.949221453962252 207.33410220398363
95.2257489834426 12.199902293046488
231.29106478755298 55.756906340706266
26.914966537690265 229.5982562924736
97.2568114139124 39.23013933409988
78.18499963258665 104.0917721116651
1.2021271587897564 11.364979269146952
169.43284090828422 138.36610962512344
212.36143000085391 16.438550120120272
90.12889628091428 56.45635669633789
84.65859438419999 184.91334893336023
108.03993472958548 84.24755547654564
112.84889371556709 228.92403835980642
240.86176139301458 86.88423205569212
162.1912471658596 65.59055488985327
148.210661905097 97.83089766558784
112.82075167338832 114.66035923779624
71.63369343110155 16.895632443346827
29.582782718406946 217.83705726913277
221.4166831360093 89.56141618163969
104.51504527554822 69.73114749637122
161.36013368406532 241.9387854531578
31.879036900409385 85.68928624017241
74.54475598270152 219.04147198363515
136.8674971032236 171.69294582255074
88.54186993698801 215.49885165773676
195.12516082267467 31.443724186740184
90.79475116825084 28.066209689684403
107.60676174633122 129.72108817291496
207.31620984498528 129.67262641814204
201.59100069768007 211.03060629578474
242.02145203032225 79.89535534133339
26.874409925960297 37.22572479915456
42.90544606919045 192.16100626941605
178.3306078421039 110.99851147246875
114.03764144030664 33.73797925453284
8.784367107899039 70.39640223008145
168.11874007392169 45.6005468017808
93.17614607083904 51.72919713708038
123.30762415627636 10.295543737196711
193.63574996895522 144.4281543567602
140.53462870415794 198.62013733209756
127.26598854531309 244.8412827453581
233.85543722500142 248.99971492771596
163.09941879218516 41.70207345217477
229.98953993347342 73.24215799356327
248.2685037338813 8.100651956019972
162.09247788446578 248.5965119294858
167.80278779408368 204.15516697880145
148.71598914953321 218.5729934505404
248.54643228244507 108.19254111918266
26.440315522320763 239.09244321216968
133.08866617201494 4.900748600558169
198.33974651592555 58.07148554673236
231.9858978961944 18.648681423257457
195.0795917707199 165.83986850802432
194.46016514485575 225.21647737887596
81.51267883080274 59.335541388597285
168.74307657742696 76.55216441370457
137.75241917259956 150.73775105985771
215.95632241429928 28.608536028150887
239.5225549414568 145.44296957605079
218.74965431610215 40.87751035773085
218.0491911325158 32.603153805117635
55.28705070866713 138.90922074682823
221.78680779225783 50.729011288964706
144.07326524354738 7.90199061400132
172.15223378565412 216.47036455681643
153.65336548406228 167.16643476535342
194.59241684638235 134.13024845652484
233.8856055417441 34.77302507373395
239.11625323539886 209.72849123075946
114.53519549201921 237.44494954969127
81.13258194749498 26.19328560716003
186.78486255316255 10.203338263682388
16.378794478715736 113.96727053866506
123.6167901677929 239.3034207754642
159.50235998126863 128.77332716629618
197.00193938581143 116.78576514540914
71.29568279720422 0.4842785004157413
246.04251844865342 95.51079292388795
55.735211078308616 200.04676304486333
49.920333766828946 20.321848041265884
78.38458196222331 146.44040011162042
86.93179338954543 44.1081555738132
224.38174459920938 213.61978037294267
134.47164573837253 189.4928166165917
95.16955889795797 220.45879113596501
134.72525785297464 198.51384337121252
216.1636680915306 120.17421752351231
42.53791529638987 1.1313821241776822
84.19991870485258 0.9961531283589065
106.88540881268842 48.390757935120234
235.60633847465678 228.25227226983696
93.3794296498412 218.5786693491758
208.13869454492567 209.67793011169496
66.80347226350652 108.12710446673957
228.42930757661566 178.34035660579414
15.791931635643019 36.26687610911897
92.82587428544892 174.9044454099627
159.9048755285004 225.09152440034634
85.03522000514566 100.71544712709158
75.18568975754495 52.55734347868415
49.776268921374765 55.81888022434561
190.06166493699465 242.4598629385108
188.00872775961238 20.043699551387935
52.21853730362569 16.144566565107404
110.58391423794511 50.8018568018285
198.38217382378892 193.31213549499833
99.96285990404292 221.92411384911696
45.06841393305125 97.63541239117518
136.34852453880848 90.07142629595124
129.64549827167104 179.37754048810348
153.12315325605437 86.41666744035543
89.84574669292431 101.53341453625688
48.41053414583219 75.76912732346602
139.19444540517824 86.77314236524164
62.778376893303786 94.5685806690805
46.877664095594184 248.25239192786654
104.44936761617143 73.87599875030054
170.0960545748832 42.99815774713023
101.1748931221472 63.95469670946652
121.72491124859997 188.17536774554085
203.61375181686702 135.14836982310177
24.958013950115237 165.1333162180666
248.4986249142018 99.83815565531593
228.7508356841362 154.64605529616094
127.0685108189947 18.315569431557876
115.01802774799764 63.53278913119054
229.38792007803164 144.1396265360241
233.48501302483166 138.16973248188955
134.76124415750434 110.03735695466091
55.55309585832313 219.9508847595157
155.79479028302907 72.40721078264271
177.8694215040677 182.69203310923928
217.17055413250523 150.61187399544033
12.315488500615396 86.38350871717815
16.99532819992186 59.94181070113944
112.93664360699913 170.21763937107335
8.11788318548698 151.1925114037024
123.4642619031941 44.13276693540824
74.51057051709206 142.0657805328213
61.659422506406464 200.29012409891914
107.3477421739221 15.45854073256553
62.81821086096443 86.5521661989635
68.09012253163111 61.21813298415987
227.80433790179 9.464625423009466
143.32253401331897 147.67852018750926
142.41655864766267 64.99742808658873
65.33891202933847 115.62796066452965
101.31692789889932 113.34760148206435
249.9410385291783 32.20358538790821
50.71565989260332 240.44122539924447
84.72955467931972 152.4210273512893
240.8957014411009 89.16730257044934
76.20931791471993 232.3369481465194
234.11712068763566 169.64997510042846
85.37227286240332 178.20452300316032
199.2227188729084 85.71241716894465
237.60375848803153 10.335191340885618
136.42677009662148 84.17854555252232
172.73722181732438 244.52752993506436
104.31923426953799 70.26786947720053
28.459169256630002 30.989233731124248
205.6242303854063 172.6627446998053
246.73609703881743 18.64684806369596
205.0626281784591 154.9268040468835
132.17017390531726 193.74884009743224
120.45347547477218 131.25968032260116
218.74560077155758 62.263929142688745
214.7109211082377 53.97956556545644
82.18407412790837 86.64678274695791
143.80354908970844 217.21072332831307
198.3077379929451 50.928377175291224
25.402901723202863 125.13490098657823
40.6923279790416 117.77417169983093
243.02585137156265 38.696439779707134
54.138659187617925 184.75817009710607
190.83693864757106 20.043212968804013
49.782442789582824 10.388392939232105
13.636105875377114 235.70019715848122
248.94137589900248 143.72493921322234
120.16844226586257 9.25886617390309
203.85002855079333 243.13724844085903
187.706748104864 231.67310052069757
208.960289625089 2.4740997528650555
215.22400934207397 173.43934219817234
59.66563115268905 157.91034469320502
179.04083382536444 58.31004631201001
207.73329168922933 22.81223762357462
240.97365901952585 174.11059565411583
67.93060327683048 101.01016898013684
242.5868240343919 247.90017352016517
77.2071971432568 190.13497175297064
248.0006445407114 42.17438902487128
36.876748401289596 81.83208162148104
222.2852314948638 176.32084260636844
111.00948621623122 36.559533315556756
225.5314542368321 241.23907139978638
64.30663162843602 184.36612094760986
116.94128543072613 220.618645546792
156.74471430369147 52.94371328751837
106.61641112065168 45.08742303878879
102.19111941628623 45.00390693293937
160.09816185180642 43.346816570513894
239.42038013121058 221.87421458407314
127.67183283517001 235.60231778031846
158.0802575406877 161.0194618746869
102.30356067991018 80.37331799679781
209.41504646131608 111.33748252675463
148.94953311892792 203.64074082343691
141.61684979087698 104.64553009340366
161.31430317577548 227.50521922232696
59.05652572849543 145.69487868524004
151.22167646436077 117.44829529647824
140.51954784934597 55.57545945791245
11.633550929468633 244.89804427348466
43.846377270952416 245.10345494382378
237.15339312361414 115.90093203344348
246.8350988872439 127.1352021686669
93.95435175396696 65.37688572598077
22.85365107402873 81.88956866487044
238.4775709913159 143.75502483462947
216.66063769100452 32.136731516756335
56.23151839266657 113.99055681669037
133.11614379460883 209.840576360107
11.482927331750743 244.5647830926723
202.7489821350866 75.77069398033464
117.60972360557315 36.44949727133992
135.0463984812722 1.7180352933325316
66.26290808296831 235.9214853872885
182.67047473771112 117.447120482956
158.45797581983442 240.76876247246986
174.61069847006942 187.01087892964506
128.5536977875713 156.77457529161998
128.1899449998028 74.88389330612738
33.40769438542326 126.39079315710833
243.83315538504914 96.28586750531667
244.47314990049557 70.75649331938813
85.3610303627516 166.38292046514877
36.29416401457858 58.615129166980054
74.59479162858915 202.9873602360534
235.58569833254757 126.91212058529064
40.393253873232894 143.24583576698538
54.97471500317319 179.01910072943988
221.47208896769752 3.579584727401608
44.641866919711006 238.4119068729811
238.21219283002026 88.10145538095443
242.24120031112224 78.39888978398129
24.426249773206425 203.78078156927643
225.9863173746512 157.860874910347
145.90163466379298 111.24999394478522
209.70291032724634 145.2455804509287
175.5820904938462 148.3154276640497
125.65210318249534 22.442659679880876
229.54239768374052 104.53724864775096
193.02090149584797 139.43253897909585
193.96288702867724 230.41483475686454
50.73003395203701 219.33917880141436
239.41942497263514 158.1294598971687
169.4377698191044 20.22277630654029
122.08910133719098 198.54341361674324
152.28615036130623 57.05758787766485
102.10391412867543 152.2089499315652
116.26778111038944 229.54863239390474
77.57566976518815 163.2178986991616
20.787750326950654 137.0605767873406
214.4786560732809 78.6875970514045
14.512050347788769 6.50541803738594
216.79857633105792 234.17022845452456
5.49779580137505 73.77561345909153
200.8536680035574 137.96441619300577
195.04558110461016 41.1334739760619
167.02784715169628 73.46759654942356
42.94110111852692 43.5198907994406
121.441030400115 137.85280917027637
197.6702276227565 178.81140142067423
139.14493583272818 189.87722991777713
182.36919900078155 91.18865161390205
115.69890508873243 98.61763192114859
16.691070802122095 203.71689782870385
3.96257445709991 219.41471419455132
17.96721623993147 113.21931595836344
28.390256905262675 117.41456744658343
105.43326716732516 83.01091031188778
142.95403817073327 42.55341194181356
109.50363193531624 10.757554226601684
79.08754412880734 34.275942325717814
82.79788300501568 231.9872434588517
188.56581439880782 76.59030032385569
117.69274315211645 21.437941534028226
152.81458588108023 130.75073254350684
240.00100377575816 78.7967163980195
223.94403995754786 53.77525863346588
214.1054308483649 127.02105171645702
47.80917219435418 100.29114454197241
230.02645424353798 162.00489187110637
159.18316480623668 167.39932763483512
76.02202152953119 186.22921247747163
218.37652994140896 114.8998392304815
82.46054487734197 54.4097596641209
244.52544310842907 184.61849048612518
110.89576113426752 146.40196830289784
56.03659248914164 71.70719238063644
60.830253163351585 177.12032936808868
113.65921653926111 111.63559305959083
108.939854554735 217.0100175303117
233.46266301476072 9.78374137630561
188.28309759271693 114.33822854798079
123.26278884195483 170.7639974204834
158.39556572607844 185.7053292287288
86.39768253699334 232.79984172125995
92.8279369532905 131.44658424882047
152.91259157834492 157.65306491178177
188.99436523619093 248.0667898480754
242.86096983845692 221.70130243065267
100.37145386841217 143.14385961739345
11.46775812347292 20.592500107313338
220.29387163552025 132.74406204587092
201.21285873409653 188.51037930077325
57.90617457605327 92.05615287077399
58.6991096514313 112.0037157869492
65.54554662701209 227.16432600075115
51.423339103118025 21.290038864396454
215.46140084044453 41.374470505593344
91.73447015830294 107.31114946669335
232.23246977495725 77.74747478412372
53.072226256260706 53.00354865782309
246.47873162964248 170.62254081148194
245.9478133295859 177.5081202475698
13.507535900898066 236.50596065005752
52.025532264265124 210.5050211218098
169.91855878639095 27.30343606959165
183.1286333383039 75.18972013675751
247.68723795994097 227.2764897988584
227.59462016481012 66.35864516398313
0.055836142419052326 35.429340573796374
1.7284503018876185 26.520748899366176
129.3555654911303 153.77660778730566
189.79898030498933 75.19379965165388
43.87104582653431 56.55924314507563
163.65355687407677 177.214458077433
20.847843785881974 148.79392029101626
73.10617614860054 29.799831997784104
62.49758253187807 143.8898791148031
129.84866308312593 105.67303474732242
85.91670727327354 9.629316018600315
249.72034686995931 95.30117476763195
135.56627282891097 54.75460252750167
165.66458560092363 213.07558199925344
110.39488578879566 68.71898291270462
64.97090441336294 205.19994368334363
219.02751988326355 217.67119775462987
63.513947907858274 73.24382567185155
45.74720073960725 173.09649576042506
195.21528440902344 85.43360308513302
14.548443767963992 72.06371603113048
57.09252902335321 208.32539948074185
167.13633879486252 171.26064781536687
243.40466570814917 165.87643948624466
247.38626351618575 39.42097568770084
152.91147910910104 63.721967376839274
213.51068580678393 88.58505337794992
139.8818363494581 72.19063614482101
21.010175254714824 236.52721039925166
1.1213718068778522 133.73336468752112
91.88007673383497 249.51010405644524
180.68633090245075 96.23586620280867
17.519247419998663 113.2036743879287
148.07753870094373 189.85534179367298
104.90357257709978 88.95053412127632
228.44260420726522 213.24902123015124
145.06758172303884 67.6115238956502
116.97433329128431 168.43373845755238
73.8266270200779 168.84587173543758
127.24072024816368 215.14480872856177
48.58169648126287 133.27637384865983
240.73468174890058 215.29149200712513
209.39946588347323 161.67645263524483
27.851354173312416 132.6352217423136
38.804293769572645 176.0009011502137
102.8310141945073 178.6160609330493
194.2234818326819 101.76438172106548
6.113440228762284 41.1509841436512
0.6253722544048435 170.02707209167122
92.64460268559552 81.8254708218093
38.259544979267815 174.46672507055192
106.9843690488299 94.8940275478565
89.91687185750372 61.55281144480662
88.59232962288016 99.2312518282685
28.42364253575974 200.57622295393207
120.42711442402785 128.7746071377135
180.5364017413822 199.5166961332692
8.013231468643077 123.31562159691865
50.78101028046272 123.90918083331803
42.314575839551836 44.118014933810066
109.6174439754292 74.91922784104551
6.306100054167207 20.909275333519687
179.41179080550174 76.17643116824236
100.25174522560629 194.330500323433
185.92278828776674 116.66757267223424
151.30926565006382 0.23278046231337002
147.53787511550485 170.36742450722454
81.64303393258155 107.04683280065747
86.93397742041584 190.49431714766456
215.32889693329705 54.8953716639031
113.4202653536511 219.96309957249574
94.34063167116724 206.94687371246945
214.7474852102981 235.05657743627233
50.95022638769339 211.17593564547784
150.91939301206986 230.99353605650145
52.62265788352444 134.97982912628328
115.37133331782373 62.48739692238614
137.447950667325 108.1737518306588
159.27299897122566 101.37905103546238
119.68785576093599 116.75388940791684
24.133517082005397 128.5586102090804
102.30557934118073 79.0741400385948
197.01142302369067 76.53969589169127
116.25515025568362 153.8357591122974
147.43981015701453 108.7506912207791
188.48233725709872 207.0716379133944
104.5486502693615 206.79335450960536
86.50837873404213 48.489155331204294
89.06339416163159 63.78662326399206
106.91485062218575 92.63889261844888
104.33035790651773 142.60170338850446
76.23984627257401 109.66478908193785
2.2842802410491245 68.1927357071328
112.33855486277119 131.57615789886938
207.14326142101055 120.20488514348574
192.22184242909222 64.43702573980792
213.8312291691094 163.70282496919
172.00706072335274 59.29029838287897
72.08814698130827 22.591518079505548
41.88924572234054 136.33059494548203
92.71701362607479 184.34206087439114
235.37410073838242 154.37926828369524
170.01733041690485 130.78634602578475
35.770349474097266 126.84135313149581
84.14899870995194 199.68040296694778
219.45747530067166 216.04765804878681
41.92596015961394 186.02712871291652
42.26514354877814 27.615171748077984
95.60790072984263 116.05742463703298
140.92352044267503 109.09612091747378
80.86810626869945 176.92607803940822
238.70985351131282 95.29572170106965
119.56052716457057 186.3884030384151
145.43583236832927 142.0554557604573

34.651013075536504 225.02957067698523
121.38327082794572 63.84897758494776
66.5841190674665 166.0906753310049
134.8954734370725 187.4844184655131
15.306517728492148 110.73117807646359
210.7441702041029 209.66424758024723
22.88561701996758 65.87279777366712
74.15400896379646 51.19944788813141
37.825654269951244 35.742403887287274
154.00229446506236 71.46060890625375
218.50298894116284 75.45723331871004
133.37059169926025 7.293054415698968
166.92331203027467 217.19664510682315
145.31471681788273 70.75404862263349
240.56296137997728 52.92497955858652
176.83721517069802 193.92995515754538
135.42957407151664 0.5202160346982898
137.9806559468236 97.56008725740004
80.79967965495949 53.17067086943222
174.4594342429071 55.10035703926197
19.995716629458094 146.1792928060186
117.38250651172191 55.26589350703753
139.89782070172745 41.224379935381776
107.93391115635195 108.23814148509042
64.64584570930623 24.60024212609005
117.84070299799129 30.868892367581502
103.85862103369823 245.22105360624116
89.27988096461375 121.46744632886362
163.74800114946294 228.47491341723176
16.025136072375407 236.33023396144884
102.44731363901694 101.65209264635983
159.8359036633604 129.20414601057377
80.26624043729969 118.27842595007237
151.793832427899 86.79484014381552
131.35164060914548 60.679801421565486
249.41880755996408 53.90112293769622
117.51679883015542 147.63275717000747
29.92760396475566 15.568247928335332
55.89418073565047 72.3427830596809
121.06335042452402 44.941652366390166
170.92115874644938 206.72652428311582
107.77326148696184 88.73043399423815
15.36004583142711 155.1057296787322
61.05215087061128 243.9323155502612
128.51204593066785 92.67095200407782
156.33928263049597 161.970247827779
60.37630677750311 237.3308721110675
222.55600026283247 0.7107762310542276
91.19487508200874 58.64476142804967
213.52714055430548 220.22572404461283
32.00940457931448 62.77465528380005
148.71259832890203 131.22742354503944
236.1710611018266 120.7610409266166
125.15982261277833 137.72508196246625
220.77589711367162 215.19962807352144
164.15683025021858 235.879852295099
91.85480099576529 154.3100675710999
166.74057116347467 65.75567344179292
52.46791077810586 17.570442913549588
108.92709131640093 221.71150592674013
161.9556803844712 248.8112254221092
21.325292203252577 20.98085893995502
21.51461396872917 208.46676925883273
101.67099681609837 11.845370987087211
238.0905380680216 53.536515919903714
26.795251963545542 227.78369759282106
101.88546118072058 36.50021837302872
84.51901293453673 107.44596344023653
6.87807370767643 14.39146259589616
171.80076149136045 132.9218757229122
211.27527631225453 18.212347437526837
94.41437339363587 55.29037630727993
88.4129657985106 187.14024746517188
113.9364691826272 85.97946323325536
114.41815441798639 226.2280246813967
244.38144771650977 89.47907313648726
162.0460862649638 62.52576126533565
144.2086920916968 103.9410144504237
120.6298872479721 113.04865904014692
64.62132208874566 18.972450328998384
28.811453157529755 213.82721414155742
218.60285306474262 90.30935971416525
97.96835322801125 73.08077035713828
159.65748666408228 237.5724582784908
31.108090000776578 82.89676887888426
77.11468232433583 222.8242780149362
140.54222412229436 166.2246308201847
85.22011476818977 213.37791995867295
191.62721879107815 36.98181576422557
89.79735020509209 33.89612536511461
102.1936848933975 126.26568516680776
206.9700191617247 136.40781420790657
201.10684551935807 207.25472974427052
239.86290273918337 74.08990433010959
32.83039810540483 32.774816852197965
45.93215395797137 191.53946582956812
174.4258282374659 111.9070017054172
108.27467359010582 34.138721068545955
10.385905045061762 66.70242092060651
171.02644133703058 42.22670654999627
85.5537733617171 53.00773839384421
128.66232384217503 16.64224861950883
199.31658990229627 143.9095892223603
141.51678464535365 198.12431076574515
129.7440315974771 248.190838388014
233.6723771431296 241.18575106868067
158.8947569619484 35.371008238767956
230.66554454135527 70.68870964472654
246.48838944257886 14.34713996831835
161.375696202374 240.32360199888663
169.10816257662682 207.6894396264173
151.72528908110985 215.6320539008092
242.89689707711156 102.88925770522336
28.215949373409764 242.6831966806351
134.75476204101233 4.612914083670539
202.96856397534083 61.9464661781452
226.7767162437377 19.794136502402942
197.0874744422135 170.92608595099017
190.45581337281996 223.44926626091012
76.54524300349061 64.85007303592488
169.504151356485 68.37069177999344
132.5754900597531 146.19134784401516
217.34199560440877 23.733787323206553
239.5796734713626 151.65773763964776
218.64583887528664 38.236236633918594
217.25126319708681 35.514354173990654
61.82218795933447 142.61051686703718
228.75741514861932 48.59777955008035
139.6319169418628 8.72868045319336
171.99984970112334 223.7578357389872
153.8404117306091 159.30560715975932
202.22564671885297 135.81340447015904
233.01869606431484 40.22536988679773
239.5345868749422 215.65706188198666
111.84311860440715 237.59527793218152
81.35045499877866 29.05773304647019
189.76800363427395 2.397339350592387
10.977574051401707 109.42319505109158
120.11585142623812 237.6519171532181
156.7794794689437 122.36619961229414
202.10273843929653 115.29170064566324
71.02393551341804 6.325276795909829
240.7917644467904 97.53817620132708
57.52962582254384 207.51137483888434
44.39433604778564 16.146472488932638
78.37303303663576 140.6099509590426
84.60469739640996 38.989877081028304
222.84659411678976 205.59138992372098
134.73193379306298 194.29971741712725
97.53989986481854 224.2703060238624
138.79808836206078 201.27125714269093
216.94291097830435 126.70025928188348
38.85050190019376 4.056945209630874
79.4223441525155 3.784578536733557
112.22390483273598 54.14483329511482
240.91031132522215 225.15145237347667
89.018432346363 216.60838207908353
208.83507419395318 214.82276258390272
59.83046661567087 105.33572682586032
232.43312001091536 171.51969555347588
23.363813940910667 36.515194402367776
98.75938514642854 178.07303612534375
162.8923859134822 230.43860057365742
78.8092965254566 101.95886651035246
67.50492093113084 52.60166577398934
53.11971136923671 52.304178864819164
187.0786313760231 248.60646822717854
181.1475669369348 24.915110021813263
51.4967375713091 16.122140826678816
112.13008512236242 48.92416092430377
204.34341060798846 194.39363761656597
93.9215629054572 216.78424418417092
46.436930146711354 94.4101257631464
131.66923166588538 83.40095835641712
128.17688052050437 172.61368720436388
152.5538445303119 90.54873870794164
91.04931795118637 97.18845311499588
43.55100841563461 75.60599132783305
141.73866576921623 94.62770740280662
60.651452096775024 102.13037899644908
47.29588705559779 247.61612933052768
107.60895210028723 66.64342767199128
170.47702204197856 36.753014262623616
101.2207282763896 72.31234906814346
125.01228551686108 190.22050266612678
201.61146127747165 129.64358031473407
29.620127817946706 167.6204336873136
247.64694330297434 99.49564519267543
235.8242978280036 151.5139258040094
125.67869004790383 21.367293395736063
113.21371281823961 66.20093584001394
225.13000955220565 141.7097665217667
230.07764651581735 143.6184911396061
133.45425816966716 102.54566527676018
51.312540725778206 225.54809685444437
148.25442901226103 69.00629164073688
174.60403375611742 178.38968977566458
217.20791220129658 144.7614702447492
14.895067050720911 82.50694271698094
14.047699118516665 64.21676854438898
115.93518617244278 177.81539264455913
2.9867985108475437 155.41912529293361
125.71009291360255 38.8726559752208
68.29045590479168 143.55893880110395
58.53175746240477 198.1642138805564
115.70417221540797 15.073175674846867
60.80067444402174 82.50863611707412
66.92255719052581 57.83302551754055
223.7437319071393 16.80184521457784
141.79177767286697 144.32050075608907
134.74548517802367 64.71924996187906
66.96954621611256 120.37360300743715
107.99048667638888 114.35083386057838
244.77425381145795 33.83999005499474
54.775544370231074 244.69381346721883
82.98770183978776 160.15486063898064
242.64272089641392 83.929881542087
82.28436375781561 237.5141001840656
233.82269431988306 173.6208689198498
77.57658319958915 175.91732551394753
203.98917900145847 79.93064168741019
236.28858188392798 7.263107701564825
142.117637796915 89.8294847522732
172.38773414468588 248.7694806776961
103.658186133845 75.76521484345078
26.953763968122434 35.02432612749798
200.60421914025457 172.53066090840207
244.06855786580388 19.327875745681954
204.12815837934238 150.4737049573477
131.89882761885505 200.29225830832806
128.17719419515905 128.38567441370586
212.44529636312365 65.87450018631652
214.65793017108754 50.344276661139304
80.37239258360634 91.28231965136382
140.3261847546069 219.02331754215467
192.8898297172357 55.49280960363826
29.619851499723154 121.97188782725893
33.7121415389558 113.23212574334838
246.7120838740591 43.480478290087746
53.639432623975694 185.5895605886418
193.2055442238582 23.300705451995334
47.21145132380822 8.667732733718402
18.135655808982936 232.28393282181074
242.6605415450691 138.9873094834852
115.00484885855128 13.39494829326901
208.40749553445812 241.94909609706383
190.7736624804305 226.0943639019744
206.44696670556203 4.534843778704417
208.3235621236753 175.62593465244265
55.11652346899609 163.9021968830938
176.81348311072873 60.230909845475914
207.7273775950654 18.586029218263466
236.48015467059267 180.0883653146298
64.6307815816716 104.33162777445332
247.60888567045038 247.50954256670127
79.15827955682047 192.0548065757455
241.4702623976378 38.69225629402584
32.77274175100076 85.00554910246666
226.1330292620156 173.40492513242944
112.01454654394638 34.20957681566875
231.0658590611243 234.80759687549443
65.33195171190667 182.9563138718065
125.19265630416265 218.81375037308408
159.8505063984212 55.48644500640768
100.97644341932754 47.14112815189822
105.4575953672481 41.611646967258054
164.9575857720815 41.40244751948261
244.97295072085277 215.76146961535818
126.78171846156958 242.20935814149058
157.29043605619233 154.87012612862438
100.2653645353411 77.09318805732431
204.5568286544214 110.47834412405683
149.4878795753598 207.48544207125957
138.2307898926532 97.91696576816555
162.88605418274557 224.35880047834715
59.02271143974869 142.3257206653519
154.69050698058996 115.36771672061461
143.61898647687153 51.31681450501521
5.878255667319726 245.37001682786132
40.588410464948296 242.24056438840012
235.1784065249523 110.62028588771614
242.8063909177914 126.94503206754362
89.6493679684098 70.80521369566797
28.074675044350432 81.47889581175843
233.46071396363914 147.234097351909
214.07052750009686 33.60560759235087
56.90401003519555 105.98089637243713
133.52168881243725 202.41928212395908
13.295544860250391 247.446849320424
207.5384751792805 70.02490802974137
118.8574905297555 30.641346001083452
137.11113745410555 6.8041317056105335
65.8961762547662 227.56694079612467
184.7689884517772 114.73409521142582
156.68763127130288 237.9652599693387
177.10522071156635 184.34884841880813
135.1095561026292 155.4277985263603
127.92688550659365 71.8864333716755
32.08162233370501 121.70015432136306
242.50815598396775 94.53311347577848
240.97483212671048 74.69915803063596
82.85329830051289 160.870905492365
39.90908836713705 62.45566014966797
76.67211627111706 203.79467175909994
232.9837941676198 131.23682981613862
32.79898243018667 145.75288357032258
52.579700900084404 180.90516900715355
220.480374952962 3.9695801781291227
38.42345000456562 239.16177386706534
231.28420995846233 83.97803706338556
235.42301509391262 75.05842076685676
19.178682707327336 205.61500264742037
232.48792052076698 162.17593380686452
146.15084498469898 104.92188292834135
201.73130897511854 142.87568151701836
176.3874757283585 149.17901189495097
127.42947333514817 24.771196826400192
224.20452751089698 102.81170918521079
189.20548188787797 135.57815428269845
192.12415724321724 222.6607314993512
54.99578766239863 215.7052572798417
240.64463238684212 155.75118306664777
169.02680224403585 17.574383018787387
122.62217722038893 202.85478411886473
150.71224944654656 49.67917840192496
100.85888103193274 145.76810699867957
114.4615295361615 221.52604323898285
78.88184388736471 158.74048512948912
25.942835486411436 131.19270047248375
221.22309393758198 82.00438688682051
7.239602572419762 10.402720040661034
213.2976067759235 232.65567203313734
10.35115270371878 67.48227541077634
207.005575455032 135.81772658752132
194.99036005200497 37.96875600355934
163.1443904839375 78.52389967101826
42.41535760402634 49.75923750636943
122.48675743241836 130.76093264657902
197.23332835961665 178.02832144887827
136.88524572660089 188.37832668589294
180.04638402317113 90.89429015473539
108.06587953298069 101.72129490049817
21.66222522354491 204.16630777357759
12.132416817035029 221.55497968300645
11.168363698890849 109.89125201161626
27.424428312419508 114.80424688402482
107.26023557804837 75.17668601426844
138.41914391927273 49.466921648405105
103.75316052155739 16.707423840313346
79.26276237566974 26.65733012108265
78.92889823387114 232.49640469486093
184.32978991517203 80.2433633313826
119.86509286922268 15.571363836024005
150.40480556263918 130.3133978580846
236.96193567654345 80.48216352669287
226.57677852828488 52.22557854754692
221.2056986816467 122.89452101835857
43.63718456697632 103.78703981558454
229.69683323013973 155.90564821717396
151.51464041568593 164.09769977618865
78.88964669800266 192.12788292550314
216.0145606977768 118.79141105804084
83.19923918866148 55.37518183184936
249.47043051853106 188.40560769930744
111.47310877297434 138.19097715411974
59.68915190060714 76.30518910915679
57.53169306322303 169.93578268531428
110.62813173246485 119.33916999803179
110.76452884196988 222.43944137391344
230.3260625677776 15.359188313516404
191.84810777916724 120.1015971122476
115.02325100680069 170.7682730545329
154.13588096533965 178.61208822411987
90.16109951077873 235.9575663410745
96.97295140664409 128.73637811296223
155.2024741638259 159.05651319126628
185.79400216365363 244.63507075027022
238.7121587524913 226.64433017788505
99.90489618039226 148.34454128091502
7.617322033784735 26.705865021754594
222.72229718854163 139.69330094339634
204.618795503526 188.94539179065885
56.46674634162513 87.29737868915629
55.90811648812896 108.8937829270959
71.33566619592015 231.90306855394135
55.03470205029684 25.652087998660534
222.38379337952597 37.302748470928236
91.71502603515432 115.01498494689127
231.26645032673406 77.11843421196824
48.7340998481238 54.184790226320416
238.1074055090313 170.10592565522998
243.93625990380718 172.99053170396675
19.10824967942079 237.25064259428584
54.733321504826236 208.84124598205563
170.89484994023195 21.42101286094558
187.0609135151934 76.59036229990268
248.94272411796732 226.56259558003234
221.91918728397258 72.07674635081828
7.265908531217891 31.546415065474175
3.2199793110600785 22.63672071615336
131.85591418934308 156.36309324102132
190.29063805530515 68.00779621595046
38.95788570417982 50.93271958835294
163.84138914188347 173.30162087035995
22.97635226698855 143.44740539433042
70.8236028893767 25.850592849191223
62.89426771973228 149.01095415760972
134.75456331848096 105.27706575320728
93.80632434596534 9.819126404358059
246.39998076826518 98.09782176443241
131.51829428945464 57.00232734927849
172.1928101388275 212.94623627427768
110.91561126315133 69.36843171671092
61.70008946416791 205.3389787397147
221.4246277144385 213.8582436729395
62.5950610804297 79.65160028435244
48.8241238171935 172.22688880534452
200.39747331758923 84.0548172725853
14.698987538188767 67.17598438666502
52.72019564482791 213.3348889709282
166.44705053505425 166.74549157805893
238.33417700332558 159.1562481610673
242.76754849458612 45.234249750815884
151.1229169584727 68.70640389556215
208.55074831672124 87.955573484819
145.3791939412861 73.8443667030288
17.486187236234603 239.63252855633309
3.0779190695987833 130.52536048378806
93.44482350691341 244.4060649249236
183.27317332841767 96.14425308630256
22.7750679216881 108.49930225802414
146.46745179436786 184.12123296761754
105.09027392138911 91.99035390554607
236.09708019738872 211.3227807073768
147.1810659653757 68.09499186957943
112.19380629872666 164.20843008832213
71.43698195848353 163.5015084630869
123.89313465081125 217.26619186812724
44.45241143828282 138.23724660777623
242.75087616801775 216.8033581749031
213.42458871565282 157.3991966987121
32.44037056841445 136.3798486168271
31.596511909433328 173.82441246618285
102.84334939072073 184.47386422947747
187.07024322859036 103.1702791453698
13.63583828909054 40.313728616945596
7.343165256034484 171.0409763162821
90.83979436575478 76.34856307706158
31.835302264184296 176.07594159877968
102.43108156792263 88.6039071822958
89.65946672232198 64.08933338636116
84.88618443110252 91.88557882168641
25.41258232257676 205.84701603892154
125.38559582877387 125.62657218549145
175.35283934972233 205.11440792900518
9.16844574646053 120.18220411251357
51.83877375966775 128.432884442196
48.17382873778689 43.04227012784689
103.31139508538575 79.54805032811346
4.947052705691374 17.91298673749786
181.51377659451515 73.7928835742393
105.62470396251095 198.56679181891863
178.52810847731016 114.98340358639561
150.11119532038828 6.033533072197894
142.29921614300844 167.35139290444883
79.0358839122784 109.8114758130273
84.67423668337452 183.76107328453813
216.31721528159454 51.65200160103212
118.8977110250575 222.6813230356234
101.72293810472607 203.17484737114256
221.230011839476 230.8030689679359
51.378332300407116 203.38412879144514
149.48429762012128 238.51060895313177
45.25011440753413 134.91684393588
111.65585596744614 64.81698245346101
142.5561749154882 107.1835462065068
159.54229862678105 97.103826219991
118.88987902584793 114.68827889434633
16.205365274971268 126.91260898391984
101.21207046302804 72.64876172994386
193.28764015913384 70.88332476903334
115.48256716923788 157.09931007837818
145.51660681722967 109.60513705312816
183.71259017689576 206.11759875231465
97.95957708417266 207.56074024245746
87.65918237817286 47.20424324446162
96.49505729130061 63.51502768353945
112.10364758428287 92.87132622575179
101.48460846483593 136.41091178367265
84.20715722677643 107.18307015915535
9.058631655348314 72.45789524136734
111.46984729837547 132.4696960699979
208.2390610391503 125.8993907336483
186.9570540400427 65.97791321892574
216.07927857672078 169.95747751255936
166.8719552396234 54.619408524693355
66.26942751933058 23.817177895056023
45.6109346408406 133.48254175029052
92.69126335014549 192.1444046507629
231.14211534313054 147.9686370781813
164.44718472513102 133.08191357447225
36.68340871510334 131.46838168210044
82.51445109808509 203.84723314109937
221.0939866221021 209.4623264491251
36.50760760746158 187.17478704572545
47.47231783945663 28.289189444845654
89.362870981858 118.24374054649408
137.39271023761395 116.80717323128465
78.36551421571242 177.44781222230512
243.90889927605423 95.03692715635312
113.3332921853711 186.4833577056364
139.4701903492092 140.07235911785278

803.2338871374947
865.8912372647169
580.4821961963455
213.04681079938868
770.9665991950128
1185.5901034822043
65.7112510930991
123.11225853089242
843.717142210475
386.4582488828389
1198.9396273437114
493.61830067721684
237.23855892968308
372.2552988152668
393.4907692580927
824.6719035184152
264.8638380618515
1171.797363912861
979.2075685890962
421.6410954320842
597.5685878780812
858.8402305055519
589.9067598786612
1066.8396047773788
1018.480939183876
888.8900922030853
85.3872646136067
1168.4343801284613
418.4181511896798
393.85739834208067
206.98812153390077
375.4204036052145
780.2658811003206
765.9667682967136
846.6753767980126
338.19495845151835
416.61806136429453
311.4322468020772
312.75365905532414
1188.6869789658683
929.6577204217676
788.8468689305604
1055.7054703223628
778.2659579548052
951.7557747004802
300.4640509446624
1128.2150382416926
490.36271413611394
1195.0156047403902
10.965990440267685
534.3553261564615
942.3576639981466
912.8014321819608
576.702413884009
60.602365105748646
519.1223011040953
425.1355539286767
308.60536435363724
608.3621353988432
784.8743934578624
790.0394769559994
1052.4530469591296
198.15728676925104
1025.867410420188
274.9806139273033
915.9388441320991
58.23152830234851
163.09058697353908
281.3752806963594
643.3030501038843
5.011685111512463
474.1967553386203
1145.8034742118266
877.1038149068717
1070.633519877345
198.50872643123725
768.7456287473975
702.3282685383894
735.1657244103174
612.2260356051903
251.21111506397938
313.58263075356206
1194.8442205064835
329.7875558134285
739.3980335178394
118.73672790617012
973.125088355216
453.973567172528
299.6583897971489
2.837019320283728
574.6224259881569
935.0128235021534
356.18946086601517
872.3994177249504
186.97096495785613
12.629534763906129
866.6503313186101
1100.6473858178367
177.23984741460117
863.6013266858178
61.131803633229126
314.50871377430354
826.3722583404049
232.91890825773842
1069.2016820783115
1138.3927215771653
481.7983813289404
1123.1410138294334
649.1870338835064
388.72159783729245
142.8162423189147
868.5625439924887
1180.5975498588696
1101.4879492845362
726.6404236692019
248.92454435159988
822.7571596518228
216.6518688376438
360.80283288306845
34.10570859582986
1169.2681272516222
688.5785129805156
338.9438650410218
924.7820456020864
942.1143395782844
1134.1186362606966
1110.1114991752763
88.11011610620635
1002.1278216747885
269.423688991473
475.5905173231227
382.79810694293144
1161.9047318166165
697.1161388659647
76.86823224063066
389.66094333094134
491.19801032703765
646.352852119222
170.96474998487182
590.6583201395673
482.4584125701231
446.9357506275887
0.5051056886474272
117.5859049684524
808.4566750337102
1096.5093384355628
724.971593206047
889.9856256805546
974.640453146553
372.9058180064901
585.2578889252516
200.39509223432785
972.9912421712684
1078.1431545920002
222.6478030996254
739.5892772484151
863.8038295680949
401.1299042876854
561.3209475111973
884.357265112332
673.424168823637
774.8964898931223
909.6014810185434
541.4238221836891
411.6281057248242
947.6458810205806
45.176772328351056
1152.50220348212
563.0220292464394
126.76949300281773
818.0532148947518
424.2700583286324
79.921623760219
16.005178297046506
594.1330455362935
191.14435658824402
482.43304020496487
416.79713674676685
738.865736323859
239.98680233457407
1100.4263725314547
654.9881501053935
628.1292376993171
148.22794692667608
615.2624059485629
765.6876774604699
1026.43738237528
277.51627595752836
1131.2663446347397
59.7267588928832
1029.1404171968534
60.00565440523544
146.15800379557905
1118.1796827567136
621.4595132197908
759.025884413031
617.7806936776217
480.965189492207
653.6401283222515
106.85819937746356
556.9447542007093
585.1356771828422
600.6439224828777
605.9330233960616
1036.7216467167032
76.19318450094241
401.2607789162205
749.1386088814742
562.1744533935216
160.26980216641812
214.10942662740206
169.1024113212611
954.5217557878599
39.95691333890225
1194.1725418985593
1198.7734369953835
1127.731422373432
1044.3691231807966
389.3186410179469
909.5219147192543
638.9811116691124
13.58489422363021
631.2401755565949
263.43567187896537
776.7137161529037
352.0251654102651
220.50144352897837
372.61068056353145
718.8731608125671
1056.9448059009237
1018.2937556286596
598.1111195070174
22.632047822615725
1115.281116968247
181.69772819782477
509.7563024094398
773.1745659274792
116.50749857479077
804.6660799505734
332.0958283090394
339.3538868007825
1026.332689746566
758.4549122439404
145.63637655774014
671.2555211686682
938.0115122960943
834.495324935866
517.1103576020483
964.0371827674932
65.45351249147608
630.2756853330056
845.6317757219475
122.04652545917475
865.6270290107875
873.7022090613754
433.16690866489824
267.82062900519287
619.7395528034019
709.0671477760525
373.061993659943
654.187448371335
129.46158243988842
367.50762240715085
1150.2251497766015
978.2783804058347
412.58562771395054
159.61134767625788
890.1698205097246
1025.077198394226
172.34049987179952
1042.747066730982
209.50193443003297
819.8109056310659
722.1363889546793
86.26768149942723
292.39079763634925
413.21666047582545
9.621828806815651
1162.68912105551
1069.762780978382
902.5280695359772
1146.743059576563
567.4475247526847
214.92505666577748
696.2653838933612
549.5024357469276
911.5057725624741
403.67393815679185
1031.549723560121
275.3516506627537
1047.2811854877523
786.1548351880725
80.78290313974108
221.66689124440214
375.0346944095983
223.52655062121627
434.6405811889185
1154.0590361596257
1149.4416863165789
1174.2356180995587
133.80559557615672
609.4391686095921
1198.2128406596723
1194.1382394880993
1188.8372837145869
535.1159449926125
115.59640319009402
296.259501734698
1057.5499745338245
165.6957372806855
1089.0986870881818
888.4334312336152
277.8280414414836
365.9449542250041
452.45676748973995
59.995477446354585
203.75639085655808
952.9917639830984
361.19089151154765
1200.3306201289495
38.82818427620943
749.9498760195447
1107.2037331006663
697.5031706881317
1018.2569567381364
798.1782416211449
117.36467408757697
1108.6749715012138
720.844929961439
681.0796196394266
872.03020132771
711.0325629784818
984.7537200705816
328.0718723262156
437.75006133850184
403.06097928728883
974.8615215220423
901.72267415453
1170.7070485746121
917.7304790790628
877.652624932976
285.9256155290462
1029.282257949804
585.0395834350917
572.0724772165538
937.3408687781143
817.6848902624655
825.6474492036392
405.50478792694105
462.02715729951234
116.42773969102834
211.51372138974298
964.6780993954264
333.8773683779166
737.5863867894514
150.75558136730933
1050.0797624281693
508.7970446476133
1011.9080363005146
1005.0444772430834
387.12418791370453
61.69248555470699
789.7481643451446
1011.4077564170484
978.3292182438909
492.1249888922465
925.9327956558433
808.4807481131432
269.2637877051389
511.38733993702544
428.00153201982823
1047.361711847382
824.9619450876208
902.5495671278867
543.5046365801875
470.9509427100524
402.0007789446223
571.7503409111915
397.967655805554
763.359980167049
871.210405398896
696.3729509946276
425.97550995617144
1136.6960669579294
954.5734664515138
934.5856810784451
21.434102505427237
485.4238101269886
662.5659367132315
198.46190006929973
1124.0032358240219
66.22307802849043
51.332237013309154
724.1244692418654
330.3501418030775
998.1008184319558
743.6262533814693
1194.2624018505292
706.7342961038519
95.59173770165097
332.07398107283177
47.706357086244644
1042.6273520893637
98.16439864797823
1080.2371551252804
702.5551714761065
1091.0409882714084
245.07171984332098
1022.7772134614896
229.73581621560427
173.85882258063168
600.9039405076297
870.2061112113734
963.731415543157
504.12270755044756
462.37314044204027
306.213847345654
979.4984054913245
685.863842683236
39.771945174374395
799.0720845802213
158.8899633004407
1011.3965297720106
701.422978666973
1106.8393053092086
502.53506377710977
66.13826040588496
759.566240981595
708.7405532156658
526.4621296040132
439.7941417008875
545.6461604922848
949.9169725306724
1001.1679288358329
466.7214123906046
90.07941785219192
1151.774391357128
369.5049966206679
1046.0770054028756
125.92324776323335
800.1170111933379
1078.2604106597676
92.15714979096587
1142.3404122221555
920.2139114397074
17.429569443955977
754.0387544773249
765.8686460261583
922.8954520849508
978.5566568933801
1044.076315431777
111.66536669933018
584.0529831232858
245.83352285769283
784.3882856783325
209.2359274943206
94.21969067668239
1097.4168694286443
547.7815095756176
325.4486686338741
1094.0132453191818
377.2225835154615
1154.650182823637
625.2124842714973
681.3098982870142
1040.5412432784585
918.9254104292718
908.5221034376265
247.60769475108475
612.4904957057204
414.6905591336516
332.6011859946576
947.7940992049582
804.0889326110258
1157.8532786013093
1130.1719427197422
410.3521120776503
862.7749027150901
235.95016022663407
1035.982582842553
233.45524770745723
299.7580114595867
275.0133263136864
378.37591052331294
13.560515555067113
65.45813103618137
257.7953685136674
817.6255270386554
32.111826075496815
94.27856285315124
1188.4359987361102
1150.255363630599
266.7281451767136
1071.3415325232465
723.209408370581
90.94684807081549
268.8291138162304
522.8568912189302
486.70469198485375
553.7541769576737
347.7743455863807
160.71682699435794
197.4592657220202
1022.9018592519334
418.5083626069795
770.8477197441717
1044.2076981966347
1155.7285972930447
222.923868924321
503.0853236909785
677.270869746244
112.00948155964758

8.6 17.2 36.0 72.1
17.2 34.4 72.1 144.1
25.8 51.6 108.1 216.2
34.4 68.8 144.1 288.2
51.6 103.2 216.2 432.4
68.8 137.6 288.2 576.5
77.4 154.9 324.3 648.5
86.0 172.1 360.3 720.6
103.2 206.5 432.4 864.7
114.7 229.4 480.4 960.8
129.0 258.1 540.4 1080.9
143.4 286.8 600.5 1201.0

2 5 8 11
5 8 11 14
7 10 13 16
10 13 16 19
14 17 20 23
18 21 24 27
19 22 25 28
20 23 26 29
25 19 31 34
27 30 33 36
30 33 36 39
32 35 38 41

