512 3.0 0.0 1000.0 3 160 240 100

219.13776478636768 73.00964705620488
115.8912683311409 49.40756328027057
164.3274189391213 141.24423402110426
46.82301184801005 226.62861081259524
118.49474686519973 178.77782464867965
43.28659281953517 21.89122827064338
106.6459319716492 143.47255946986655
7.7546951964373445 39.63349550922366
212.49712534259544 97.83077752133778
86.04556555705528 121.3409450631962
12.627646413103461 239.92572393690656
244.5732848474182 221.3857266954724
249.54545631525232 145.36026402261663
117.4008444145422 129.3836870834687
141.63032921187403 235.72494626147227
169.06735818604824 135.9257733173705
81.92352457314769 61.36649428972904
176.20701013212593 68.29977169151074
209.25439810757572 112.08408770090244
187.79627054717312 56.84312247158741
204.57636217192925 127.14950866595143
180.18514046480962 85.96003835022658
213.25403714033627 209.47902675862255
26.591520537735974 80.64839529929718
163.79990514400342 157.9446221977259
90.01150619400347 106.4638326428475
195.7576296273893 20.788682944845345
38.11058320853891 120.80750558638739
75.49848017196317 100.55181285256612
166.3938735685017 202.35455943182214
193.73763005168047 23.321621050771178
135.80192951301495 24.79062534573079
152.6852106844866 132.47563191158474
82.7764481159812 181.2135202545062
5.340642268765655 126.9705322704407
80.65133479561185 56.25978747961885
198.69309069543078 45.171878466833654
170.5952235510312 74.06718550752589
146.89377956626916 55.98974859154396
77.42906472608657 228.73992351091445
113.5722310235679 149.08647061076235
225.11103217544405 95.02416630199706
80.45912628679669 0.05751423618000073
236.2553673104238 204.2970449887758
246.60711262544038 68.50714979805547
80.23636501213328 226.52501173330685
132.065132632292 15.530950434823637
105.91275480400111 199.91674496737417
196.92200876010455 170.92911060234982
122.9599323093688 1.2774516587719387
43.61612975672005 78.5241083314567
149.95502365426225 246.02699846217112
69.88461705386348 55.673197598958836
111.28567883908188 249.58975509112722
20.75776269879659 24.178805708135716
95.4168547731945 42.25661027526309
50.92869754111812 80.0433421264308
67.77877981933342 175.79473158996285
234.55794188048804 141.245076880433
12.558285300965588 144.34344836491448
69.86906622423139 90.71803099620753
86.77473291327404 72.43797851829082
28.305451990509184 18.27910602547389
12.774066743487383 102.35051080261928
198.45539439796187 220.98102853609723
15.415935962985822 143.11484589832554
106.26194634567818 36.28211221403219
31.637051962122047 126.4395092777896
247.37872017353035 160.54432979608333
66.10803518095828 175.71963454152504
167.9896848524199 248.98478265310305
241.3505943756953 223.1585997919428
64.87988311308881 165.6055567951826
59.00880095958996 70.3185635759406
44.89628186075925 12.796731292940343
229.69079525524035 56.50165912481242
13.506710839351566 60.01534329322308
148.0564830713995 229.7254793279481
64.9122412192255 54.768475301207374
131.08914271328047 113.30991498458911
243.467911929845 76.40230844089093
212.345467525065 196.18130357017674
3.1225215641001727 139.04744651690973
129.51485199936556 194.5329818415156
92.2173908301931 105.697543026088
217.67983390568762 46.275885969515706
193.26042462386033 185.8845578173022
211.6254516122769 190.5633938074261
226.27246749511855 141.07548046036098
127.94128495255966 119.7146765813952
130.8255614062691 192.72768074202898
40.94246946768726 218.59975092009384
9.457540967238637 113.07331473894405
130.23530674360586 76.07473071980161
135.76062001736594 36.92125439323301
150.84035346393614 149.86108109787224
72.25187452927825 38.07828074164624
196.04390767121606 194.63942776816808
103.42692898619497 28.272470322897398
2.473785978854864 4.438555299856789
48.15144755394818 134.59291395860382
218.2095204036925 40.479792716604926
145.42803375010453 75.6968285961434
20.614701214114657 7.926812434220137
205.64007043059587 82.11607926638861
37.242251241369374 4.30298477581939
188.76708533356467 0.05380931248447074
242.02752373718403 201.8732426910012
181.95301128899436 9.679309088282572
57.109392693105946 228.24627985303255
96.14818240470063 30.74998973599241
33.489388549006485 239.05868105842612
49.435825450468094 110.14196692087263
247.11596391386237 58.23618370947536
28.34975887245472 48.241277052091135
157.41978937952408 230.43454743922345
129.8380529151262 156.75425158718673
165.6754430137474 152.60473526159936
231.73096752154382 244.9214255306345
165.66332998092392 220.2409965369484
80.84872802162671 83.16138160662642
213.4023175307897 133.67019739557327
139.66828872157038 230.39914365825297
153.00577426918713 204.44109943854673
161.62480036616896 73.7591922651103
78.27930261640768 54.223379612211104
28.82214714346343 163.72033036355137
164.1805330669555 191.88557939419772
94.96920941127753 156.3299412289794
37.89595210203353 183.18567115163137
87.515662098993 141.33712899822655
54.237891453991075 52.69487012377158
195.51195446841044 103.38674917095878
33.31882067497408 168.33478075108394
247.93609650562922 38.746398638731385
201.8400059429295 90.50104643494014
212.2775706100394 71.41568833459245
143.12261057506896 141.65616351813202
21.052806489148505 9.71067976751147
100.69305404989129 7.719543717681604
77.16697673842954 129.43700846521952
30.5686958450902 80.4378446699045
20.0505590246291 52.283065182099826
195.63566641886783 23.963734888258564
11.460836612766062 132.53048312858084
245.42834963469747 57.52609341153478
213.63583727346543 224.36561326967183
83.93899168233654 233.48170612203617
211.57739734412266 212.62827874998356
103.81627077027592 95.18999546960727
61.84705059480977 8.678855268110574
0.035276905314851614 68.9992056189506
29.732309523304217 198.52173215538886
160.86823685710553 187.74580630254474
25.417608041015562 93.55550059756679
200.5279601388936 206.7999012212409
1.2567392271144728 128.35028034526866
85.8527708973544 173.11241893943438
31.395647192582672 66.88850050157555
35.38159526722451 23.352431839214677
225.16514943511663 12.668334908212092
214.14069012552199 117.86560655699721
183.07277724644715 45.03772481239551
65.5651689038291 53.12898698700355
62.14180379042697 158.10007481902238
59.57894840836464 245.32227627106937
6.887098767279637 39.67969950017805
62.21865684235664 238.21056868849928
222.50578083856456 16.421437455304833
116.63876551480764 164.5804173509808
183.0990950449534 7.626954418213122
74.70814643584109 148.3691531882615
199.52375318240902 16.978294928556654
3.636373222443645 107.47893703394085
130.28258175367978 246.0299231117433
231.31097395849585 244.76250351002486
145.52116179760546 248.01380109749692
37.85417720804518 152.51809266781467
12.812124132857733 231.3868377296962
131.25908680756362 59.32358457483791
189.851640601176 63.86311676709375
129.9869940855383 107.17472829365737
235.74296382851617 189.21614878368516
121.86885670997674 140.51339427561115
7.597181216630805 243.8515638705488
78.50178390101476 39.75030944972663
35.71638929046486 109.47252853615095
52.40034151691589 160.47821554922345
24.602244521708062 225.4511210857703
203.52197333229375 130.13994088425392
11.018040593037876 5.250411677436478
186.30098076587026 154.19801316116488
85.15239866785481 35.985668428121784
72.31973105504052 225.83446043539126
71.48644104920356 43.49707106662945
231.57005301755188 172.93684867062032
81.15265427813185 187.74821621475425
222.13396905867808 131.3133204711419
230.36187579007284 117.42619088184503
15.003564744507452 196.6295253786898
209.37933871533227 167.1664885934042
121.85756062791094 18.635867596430185
137.02035175287273 44.26401701091698
196.70107485591 169.3657616239198
51.51870701149716 202.77571777099428
20.984448506202792 197.9849707947212
151.59994848470205 186.08834331934298
237.31306140845112 155.98249501521315
202.4644164318777 6.068385649193347
212.37544975041638 235.31787275770688
174.1884118798426 195.51737409562472
63.74844505783178 147.58978556936543
29.542258941263334 234.85438132177617
137.96990677707743 74.7572124434153
101.59912261971616 149.04814339583612
21.982173574944113 248.17315213562955
129.99100141629287 18.251378644245893
158.93984702147338 75.73173309128664
119.5425255148069 7.786670646321908
64.56259228979447 165.4847422250198
59.4900424177435 162.56256118385022
112.23104131128548 198.98493116157383
229.180459493908 13.901243723634964
21.0385200563534 184.85041087232494
151.0210029254947 205.0095444296541
41.73395325440959 41.315949756946715
46.87670896988428 115.27295232965326
177.2991758239224 165.89810527841797
69.00277845081762 144.69858898152998
206.31782353007563 58.45271904904781
166.68370781803304 207.58059637676556
68.22868354456024 10.963799229623095
229.12887785619967 171.62509290508828
138.36622468328204 209.9635430381594
236.4171515227368 80.17421230113125
80.71350042855794 54.1652906976241
165.64874480180964 78.57535585300748
139.56538608601667 82.32390581854229
39.89399598859378 170.48975227785058
9.318664607755295 204.66409419225732
133.93709258593728 214.35959258660543
177.8761553970447 70.52228447623435
136.09918140785678 241.3006347052024
64.52121898716551 190.34325981302564
202.0572307000279 14.826711950465837
58.05778763642813 146.6579494651661
95.02639886620094 18.812166042180113
41.50937910762853 177.44380125146597
177.29727358789322 187.9986999988977
15.896913540772134 140.2971404136493
175.0264323448485 137.73757232613997
51.412001647344965 122.57115931253107
201.380832536772 232.86031607301751
183.75808166024132 95.79476331180614
29.502733273580105 75.15193295820002
222.80957243787262 160.03764083946982
240.3391454040923 231.77761165494783
147.58704293753152 86.42403392398143
193.1495201815589 201.44358264363458
86.86820400288447 20.279725058968246
179.39832246138508 226.0881022969604
16.461115872552835 233.5650880903078
132.7707455824519 75.95908032430127
151.28289776233882 24.815441719700793
120.37786161579037 47.75522071204255
182.31665390044665 152.09283772895958
226.6130805645932 68.74578779237986
235.07033084062851 168.86896910806612
174.3900624110863 79.57335992765307
240.76299961915376 4.478386349646479
205.99590248569297 141.73682429869677
95.95061453273985 234.07481007541696
125.70720637594785 87.34107826339077
72.0872377141481 27.15373047209199
74.77311972296421 186.8554067588262
102.09430167452766 127.9196878625019
241.15313080253742 197.08956704434135
247.8986588239226 41.70577210656376
27.240580620823213 168.88800242487298
80.87884224853373 163.62096962432523
45.394179640307925 131.2048685588467
135.2627053245952 228.77689388182623
13.45145551869717 57.666712159229725
246.3480209907532 176.69890974451647
195.09484004897504 53.49343910484702
134.45307310895467 65.1610710427668
175.229046237081 89.42476388780868
220.13929955380172 72.24889476217427
236.9383957736234 223.6609361920182
6.153231964725114 83.23332002389324
58.91151542319786 246.32772998912242
57.52687655267091 183.80949406927834
154.18583440908003 90.11777776264523
209.64414060890383 229.9609536113198
208.57271876488556 36.091831974023215
141.5228035964345 63.23938331084142
93.98757381606183 47.281548883704225
95.30534607476702 66.06845678742731
210.98972534032018 156.86912484790957
222.3778901178029 144.46373100792388
43.408651058536556 44.276760033972074
244.9648922349124 164.4815492352099
178.8186258016662 13.23111395847007
81.32137621137319 241.19528087367314
203.37256416031968 129.63640232722418
181.66999830825193 182.5807840266045
122.41535939889694 29.97848009103282
133.20234374970522 172.31214800250854
122.33931784279156 78.9100116478087
223.59908310344073 165.5899841045711
103.45434969151182 104.33012419621306
174.9749902493108 226.26683797932935
13.111634856134813 201.54122976552412
222.30326912563697 249.41932970735138
13.228675630378412 236.78181174714888
73.00001400075531 115.40305537024634
189.49221204038759 11.437440346555444
143.24181448807474 166.8717057138973
96.51718988477955 62.01103684880929
243.14594114195742 185.55395482547908
48.96613020584814 209.19430618337532
194.8068600880822 119.2929371117606
187.7108493777179 134.0298929033038
81.78182354405233 108.21569015969773
131.5361811988058 127.72995874476095
175.94855078334223 109.92450143799448
129.45622762129523 91.32398662916383
12.32564518892726 11.808059016722744
120.73323215843776 58.717201887391155
96.40323205065462 150.82892437834155
102.4277686991571 105.82888796540394
141.55791254060702 127.52071116634325
131.8464315208974 66.63909591291697
219.55278295513736 21.886264756904914
200.75210867492646 88.42020711344686
135.4652527379652 159.69571279539136
189.6910727164157 134.6018393035812
25.20401157134741 29.210664687901232
2.2900879078565084 128.90371775002714
23.58205354312734 177.93810112969692
53.44567087992641 171.32922219448528
90.83214412698337 243.96220402071083
102.22546728010143 58.220986581790925
54.9921192011123 156.20208323913323
225.19380037349578 139.69911671816774
186.97190450308148 212.39527759640416
202.6046569703739 156.93457394287358
65.76797088280689 118.3861933551947
1.798656274627053 87.16814229180797
42.15426782562678 245.21130676788994
213.62337660133528 55.55435405594278
119.24957444098719 202.73198410690756
173.2376067373994 24.33333575131219
63.08884953572208 16.426181325717465
232.42570062051226 44.22269258606582
170.629135442805 67.34271199154043
145.01060082467885 187.5327500550889
151.5818754600675 41.92357538693106
31.464999521148616 184.81606618251115
77.55925930726184 82.22576782828078
219.1596271028259 223.507809933808
108.90885085370944 6.973849629172079
246.9324273485141 192.64955608076167
196.17381143138056 221.02305389534018
236.8822335348526 1.9333099601926973
65.63543723364262 76.29048169787025
139.61137025337962 120.14162882506177
229.3722369774381 154.38755904470221
92.73054584055937 242.17652645709003
102.34722102067362 78.4639474961826
93.58969517936077 149.05602453423657
216.28768072236753 52.81081488352118
58.77682812671034 94.09360347404689
100.86053232351428 206.0689746497552
220.1947384307998 189.93895242000414
124.22760554763373 180.1914942323574
188.26931956207923 190.16998010217682
74.65999878262048 57.84307596180804
48.76205140423845 32.03349216993501
220.30875993840408 132.6684809969527
233.17025915716465 116.90534626334633
94.56322554439977 75.85642672833114
226.36893818124122 164.41766008507372
139.20172721599457 76.23487640239802
152.32842643599494 92.22534133911928
146.1668910914373 41.20859694600218
85.45179102793566 70.31113394183502
170.95904202530036 27.371736474994744
217.3495190590384 110.03492254413874
36.815549257703665 57.05798480470462
72.7551384048013 242.40083609272622
101.72501615565868 226.99636422521738
157.29255624553784 238.01430081623207
165.2610586431317 0.8118554965842462
105.28907512177781 137.5799669918006
215.06145134357374 150.37388637375105
178.9357778640903 119.75834446080185
241.60868482937403 2.526055425239926
78.70816082559145 22.92457379494556
119.89862248134322 168.97692034022162
163.39635826567132 62.191188180841486
109.75422148012801 166.92190772500615
36.17688531731281 22.26053584526558
72.7513124878302 37.912964373675614
166.65921177662895 130.82200449682452
19.25585059014512 88.75333874943658
180.1321085816068 213.6534754587454
203.3361935963791 10.983623983729402
155.45221743516242 51.09154192541212
107.1586622719517 119.44977987817008
131.25696788345465 246.72369962585884
53.9552793821729 177.13308345919015
82.91297716211177 249.31822590920774
245.231837463621 11.501929762773782
189.10841980725158 3.9117212263024834
195.00715277787475 57.06392689846717
219.36928153989135 48.00540004241557
245.98222460395772 219.83178080379477
14.176908648298792 43.497149578112875
101.15350101287362 130.10217836331398
218.8757402369 147.0891536448077
135.4265456730052 185.79834692603723
218.5605305117311 90.85518065239908
30.339402571640832 195.7171260759535
42.85971695554955 221.31572387614096
71.00114515548847 48.85973408733213
188.34551770231053 91.70242014831015
21.563757372348448 120.0414886455669
73.92147779676641 134.26549755266345
115.97735829692516 239.9840602825659
33.92227696320526 187.7012959758664
40.426755638085815 73.18605043528889
144.68705295065118 241.57711667878894
14.270507581940317 212.82453114201985
120.08147087112964 12.534959054693873
233.8351453123457 110.61548946936753
235.81964915715548 3.2359969133155806
54.210254741182986 218.89973893961323
114.72713997120623 104.90538272561936
151.7025605675583 60.795893327210194
229.01728256710527 16.706823896176033
191.2980232018802 234.90280118095117
37.24892973068283 223.5109222051361
233.76180897539646 44.98979197966035
221.3320344149379 10.014545346454351
209.50168097583486 42.124777451383736
173.46207664667725 204.79906369751131
96.22073890416306 15.9729388856045
8.89946549418208 226.18326781241083
141.1765212535858 124.3136723582865
34.88022632212407 41.439267170807234
36.80622098078398 19.284929283429786
145.94052215047267 59.39803600687557
63.938094507973084 198.91654258635745
172.70834258811576 222.902642414968
149.65252656979106 208.19880448232587
167.3979459203981 34.76772213865267
42.49933161603814 57.09190322837349
216.86790010893287 40.765135010210145
82.58484347585463 86.61690549745113
34.891724823472636 215.75285205085416
21.354554078753722 232.78048982781894
92.15091304780007 115.55945944827512
170.12037334113398 40.22221707130561
233.9996332932086 213.06411907891567
104.53852580671439 82.6526006770052
2.3289114441211733 147.52880382558706
20.590779994309834 208.9204524451243
236.39542756065285 21.959991519275302
155.38320147264199 230.81526514716376
99.27257109390588 122.51390663861892
73.31686552891051 219.68396193500956
160.24085291747122 175.95728444146286
86.3722372686911 7.243188597870626
99.4878315169464 26.895745156179736
201.0491873362676 36.924708766144285
228.49998793579795 93.4225225909184
231.11729058334555 147.0151402794674
110.26551166668399 202.25298039484085
91.4951185505464 133.4321464070735
108.70009308577814 200.51897855545306
137.72340217024433 141.39990850517063
244.76748038280982 145.3587428737239
186.91428955543014 239.64488706549412
23.257442374206487 169.41730238061368
7.259695778593256 87.2945587746137
148.46900334958417 17.565996388739762
169.76958382363344 80.5841678503457
98.59582142301909 205.3425278795169
63.856503832412706 12.21167206472204
215.0311792345454 122.25325649188761
15.23909962957451 127.8419424096188
247.24947201407346 9.15015863608587
241.8997013149035 200.0634200635317
204.38866372747447 191.51968403138835
185.45602272493701 82.40490631036798
28.557732592188746 217.58202847672115
1.515702684935838 122.46577622126412
161.61094247808194 178.71291920699647
184.06755983123134 2.7114346355347485
104.26780157371476 240.89909534127906
185.08967308475655 221.002475688057
8.472083764318599 41.96900549639768
1.1291395654067782 240.96801743307566
189.57523749613708 102.31202317760297
5.869308494356352 198.61497481207834
75.93653911334373 58.45377278003261
55.34717884286194 244.77808766693875
174.38164274995503 196.1737623580831
3.974061617411345 166.53743153401558
121.47091610237793 95.28396653399057
48.059418863644595 74.51934115839276

223.35337704604146 79.48101362003784
117.83820262159864 55.194583241579885
161.72626800086647 140.41638042033415
46.458860805580564 224.91333764013814
112.1612315311795 177.27377184913766
36.52055898232348 19.453354415234823
113.6559121015231 146.95400529650206
6.2127127302955 42.87611177539088
207.58003114273725 101.90326473114797
86.52210706610086 129.02489488825546
13.229465397951778 242.4574967618325
245.85778337282463 214.8006818382518
247.31171987692693 140.94782904257121
112.41740281470666 125.60041111768238
139.75678470956458 231.4704691959924
171.80976629657897 137.6603141235653
85.04517770255002 67.43009344944831
173.8742610506175 67.76558675079184
212.93115649951912 113.42459198052967
183.8533048868156 60.77295702340862
210.54674252586082 132.8464747844004
188.03830846147585 88.26828140562174
205.25904837987432 210.4707440115584
26.60667383012136 73.95421135135332
158.46084282043597 154.18289040428965
86.78656584717726 102.57692822758646
202.46559063592633 17.56888748744567
35.58028222914644 115.71819839438902
78.49929955012924 104.86630443171829
161.40258708328332 199.77859662525856
199.3864817383741 24.104116288102023
130.66670919827612 30.677661655946682
150.49692394564474 134.33477914172917
83.70956311972904 174.72101660935317
4.193447859495242 119.46153126579473
79.47290350927352 56.72735132559478
195.06380217841325 38.533619017734
172.79139499377752 67.7528348865481
147.52373643070672 56.196294323890115
79.723478670647 236.25974610204818
120.87765922846033 147.94620854044962
217.64479067086407 92.15408813449427
82.46436070907079 3.2833488904712436
237.20837892265166 211.9537174871677
243.50864859231046 61.0527410599899
82.11357428976568 226.5633660285076
136.93873240157762 15.452503421698127
99.95075955964222 204.5570008517193
201.3848621472486 175.34665037684408
126.34561201088626 0.315710226104049
50.644504679828 80.30654312291227
156.10398633701288 245.84731236514497
69.4045822632218 59.38598725771241
105.86650154208918 246.5013316705001
15.898221051109996 21.547764837370227
94.36136105633935 47.428948815496305
52.84617817352774 81.23808925241278
71.66190317233784 179.21888216114456
231.15494053941927 134.1443844154307
12.91835012655182 144.8188878706885
72.32883207822574 92.38685923378748
81.1485938614346 68.34444900026243
31.70284040010826 23.844206212028986
8.331192970153944 98.54795784403564
190.19800836522003 220.14185455798832
15.001952128371826 137.20179045953873
105.60582325751322 36.566844721039466
32.73005407107399 119.45948589418667
246.9349622070828 158.78736655652565
64.37215807222005 173.61041738608125
175.66654003595323 246.80170063028643
244.2127002572351 215.33022120848534
72.04081649490388 163.27772004620792
63.4459732014484 72.8301792821646
46.64105616244885 10.80201306522033
235.6819832909731 56.04693269379318
18.89541423692717 60.19169082592388
151.14199990886533 235.0891560661276
58.43901801782003 59.54909440845671
126.19361528567141 117.9624506814245
237.02385076201654 81.59539534532334
217.35339851951142 199.54202234358925
7.230033388103768 134.26013263131583
131.80343668006753 199.05107502534779
93.86189777714674 104.50822819035332
225.16610929634794 45.788214190565945
198.8186640893565 180.65501130793345
204.77157504751798 195.20052714315995
225.37410937064487 146.13653821404998
127.03160807895217 121.83848554209342
129.36966008364894 187.9703881608273
35.619406860808446 221.3153020459567
7.864003993906104 121.26219174212203
135.11282472161372 77.9623641513627
141.2574711948055 33.15696814827976
154.91470985669926 151.86510675725916
72.45687897687445 45.80392795811447
200.83287835667218 190.8043820700566
98.16167986189944 26.638069049520624
1.0684563216555865 9.643645999318885
47.42101505820387 130.2519993799668
220.23230867608348 40.51400688858248
142.36438956836653 74.00069900713454
16.31423667675144 6.201877737878725
212.24767472796754 81.7170027503637
35.972744656811635 4.928902857382539
181.96582117659813 2.9720162504373873
234.55905545599015 203.2185173410105
180.8814874269523 11.84436105409678
52.809798765339394 225.3284775857128
98.27454973162811 33.24289279846973
31.318216061218262 237.9544530079228
53.36299082844348 117.12437367557521
249.3251090648907 55.07899669138927
25.107216104003683 54.12061834340187
163.54238508628933 228.7863880254206
133.8932316899716 157.71528573676756
173.71402240216634 150.26592729771536
236.28496600231102 238.84024928787863
159.2201215038249 220.0517519181445
76.94016658665461 80.47316594754822
210.27932974900634 139.279445598461
140.7603079683776 232.00068737801078
155.7872097405504 205.90040148150055
153.4867998975491 73.05626579032057
79.0939054662222 55.53696131506183
23.287178760889205 169.64235399453554
156.63494499073317 192.89991393770143
89.96335634318947 149.95971156305026
38.697788840198726 174.75436394612302
83.46254130577324 134.38114284272908
57.154510351581784 60.03432809443954
201.82896934510237 100.56408467291622
25.985045937805484 170.78562382344313
245.34124188322414 40.88642190108718
208.02810868607995 93.81141085035635
219.8217289571889 69.39594921094677
135.2747282579616 139.9499296448208
27.584813928591164 11.784551090385841
105.07641407700338 7.949242557573122
77.37973395116657 132.63189063343876
25.195170562850087 79.44915709112298
19.088924319622834 55.10331267155377
195.00484109418133 24.86335117108268
14.387242185376875 135.89519176023018
246.17302521541032 62.893908600360454
211.20642960515855 227.11275482964908
78.04761282402778 233.64545620522009
204.1186285159961 212.85862642029866
107.5483658491922 94.26342464691024
67.86689958735789 3.4816954301241934
2.193728620023344 72.4836891909086
32.84780007556834 194.24654363887035
161.15096783900395 189.76907064551915
18.564635052841087 98.14428340559044
201.33655204044175 199.0692847301794
4.713937286241171 122.39390521961622
85.65028072315725 177.58952829713735
29.877603517343974 59.59862552201925
31.209515481894574 28.467684407231186
226.88193475208405 6.684111389172159
218.2697059099657 113.18862279781311
177.84605597473725 38.50304217030939
60.34004057458952 52.4435290957668
68.87739382938204 160.96847407735484
54.81968408512131 238.34271715830803
10.435195673203557 36.98317993576736
64.53513854122286 237.8645975260146
227.7867851524891 19.740917905497895
121.83229658987233 168.16789036176255
178.423844573984 4.7509450754798515
73.65925811667734 142.58907431473392
194.16514122337207 22.02774125046425
1.5626321753178796 114.55284295799837
132.48977302565677 238.02495217342852
236.13039987380486 243.15338569583122
145.2604071518469 241.5902940736476
43.75376712895454 154.16727760223057
16.610511327041195 227.06944376032519
135.18890235112823 60.60762141264367
187.5593926722511 58.53167133277298
130.37023780254518 108.3216324194918
232.6834545776785 192.28901034842318
118.2959650108731 136.1569077028958
7.163898559207099 241.91622917885365
84.04203329535196 42.522870172763376
30.777296184162083 116.34866547237993
57.41419140024412 163.3768353265459
25.936721959138044 220.88419873323747
207.36786474786263 123.96309651072296
9.659881863065934 13.094703836865756
188.29951911904777 155.32473697578052
90.85243077488556 39.79180545591801
66.38600019993446 225.93746222962287
66.76531099291505 38.702335009007605
233.01712048323412 180.02782812070717
89.2095644955633 186.32155171299758
217.8688593411726 126.92005196717871
236.8377926816804 120.97103199726398
13.028607309474054 188.84680585549978
208.4366278987611 160.78395614352954
115.94034655193886 22.185970697972373
143.50777614762563 42.296987969759975
194.0439850896766 162.07743517603294
45.594874230332316 203.3080661476685
17.63079819471372 202.19702098431523
150.34357426975708 191.37690494630476
243.94420298267977 153.89064356948663
210.82067030661017 5.857083366982485
207.62555217524113 233.3917895238213
172.532828784224 198.5884843312445
63.55295778005735 141.3924745990742
36.31317765421812 235.6056558008405
133.0723425145436 76.61449213207871
99.59812391645751 142.24244500033947
26.726338627770463 242.93678566729832
127.17099453263161 11.274543145903898
161.22936627169517 71.124906585217
118.46945885198775 11.692305181613987
56.98579575608975 165.86282457519604
57.55787411830726 168.11704527525922
116.91206974934381 202.08883655265623
229.51994677905927 5.612305874758
26.498796864144943 179.8268616350041
147.82922064397755 201.47675154686382
47.92077444315648 39.54829504887638
42.217082629984304 116.92488950912238
173.5295270702408 164.89901306045508
68.71462286214519 145.1705418281692
214.4780810175444 56.828878123427046
173.5021076911699 210.05430945601333
75.71228358533038 11.839592680338573
233.3335314908674 171.29578278592834
143.47912770934454 204.64967044711227
235.12368731544615 79.89558314144521
84.99646125674387 58.84561066852553
171.22292619191143 74.24155918718012
138.37511048532943 81.94475349558367
44.79330730177719 176.5943861800394
11.851224899018103 204.3104815533977
140.78428300156418 213.6806971164721
170.81704098557896 68.30483562311204
135.97339825363383 242.57444224983024
64.37731901373824 185.58370523076204
203.15560957301673 9.899469069077321
60.068532864015836 140.02568897827638
96.30758814563312 16.692294995070135
43.01502580776917 184.02286694341888
177.9052096896343 182.0973369988491
9.43829322599904 144.45319501614668
181.1544096641793 139.0696454754603
53.58069465795556 128.4687044706548
196.1091802118052 235.3627288703686
182.24397984041042 102.3357659816103
22.908907792500905 76.51087976898377
218.82227588695068 155.13247181783356
242.61915312794412 225.44004414643888
153.53309304123655 88.04581281838469
194.9641869919971 199.99289742455753
87.94565667777881 27.26056914636385
178.13257127665958 221.5183955740248
17.781738829776433 234.10953585910715
140.6804297937762 75.15378444571822
147.37890143716348 21.571800642202376
117.70336356792328 44.39919296767311
183.85152210431633 158.42702506820376
232.6377834280671 68.34713841058074
239.82240345564276 162.58130319635364
174.09349365530977 81.13013573616371
238.70840895954373 3.8226516709561342
206.72273952614975 140.35088048577933
97.43651981959678 227.81701204984938
123.84755824911983 94.96194905967678
64.79205655224482 26.147531988035794
79.69411143942193 185.98370677085808
106.66871571149098 127.5399263597739
238.29760313763614 197.85381406479848
246.91639816600232 33.52938449520329
19.67903315754402 170.88227722415309
84.45567188588655 161.43934968292842
46.986071646399814 122.87879433778711
138.48001793378165 233.81533037177059
14.041977357667019 54.83401538244564
247.2662433126665 177.6909555160712
188.00753155446455 57.06034583314701
139.56522088306306 69.18743995903357
176.05218058851534 92.32838830397169
226.12601172941626 76.84578734050737
234.55013331799825 220.50245522709253
12.20323337326698 80.17867875576815
53.744047509774404 243.70160621958706
55.25005749866185 188.8118691035659
149.9416036702457 85.27905950722386
209.46483137806052 235.65384868747617
204.72608129523917 30.567291424242747
136.46903418930827 63.85707398663057
98.51709148112379 47.61038275162669
91.48720945635999 63.07719723453295
210.54064063118722 157.4898109461507
223.7617961132958 142.0892003893214
38.223925892217984 43.62788807036533
244.6515128344411 169.89716956354448
171.68976912140153 17.08643645375496
85.19564260124965 243.26694920729403
211.79635411343725 129.83218547052837
188.756323168892 179.57892058579728
123.93078375804578 36.41543161578151
125.77087348497196 174.16168874822105
120.0564663621965 77.85132698916736
222.0713421154069 167.47983969178733
100.45145412005232 112.10674382958777
169.87690427822963 225.18826730982
8.241363168523336 206.09357627987796
218.3052926753549 243.15891520218773
13.198986435663418 235.68816192398722
76.44267490820425 117.03100397265193
192.19686476900102 13.468376498911194
138.94905361024536 159.995979683677
92.28503465314749 67.31259515430521
245.47085320747763 188.0104949538754
51.21245603396196 207.8349880046511
193.08135657603424 125.17432738012057
185.8567868889628 133.5098389760291
81.26431259768965 110.5602617974482
125.95290777125948 123.48758476724566
178.4999172438494 115.77671326045727
132.96316220022564 94.86798010335792
15.662072539663729 17.191597342004734
123.37197635996675 58.61794608257603
96.39994954124434 153.57498784348476
95.61103345987662 109.14407240843865
142.50893428931184 132.4834288601823
130.02731951482693 60.867135510369124
225.65349960028098 21.105570357069475
205.68943052900462 93.75795643555618
138.96205051758068 164.1023788760922
188.26993102334686 133.5538400753422
23.594805379551886 29.991207905375738
1.3832788090986092 123.075201293127
25.76094219173025 183.7947181930014
51.324488487671516 171.69663600252287
86.44269986214282 248.48847528712932
98.38959969421343 58.75941163569845
54.38267929624957 157.83655562169406
230.78227323710647 133.5871596168758
179.704751281458 212.59180543358633
204.91758863107492 148.829888406301
63.94541355984368 122.09893261150206
1.1461960011481531 88.65592248760315
48.80269409510202 245.2924896520061
207.67128638798445 59.176745400052354
121.94208434534059 204.31860107663033
165.6501626464973 27.957827326784507
60.18083714231026 16.881325825441024
240.55981231678396 44.96116265126901
167.16454284482066 73.40264141815005
143.04812659058018 189.08729483042862
152.38669545542848 39.473735866116826
35.193067500002506 178.8530126904055
71.7355705574171 85.66344426531194
217.90388036691562 231.47293144827447
112.1503039988106 1.1248976814513534
242.87625668312566 191.35045194289268
199.17137946409275 216.23600499879728
232.35210985173197 0.4024544826387588
60.99137302233715 71.72736098211938
146.87808615833748 123.71812687933209
224.69553493088597 152.44364639973625
89.68978665185948 247.49782688831473
102.86683904263295 81.63773599562704
99.60305411051168 148.0930872302061
219.35138065659137 50.18334447572501
62.64024863066556 88.21588206245661
92.6563997263214 207.17046047958343
223.75847293260674 193.26784264114315
120.32559938088069 174.39721219872274
187.14760998706993 188.50833440581985
70.96563168535505 61.2934888086798
54.10638556438005 36.833459036709286
221.69695676120645 133.59049739829757
228.7868782143314 115.27786601889852
94.70841175735079 81.50631318351768
222.4074747910886 162.5931260177153
138.15903772962162 82.40244547380752
148.9654966142069 85.91638251586411
153.25363725583696 37.1553306100838
89.10960649482094 67.61344523950893
177.13554931018857 32.212578236682745
223.05984920774827 110.33833408721355
28.998176150701855 58.619485162160785
76.70524332329425 243.12390701641826
101.02676788406959 235.01691037859456
162.1232123888188 237.397923888909
163.05746806133612 5.060370441225537
105.65589142662449 133.05294172393062
217.5172171131139 144.02651018709605
173.8599214212855 123.3846455028936
243.92230148059727 6.720526480523542
74.5700752237812 28.38267474036393
119.35800092640447 176.6432748500321
163.91936876896386 60.096193765862864
113.25548833709547 159.3904452676111
39.81152036423472 16.27657867915591
75.11371524134609 39.34026301652485
158.78457610743462 130.78412525511376
21.38367892580212 94.26489200881144
182.83528069441567 217.787589100035
207.90602340371754 15.469383918612328
161.29224309009155 55.06163321639684
112.39844044116009 115.63508265380695
133.7899940742932 248.49846170632128
50.50421351939069 169.98062406564944
89.07792234533562 243.9221732199403
242.23325066885724 9.896904436065585
194.90084559715035 2.772276385255651
193.2357179762989 52.78624761541137
219.16068603348234 50.1192922525589
248.2823637421133 217.00995552823926
16.066274425764693 39.55482536137364
108.72116206388365 131.44444196085266
225.82825679297434 143.32386506870688
135.75759064188608 192.28594928384032
213.48549156187897 89.98258942694537
29.2874557941894 187.90303916773624
46.26584831766573 215.46702194173312
65.72597410087991 54.50005731848675
182.89635820803153 85.3127560021858
22.20271152736547 125.75880003111806
72.33301324674893 141.630505648968
123.52710549825169 243.60416088876323
39.39550267995534 188.35310720070976
42.883712242365256 75.64402522092719
141.54920903009963 237.55257050353202
15.312428900882274 211.63355036400432
120.51566095308458 12.406831566797422
233.97559789464466 107.35860984348739
229.52786582867088 3.824336573332421
54.505222535023684 211.45515417116258
117.26567196545054 107.16729842335695
146.1906578317 62.61530385243505
236.85385665829295 16.427521110393638
184.41714670885858 236.7758332547226
37.64142335105505 227.16475118084927
236.37251763990625 52.729823401168524
222.73294083021966 13.70965531491833
208.30159318369311 42.275143605171344
174.67561753256254 209.70423088308152
98.371670356649 16.425347272033097
3.979122572425664 224.62298264066936
141.7570135756892 116.25842789267843
29.172528504577826 35.529502695892226
36.29615265607952 21.75478548276605
147.41590290280783 55.85528662145842
70.96732650450166 198.06172968601678
179.01426275449998 228.57789976142263
141.72601447678358 208.8434944348774
175.53115954301384 35.648816956873276
40.40375787615563 49.08140856659085
223.43965373889247 42.45127451430017
80.46148003282642 87.47904710988708
39.01158900126686 221.5171385907902
22.54536935326809 231.5871113869351
90.91465695360596 121.98516942102924
169.32861589697433 43.521047462597245
228.65108269369404 211.99984506306342
101.56539255049454 83.73601652196739
1.6611523159192898 148.16532736636478
25.81794606907942 211.81083494808541
236.88003303109892 15.987717948284297
157.85117149868566 232.8218427736591
105.98380962194334 127.24787874567528
75.94351227162774 220.48604275255897
166.1443081853661 172.22339757347504
93.89560513276524 8.997188238669517
95.13820958902727 19.729617567895346
193.00937985085275 38.60690006034934
230.86886080269778 92.21033101169598
224.07981361973117 146.11506310920254
112.28706267202529 207.55840726638766
96.82563629912511 130.06387669426775
112.84632057945818 193.1745912155004
137.38198413743103 148.88502969648897
246.3811972769787 146.09707503732852
192.2732554297446 245.3982258239955
28.18293671973568 175.68751988233984
9.002677276542691 95.29401751504673
143.57718289591133 14.308694724478876
171.3263836126858 84.99652045585302
102.59029920294435 200.0627095769576
64.73911051279171 6.5949113654166505
219.00098856256267 119.33216124034557
21.536289945713715 126.08432507840529
245.01281184705553 3.31917993365477
243.86403234246052 207.28463186370732
209.45288137577182 193.3971806267633
191.103965140484 82.57533152566343
30.56611639954307 214.40835172683293
7.3450724499452 116.44631093870214
158.04490779768489 183.3769586643142
179.86799840894494 6.018346676365832
111.22482380794219 236.99789151987642
178.52750533811917 216.63895121662512
12.569643597394903 38.974211797989575
8.623800393834285 244.10906204280948
189.65962497225746 108.80163271059973
9.243694515118307 201.80666128509864
72.79464525794371 58.051689665481746
55.113027741918394 237.0409793370994
177.45168070574374 196.19611625488793
7.753293695682006 173.63088693150732
118.76681852676099 88.33275991453671
49.950030850723834 70.1346649324797

1138.5010919732574
122.70653702581035
136.3525476377824
75.85934574886564
1155.8688032548284
1166.1099641123756
524.7779587785235
1017.6584625738784
385.29004156007625
690.609131273777
891.9463280691867
1187.4075604988159
489.2256256000776
323.34128417902883
910.5365289770975
1169.3862287498164
845.1788687110604
983.9327241658568
1083.0201931274153
150.7989995766265
1064.8608153266443
87.44725964542145
33.774207889922906
850.2824486923532
591.4380221607779
420.4256302711565
1069.9827803694795
403.93520491075816
54.890936027269824
602.2145392834079
651.0993157341484
886.253477804812
827.0578087385031
1006.5002534440317
455.4625651234899
842.5682001959309
1042.061435224887
1097.834651855197
747.1198461936388
860.1533217538736
450.62847802120046
251.77551950638127
765.716874143321
982.0072502082114
959.0226283442692
629.8885114366366
43.593103539286226
721.1221958332807
655.9037453162754
1075.2508485998674
863.3849214002338
749.7245382906899
631.1068198052093
191.09082057829374
434.7900320534035
306.05681765677525
134.69692641749958
1070.8013815756146
221.82480269025277
534.4189353169413
699.6681513700378
79.37924460073876
1080.5567922261675
751.0908813745007
702.5673483699801
968.7207090738862
68.25084821502199
912.4853555672385
1049.0789140036773
1018.9274980618057
402.8633717309048
1200.975039501393
615.1154289624865
218.78478168221687
131.72959435083678
703.0934906980079
1157.8717080380848
216.89858883933937
744.3487394831357
890.1937874153022
842.3713077234046
169.21368046311304
116.13832294027232
330.40594368978856
405.8783010098975
240.0314454713539
92.21143882009541
273.44588130083145
643.5692166980832
254.20266910746986
328.1914223678325
955.8700023188572
873.2573371172352
810.0923101385778
361.61274556769564
396.15477018370956
965.3508592160865
1141.0580828095262
467.0279165272425
952.0340437842352
893.5652923465356
396.8468002316618
840.6502336581317
273.90593647479204
902.1542551326189
63.166923938705715
917.3307006469453
668.0454344976276
1081.8787274213205
1146.9705037836968
1141.9237089571698
1127.7549599290585
602.4672347286911
188.72861730817166
92.92245951062085
684.2171156360541
156.45287336707503
725.6905613627131
410.5847825209412
1121.7183328770927
1151.883173709872
1103.1255205487405
61.403246438244686
217.44972169500747
23.417112160814025
33.090671177403614
483.7902568296731
672.2124933091255
173.59466058646254
649.8242471711187
168.0679041704978
1110.3491265347427
305.78240496240636
121.64228081740958
105.87727593968236
1190.4136940660603
513.3941566369995
826.3414228381935
38.44720312022555
890.892959254062
762.571016026995
463.8294136013199
625.3106323016644
934.7843264754765
296.04855323533974
1184.2839358801152
897.6080875487323
1020.4068159239678
375.45496616302944
892.7989521139141
670.2618696041733
747.6540146237452
387.6362693248469
850.8711945623127
189.2955025947176
77.45351139599995
786.1662360606786
742.2099601054442
920.679928587689
123.73673670488881
791.2698763529983
568.2295008061506
511.1505733908051
348.7009205074814
665.696079939406
226.76162817896218
644.648798931539
345.07824949859673
311.4556490217319
518.0255686033953
885.3308917378952
786.7872347979127
1118.6423313560153
237.61368804030647
802.5817442746113
324.57796678603677
403.33067151782444
455.44871289064105
106.02356964531916
224.2330084537933
472.6030537215245
730.9404526428174
631.9590535567428
1195.30976548829
249.40667592925882
16.280536192620616
830.0730366104098
452.9942816848551
1092.3652185189403
8.40793539663026
489.2390815635714
1200.033500871086
327.8383192038345
1119.4714572580592
643.7234964413752
835.9350416021141
692.5630844918693
723.2192419352433
368.36278952023423
798.8475736098729
866.7107410190476
1169.31935063205
384.308349347582
646.3388896170724
694.6181780755165
56.515143092096764
179.40377189742156
24.36738126842342
802.787614298251
562.2293890567995
433.62408712827283
820.1727307203276
201.82896353528932
605.1708355411935
937.9686823675424
1028.1215751059053
752.9406930429824
539.2554343829727
1095.2327677580647
1122.81108110486
244.56605067359118
912.9387295915511
1112.1971019482107
1053.3286467909534
855.3338432332605
416.64587761092207
589.1873813571871
1011.3419933915171
1097.5271793914408
713.5490917657269
329.3260718929929
138.65925387958106
125.13731932591956
157.20719037404413
969.0733075889995
189.2546033573501
41.853355818954
83.11083993325772
808.1921285634766
712.0251734851887
1160.070983827945
1046.2527016041302
676.9355010620428
934.4913789649137
620.9524503210048
502.8060548401823
521.2430497910815
689.935721866481
299.3727591420305
1040.5971680901519
87.19485635402746
1044.324076917146
1086.6779515741594
434.0073232870823
908.3469406899034
527.6049168858733
240.2825301516701
1124.6356950102984
982.4034712770998
1100.3204749131191
471.05623770519196
283.0634367343826
890.585014546907
526.8565893427847
458.5177477295023
1049.6643024313578
567.5938326794096
585.9771294843171
1080.613864764762
856.6775789099426
497.19178871834606
254.26910527336065
252.22469343377736
837.2495049921995
331.15358968231504
8.349222340135626
963.2754192571857
1124.1312431623905
48.63909691173562
874.4340275925385
530.3214416016134
889.2907857148875
605.8412412701762
453.1643089271868
1019.2628336273004
856.0708610196988
1193.19827829195
899.5815399354718
16.400466672447678
291.44466574366027
151.5265743866584
254.0797829671952
806.0307211847439
104.68148393193232
716.9053486734273
1048.345349930149
1052.3229393305787
361.91738875890326
342.6483474400481
1044.5384163172832
897.2526355250247
515.13423182746
836.7581249584614
835.8257504999132
199.3750427530902
618.6617691419311
470.71650090781606
1003.0529310528366
219.90476894286257
867.0015790590018
861.2494645614026
370.7355310396835
687.2985759211867
113.19271774405075
329.7095399651914
1164.9319813899751
601.0798961990494
228.6639837551804
128.63215646112724
408.4454472212307
917.7342672143099
369.47332896898166
1021.118706291633
27.951694042075065
457.48181099418343
1006.8650642827482
643.3657810557348
833.2036286003091
1115.9116084171621
3.2017384754899734
1036.3106366386953
944.4191567712584
281.09123222724367
871.2009317504595
474.0153885781913
582.5082441783101
157.34352177006176
275.2865151036833
138.73593935408195
1030.8199158764521
817.7932988585411
1050.550198535825
1103.029600339188
814.5660992830979
342.7542194082619
545.928482009489
444.02978513524687
333.25598323075366
538.8274349409988
1068.3907048890333
358.73239177634287
1191.0601691924899
874.9519235821995
1005.8291750137581
837.4619271366882
183.36133209682592
486.6782400393397
543.263175657853
693.6456178406378
650.2669846849783
1133.287413779869
414.91438860228936
416.2184907885146
191.8587747854949
893.9370290260607
790.5764666789114
245.95812689856595
64.74772986358113
715.4663521756457
313.60653584227396
1193.2777862188816
328.0474041268524
454.14564554038355
230.33647572091115
1050.9247850260865
736.3296313215445
190.47089053350984
1049.628584905761
142.99655684124875
149.1328733263152
836.3317400160739
726.3458223843597
407.36185661783935
104.55460019150426
357.99998998695906
625.4657308897984
277.94297144462996
192.0011194119071
367.70040741355854
1046.7305473036608
541.2875523436865
889.3368273450592
229.12293158680802
1104.3567681035108
268.95328521531945
898.0853645006202
377.4817182529943
1064.4711051936958
615.2314125323459
718.8156907744777
510.3499540504051
306.4522273116872
169.6531611029374
15.328757622402007
558.005334334379
789.7665987044837
904.3700723789352
173.44468502010398
629.967359368907
560.053571055616
329.67114741928975
493.4099723282864
973.7144042707524
411.6853502691931
486.87132585194456
376.89295500139974
467.05699520609767
716.2949638776288
858.5644167438206
1005.9647038029314
349.1663559210142
608.7149654308154
1018.6956325853811
800.6301658387358
483.15655280782426
1158.227914298224
465.7773117486884
642.5492328383709
473.19089782380917
36.973350759739574
1083.2164569817876
409.6388338037561
751.713075176793
764.1582446121527
68.32216072216374
621.3561578368409
80.40646698521529
172.36648780588501
230.9825132109268
1142.260781351905
395.6512808312906
258.62817399585896
127.2756727948922
864.9559452476509
632.9723578779139
1093.2018030596334
526.7624287004625
432.688859541222
192.13398099448457
79.94576787271615
878.0955210131102
721.1101509605062
752.7798578421115
912.0786601654945
895.9589342570806
503.277298225373
479.3735466464132
1073.3858420301199
802.2368278298252
712.8073483360088
928.514495792271
584.2566995192255
780.4233923552151
927.383617775531
38.72553584466979
324.1294736480849
500.8309388065332
1140.2150453138447
584.2208245813727
219.31841562483427
1175.3421286031214
1141.9306261344736
1002.7984870340521
276.9690647171733
680.3817274931212
242.1552340990882
1.9717120689561969
761.5258813661221
773.7866223801799
963.0634009350049
762.8562201114619
691.1951405588945
664.4099901504679
316.79609798365954
14.717507626865288
96.24319218737818
683.2254698878608
457.5564420217323
988.8622264993752
645.689029152255
527.0801737989296
604.3597008544283
659.9920998669795
70.56432315506463
554.6994691183012
543.6336797018749
1016.8445737502477
757.4500248429156
434.40413543699117
959.2426006920074
288.97426636455043
421.0072636784754
939.0309307524423
506.55710179865395
662.4500937953906
1143.524512491171
729.60868584433
1184.980248696726
595.0815133102245
1092.294795927469
690.6860956131252
254.8184755033195

8.6 17.2 36.0 72.1
17.2 34.4 72.1 144.1
25.8 51.6 108.1 216.2
34.4 68.8 144.1 288.2
51.6 103.2 216.2 432.4
68.8 137.6 288.2 576.5
77.4 154.9 324.3 648.5
86.0 172.1 360.3 720.6
103.2 206.5 432.4 864.7
114.7 229.4 480.4 960.8
129.0 258.1 540.4 1080.9
143.4 286.8 600.5 1201.0

2 5 8 11
5 8 11 14
7 10 13 16
10 13 16 19
14 17 20 23
18 21 24 27
19 22 25 28
20 23 26 29
25 19 31 34
27 30 33 36
30 33 36 39
32 35 38 41

