512 3.0 0.0 1000.0 3 160 240 100

94.59618633055538 0.4577768307228447
0.5269708085019476 47.35376788855555
36.04141491405538 7.671256170510898
88.81680085625344 197.82004597682712
234.49199537199428 93.62156445688835
151.03961154302715 124.9905239314349
181.59073259276926 173.95156873985977
129.5194776916489 95.91187932596564
71.48131146356646 237.09040798364606
111.76286701615437 186.6213438513631
162.3622265076474 4.933907025300694
207.60800148996776 63.34776063248407
17.543498349792742 149.02001414854763
76.77562096629461 4.463103433304
14.501386028434094 91.32490374527033
55.19200565259555 21.20457817324392
199.1759459868849 18.264023995670314
183.05345651204811 138.9474847409412
178.59942389731518 177.0390822316104
220.5200497024587 119.20430959406606
183.721888028744 119.28000320058707
230.34726434021476 21.57509789022452
229.90174684278446 117.72168797886124
125.71260976024243 196.71084002747585
21.161893858407748 70.3744930153147
105.91816349286673 50.56316223216425
104.21590579316751 110.65376130598187
135.91732887422168 190.92389168376056
162.65471599691438 94.21384185759518
132.51842707714633 134.69944228914866
145.3018417189442 221.1849012367472
111.12894773015408 238.19823772493868
108.73975240368766 15.385231199015138
43.45249697542206 146.1635932880663
24.77278866070179 216.44880125343641
55.56474240591736 44.34989285321281
126.2110190446841 208.64605169399707
226.64309655402658 222.10576350605928
201.5183766291531 239.35291248040548
100.97674809739554 205.84790451224887
67.38275532039168 195.56478142764425
45.332252773083034 174.25228357824736
4.320552032023029 177.14012408345604
6.341404793395622 30.061611901645385
42.465580732363925 103.6997803986518
212.73128621752238 167.43117795261924
215.136314168988 1.9082314257537758
231.73270906830297 151.96696025236952
221.5311737998117 123.90191420259814
20.168072094807115 124.82860609856691
140.46360789256977 128.6316653854243
126.70299460405377 79.16629036186393
90.60702748043143 40.47867530922114
197.0682191042731 148.07985366120948
91.84781668453712 108.98160248928765
146.88320936407223 184.64344973169662
225.93986607467988 15.89755734036838
0.7722766353295274 171.3329709531693
153.21896385661523 94.71549868402491
32.45527738264692 86.07638828435421
237.90314752097242 155.9946113433719
112.91674886204625 54.638731644755026
41.54682658360906 116.5728321887064
178.69251297135173 87.2634128398053
148.9670965458484 7.413806446913362
119.59944391752863 88.32633933908818
90.36845122172329 154.56532858540731
162.4431435920654 77.26424792293449
48.361098187806455 25.482039834141656
220.9640419405615 121.42177207126085
159.45918671691388 165.85243067874637
209.4042407646278 187.68127772438388
3.0311964345867137 172.10435607303492
96.98960609820331 7.080936628486828
75.35034659712886 127.88062095566721
24.28317880403158 56.09834798948396
159.1019119204491 188.10176562439642
141.91905861979376 221.55864182689731
20.820124362801394 133.44558491340115
29.58359391685231 66.21464329678828
31.22250016620434 140.65907804504363
164.6682461721035 133.9774841011109
204.807940685482 120.53111639098348
46.41461866655672 243.53249068543929
207.49730146452998 135.57232399674442
6.15991501901142 25.36901461497923
122.80286063175927 56.71638435889298
174.81644862508412 8.422380098364297
113.4804314273132 248.11049003716673
206.8563535577006 147.20366035445142
3.277870003205008 188.7136312383048
174.6192015065613 0.9018974623318243
162.5189286014699 119.3606452903175
50.474430794194916 71.92877920186655
205.75810093877405 13.896536503860386
172.33844869146205 10.14989555623233
151.76328048279493 141.87688740271585
171.35090510627006 229.8970709645115
89.42663471569723 149.7222856986997
127.1128966406249 41.603370203012915
49.14483468249126 236.94082244634095
188.9815948228044 246.52294434842008
169.56807090110541 241.43283763215612
26.219314428183537 115.78924424921033
84.29274270940762 175.04887239338566
172.86991226450485 114.41956394151126
83.06892971644811 31.50429361139165
61.60411183180206 245.64389002497813
115.64344115615194 81.10170639802433
99.1466874562083 38.00616067270443
218.79052161439014 184.7467469428495
170.74243875796412 136.17554098915932
13.972151732817073 243.24918347737938
216.0125062694441 190.51117141749214
9.418692181756894 4.222845176648643
76.47866098397662 224.9268044855823
125.70598737949106 204.56011088991653
9.779103186595611 135.82758127512008
60.21213190952682 199.96443646139306
173.2843202394321 65.37641805952052
138.20264579031607 29.49320680705428
174.50262620744516 50.425415297950806
194.111775453967 58.60723715273794
226.45925444673094 244.54555385653438
114.36851047966948 133.7902873911509
85.28652975256217 192.46904985525074
145.23151120823877 155.69001843431747
167.4748280315754 185.11578512987046
102.7501635141873 50.28520068699269
136.6691777059371 248.1643000968637
67.79758239952486 191.09255871344328
186.39379674328063 114.95295751196696
51.50482107559587 159.90963703107607
128.48209837118824 184.80020490055978
57.70268221500663 236.51051617198058
233.3851268413825 225.32746812771882
142.82180658315494 244.00005329417064
159.35295402922125 136.31889222191342
147.55625989642488 97.1768764276113
210.0142608213049 241.32150376954522
155.34770864432642 42.55055886327547
197.90456602780725 223.18090511262838
149.09307713401645 49.551693386970186
216.0270429449636 161.0386220454999
51.29520555065872 51.52426583570538
210.35257163139153 235.38001920418822
136.1827244995402 186.78395394931192
111.36403831471515 190.58483455264656
145.90075013568025 167.70635738583033
169.15666135403757 222.5107746889904
59.84934759408847 239.19983832211022
61.34398664362492 158.57923292764096
203.9767171034911 122.95383321583067
114.8561603166847 139.0643092712512
44.96827041162038 122.9624816345831
189.92304372569922 238.58146599588142
69.49960760353824 131.71517305302777
78.2077616956769 149.82640328039844
10.248280301405844 50.67951617512395
122.60209956738666 37.88771279319181
164.3397773115332 38.49943997569014
70.85807689277593 198.78622684148058
235.20847957347343 64.91196151618777
51.15411209087273 16.105072353111982
193.6262800148556 134.7029906077549
125.07443106533786 71.44482324241142
43.752005448443185 41.909445566681995
179.24759625083345 80.75806579124773
2.2691195276194067 66.46208074593329
205.63977136787645 35.68963626093702
161.66941508561564 229.66733898966137
129.21299764335558 135.68264814467074
55.69629334880524 156.38077920469132
118.95340847782299 237.36930727659853
42.190593442128474 38.62021729097573
165.22389509370018 62.06897052853991
215.8219073605943 157.77095847872187
193.47522551581312 192.1929107727756
116.28559424369142 128.64256017290435
121.62510765024633 213.6717148498871
0.6740655561770503 181.0929851261161
27.820080928854214 131.68234218261966
137.06064411415136 248.59356863900186
239.94040479691975 59.31040423636291
18.131923859603717 65.1344688095386
132.52143433565524 242.79347005674194
146.78323229734477 64.82517816629176
154.91818873789998 21.14716726509344
247.57434665697124 238.848872846103
21.545936208821114 104.08017053783628
103.34473218374079 44.30224347192663
80.36032824791472 227.3216386562419
80.62119707785978 69.7712550382688
101.32064014999371 129.07677935905082
227.20527844943211 25.234629885848847
17.588602024632056 47.1588095057747
80.91052269121083 140.62790391820985
61.24407821313574 76.29416448043716
17.734552210504628 3.7393535793713575
110.3804881412939 176.8008688739879
241.35260291679555 225.51906916978686
217.1054346269004 62.448518718604404
126.39072788066794 191.0358166597284
181.02149947737234 33.453249562246576
169.427995963506 249.31170106903028
201.78771780073686 91.9343308491431
17.063461400781772 62.57573095871163
0.9246761975282847 61.45491465663874
121.6767536610111 69.75263797760084
55.13737465900256 222.61347293822178
213.087926595549 190.12250766999108
93.70050520797312 159.9165597727912
141.5496471277955 117.98271547189398
54.90365700812416 146.67801926607933
43.74813392419794 113.71355286472895
214.97411265050678 233.92668613114884
174.08518613152296 137.33266707486226
143.1189930933499 172.91975914107863
170.0614963330734 54.964359955787664
25.016411096838056 53.3677452289088
105.61354903982381 107.10673971424256
212.06972344643546 224.40200768777115
199.69068172651308 185.46225969726606
71.41853381163222 137.30740798700194
172.00030259538445 2.4387360081992435
13.585886849738271 138.24300739830815
249.77732202601274 204.87193593999987
205.91457727476737 56.91308010868051
11.20263257060175 84.07739424934701
104.17147514117752 223.32946067957732
133.004702535385 24.255576069331735
200.69506481962452 24.491684123370188
189.10825086158144 226.5429464980492
0.3937547190681068 202.20243570470728
140.24947582509253 175.2748726578186
125.5955025152198 62.15395769567314
217.6680693181108 237.0116932807754
204.74668002404243 168.65614715675324
7.124783476352093 124.04248029137332
161.59441702274393 18.37635014931488
205.80684623533435 244.7798050122227
141.92637887132597 71.23097072070775
177.96482309947842 232.89063991176343
134.6542740469939 43.63131989800001
196.12504795475297 180.2829697457175
97.4423525331842 208.74541957181953
229.71234224698497 1.1310164771257958
148.45045658477278 28.276914254932812
240.31328294641787 224.6854999711716
137.54730817382224 159.47891354280856
199.08541577788162 175.25944658179023
245.51294046996543 205.5214898252916
31.947317419186522 107.32377816181726
166.6653895946536 86.83710485402399
220.77951488053267 158.7284559613484
40.374668376169986 17.440491777890422
97.93678614499227 205.67740122323596
103.59831774279813 235.22393249859368
249.16685633197028 14.593973492212807
161.8291687672408 46.86739445144544
232.0389641004835 224.7284073722778
226.03830924582863 225.7912035268128
241.08351647622317 167.08599817475618
189.57939202679117 172.39944114190868
205.1555989995681 208.58935461387037
202.91773609757718 171.6645008634152
55.10920382101825 74.33317749111417
115.70240305149554 169.29797605706477
39.08816434013732 200.7968451494512
20.12902592083024 220.28667434904162
172.22201959110816 91.8397859010697
78.85632802674847 16.00663329984145
191.18679590809606 154.90721277442654
160.20032082723935 48.9187169105896
155.56944093387273 180.40536620900994
75.55214016034792 79.37760243679706
244.5711858990939 174.4228154790547
136.8846312391631 90.95776186496363
30.18278036789984 88.89268546554958
181.47725437724847 34.25793034496646
75.48816119568052 48.57840052185572
40.980654076241244 72.25709824232382
186.88656831240888 107.75396233315104
165.58007195540614 81.44148388734412
107.03419132242361 34.83109483185959
195.74251523815693 27.73401695058561
203.55126316189572 206.66187669209168
237.09538948579788 30.254589482081457
45.83322479112223 59.13226208088829
175.02581773387297 176.69530884961287
148.2783247207807 234.58262778521774
3.2315419081151986 179.20218468899557
53.980946630424356 237.6218078951362
38.79503338308016 114.75376704788418
74.0379231470975 48.56105051216233
43.58875442757443 77.10282698809911
169.59396328166898 40.48178885031412
7.365687137518534 158.4387443177453
120.69561939014365 230.16438437741456
53.99955904787068 130.33119911668328
123.96617903928895 9.72792495785857
115.86156728218603 140.10032880835215
161.17425334656636 146.36313237500704
89.01695032522491 227.38945027615372
115.68316937468751 170.4394115065281
19.3961363660827 42.47698160722999
54.88831225474286 172.35906487082926
116.93907577170262 240.87853148499212
40.53752307741365 174.47814451333878
66.2690557975171 17.21898451747328
144.19856819898988 32.13208259626427
198.3559450760779 65.69953932433448
92.43883955097395 148.52309551584128
235.06747310563654 133.32929852437277
97.54234717646135 113.51816306086782
48.43301531997765 23.869462411394537
68.81058761396588 138.0494425583615
2.802987578598759 5.136513818271155
47.2126760403008 91.68503556361546
137.05030208049004 22.744476657865388
20.821416523784915 17.806533152970093
64.47166437408261 126.11503942712842
205.51772904453082 206.5310584656949
172.65518165684483 46.60230094533194
67.00026606400522 109.67047765602474
155.23461315783283 56.21812544088109
151.65526583669262 90.43078357574119
198.36667300258782 241.24333724534372
124.87788157277998 203.8473191773805
66.49570270811157 55.308291227448045
133.29515085703346 202.14786073381237
140.43690878829543 190.59472703665463
212.656709348163 215.1161774239257
204.70464576073326 118.20953956072432
105.25764972284723 43.34090635151846
195.38023627457858 89.3429381844027
50.273207253855226 56.42750258379275
28.64666980163727 19.874961949584186
191.6541153872371 201.21470138032518
221.50828996545374 68.92587244783188
179.93054960447571 38.35219250798028
102.84896488322562 36.51798541216264
3.5731507043375297 227.00520526645596
143.6830581849304 222.5943421960285
108.05443587224292 203.54227863928517
176.8901045920142 87.50994157563285
15.225750893422124 123.98407967790124
85.35137472871912 20.87000491665336
196.79553787938625 65.4211671579376
13.538931756148925 161.1094455262978
76.47892957299113 144.68784994321433
201.50350312185472 119.40400932473078
28.42306783561513 220.52994041648304
34.85734031786314 93.39212065910404
56.09789300625323 50.08352539451799
48.198612668232805 93.56541744564869
247.21839161993063 173.33066688413783
53.817325016612074 115.88307856713107
151.34115480951465 179.49742026582177
58.17557938803944 249.53283354546198
183.09070481475194 56.929744592556006
134.87898203166742 211.78745315045225
53.97113722602967 30.586882899739265
126.27515916084367 55.426220871564205
147.71470106442555 202.0777910247296
99.14668315796888 152.46029609184896
35.220347270080474 75.62377283954092
168.28485761933374 105.4812414946979
113.02602512837872 143.81805358854433
53.63884930547047 15.231198323591045
17.008197028212408 52.716002412964755
130.59439097561983 93.82942241307867
182.34533502801278 210.05770199073163
23.33417039775984 23.029705793374795
187.0773841759118 79.91754976420087
192.11704031943438 196.19872603704596
133.29756519439314 116.60116013033573
160.8170191447752 140.30693959571047
152.92596499303417 86.1999166702673
227.2746070931946 160.18047316469003
216.3911177327231 10.658808064340858
66.41978356577948 135.33699505632015
96.65550742860573 249.38049918454507
18.487926863684084 91.6461630055496
41.8736139475184 98.84484356382892
223.7460894282198 186.65708407730395
72.02448682926044 5.3140216094270105
1.7912374806796083 31.97254471621258
147.79335865793365 82.42961208307467
80.52029872514377 20.073902218669364
180.25252175345068 166.8949188665469
13.939724200240116 230.79684238913106
107.76439431371332 170.7107087136616
97.64286350934259 177.8735408772488
75.78699206885659 105.99547038163995
234.80739001489965 19.950620460979867
133.6032842397391 35.80925502350538
154.42379883308084 233.7287366201744
176.08666402718904 119.76006324259428
28.9292110576109 13.868259026009715
247.97690910163843 144.05907871550477
202.41832347848032 98.36963540747995
1.2531211723693092 6.098657074029957
144.36708020343323 131.6035909119285
249.1170310409638 15.089422164378751
97.77922233279062 26.849516147035153
246.07013061812705 209.49527945129455
142.95962952744912 97.08248645320883
244.8872827723963 235.20193031285575
243.26694342326167 156.21840700646916
233.26367936717645 89.524121523366
202.9494417475794 227.00020580039046
234.07825429808247 56.59869809988935
109.00637928041506 38.22705503236909
32.32572257821239 126.27251180794741
201.09697520787307 83.6683510746804
173.0328058547509 9.413085134636512
197.76573967237425 227.73083881201424
123.9804214231617 137.09704084442768
26.845162958161083 60.16730253502073
53.41337125281956 214.16886514232738
179.86332264337045 1.9551680073656708
92.4064215091546 190.07683719378758
237.4737857910964 102.78657878699077
155.14379792405109 184.2745147383066
150.5957466736666 131.69771921105894
166.4891313373025 36.609885794186724
151.24182102561892 45.87202132356094
186.71140472615636 81.70891190943847
246.0724083087745 181.9890825736912
150.11272212150217 154.29875005640892
210.27363812534543 143.40267422646195
1.3455667908632563 107.2031358715459
92.90582575778977 128.26754484341197
130.67144773622746 40.533032131800816
237.95759789081984 75.81366278745556
105.51635574986162 34.73595103163726
91.02729308495616 244.0073781055114
229.65517344375291 209.33533613152082
65.67456917862174 200.2332180034143
40.603065462314156 18.676898881607425
8.849003348811168 91.69556945860823
165.56528441861045 223.5363125200877
0.9210102577352774 111.34493503492149
198.94785502242715 21.697225321540724
202.817487502298 215.13754482988008
64.44574142572567 22.304342924446775
72.13592040905928 82.4783775407748
136.40884169071217 119.29738175324836
139.41150799344527 80.57971170835559
22.640081447138943 94.67857345799263
41.26126746285597 120.36864550455576
226.65372076217096 153.65372408170055
178.41661055051233 210.7146108481719
123.21501523366993 50.823471502976865
233.90660486667045 210.16655821568392
23.91049376009785 12.015135226781354
125.7955274057676 187.74403540605428
106.57268809925601 244.02850959343007
167.383817926418 229.45661980509468
12.140501773451106 153.10845483597163
212.082775160139 247.0755408735525
195.1784401928603 18.35884485704592
245.47454871318106 44.55111552835267
174.84999025284395 80.8761554260426
240.84008290377284 26.397521097074662
186.5416632025627 8.165915302748989
63.076932654375085 226.27808649093058
65.62383049990775 234.03942077155756
27.19890314015719 110.61719726788836
49.786749997607046 46.93808746891961
59.84274242731216 63.21915585817778
21.48708640641145 249.78589546899755
36.70727566008916 95.43004443174755
70.11788367999125 27.491133242426358
199.02047632497946 38.750369682393284
40.14145077812234 75.71923102144996
58.13649600501042 21.34393206523977
242.47689819241634 121.96774109421868
224.0596085115959 31.47410582550561
143.8680279719586 167.08361446793336
52.49623718838548 179.3517981352436
230.1044200678277 134.2592072885727
151.5436866413612 57.94358778093323
205.05980659790916 118.70636511440652
188.06603515702346 232.86641161836488
142.27618756526428 96.55605117161397
13.73708372548585 136.85505038390627
23.201547288106667 102.94452845896959
9.132577038295315 216.8653560908204
199.21004493757147 187.6235772093524
181.24444321631464 8.553379956827783
248.65028966230884 209.6518452838779
123.59842264232319 77.89547235896777
136.7585823506625 167.12822420769427
169.09462769110985 202.8381137914204
209.84756238763975 98.97199133223134
7.294338905928704 51.756159648859764
105.4957772205448 222.56554635677813
148.56198557462406 52.02695865950655
54.85897562240857 147.65623781439905
53.413541062825615 102.05829065326355
163.14612000160167 216.68404779534498
227.92358989323554 109.0811084289181
37.77504470263465 53.35260744021997
217.72729628534952 30.1631441915291
129.7108039656944 27.939722175404913
219.3265909130834 232.92850710603219
92.38854809865904 183.00494802532955
132.84227063546115 194.0678115779012
225.46766734854555 136.07135555496401
220.69423089244287 156.26601708534187

99.17603142110359 5.828669957290894
6.947519320092576 46.00972321467076
35.5264763824899 15.441702496228366
91.42782610412722 193.06921357707682
241.86679366483605 95.38898273743798
151.54309843492098 123.01430903870813
188.36727193310048 172.9692670250424
134.59570292713735 91.78444186927464
71.09289594996123 232.13620262404652
118.20121610210902 189.2543728564482
156.38493402380664 7.744463040654598
213.4205239219007 66.74610777235388
21.666133726251367 155.70733868533398
75.25566809275752 4.274332366683037
16.67435625427638 91.14303013128314
57.95993249131681 14.553601932207144
197.2221617357819 15.331797760294974
184.26930254158884 134.34581325149588
179.6406993362513 184.32825122558955
224.98616787005784 122.44554970673089
183.71579646299963 117.72018935394746
228.6552623768619 13.45340681298815
233.61527296949302 114.40266448763978
131.51276377845807 195.19717619791027
29.48854301888254 70.68876553088269
111.44787391062854 47.821896949005264
100.15726726603408 110.34808227310685
128.4940164260111 188.3869660428898
167.9838784724867 89.70602084853397
127.78865368559545 138.9896527680996
152.59395615045295 221.75184277485982
117.13756113963403 232.62545935266624
104.03159759815716 14.933925983377005
48.24231938935769 142.71678133978372
29.30161876811041 214.8930614747794
55.96918095866521 35.90917536473792
124.97220167020895 212.7921401466489
223.0345367428362 215.11295162911802
200.60806209624423 243.20215466620886
102.28971739578857 205.75980507377886
67.49686681102627 202.34636352591735
50.514897063578786 170.65728744335652
6.954583537705061 172.77512081175897
13.488663159565151 26.474708475933724
48.72077407667269 108.89641963320496
217.84640372918923 169.52144233674355
215.28770217181588 5.131468291060898
232.60546699653824 144.93263970718172
220.3997875375592 119.67900396685863
17.435478774610047 119.78148836630231
145.1758734079363 129.37061040324053
127.68652073003739 86.42125332513511
89.12218558351104 37.697377070927104
192.92788435957246 151.03743369915068
83.94315971705966 111.74515745975674
147.4362549943381 178.57701385514522
228.49264570304902 21.634856286735282
4.577159004415715 164.29997847790983
150.13522302354738 89.4078599850959
32.24947538885489 82.923540600769
231.55241480485472 156.86197541971643
111.80501526136324 56.77185631117548
35.81906418864777 114.80267889370799
175.05985310359526 87.48291378091
140.92047435471702 5.221737393668851
119.65374669932358 81.3454458929086
88.9637370311225 153.02584229200605
166.8310735089108 72.04932583580347
40.680809491155074 22.90970449522639
216.3278631094237 115.95099965823441
152.9823414830247 164.2586833368712
209.25197823956168 193.87134629740714
5.810086287770632 178.7718765085331
90.03161870719632 2.417559445431289
74.0744006893497 126.50248771767158
31.16129087446426 57.61979337823614
161.45110544668492 190.88372141873944
149.67706414456043 224.97331903976814
20.08490485993375 139.0644005947506
30.591396443671286 69.77767319753156
33.465878406060554 148.59775795378826
169.43074639747334 140.90855116085802
200.3058778714303 115.19162527778606
54.342655094189176 244.92887936948645
208.93031226616472 137.32802514016294
1.7943662202702104 23.009801076270236
121.75158856338275 59.16103146153681
180.65042869624867 5.532063014973499
110.34601620981526 247.38098485365197
201.033275107384 141.08997202945318
9.38852294366349 194.31715387846816
166.83538743313204 2.739059886356504
157.7119550388979 122.4120591386354
57.837910915048276 74.48056981065932
201.14165186453752 15.741265523871533
168.90278867230853 11.088283186483306
149.1704611123608 148.41405261923686
165.34750132872932 226.03846209420345
83.31739767444441 146.23553938333498
124.85482447205118 48.66864179939803
41.45803289223729 240.38316781491565
191.91309352265878 245.58463037876328
169.18452333386878 240.8658543981184
31.210859061383907 111.0722784094688
87.0852260258167 174.51308383706393
169.0662245289279 108.93569925787567
79.6077177384083 30.028112712779663
58.55867977279247 239.58869330043626
119.2845924730123 80.95651670999224
91.34452665807089 35.88156673399945
222.56019650126206 184.3426627996916
175.49222009379116 140.93588714221386
13.141095457578079 237.0327589256805
212.96233742746236 183.01472903363046
10.503140484777878 11.818174761015793
70.92042895003439 223.92255973795355
127.74435509754656 200.79929458951548
2.997441490724145 133.40888733682533
60.73472310463438 206.9720991700594
168.30144322152017 61.12070350920354
143.62970155268098 30.209662743541227
173.32401779764388 57.16569678235903
198.43568304311682 55.39381846765379
221.7986451250312 243.09593725453902
116.37722276966167 133.69577940828918
87.5521183713813 184.61106616620438
139.60354436828365 154.76966554036667
174.52523268721075 180.83574603003674
97.34478766001736 54.5852572227111
144.9341874521508 246.53084462828224
72.13440128231532 197.28664541215824
192.96626136849255 114.37379243866405
46.14312774562981 162.63181056123236
125.34438251912505 179.08729585242617
54.6515635267594 230.93793682402045
238.2923131361963 223.38186461197927
139.29035928036214 240.10720579049692
152.97732059295745 138.02134230229888
143.47053088333897 96.79918457679024
215.4315420626332 243.09450076494343
151.0014514067989 40.375800034881365
203.54577100956163 222.08377121807672
152.07847098880774 44.98527812751432
213.49594871863061 157.3051727895361
51.58022507309604 43.62558616390938
212.2222664242493 235.4277963075308
139.89961538095213 190.1156315056606
108.62145384639696 192.4623448151737
141.2626596967479 171.35963976276392
165.488614682582 225.98531440009674
52.84531152946989 236.2044869481882
64.4456174267864 152.9538625484546
198.85092277742257 119.35993956488403
117.49486737404882 136.6721315792965
48.47378213918388 123.87529326193597
183.68340438125696 236.89890563013907
71.88682150396156 131.2776664850293
77.59829024309705 155.94536946282207
13.339926170713278 54.40676103420702
126.23815847012554 34.10710666070724
159.0056832592043 33.83945498359731
69.31576256927224 204.9530859149233
230.86120768755165 61.099493165390065
51.90766486806392 20.5156378023085
186.2060785447469 134.2884718706185
117.00361636887213 69.90710792095372
44.61464686783828 33.58709441528521
184.39513008071208 78.05532046617685
7.093655067869936 72.84976714133931
202.4715319734408 29.762909887301515
159.18517922886306 229.05582672876798
133.28566093285994 138.05336529106265
57.55850488348779 163.07493135054898
117.41229506490671 245.46503065789187
47.539826173420536 40.269473194688516
167.24307438114766 65.17221172530216
217.62593724730883 164.2982005184022
197.18910620008157 185.2905173659317
113.18383417440081 129.65148926205472
121.16051710859537 219.1386237281113
6.457413120336514 181.29602114564926
24.252791417721852 133.1843056665617
135.92807784235967 241.9337876999781
244.63128817625213 53.718084867843714
18.525219236976366 68.87167296763342
140.3525423118258 244.0207621860529
147.62835341023083 63.64177886653205
154.99385915295795 18.82053934985839
239.56363865201138 240.70549341844165
22.170678256378835 102.86773066546925
106.84689804916583 41.11446753412465
76.56305269392332 223.8726158178448
83.51202776040311 75.60071362993511
108.1176264161044 131.3116303212282
222.36395862580073 23.89137073119435
18.227950849632023 43.20041567905819
83.5887901328485 135.1546518292628
61.58220313198248 71.12566116967176
11.729895237324428 2.8349531497395555
112.55068288063705 176.28848362259885
238.76755712795452 217.63848044746547
217.85232742141707 68.58042016315277
121.56910140121988 195.85299370554537
183.8585246604458 39.0498483454243
165.08715830614338 244.40440627431602
201.9594826657948 88.31806720682259
9.38312239037764 62.168838308796936
6.455276555374978 56.60189074029706
129.01319727346927 70.43892395153587
60.303773314537345 228.18248034533167
207.26226232419435 187.24512797628134
96.89624302176009 163.39191602696593
141.08690141064898 116.6893441168029
54.80782511198659 148.3938068466054
43.87323177367988 116.27963396072994
219.98110828866166 240.50777038401657
178.1139392261925 139.2518146385609
145.34725211638658 179.6538455699155
169.28830827858712 58.55917238803327
33.0108603774934 55.84482214617881
106.40737675446871 108.52302292814056
218.59727019923017 221.2130940557928
198.31402764759125 187.40972495053876
75.85542281237942 138.69857170046345
180.32852859337157 3.087150756265533
17.847753672861067 142.76412479699334
246.16824712744872 204.01023233111312
202.23595678549333 61.56786049880614
11.501742873678639 82.23158840140479
103.8401189660855 217.77166836882498
136.97230347273216 17.288602632199307
196.31431694730955 24.11788767030795
193.28501204132877 225.06015545267405
2.343061944189151 200.63737799653921
146.44874337027252 171.34429166020175
127.68179883368455 60.33847278410981
214.45076848598885 242.0543524311251
210.19554655598625 173.0970217580454
5.589162960587174 120.85180215253727
159.6453068701405 23.732567760533424
211.10113383914052 249.0178912805616
137.9628178645221 77.00900447260761
175.97088496201252 237.81271420402197
127.34418482989123 45.61891806081239
194.75257270583924 187.59908595911165
102.27677206496064 207.34032787368997
236.97100568239583 0.7644914413274251
153.70073246753356 26.796775644855497
240.76260017653536 230.61676471333553
134.0635778843904 164.63100416678415
198.92681126751225 170.79863673725762
243.97379561175697 198.13163282157637
30.341540511081455 110.38870422873157
171.92385959385336 92.94647251792485
223.30245956732395 151.70411317413314
41.14394669527707 24.56642444873364
102.48021994871372 210.50338028311114
101.35967869194367 231.11009025965797
246.16234368325541 7.108610989884162
164.29920771492257 40.28338881221341
226.4980001626617 229.15494720243427
222.61539577941332 220.38267588737943
239.55863955833888 162.859610128509
196.70677814427202 173.0189776131177
208.43415998877518 211.114961553046
206.06656608997068 179.2429590344356
56.54821835152302 70.9427034939013
123.0794848659163 169.43282317104325
36.816284487386774 206.0267249078232
16.19120358694176 217.28168382959504
178.75211021177375 94.76525206978783
81.2147725988144 23.313854884745467
187.19786437040986 157.77734660725665
162.1385296537182 40.77745862234816
152.26568035906945 187.18199431361762
76.08201264996126 73.48066540156157
243.84861451195923 181.72053300774468
139.30929309533585 87.60884461382865
34.374203844640874 88.70174436413366
174.70013232593487 30.22285325493193
71.44660007610828 44.01384075119094
46.265601529285135 73.14410240268701
181.51761832599237 102.74159303050872
169.13596475296526 86.90987585297444
102.61383330413886 37.85904698978304
200.48897464100236 27.121785818703227
200.00793923122168 206.2922311077742
234.97797662359667 36.798342934439844
44.69130189248061 65.54198269106567
171.92949394160993 179.79314988555234
142.71583853244414 240.9187370056585
8.21821108330334 182.76813780106605
56.386936024887454 235.51769844354465
36.353732706136455 111.1472438725263
68.0498974892293 45.61199412488987
47.39897461659065 84.63180427562008
173.40019402409294 43.539374101878806
13.427479162495814 155.58566295126386
123.36161523054095 222.85897769133703
54.24910236070984 133.6422892123466
123.34189919476205 3.7426821599539917
113.35783036640763 148.114431521229
156.2584327122329 143.67360094857926
87.2014151804294 234.22645696778173
115.05844925316924 173.47409059165318
16.218499434434154 44.57082966868781
56.04283302917074 166.0157462291906
123.27346247661039 246.29427235777007
39.26040967905009 176.51770868515865
66.71333191923264 21.52908019777125
140.07524291094467 28.078354371841613
202.02868387557808 65.85753210618225
100.30707441495257 146.93229142788974
237.2334961841898 132.71613311299674
103.69664592388878 118.02121363434867
47.62820503949477 19.52538186870731
75.03609154930982 133.1653091887366
2.2689235352030543 6.109142161075193
47.54851422880954 100.10961485315667
137.09106779237737 19.118091147807963
19.626672292252177 13.544357214111818
67.45489471154087 126.50154166477142
198.36206275196588 205.89093626650276
166.09395029215668 48.92635659792044
68.18251176786421 114.58943976792837
158.8185229725252 52.17595131234592
151.6706863323029 89.32802892149255
195.33556495846142 246.61652992395886
118.9658921089011 203.26691355193543
70.06099182925749 58.69869512034065
138.37230040097558 208.35385757432593
143.60509267861698 193.5922983865888
213.5745583783771 211.73011853727337
205.72230920337995 112.58915142537074
108.60029374090757 41.39848921026812
190.7339117249916 86.60015698990223
46.5171800937641 52.92834783081593
35.207199101354306 15.17089804887814
189.94016817861538 202.73215306855374
216.55433956076405 69.20873422337145
180.6491664151016 43.27883957527398
97.64342074219806 30.286888360872176
6.880475038356232 231.07395750246488
146.17492835590423 214.96091985356583
107.46461010017333 210.89558084475368
178.59497710984397 89.83431851689228
9.611539330320134 121.71344923051791
77.74912550870594 21.794582282966797
200.03280726030422 59.317821779001605
10.83880071832166 166.4005611125964
79.87322850516942 148.9434071435102
195.88448196421686 116.34586913791168
23.70821790448552 214.0415003929325
37.156221480647595 88.53928216627088
60.80160772728821 43.55065920613474
42.505466487528814 92.48370707629597
248.31588827465416 180.06583898727948
57.055739735101255 117.29581982007123
145.22427607983778 176.37577863856367
62.35206042350841 242.52857380578598
184.1887375425134 50.226957938319686
137.83446016977615 218.23313734951793
54.9373063232472 27.669832134627175
120.43490910116006 55.160612816714526
150.96301448302802 198.12060661240125
100.95544307459726 153.86370128444327
40.6981505660651 73.06160762891825
163.48895775588383 110.95023152395724
117.66749367949875 141.20223839514856
51.08985376941 18.88518103114198
17.744159421762994 54.0775641109949
125.28609401576391 89.81378154422879
181.3345777333974 215.62962646901573
21.738016017964686 21.50878631476616
192.28090206885133 76.32251449361738
198.28152679296133 190.89303710177379
135.1373060128082 120.6032230771866
159.95594182420294 135.05191547492592
146.68797660979791 90.03383558043559
219.61742820380132 161.18140951127202
213.05672840111862 11.00729032370093
59.08568776078535 136.32619116218015
95.13404834431421 245.2230813777494
15.850542622653563 84.627852111501
43.84226200394595 99.50805424670278
217.33986105674484 185.6735666122097
69.52870676609405 3.94619080186645
6.43039813549795 37.48909487123353
141.0570469091707 86.78509394317446
82.47491433519663 16.147222749299445
182.5569950511303 170.32667630959625
11.11253026247891 238.19470327970055
111.30547040960131 166.69746093599178
96.20574267585228 173.50954921133183
82.16341285478477 103.39266222497373
234.99806536109335 16.43780500013453
140.5230491940424 31.83378107712781
147.4452960268723 229.27000478176444
172.08639953762213 116.58174552600985
30.35298455994773 19.64284222399504
239.84824935593812 144.00193473410155
201.465949205638 96.79175854409216
1.4614427757988213 3.7405229184575006
152.50535829476408 130.78622957056731
246.8296839654074 19.267803364821063
91.96474008502977 25.447570318960665
238.00585210922844 208.053881629672
146.07584292000718 91.42813240681835
246.49751891644075 242.15866308014415
239.28123692860984 160.8125722343131
228.33187156693413 87.76102080669004
202.10399197234293 231.52550745185104
238.62938294745163 55.245462881129555
103.91021482125068 32.53585153289185
35.880601493262084 124.81646039546406
193.7007812355004 82.25142144822436
173.11852016354354 2.446648886462288
193.45826064754453 221.2450285978452
130.77273399001638 133.496296483834
22.371217332751797 56.108062069333634
48.25240781080375 208.18941989410558
175.8244380549807 3.109537498814152
98.38681112277281 189.97279502740054
239.23402572396657 102.70015588302553
153.09823989351847 181.1196282084665
152.4175280277843 135.09592178359262
170.8509732746902 31.750953505470136
156.3722348108068 50.55152952715689
187.91365781363322 87.92911206576399
249.96215777223247 179.82807031083303
151.94251175049754 162.42120516277075
205.473470046207 146.4362736122307
6.437209344603179 112.02705143486591
93.855909012065 136.00643264066017
129.60578475208771 41.12808354418876
243.29125875782117 78.00467332118438
99.53001425094979 29.218925751359787
85.36056401221998 247.5330791276885
235.0616532661136 203.794954987048
73.12084153599032 201.00315265523037
45.571820666287955 12.916013231378532
12.39137997028611 89.52436934965533
170.1535797215491 218.87897382115014
2.2389651927313126 109.68110483042892
197.54027491789884 16.847996244795244
205.7814578264328 220.6594505956146
65.7361222678872 30.606870569636513
74.38942004620571 83.6494199788494
129.86552006047378 123.48971316483548
142.2686040857923 81.054901005469
26.009307942310517 100.8085931745487
36.30159112156009 113.61214931125282
228.43315603955517 146.39882748704238
178.88263269752935 215.21747589293483
122.92619497294707 51.18067356741213
231.55922137617566 216.22533857728817
28.990759180512025 6.416623298652863
121.83281890832068 189.6109760748991
106.92261348879222 245.17501428319522
168.10892277221132 232.71916561082685
19.662414382908665 150.2906329930319
211.4428001116201 249.34136101165768
195.76613251782234 15.274040727671467
244.8699259649366 43.301386029375664
173.74240206781823 80.9773297386012
235.54419629675849 28.827999353101873
189.6534659673957 13.006006902264694
64.27828052267995 219.99599423678708
64.79526435362895 229.78103566374782
24.910453348096272 116.97705453638108
44.199903110689384 43.53164453079547
57.533409414341904 68.64716694979577
24.333072200418222 242.3168726035033
40.040445272552624 89.79585950613922
70.97153246775505 22.847330207476645
204.43600249636486 38.85267708044993
36.47128963145188 70.2177508298849
53.06922651659279 17.652629283367695
242.16934023549268 122.02245981676363
225.6248737502407 30.322589478068622
149.71921124265495 164.57444124846663
54.42280868759333 180.4867293291697
236.077489575781 138.04671384914957
152.5002337702551 53.94963795614821
208.9951979464672 114.5356142879437
189.4458263433771 237.3996577271485
148.84939085316958 94.19948830158819
6.161786619587634 134.1179740737409
29.804694580112812 103.91932366677692
12.52909104384145 210.5117908388786
205.66233624873564 183.7873178868971
178.06580212555863 10.08453442879173
244.82164005925864 208.10309220105736
121.29078059522317 76.37848183932789
136.69893679314737 164.0039772745766
167.9970644346208 194.52047653574488
212.9456973756767 103.12936932263247
7.04226222143034 56.08808835959833
107.08399706581872 229.16699848120504
151.9132182412201 55.66658833743296
54.641889307673495 149.6711616836687
54.66756242973289 106.22748886365932
157.03565720314543 211.36839977426536
232.34067139640817 104.01415577576995
38.99760155601492 54.05478576637013
223.2732348733091 28.538180546956866
126.37460053168054 27.233833200758923
216.33889630781508 229.8816625190979
88.00016504187406 186.99434535987467
126.4524615563683 194.70533083848315
220.44044068957655 135.6708800117359
224.5848377688486 158.68083619640726

229.4
51.6
86.0
108.1
480.4
154.9
137.6
600.5
143.4
72.1
51.6
432.4
72.1
260.3
229.4
600.5
103.2
600.5
137.6
108.1
154.9
86.0
206.5
172.1
258.1
103.2
540.4
144.1
77.4
17.2
432.4
103.2
480.4
36.0
103.2
144.1
480.4
103.2
432.4
17.2
286.8
143.4
129.0
432.4
540.4
258.1
25.8
103.2
86.0
34.4
103.2
68.8
51.6
137.6
143.4
172.1
68.8
216.2
324.3
540.4
600.5
432.4
216.2
129.0
34.4
129.0
86.0
34.4
129.0
206.5
34.4
8.6
72.1
600.5
324.3
480.4
17.2
480.4
129.0
68.8
286.8
143.4
432.4
286.8
68.8
8.6
137.6
108.1
288.2
51.6
143.4
432.4
129.0
260.3
77.4
72.1
216.2
600.5
258.1
17.2
77.4
86.0
288.2
72.1
72.1
480.4
114.7
68.8
72.1
103.2
324.3
36.0
103.2
216.2
600.5
540.4
229.4
258.1
103.2
172.1
17.2
86.0
68.8
206.5
540.4
480.4
68.8
68.8
86.0
129.0
8.6
540.4
480.4
17.2
72.1
288.2
103.2
34.4
324.3
172.1
258.1
480.4
34.4
324.3
258.1
17.2
8.6
324.3
114.7
480.4
103.2
324.3
229.4
288.2
600.5
286.8
129.0
8.6
143.4
324.3
258.1
288.2
432.4
432.4
68.8
8.6
129.0
286.8
34.4
432.4
51.6
68.8
229.4
8.6
260.3
17.2
68.8
260.3
143.4
86.0
260.3
72.1
77.4
8.6
17.2
17.2
229.4
114.7
68.8
77.4
103.2
72.1
17.2
540.4
286.8
36.0
258.1
144.1
288.2
25.8
143.4
103.2
286.8
36.0
288.2
68.8
286.8
86.0
229.4
103.2
51.6
229.4
86.0
432.4
229.4
229.4
288.2
72.1
143.4
103.2
600.5
17.2
258.1
129.0
17.2
229.4
34.4
286.8
540.4
172.1
36.0
600.5
17.2
600.5
68.8
480.4
86.0
324.3
540.4
540.4
103.2
288.2
108.1
137.6
432.4
114.7
600.5
68.8
540.4
432.4
260.3
432.4
137.6
216.2
154.9
36.0
36.0
36.0
260.3
260.3
103.2
68.8
34.4
36.0
600.5
72.1
129.0
229.4
206.5
103.2
143.4
143.4
129.0
137.6
36.0
114.7
114.7
103.2
68.8
480.4
103.2
600.5
114.7
34.4
25.8
72.1
143.4
34.4
34.4
17.2
77.4
258.1
258.1
432.4
129.0
34.4
324.3
108.1
68.8
114.7
108.1
34.4
103.2
144.1
288.2
103.2
17.2
68.8
260.3
34.4
68.8
103.2
8.6
143.4
172.1
129.0
143.4
34.4
172.1
206.5
108.1
258.1
51.6
432.4
8.6
600.5
34.4
8.6
68.8
137.6
68.8
77.4
324.3
129.0
86.0
258.1
114.7
144.1
68.8
68.8
51.6
51.6
8.6
51.6
154.9
286.8
206.5
114.7
144.1
229.4
229.4
324.3
86.0
34.4
51.6
51.6
137.6
114.7
72.1
229.4
154.9
34.4
600.5
103.2
68.8
51.6
137.6
108.1
25.8
480.4
172.1
129.0
286.8
129.0
137.6
17.2
144.1
216.2
324.3
68.8
143.4
25.8
229.4
229.4
206.5
206.5
34.4
72.1
25.8
72.1
432.4
129.0
540.4
103.2
480.4
51.6
260.3
34.4
114.7
432.4
72.1
154.9
480.4
103.2
144.1
286.8
137.6
129.0
103.2
480.4
72.1
17.2
206.5
51.6
480.4
72.1
34.4
260.3
216.2
137.6
51.6
25.8
288.2
286.8
103.2
77.4
143.4
51.6
17.2
17.2
68.8
229.4
108.1
51.6
17.2
143.4
34.4
86.0
144.1
36.0
108.1
17.2
324.3
86.0
77.4
86.0
114.7
480.4
103.2
432.4
17.2
72.1
540.4
143.4
137.6
260.3
480.4
286.8
17.2
72.1
103.2
34.4
108.1
34.4
68.8
103.2
103.2
600.5
260.3
154.9
480.4
17.2
286.8
68.8
260.3
216.2
229.4
8.6
600.5
600.5
34.4
17.2
72.1
540.4
143.4
108.1
17.2
68.8
144.1
25.8
68.8
288.2
68.8
114.7
288.2
68.8
114.7
34.4
34.4
540.4
17.2
114.7
288.2
114.7
114.7
86.0
25.8
258.1
144.1
103.2
86.0
68.8

8.6 17.2 36.0 72.1
17.2 34.4 72.1 144.1
25.8 51.6 108.1 216.2
34.4 68.8 144.1 288.2
51.6 103.2 216.2 432.4
68.8 137.6 288.2 576.5
77.4 154.9 324.3 648.5
86.0 172.1 360.3 720.6
103.2 206.5 432.4 864.7
114.7 229.4 480.4 960.8
129.0 258.1 540.4 1080.9
143.4 286.8 600.5 1201.0

2 5 8 11
5 8 11 14
7 10 13 16
10 13 16 19
14 17 20 23
18 21 24 27
19 22 25 28
20 23 26 29
25 19 31 34
27 30 33 36
30 33 36 39
32 35 38 41

