16 3.0 0.0 1000.0 3 160 240 100

140.4719257773127 90.44206443429891
53.86545985142274 154.60792565049147
182.1073447436858 206.31191836284694
200.45022101726678 223.8750619479814
191.60063996574155 61.00247318942026
122.18940435736917 130.08856005642124
86.33793805113282 172.93915386098982
191.46211094095756 89.03305932669431
112.48654315809517 198.29784673723054
52.33768724603255 45.76987126117382
29.79952891597343 88.91471356044659
17.202000297138003 202.4963804330217
103.60156220795214 161.61143829372705
94.42862419453773 114.5103908552285
161.36100013765503 28.592418305458196
7.485750076988124 100.5265820708657

137.08644816489692 96.2867308286202
54.002876436250986 161.44253764128484
182.62130480571759 206.81141221411238
193.61820110611686 220.82210619038148
188.2860546748682 68.73894778041958
123.51334877763767 132.3409988594699
86.41002877357354 175.57617886798937
192.72626224067088 85.7075159797084
110.49514918453434 193.42643691127182
53.1713716221065 40.758858489286034
38.0723524707543 89.61743192336132
16.32220577226179 196.2496747787434
96.51334524529781 157.59469290209327
94.88674111877488 121.82619761202923
154.1006351111048 26.89144004127955
3.4824023004783045 97.01575007007307

242.9340636390159
1014.4453006180491
755.2927534259279
374.30417734598484
675.4141633685817
882.9087803084366
632.8739034679734
259.5143044030043
1078.632853292475
877.9187303002512
311.6415236396026
105.2895866284611
643.5141031742388
1005.728295734557
627.1068379762579
609.3957703446196

8.6 17.2 36.0 72.1
17.2 34.4 72.1 144.1
25.8 51.6 108.1 216.2
34.4 68.8 144.1 288.2
51.6 103.2 216.2 432.4
68.8 137.6 288.2 576.5
77.4 154.9 324.3 648.5
86.0 172.1 360.3 720.6
103.2 206.5 432.4 864.7
114.7 229.4 480.4 960.8
129.0 258.1 540.4 1080.9
143.4 286.8 600.5 1201.0

2 5 8 11
5 8 11 14
7 10 13 16
10 13 16 19
14 17 20 23
18 21 24 27
19 22 25 28
20 23 26 29
25 19 31 34
27 30 33 36
30 33 36 39
32 35 38 41

