16 3.0 0.0 1000.0 3 160 240 100

13.71020704883813 118.91659828864326
86.06945765677848 238.4665006082891
204.77443421222182 25.800193782819864
2.761922489567442 28.29639613304988
54.570460305649384 171.44549080078517
23.878973360835857 230.90052313922368
104.67549955610342 213.15503256021
57.933562683567445 136.63518234311843
206.2721294351152 139.17658430082915
4.965085100289785 153.5990438928975
19.901152372258895 138.39152159644058
144.95403852211064 119.1316007849009
171.63570433471043 152.05586304480053
113.16656053954918 57.067460404807925
170.86295680750933 181.48354816525043
163.81086589363196 33.867603003632006

6.9830233277279055 120.68302936645273
80.31190277115569 242.23698891860565
205.21132894593208 24.279121233226842
9.95742320695614 25.10115809539401
60.142516302367554 169.6848259903216
23.654282698818335 231.14053742587564
107.7921783931092 214.49974271240478
54.90614277408248 130.621587386038
208.08156472736508 137.18563618499118
7.635047586950633 146.83127939157765
17.371599903110656 144.69440468550715
146.55892686166243 117.55646266387359
166.45019988715896 151.43528579572637
108.52348793194419 52.07343848656021
172.40645911403325 184.88345349399506
157.07189415467369 29.779527524509824

507.67300668454243
956.2713780417884
68.25407663758119
312.7890906350475
447.4975364149504
1102.1498972203117
604.0316904665485
418.6396534169334
60.04306847021208
980.4200341638962
186.13216561522196
264.1821882137764
294.28969503682896
1146.4757528792634
493.6638067930453
1091.0520668532818

8.6 17.2 36.0 72.1
17.2 34.4 72.1 144.1
25.8 51.6 108.1 216.2
34.4 68.8 144.1 288.2
51.6 103.2 216.2 432.4
68.8 137.6 288.2 576.5
77.4 154.9 324.3 648.5
86.0 172.1 360.3 720.6
103.2 206.5 432.4 864.7
114.7 229.4 480.4 960.8
129.0 258.1 540.4 1080.9
143.4 286.8 600.5 1201.0

2 5 8 11
5 8 11 14
7 10 13 16
10 13 16 19
14 17 20 23
18 21 24 27
19 22 25 28
20 23 26 29
25 19 31 34
27 30 33 36
30 33 36 39
32 35 38 41

