16 3.0 0.0 1000.0 3 160 240 100

220.11363795034458 82.71130167276274
80.64771963739328 52.980657525896454
191.9196093453452 198.27472116166066
169.21113963286444 158.288617059886
199.23413440692048 243.4564898081039
222.43954634936912 219.35984648195102
81.36115230489521 190.80219778662538
196.7452057940637 131.81570157941664
29.46855883273963 142.85462688486197
134.45857764992184 46.03277917029014
73.06300398208882 133.5233208406183
185.91363863581935 117.16418578855836
35.31460224398525 171.0283110661527
243.28890951002134 221.2115011197385
68.30874146130894 65.50426274471816
213.63039278728982 15.161794907761344

215.39611391988296 88.48886552730681
74.50628413716767 48.77441096509735
187.8921657957162 204.3275105088663
173.82336853737985 159.88675814010543
197.96351705085118 249.39480871497483
215.66508834941666 221.17732180784517
83.68815178255917 185.9351034420198
189.67561606301075 133.43686546423612
28.91837277899212 144.92160418589754
129.56477152689504 48.714244530175755
77.45563272237219 129.96708838261324
179.23763935929418 122.0241635187951
33.35925724158387 175.97297944923926
236.86688085295052 225.64287258545937
71.24720702054935 65.04024045850781
205.82582253139918 13.549555052024182

203.03934792256047
34.93898263947558
44.85626094474801
927.586944035369
210.7035069676429
150.08485751806026
112.62781166158327
832.9194048492448
1086.0678572968063
960.0064745205196
814.5561006611416
1103.4815223024993
793.9279649428762
971.3375082328128
1131.136131678586
809.937144533793

8.6 17.2 36.0 72.1
17.2 34.4 72.1 144.1
25.8 51.6 108.1 216.2
34.4 68.8 144.1 288.2
51.6 103.2 216.2 432.4
68.8 137.6 288.2 576.5
77.4 154.9 324.3 648.5
86.0 172.1 360.3 720.6
103.2 206.5 432.4 864.7
114.7 229.4 480.4 960.8
129.0 258.1 540.4 1080.9
143.4 286.8 600.5 1201.0

2 5 8 11
5 8 11 14
7 10 13 16
10 13 16 19
14 17 20 23
18 21 24 27
19 22 25 28
20 23 26 29
25 19 31 34
27 30 33 36
30 33 36 39
32 35 38 41

