16 3.0 0.0 1000.0 3 160 240 100

52.56535481318006 138.13403234368744
5.106238412318332 34.628991265804515
137.145398859191 78.03018637078645
100.74636096031209 113.69725566514327
64.636545211351 6.319904484426625
19.240395285084755 195.67455167402295
206.36818312017755 39.06928586129488
149.23639221451603 34.040564315816425
223.79846922620632 189.0066384442136
118.16461801858341 113.89272096717762
55.449824169811066 173.4666769482431
237.81717917512012 171.29694391078263
25.088684741142814 145.40501167540108
164.85104455944378 144.17621880504572
55.18071347298795 57.977347798235826
106.8236928272487 83.69114271993413

52.8676448162736 132.3691301586665
8.957924685554536 35.499658406850266
137.20262584186642 73.6725342845907
98.10229125039521 109.28256377753301
56.46881853083172 8.494017860396886
24.138327434131078 194.48695621399978
205.12562054591731 30.749619101013177
141.25533430939782 32.70085790833141
219.93001947914777 181.60712288176455
120.24991934243154 113.65275118033152
61.294384035637414 175.3926818013411
237.09667911651243 179.58165266180706
20.484057925564457 139.00983717875235
168.6533353405589 150.22458423959947
60.50033367618493 54.868341794130274
113.89922083608731 82.90576199397323

313.10396040345626
345.7064709380007
1106.5207946672053
820.3726298583975
1042.2024850618902
412.13471342226063
314.2927474257621
178.4409362860247
949.4988768175997
387.81890286386
1026.6480764962798
1177.898397862972
970.2964299605474
856.6425441742246
63.47932398333494
163.2134379548382

8.6 17.2 36.0 72.1
17.2 34.4 72.1 144.1
25.8 51.6 108.1 216.2
34.4 68.8 144.1 288.2
51.6 103.2 216.2 432.4
68.8 137.6 288.2 576.5
77.4 154.9 324.3 648.5
86.0 172.1 360.3 720.6
103.2 206.5 432.4 864.7
114.7 229.4 480.4 960.8
129.0 258.1 540.4 1080.9
143.4 286.8 600.5 1201.0

2 5 8 11
5 8 11 14
7 10 13 16
10 13 16 19
14 17 20 23
18 21 24 27
19 22 25 28
20 23 26 29
25 19 31 34
27 30 33 36
30 33 36 39
32 35 38 41

