16 3.0 0.0 1000.0 3 160 240 100

60.08281656393777 217.06917234053196
116.87048806443114 16.860478700813612
183.2455931439577 155.5720795431306
35.11733414100029 176.17663331858967
110.18855532762517 102.34203840704784
169.88485649923746 177.44709893441305
100.03280847178966 128.63089513643988
6.979564377362135 181.6555415983428
156.37438907036184 63.23517955777921
23.996621681103196 52.34729734784235
37.44843901932979 145.85667901474562
53.88582883014698 89.49195338621288
137.11214326970818 71.58033348721376
169.06346895785381 110.93559821648913
160.62070509616422 212.34431847428257
54.43130577571259 237.37672355825276

59.23637173192042 214.05342182829702
116.45242230699296 20.223504222489197
180.8474184769608 157.804760076255
33.31755970790429 168.54715548825388
106.21769988146416 97.13903372835463
164.4127856589595 183.77783867775392
100.1353325930684 126.66208363675632
4.778867788909402 173.8942402785496
151.18404380407117 69.08015922077132
22.5229513193754 53.07377717015191
40.56258191425674 146.15909764655967
52.75579645691625 91.77402306191057
135.37759975104882 63.691523816316845
167.09226425197613 112.80614588211246
161.3417193729111 206.2547405905815
51.89581195887713 244.02964876717033

1142.9109589729637
966.018133725979
1184.4509564903194
662.2477764356269
118.95028207946572
51.099816801001325
355.67756707830296
698.7060437830046
309.3508855139774
1055.3884842663865
261.9155981338691
994.4159399368921
1097.4054061731454
542.3111503694635
1078.4263149501628
444.20242371861093

8.6 17.2 36.0 72.1
17.2 34.4 72.1 144.1
25.8 51.6 108.1 216.2
34.4 68.8 144.1 288.2
51.6 103.2 216.2 432.4
68.8 137.6 288.2 576.5
77.4 154.9 324.3 648.5
86.0 172.1 360.3 720.6
103.2 206.5 432.4 864.7
114.7 229.4 480.4 960.8
129.0 258.1 540.4 1080.9
143.4 286.8 600.5 1201.0

2 5 8 11
5 8 11 14
7 10 13 16
10 13 16 19
14 17 20 23
18 21 24 27
19 22 25 28
20 23 26 29
25 19 31 34
27 30 33 36
30 33 36 39
32 35 38 41

