16 3.0 0.0 1000.0 3 160 240 100

231.9405322046638 241.52160043181306
165.41962446921679 158.0211184658789
66.1949821434733 23.605538551518922
236.97199449215995 133.8558382114001
132.61038983471832 6.7052683824596055
124.04262010595934 249.47171113515543
180.894124762527 217.2425529923491
20.51203992933784 40.63514743378019
94.90771333169407 6.415921850623119
168.14495124143986 161.82947761186878
232.55428061014422 108.05524933981786
72.76321686097234 11.602132497881584
166.88973342264046 97.03277501207494
183.03575944207748 202.56306279773636
218.09979626347518 202.4420411925078
74.18984042907731 92.62126910713869

227.0035406861831 238.5113506737972
164.79912211943613 149.59243459071905
66.79108587165636 27.291118316529193
237.2546368715075 138.322210275336
125.74170562919929 2.4758069951166806
127.41000328229104 248.832269890773
182.56517377467043 209.17434698644632
18.74508599821134 38.59320410646211
98.07250644532373 11.822746782541637
162.723030498687 161.59696660478784
231.03747938252047 100.75570434948241
80.65496443789021 10.02756838160429
170.94487676806767 99.83032340943276
180.84614151242369 206.1104716605164
214.5010409755689 208.79239934001782
67.0360795008571 90.37102818850163

176.52160945800938
1192.437505700933
947.625029868926
1081.4795922381895
262.7548795249868
403.8242933914606
957.4215088728217
1199.7563455750778
625.1432088809632
1078.8316484417264
438.27969520268937
1102.6950087259156
1094.0629312099056
293.7676585461423
841.304157623014
329.9442496997628

8.6 17.2 36.0 72.1
17.2 34.4 72.1 144.1
25.8 51.6 108.1 216.2
34.4 68.8 144.1 288.2
51.6 103.2 216.2 432.4
68.8 137.6 288.2 576.5
77.4 154.9 324.3 648.5
86.0 172.1 360.3 720.6
103.2 206.5 432.4 864.7
114.7 229.4 480.4 960.8
129.0 258.1 540.4 1080.9
143.4 286.8 600.5 1201.0

2 5 8 11
5 8 11 14
7 10 13 16
10 13 16 19
14 17 20 23
18 21 24 27
19 22 25 28
20 23 26 29
25 19 31 34
27 30 33 36
30 33 36 39
32 35 38 41

