16 3.0 0.0 1000.0 3 160 240 100

195.19173950907285 73.35861955977634
171.9100982839981 90.08818957481613
172.0253894385315 0.2214592860692033
120.3119610735417 106.05110068348009
118.72352278231583 106.23175100996893
184.06309562090792 184.8275629936884
122.19470770688102 9.077392724182648
126.26603558538963 102.28568232402598
95.07034710184492 158.22757775407345
189.85743717062422 41.496065785520095
164.29238612708494 65.25022384471477
138.1611384210229 218.64264277745409
170.41054901964034 151.34009307306505
102.21143528522373 129.4391003945275
245.39943449579366 218.28668679218904
211.46913710938202 126.47805371184728

200.36351558565528 73.56118616071925
167.186447235113 85.75700344938517
169.50653126026404 3.577972639126875
123.5297673023571 108.42149746480139
115.63089228245657 113.96292340529429
181.02684231138218 182.7602505574614
130.06933277342884 10.742020188240636
128.4258165061111 97.97661007104259
88.89698946853575 163.74358161018844
184.6230288646605 37.461443853466754
160.1341318476068 68.34936674124586
142.55320310229612 217.1348118177783
178.04182499782306 148.8576067173134
101.63486473087316 127.21037297171203
249.02564589159792 211.13848482274673
207.43543864302265 124.84684409626972

722.428514835237
498.8760421599747
790.000530302548
730.6389342886538
441.72126142041265
1146.5979274240808
478.5709984329683
463.3717486269693
699.0719399349592
571.9558160853577
217.5073428603704
688.6919669243619
670.8001330847941
1068.8665242645136
908.1020557369843
1111.521720706946

8.6 17.2 36.0 72.1
17.2 34.4 72.1 144.1
25.8 51.6 108.1 216.2
34.4 68.8 144.1 288.2
51.6 103.2 216.2 432.4
68.8 137.6 288.2 576.5
77.4 154.9 324.3 648.5
86.0 172.1 360.3 720.6
103.2 206.5 432.4 864.7
114.7 229.4 480.4 960.8
129.0 258.1 540.4 1080.9
143.4 286.8 600.5 1201.0

2 5 8 11
5 8 11 14
7 10 13 16
10 13 16 19
14 17 20 23
18 21 24 27
19 22 25 28
20 23 26 29
25 19 31 34
27 30 33 36
30 33 36 39
32 35 38 41

