16 3.0 0.0 1000.0 3 160 240 100

191.1933883934124 168.29506838780625
190.557739981976 118.77812280464609
10.578482975598046 120.48199478365457
107.62585750662949 152.70486783032075
4.4546548621759445 63.70374822982342
49.44796805758481 97.48870239830507
169.2997308994648 160.05095298128367
39.223214519636976 196.7580345967039
248.85610324495718 61.40192137363768
150.15871720700935 202.60802667587876
30.92437980823126 191.49651539705897
134.8708823153191 61.58033901907245
100.30993046227054 237.11691760976714
226.25518479948116 115.20419442964463
11.555316068403071 92.78774119534508
117.16551333476028 26.160998476910446

196.9512961198191 169.69670005352452
188.07087491784372 114.42307539553187
11.10476860067977 117.7891086220787
109.13273313782342 146.29367164981196
2.584375090841251 65.03716598080791
53.98451500702639 90.49248187714574
174.29835521063183 164.248547267362
42.89048316373656 197.78442871685738
245.27210825685657 59.85184498154944
142.0193484487298 201.51195995968666
27.925560018934732 194.09145503493937
141.5480421277069 62.75711025280811
100.98634166745212 244.72768945412122
228.70796230556672 121.73795286107055
14.562873652942649 91.77052907441988
124.68605688184361 28.45753434829701

1159.1088860372058
371.8353688777547
786.3091949308405
736.2091449213854
477.92317115202104
697.2932121318939
1101.279970235961
1026.7816832566093
685.8407461122471
883.6571176868135
165.54689714718606
1196.202593519554
677.3584974514791
377.7088287132993
186.4439843451705
400.35200556994323

8.6 17.2 36.0 72.1
17.2 34.4 72.1 144.1
25.8 51.6 108.1 216.2
34.4 68.8 144.1 288.2
51.6 103.2 216.2 432.4
68.8 137.6 288.2 576.5
77.4 154.9 324.3 648.5
86.0 172.1 360.3 720.6
103.2 206.5 432.4 864.7
114.7 229.4 480.4 960.8
129.0 258.1 540.4 1080.9
143.4 286.8 600.5 1201.0

2 5 8 11
5 8 11 14
7 10 13 16
10 13 16 19
14 17 20 23
18 21 24 27
19 22 25 28
20 23 26 29
25 19 31 34
27 30 33 36
30 33 36 39
32 35 38 41

