16 3.0 0.0 1000.0 3 160 240 100

179.6731919892492 241.35416288474823
42.2749748117203 124.65843353326945
191.84980361682375 26.756265237146525
25.83744467311605 31.937576956916985
151.36654208964137 56.93576795040114
24.009020079093197 163.27357435276338
94.85308575328102 115.19058530751178
42.87298589332506 63.791638482509214
168.56932763748893 195.50513833436975
51.04899926851497 113.304581699775
75.71043860745425 236.30029652707398
40.48664970112764 14.567648602089783
14.588678448505227 150.62109817698934
47.54261010094782 162.35601584807404
217.48015083789917 197.723467551842
46.85426519958402 155.09244604189112

173.34465127669097 237.3524796508529
49.67657078772267 122.54691996071409
193.76237464837416 25.165484843704235
23.93567087379944 33.34114099760097
149.84769702757396 58.76618033641376
21.273803790298278 160.3448494932872
94.43030136632719 118.52198139579106
39.471975635832656 61.80719290896602
168.7603013450886 187.23412859268174
55.2284582966765 116.31977329691387
81.29948447265517 239.60178800091816
45.924646848606336 19.32315727473216
9.44132752053714 144.29981511955248
41.99537257009647 165.1061913379024
217.9169179768492 200.1974588870231
41.81389391480392 155.19409298462455

223.97996371274797
827.2827391657906
471.64132048990797
214.96730860607863
740.0532052423548
1139.4788441306746
914.0342623089348
238.23386171271108
316.5774160618157
557.2637105755107
1115.5029591077557
243.49325584675526
1128.279243593364
620.8662287581963
651.7852909414735
158.3945788403074

8.6 17.2 36.0 72.1
17.2 34.4 72.1 144.1
25.8 51.6 108.1 216.2
34.4 68.8 144.1 288.2
51.6 103.2 216.2 432.4
68.8 137.6 288.2 576.5
77.4 154.9 324.3 648.5
86.0 172.1 360.3 720.6
103.2 206.5 432.4 864.7
114.7 229.4 480.4 960.8
129.0 258.1 540.4 1080.9
143.4 286.8 600.5 1201.0

2 5 8 11
5 8 11 14
7 10 13 16
10 13 16 19
14 17 20 23
18 21 24 27
19 22 25 28
20 23 26 29
25 19 31 34
27 30 33 36
30 33 36 39
32 35 38 41

