16 3.0 0.0 1000.0 3 160 240 100

92.39466888477787 93.84392202449659
3.4621939149901415 207.9880774300494
129.86065810775602 42.89162610855496
237.3295556058247 15.890111902096466
238.62227245611402 186.52323137801753
79.5690330188173 199.17240627214946
49.30697994756894 63.02225024924277
201.6645966631562 55.14707348888573
149.80443429799746 17.532264897757667
166.83373610077925 204.032565970237
119.69804463510656 115.05770178693051
168.3126337564218 15.554985453961557
7.524539825555593 17.386330985900116
60.837455860791366 228.42672658666498
158.90518916214972 119.23507201357327
2.6397831330278176 214.82483247646914

87.65499470780009 100.68531285351764
4.584354810929087 199.74826822629836
121.93861905473852 40.348353242416316
234.10541041144978 18.173713456702433
237.46131574616905 179.31694691789144
76.41092494051604 206.72819186645324
56.64043230963573 64.46131648984868
196.06992033068116 54.371777975496585
144.3126154432699 17.508093788038302
169.8560644135302 204.53259877705577
120.64398208366516 115.11532149357181
163.11255858311262 15.030718165871482
2.8190793624518484 21.683871494896202
56.67774114198551 226.68810201049322
154.4821402832436 122.69717345459527
9.29135092020547 210.92021905579497

216.2
258.1
68.8
72.1
288.2
72.1
600.5
25.8
206.5
229.4
34.4
68.8
229.4
51.6
36.0
129.0

8.6 17.2 36.0 72.1
17.2 34.4 72.1 144.1
25.8 51.6 108.1 216.2
34.4 68.8 144.1 288.2
51.6 103.2 216.2 432.4
68.8 137.6 288.2 576.5
77.4 154.9 324.3 648.5
86.0 172.1 360.3 720.6
103.2 206.5 432.4 864.7
114.7 229.4 480.4 960.8
129.0 258.1 540.4 1080.9
143.4 286.8 600.5 1201.0

2 5 8 11
5 8 11 14
7 10 13 16
10 13 16 19
14 17 20 23
18 21 24 27
19 22 25 28
20 23 26 29
25 19 31 34
27 30 33 36
30 33 36 39
32 35 38 41

