16 3.0 0.0 1000.0 3 160 240 100

120.64514432502988 92.50905777318907
222.9479065608345 93.03024666662013
44.08660063375619 111.29724839573562
228.184676215769 130.11370778781236
231.91803219512389 69.04124960142602
95.44244295242862 49.934246874796386
66.89388828413192 239.52962327658196
68.0322987280303 65.65250821543242
235.07922935469554 122.34623985994095
48.994047124135406 107.64630646776205
56.095785251509795 161.59507381955285
137.50564848256786 74.29713764662829
214.93428575618285 124.13470038514251
35.78126105443144 238.54820513711834
93.27249512849511 181.8579583529812
226.43449391699232 25.38820817096879

113.78710304909112 96.70878188317863
223.17363057505594 95.60100485587711
47.582868111010534 112.41787167972619
220.00612743255965 128.33068483031465
238.71010670191853 69.7513127602626
98.5110835539911 53.881260986228554
65.96368864880606 245.43937172603768
70.18110927942183 65.21541244833318
231.19096088708207 129.43289079770946
42.269235736638294 110.63698353805684
56.36494786390242 161.74007906585234
141.08713268457922 76.36621593463292
214.82064908437872 127.6054005558446
31.356488109724275 243.33535407909895
100.3708763351934 179.9939292846023
227.44562886348052 32.06232090225761

36.0
8.6
51.6
229.4
286.8
86.0
17.2
72.1
286.8
540.4
25.8
36.0
129.0
288.2
68.8
36.0

8.6 17.2 36.0 72.1
17.2 34.4 72.1 144.1
25.8 51.6 108.1 216.2
34.4 68.8 144.1 288.2
51.6 103.2 216.2 432.4
68.8 137.6 288.2 576.5
77.4 154.9 324.3 648.5
86.0 172.1 360.3 720.6
103.2 206.5 432.4 864.7
114.7 229.4 480.4 960.8
129.0 258.1 540.4 1080.9
143.4 286.8 600.5 1201.0

2 5 8 11
5 8 11 14
7 10 13 16
10 13 16 19
14 17 20 23
18 21 24 27
19 22 25 28
20 23 26 29
25 19 31 34
27 30 33 36
30 33 36 39
32 35 38 41

