16 3.0 0.0 1000.0 3 160 240 100

217.8016018132958 50.039601323982
46.381877568961585 54.85976282138874
140.08020990196545 3.444935170891034
68.72057660900269 222.90797641982724
108.50032562386302 226.348509853563
68.21418338988194 0.18893014657833662
193.34624548338584 107.08175102152256
100.05378081161511 37.1885655258821
60.55285195108423 208.3245533965505
243.250994731811 134.59652050322546
58.73218614293757 240.3054799985223
110.73181537722385 144.9120656995458
87.71114807302082 103.29731172563744
61.00967205802138 218.0489761873196
13.646355120156773 94.46563996537122
53.36922919554654 182.2185138380133

214.35858047320912 48.210389564160266
52.03023643767574 55.233374241107775
142.18036245847236 4.096856041175406
70.59034685903518 220.35346896376657
104.7669677231046 227.80218828447653
76.52588342910599 1.7615638518850285
187.93230109677393 112.79353531503867
98.27865625579119 34.365596768985206
57.60025256779217 214.47010650154397
239.3562263056991 136.0958997481269
66.05654204001432 236.38799337689224
106.9310154529961 143.2896106849238
80.561621412336 102.78665991779873
64.04884041200134 216.40491035476026
13.519296759209043 86.5303807590689
57.565973430481 175.39771604802075

72.1
206.5
17.2
432.4
51.6
17.2
17.2
260.3
114.7
288.2
172.1
432.4
288.2
103.2
68.8
229.4

8.6 17.2 36.0 72.1
17.2 34.4 72.1 144.1
25.8 51.6 108.1 216.2
34.4 68.8 144.1 288.2
51.6 103.2 216.2 432.4
68.8 137.6 288.2 576.5
77.4 154.9 324.3 648.5
86.0 172.1 360.3 720.6
103.2 206.5 432.4 864.7
114.7 229.4 480.4 960.8
129.0 258.1 540.4 1080.9
143.4 286.8 600.5 1201.0

2 5 8 11
5 8 11 14
7 10 13 16
10 13 16 19
14 17 20 23
18 21 24 27
19 22 25 28
20 23 26 29
25 19 31 34
27 30 33 36
30 33 36 39
32 35 38 41

