16 3.0 0.0 1000.0 3 160 240 100

50.57241938273821 4.915061008695071
28.342241810701914 147.56650409328432
232.52422319707944 226.77736799505104
16.69382852255849 212.9186884351031
62.96589956332346 40.76392498994369
158.0783242092257 174.52906243189645
30.337200960944887 240.82174845359478
35.48538668689152 185.94833668654897
111.96235696951804 53.2932247267115
80.47646787043622 99.70557499448188
240.35188692541004 115.1829856020537
87.98952145157993 99.55587140422168
7.854542761595945 22.503644530215915
227.04004717706746 237.52470584765047
71.53793304267676 158.07234182294698
17.777249686125984 130.2988714023766

54.12317668058997 3.6632625166860833
21.897783103301872 143.86297948481888
232.89626282664153 224.88748469981033
23.95135477027538 215.8086231181699
66.2310563931088 33.495125977133945
158.7889876252741 176.39472609159517
32.81665618692223 244.8174144724048
35.4969207314752 186.67111535878885
115.32145168354168 53.87597724152943
74.65292970401057 102.0870278210689
236.96551249481294 113.77124421898662
81.6924189628257 97.36191064726037
12.566665037186759 26.71779680710537
233.61713947926296 233.5503567499825
77.96058603704603 157.77086046130705
25.67228042470579 127.58979816669155

324.3
17.2
34.4
8.6
324.3
137.6
540.4
324.3
68.8
288.2
480.4
286.8
286.8
432.4
103.2
324.3

8.6 17.2 36.0 72.1
17.2 34.4 72.1 144.1
25.8 51.6 108.1 216.2
34.4 68.8 144.1 288.2
51.6 103.2 216.2 432.4
68.8 137.6 288.2 576.5
77.4 154.9 324.3 648.5
86.0 172.1 360.3 720.6
103.2 206.5 432.4 864.7
114.7 229.4 480.4 960.8
129.0 258.1 540.4 1080.9
143.4 286.8 600.5 1201.0

2 5 8 11
5 8 11 14
7 10 13 16
10 13 16 19
14 17 20 23
18 21 24 27
19 22 25 28
20 23 26 29
25 19 31 34
27 30 33 36
30 33 36 39
32 35 38 41

