128 3.0 0.0 1000.0 3 160 240 100

214.37465678022286 100.69602235222372
144.6773937023833 239.994861515993
91.13085325273259 232.39696785806436
215.40368415699407 192.89536643881897
232.30147292073718 34.81614761674764
176.780149864901 182.851193561282
244.77658849965044 9.572363593669058
222.80170054748163 146.0650023998058
135.8009113277141 249.60723087680788
94.37088332487106 78.35769277534362
145.47750981909164 47.194796830846094
85.04035195658571 5.3326510975365
163.43004113327194 194.75529267614252
17.386992380599903 229.19654032765413
155.42378020737732 56.099623107023625
175.38451473124655 169.92387086375481
114.65186542708605 232.8580549471834
73.44624238732642 208.6375678650491
164.3320982751408 123.24668527370375
37.46225664774844 204.1112882322451
34.6273843474568 213.21641943845523
120.57741993906303 230.11481994493738
7.149385822745547 170.61350738714515
58.287646807432814 2.8218951615892607
236.330061464866 65.41390850908421
88.07683777602394 236.36695947583823
169.10544881580324 92.7074667740807
161.05833566641056 18.67754332507865
194.0347963013499 18.833820457627493
70.76941310084301 98.24564470527989
55.968008264222824 82.45870995159152
38.094840747265046 114.00616125103316
176.48751294784918 5.225799135373771
232.3648276432944 120.03406890700919
162.3451483999385 67.75628436683095
165.4181067442323 58.561567724430056
126.98714477388634 124.36849273537734
25.49393631717284 217.78588052379507
80.930872817721 139.86420443275338
170.9825652265383 16.31957305660056
199.01052260034695 86.16662740555739
185.1168127818181 194.66092568752143
54.67692362218698 52.1554569543177
172.59531270642916 185.4517589997686
48.67848601484975 26.95845102579647
90.66661539667852 227.97185772372063
45.224071485329446 34.15071147431969
141.13460978303019 29.661040425608242
45.43065195816936 168.5425897168277
160.47408492244844 105.00821440928304
213.48000410592687 0.7550315889045256
128.41026601462542 151.51706901623305
178.48541182107067 153.92597295697465
109.7393988137596 118.05820603389816
210.30527479907863 35.89122351214391
61.924204569759056 137.3100719829063
123.88233469506646 217.56705975590717
41.8927966893799 61.92199900091974
163.8982006887948 214.0526615289323
239.49557985498916 115.80460279774243
24.68317570443801 146.29570306840236
225.0024303444205 239.03469201100654
236.54574649441304 181.32468321152766
40.64053203980375 239.08027204027704
136.5896625738673 6.180820037218481
77.80098434756304 49.308397469740164
83.26626990606387 204.59670896278075
225.07477667629615 243.6140239204788
67.656173329949 173.40648632803604
80.80172326251031 143.08099977939236
228.696350595397 247.9496291790778
2.599502765955969 37.84754303849508
12.3482207149741 43.74717423744562
45.45476092559361 64.84023287897944
209.27082472238476 106.90676433501243
151.09806093854198 122.97401500307143
151.0163651314567 173.2559866872789
61.07267629452262 61.81592260465529
18.243688415733985 39.21489010580087
223.43231421589465 132.65308158051366
69.75398323922639 241.4653254191771
92.5624947476022 223.54770619488613
149.86422481813338 105.8273345451305
8.525749599600507 151.79406754749147
122.37192336178448 184.9554718044325
35.701941752666556 211.14065103043643
148.72185996315312 33.79650445842658
249.806766920971 218.12243973200378
168.223959761584 234.6010865939458
123.2254365400041 165.6833125650908
72.16818866146849 117.85490552773884
92.46860048968178 220.8931890729166
95.9291647248198 184.6147555812578
6.680785874567191 215.08847939954876
159.69732604414213 247.79129126712914
88.485970710948 74.34604702414765
210.52881006548802 151.519574265189
17.08608606353587 37.386478549325055
54.723910257527265 206.35170837965413
32.51144093702152 209.42762336629937
218.1228041461166 63.98254667364994
218.02219456981334 139.2233002882414
148.25021286728307 0.1081280790835859
135.92988581450123 97.05474911460396
146.36075831624214 37.04602946204577
75.89938964092599 26.164819272390783
248.016928885203 135.47578995810244
46.52031044406304 232.73046454747725
1.7105594614493236 104.55020445855578
34.85950482066066 97.54006226951064
114.4408476145121 241.80438260377642
120.14046477301166 27.240411329504806
195.6499175609734 1.4596710551568193
210.86691242426028 62.414501875669046
72.04418591945316 107.72952934802437
245.84893116591286 212.74927352695417
159.2303022217303 27.88063276437483
239.49878173811732 160.8184076975942
41.02329125546303 6.773997274379607
176.00818285947153 205.6471087568292
89.6993974657277 45.751255510597915
11.777705352822936 101.04309991066665
214.34884254818456 90.29595701955876
199.183118891311 159.99524482914248
17.40407888431858 96.46166910043405
16.23611108090925 245.7025119598566
120.57520445989681 56.14761085538472
39.526767030928085 12.487266100225103

214.73835908808232 104.56445521366908
147.04153339448033 231.87996890872475
94.916313790061 239.88472085677057
213.88983059781 184.86380195741054
228.0193891665738 39.285058722639015
169.69109315587454 184.23199762819658
244.8396259515314 5.416294655830406
229.32292909388133 143.45015816827328
136.07155387472483 243.94059853007371
99.64204430230703 72.17862038568212
142.93443032687432 42.752280260188904
85.92629659178799 6.462829229036238
170.8390377138733 195.64953981197058
17.485160935019646 234.98759322569373
158.08992541147995 53.78471258492715
183.03284060280671 171.64596315629223
112.07916433145937 240.86336635033146
72.49980099863603 209.4959795091037
164.0797495317292 130.61685142129093
39.953608106440385 211.97347461730195
27.266376300064483 217.07618197089042
119.40478055330634 226.8743236093211
9.014888773589524 169.69303320301228
62.72578638786297 8.741901454973583
240.73388364317128 61.63326718467341
87.2351858186529 232.53614866542884
166.41818715600212 96.81363949587436
156.98641490148154 20.646785869439633
197.60163398150408 14.314657661015778
68.51065726060756 92.2267221491922
56.607977341470914 81.47841578292118
40.72481465921851 115.90336308892097
176.58335056569217 4.569587554719673
237.2130205969101 117.81218035852531
161.46856752555288 63.70781058141448
170.69463924781314 56.708264782249636
124.53817196345199 119.55528855769693
25.7111573689415 213.8881760725533
76.08502048274075 146.12059300629465
171.6520087594186 14.024858576558636
201.70457495509748 94.12362735157234
181.58405275973334 190.28233045434507
55.599547471813615 59.3435515541745
176.09480583957438 191.10510387011243
56.250774352922 23.44702055395312
99.01873084008852 228.9826234973247
44.263667227062044 32.40715278202933
147.26308672243846 34.85507369910781
45.59113750384616 160.50741754470872
162.21561155263916 106.22815071490815
210.04811128060715 0.41663459380986145
125.94249589771844 150.69197791848447
184.14104119798338 159.1209056869037
109.46680390964269 126.50595709313755
213.61799526079827 42.51011485731929
62.25530408251964 129.0986457501524
123.65113679824888 214.7561161811906
47.48701319516263 59.02421671522326
163.41828138404338 219.62287576192543
241.42378106234278 122.01671434914805
28.072222910407756 147.66010478235697
218.9596868688354 244.41662670276258
242.61254858067926 184.3971876576128
42.88375357568394 239.06061627475603
131.54460891911938 5.035516818147068
82.6120063360845 49.84256397100137
79.84374088523249 199.90104099419793
228.6196315338271 247.92655168572242
70.35328719477596 169.36005300443077
81.53411637907548 148.26734074778645
225.9422081233175 244.86577936182977
9.948272441652945 38.59917778415203
15.749062507213196 44.52075034913905
51.17876232576565 69.8807681327742
206.0479393403537 101.98748421760313
156.21420875358885 124.61168442973015
144.2358691895803 171.28279392181656
66.23715763345194 58.64458404024819
23.357381501803914 39.23204078448794
218.56401192357802 132.6629180301853
63.82460386313343 245.00229234765172
92.26052413280497 219.1060936933878
154.89234176008122 101.01436073176167
4.105416860546107 149.3370123289124
115.09489747185859 180.60629384934396
38.37018211221163 203.87913118359674
152.7126473921462 32.05946552372663
248.42666550223947 217.68170735969622
164.61882337718203 238.09802113964085
120.86418322658335 171.5246646324685
74.5018675819315 113.23200132872813
90.81679167510187 218.73663514127495
102.34889888974675 179.4123326319195
14.289445404538304 215.1221313331896
156.55017433242992 240.1397357639083
92.74301276498589 76.77359585138151
212.18150891896173 147.42136679526482
10.962736215589548 33.0070933096758
61.73565499609104 204.42286705167461
30.67097589552828 209.0780544157035
222.2549329839761 66.18819224185762
222.80026831848556 142.91411446696088
146.95977041270078 1.0357671357576759
128.9018926442346 97.48796345904354
146.79479235772715 29.779237039292138
74.45639819832876 19.188312570527334
249.1808138553668 142.28656275432232
38.874158663354585 235.8430773192349
2.0448551226195653 105.60611763426932
30.7678606067818 91.42927157791328
115.466192457605 240.76098207728012
125.12843362482995 34.000754629512045
201.50528378241964 3.398062350614045
208.03304893843762 65.95048438087656
72.55071691585765 110.4182163587863
244.39378599432106 204.4872345571676
159.52208395108323 31.631800743018218
236.80821070521245 156.6300052563303
43.2787795099237 1.3087219124100213
175.18928334907898 203.29331969329994
93.40636830624804 44.058515672777744
13.146762171914572 108.879867509177
221.8575515318939 92.36653571625611
202.43559619006137 166.55460507501607
12.505258376285273 97.54008216859289
12.88437725879482 245.5370040100666
122.50599608729948 49.49914631208732
41.695255363893544 6.308751282989383

950.8146897370483
1084.925102151502
1092.3158198676167
297.9665237479205
1096.3854940589638
879.9378635753892
1003.5162405877747
849.3795583898229
508.94581069079914
597.8623680159322
1014.6203826047566
725.556585511297
183.11908233262298
1077.882416702958
193.32410803684843
833.7018821548077
498.0783373943342
60.54792831844917
0.24376198645937075
246.37365491112612
95.189611724753
1135.4976995416223
344.5476494696391
608.7799901804605
16.74686663281765
541.3733606653507
737.1756828547373
1012.6685157676603
1085.0926485669347
1107.6684091039567
679.672391614351
44.94896968521009
473.64676428151614
353.73089740671145
345.30209361566585
1041.3401689611392
912.0526844666294
242.8269959245245
836.8318819052006
790.122369213102
675.1803457005573
102.55359822126691
1100.3685183253765
491.26457348856576
536.0205015659554
883.9590028871185
728.7339503539064
129.54667131495654
1172.632360239607
1162.9994859538415
667.1820984645486
1167.9127134873784
915.9215109784348
716.3140509833152
773.1286125473296
853.1063155712635
529.0465160019975
1019.9131765699271
1003.7654247927118
259.6316189519964
512.7990268063513
585.4989398411745
144.6443747934988
1159.31457203824
633.2699446787432
612.1355829558809
174.6588345917499
161.01098253961433
896.2764618390087
839.130903756418
748.250622734039
498.1099429961355
1130.0228114606844
552.8652490018557
715.4194415325038
1187.3775817431324
824.936328912646
290.0619042478573
109.11336538528967
1.855162908380493
1028.689488294024
367.7636816428888
761.7923959259391
1114.4061970866255
1095.9945887937133
1040.2674928053402
815.3309480750787
955.9774018760799
902.7610034390783
539.3473530632734
630.0254602328037
915.5701580402142
263.63640103368454
860.7134385219975
1046.1663859529428
813.3639916750656
67.1379990942513
835.1328194877376
1092.603254363393
418.05582195122963
320.2687218159027
367.67831765050295
139.06313321790014
95.55304869391867
210.8053910743557
908.4875395878736
982.0497705941093
319.05659990517563
663.5927059431652
928.2588008861771
104.14188161227767
1135.4111365947858
405.1328699700097
238.5268196082926
619.4165625289664
643.0944692418171
560.8320107987394
478.13131491336173
1004.1579312215001
356.62622030215647
174.32127661191208
974.6264864612748
134.72353518142248
839.2734723578677
413.99310432438705
728.26345122983
176.51099313059834
158.51960941549365

8.6 17.2 36.0 72.1
17.2 34.4 72.1 144.1
25.8 51.6 108.1 216.2
34.4 68.8 144.1 288.2
51.6 103.2 216.2 432.4
68.8 137.6 288.2 576.5
77.4 154.9 324.3 648.5
86.0 172.1 360.3 720.6
103.2 206.5 432.4 864.7
114.7 229.4 480.4 960.8
129.0 258.1 540.4 1080.9
143.4 286.8 600.5 1201.0

2 5 8 11
5 8 11 14
7 10 13 16
10 13 16 19
14 17 20 23
18 21 24 27
19 22 25 28
20 23 26 29
25 19 31 34
27 30 33 36
30 33 36 39
32 35 38 41

