128 3.0 0.0 1000.0 3 160 240 100

221.4933375625587 78.33613287939639
142.83166944633334 144.83451082742977
8.989121099902297 73.33325423384471
11.494727516129066 71.15974463356018
1.9618311843427882 157.90723663478872
12.023010247369486 235.95607404482243
163.86542213043995 84.59175737133343
139.06030872777743 73.15323529876858
36.292187534103405 230.68083258617452
28.311578217426746 93.43316544881694
36.67830404108122 129.4642909401076
151.28175729775776 73.03196785549757
175.19200409517202 182.63801357079956
153.5520822208543 21.597962259026772
155.98991309746722 127.07896301862307
28.27698015515606 169.19645124364573
144.65344652322565 15.955761467235236
239.78399546264228 115.31343520056356
41.77601857534419 83.39200738002941
241.07109824962453 70.13691276506337
4.748175386099229 206.10544336342613
116.86857613766603 210.99846349555986
114.39755545698429 129.38404164498115
153.03013677226224 151.05084999411324
150.31468331522836 106.31958412823799
155.25070267061952 173.79496949085149
225.0616898412975 39.19054926740787
154.9193640109368 247.08059093296387
13.176036099000726 228.01444398118957
65.50486734802632 208.54938801161273
42.69880748137034 206.0954364269777
11.112777721514227 191.63568198890616
226.34328449270353 158.17925145403544
71.09600116365944 219.8554662360708
70.14002904750232 22.195138830794797
156.76531662634534 172.45343523384278
64.4062238178211 68.0880642287329
28.631616107994002 234.75111176611284
200.40923138856488 200.72630320477634
105.09169321058862 27.936812274757834
153.79467285087276 84.12797114793302
155.8607555247735 169.00008331511808
248.71907522216293 19.16810213809819
116.02823007486523 14.477882965324262
93.5085962659968 248.45557613479622
191.59029040754584 180.66629216232062
45.224080641791176 145.97045520134748
195.8138353481722 242.32096356937228
220.63523551628379 43.79178800716008
129.5649963620537 7.385076643136424
101.92958679740285 140.40055094256908
58.8513545510358 203.47202205952397
117.24704058857758 131.01338832227245
181.5824219071534 156.55206819886223
236.24872686769174 186.07124211287658
142.2956901511338 200.40128874937855
218.654713867752 107.20349625995468
128.09389860645464 136.39099332360212
43.791644030168 50.54533705950642
196.3642284579513 137.21204732012404
107.32167003024604 156.80476681303116
160.1787009472026 77.20245238510479
167.54196407632202 216.85547124732474
97.2971025356199 207.8218555293839
38.45553877876973 133.3974008442707
174.07063257385516 163.72596382558822
187.21394619288566 10.156447307237332
190.17467601425815 53.445248438576506
13.37829848306496 46.41558518333874
139.5923529282738 156.77288945541594
57.50628814331668 128.87901657569927
21.322719210402184 229.11044975579418
191.42133070760212 94.35656962153368
152.40200301085724 23.1462783106495
86.6912388201344 150.89403330827855
20.14812155003548 56.50389790088459
24.683726431033865 218.04240533186328
52.616655011720134 45.797167991373925
36.08930333854129 26.650986385234166
111.34123937057824 150.71575927937658
63.11410527867709 128.74825457787892
165.75095772801717 50.87486116588735
131.9284939399168 124.81066983656625
199.83442121900018 196.1678575422299
120.43410611023492 2.779400009236599
161.60430900802203 82.5087584604729
160.08394759018626 190.28732827790856
152.85403913868137 220.0464192216277
134.30145977994658 114.4951959607669
88.50577333638465 4.468748032943476
133.2592115848652 208.25097388761583
102.10365273586308 230.44192111258533
164.10208037707392 130.81386939307123
45.5240523890047 211.17629231996693
152.25925853067264 216.77703612455497
74.19455581008835 230.63850976795612
166.47764156967412 84.67495056912122
110.53166693643793 161.0063624974339
105.95354034788157 203.64988680081396
20.25862619947505 200.1744308996961
77.12655381846677 222.30670414490035
51.294504955044815 240.40657870730516
153.17126457879326 238.9758473889067
148.14023347104225 18.710453893883816
71.1595288408793 153.3107885329863
237.091674225607 219.45336267313263
42.67387488583058 63.807611469112565
49.95058056280946 140.15403213094615
180.585000867298 225.6179924188779
111.09697657625614 215.15244042347277
5.254600766188639 153.8667305072259
75.28200181343125 54.60533117709604
59.850206953567216 65.18686556459299
43.70947786721657 121.08692004782462
101.03658582310551 16.869409566697275
22.057001752881582 161.22738223100737
112.38384785917663 149.76965104426137
126.76698278968001 205.11398445797317
187.65882419332706 2.5850821981601158
222.86647567434713 183.2301132575606
10.637167079157766 48.23858748408472
113.95213024496204 177.79585629074148
42.32419387602987 174.39322953457815
128.9640138658364 242.77549418381304
188.3628489756078 84.80768116313355
237.88924791225486 246.16012673912795
16.87178644844109 82.64504105107609
141.6880774840695 180.48162975496862

226.20925116314243 79.7715306031909
137.7635943284884 144.24583468484383
12.591255002218361 74.44654174136502
7.808547731930182 74.30957808686794
6.507864079061148 159.3362482417569
11.737180484974102 241.51742076522018
158.45910838996073 87.92009812286051
135.82628890039456 66.47660461114052
36.29874099126179 231.19317755975496
20.75309446349119 90.38465215410311
28.72253762299129 132.2644531388141
154.05980385339734 71.30587195351478
174.38871182560396 184.8143041614411
158.19270384209764 15.934605794700213
158.73372582347164 132.12690748687922
27.438282355300824 176.580770189429
139.13785642452274 9.980423494645729
236.8379258844202 120.32665095372249
40.46725143309487 81.24983542545903
244.4109062732051 75.925572814666
11.683135174370584 205.1623393020481
113.28934727751749 206.5804759619905
112.76265036507705 121.40186766960909
156.044557358887 154.38403851203913
154.21428158642502 110.1824119835785
157.0864175687867 175.62253876472116
229.39780587839778 43.68772921652356
151.1875691755557 242.1597675001642
6.799004414408283 225.1025132495708
72.33080588749716 208.76740717183225
42.940597696611846 209.49850337217117
13.180888345249636 191.55525596365118
221.52427111378438 162.5198811625928
74.65756313638677 223.04754100538756
72.73196356107562 18.518204585965535
155.0346168338123 170.62424860829904
58.60327009403421 63.24808199585705
33.789231863549126 235.1699713656529
202.2143289654874 200.4242422717441
103.00220838385857 35.05920645156205
158.1572482063003 84.57660267479952
160.2453316055536 166.383841442308
244.95178834092297 16.794517704946166
110.08720070541084 18.311664737638843
87.44951051899608 243.25625348972164
184.14038635325628 181.0069190700735
52.144892506235244 147.04236813899328
202.9585011450748 245.62292595141332
220.98643062244014 36.321968732010404
130.4692741001008 13.87521064733166
104.25144737315878 148.26625248939084
60.17350285959003 195.72929813228146
115.55831369553258 131.1434632205999
180.74066745632166 159.10350188880113
231.2659735220307 182.57498405605583
138.94377327385982 201.67058281583377
213.06636488909714 103.74714857975883
124.60383737723302 138.8201144056955
38.73528305588156 53.16822096043975
197.34477581224138 131.81780153038488
102.52077771053395 159.95271561041187
165.36118354000513 81.24043699318776
167.19193221586514 214.66050842337955
89.6655313235872 208.01731186403674
36.15754629476767 126.9936386038149
170.61019212122676 169.2211905736702
181.6581845726098 14.271291721491108
191.43970595259233 51.44259670439119
6.644055672231946 42.97712862715788
144.86714466587134 162.34881163467935
55.948829797993845 133.6768064559288
19.08612495721454 222.71961107842267
199.02506979831935 95.23391147127491
160.52737548960994 24.463412270948005
87.26331025440898 154.73044484785459
22.559876696505775 55.39782020156237
23.3250807346351 211.2568428186677
56.23305978670132 47.28532343582631
35.63339831248058 19.414364166019134
112.27482427218413 154.98230567707873
58.21085273181861 133.10403014362223
170.00976373194058 57.65875299155171
138.8449630892343 129.20978026247542
195.8064719373938 194.9093562465018
118.43660031035358 5.467428455833007
156.3898542234477 86.46119604201178
154.36993975376066 185.70463507569022
147.2916700852925 216.01783892622785
139.58706013943095 114.39875266781421
90.0485584855806 10.743354374979502
132.14982334221222 199.98587116159132
109.15162598340395 233.69881191158905
162.97076785661577 133.19682873250113
44.69808166423073 218.53828276111108
151.0370141691173 223.8664923718188
75.66015184923353 229.65973430847703
167.00532445735772 84.9271889449904
105.88084368906217 157.9844595448233
103.36940742753298 205.69281988557057
19.278261284750826 199.19349773399938
69.4495442895789 222.32714341536305
46.443371797123184 234.15119773295416
156.87195833912827 238.92114917816204
149.8272450984718 24.461255351696742
72.92595432158586 152.21201482073724
236.9364755331598 214.10609951027658
44.87019548946672 67.16650845876978
55.31333156881582 133.69205167452657
179.4808471990802 228.92060554952155
112.63952573237177 216.323017379403
8.755906417898697 153.02117953853642
70.85434831063098 52.44322426611428
55.089970449263504 67.80355972422086
43.87315723809182 124.66052755669845
95.66077620979158 19.2564460568434
26.056926681378545 159.18269652903112
110.37424949458737 152.25796614428774
124.69922517107997 206.34460926049672
189.07971732463272 3.064132270131026
228.12109182643732 185.35836423177972
8.939055650033223 43.687357308015876
115.30229540776222 175.56030391625484
45.968669937271386 180.21499623729827
137.11554300008976 242.93845225646373
186.6329592045033 81.57805219964148
238.43899161850723 246.21384117076096
21.016787996798847 80.5383416503945
147.39623425903315 176.92604693549495

228.0710845024361
1114.0389663354617
924.1047130981175
1076.1088799962683
904.5553320588666
648.4908965907
710.1968472520546
1063.721053388333
716.6689674807216
1166.6688054484284
379.3921614940589
505.6249891675762
347.00368748039983
225.56123653252928
386.55807437547
1032.80900555588
1115.5363553888349
207.64782376833176
881.4241876577729
273.96252141166383
448.13953283883166
1057.377420538672
329.6932586351187
859.5170124248945
1054.1304405841574
426.24054887642234
1157.0747817969034
327.63006878181864
409.2167661265711
1095.2601011227969
43.16011109824645
786.0551215873685
913.374812342075
236.3113208853049
712.0504039509909
755.5628440717945
1097.8565011912845
261.0509174703828
795.4887603579517
720.2884635595926
858.4216567488885
1166.0135483344154
1105.9559690788692
565.8963960278476
1081.3900470162357
1133.8905889739576
875.7118405368997
1001.3657181186401
305.520526445416
1138.3177548388126
1012.6673053283968
164.59741960669427
641.9299468202495
831.7242397781583
963.486671954031
11.077108545500927
981.0219543553383
1017.7442732327573
628.9253150619908
399.4442131608068
841.9211137747724
1034.421377977258
1040.9738607869158
933.4488744466094
641.6124428261562
62.686466863310784
400.6392416179361
623.239820430732
253.49786288611733
447.9696382641376
149.7525639300439
194.27689282153833
380.3138322079003
833.6393552107012
494.1744538216899
1074.4357690667434
617.9870469033712
23.619103267147505
894.5330591284635
915.8576814875673
989.1050363218401
555.1442425755771
247.3719965124733
640.0485269504245
797.1825110392433
1044.994585329413
159.375074708101
435.37954868509644
170.46190584502665
512.2496306698712
254.86516051475263
896.7739575591988
1183.481421815375
726.1962819716632
67.12037415537253
427.4824895516099
478.98621665674995
405.5985917834736
759.7561745584114
3.495494354670447
902.8067697922615
744.2361459961562
539.2935826762658
502.86085210989114
18.492300899263007
417.4665178913958
190.6482868580907
551.8079615599138
611.0950301809066
1005.956110167458
93.96069352948079
839.1323888288441
372.0885997096026
980.3607691022243
39.4372966953178
513.2425940725393
233.1113665257473
692.6351272808095
306.6969119452046
376.643437024605
1084.2940135778333
777.5210697918718
933.9199486332573
978.6644556767733
1052.6772770470984
949.7490486379254
59.60250491212559
490.22214715473126

8.6 17.2 36.0 72.1
17.2 34.4 72.1 144.1
25.8 51.6 108.1 216.2
34.4 68.8 144.1 288.2
51.6 103.2 216.2 432.4
68.8 137.6 288.2 576.5
77.4 154.9 324.3 648.5
86.0 172.1 360.3 720.6
103.2 206.5 432.4 864.7
114.7 229.4 480.4 960.8
129.0 258.1 540.4 1080.9
143.4 286.8 600.5 1201.0

2 5 8 11
5 8 11 14
7 10 13 16
10 13 16 19
14 17 20 23
18 21 24 27
19 22 25 28
20 23 26 29
25 19 31 34
27 30 33 36
30 33 36 39
32 35 38 41

