128 3.0 0.0 1000.0 3 160 240 100

217.72723944933819 239.70250457166554
201.26517855530258 109.46072222438474
246.32562922972346 43.13244009658684
65.38789610946367 37.328712363330354
140.92621058122214 165.97578993078284
158.25228661146073 54.45647311874352
219.38408973731498 3.1130192105411068
227.7692487799701 42.9155338858882
9.610980409527292 228.5319175837777
118.54857664373966 158.289939968833
141.66778343931995 47.45468793119512
179.44095161958813 240.81076254617693
205.18820207603898 230.22297335587896
169.03771624586724 99.65046386269827
230.92370313623758 150.79262576156782
152.02275207879103 138.91997840683433
223.31693136558962 118.33016928926021
123.80860654171232 127.10445364625228
156.45448191161378 204.93265038268663
186.91549543088402 177.4705412874225
88.88152506863153 134.0017490559566
140.1998503107601 90.288605728579
35.19058508655093 69.70467736929473
17.551565013570467 75.85715511042335
117.12866992802365 91.21750896289142
111.08102009855178 15.028967499276181
100.5412743380899 180.10698235398323
47.106440641237675 196.35336625119334
203.03909497373763 10.044114561522044
91.95851647168035 60.41907067846453
128.17791815552664 147.23607899572548
242.35739221469368 72.665824305914
83.75533581432884 147.92500671210274
146.7383056279267 128.4895117504364
26.444223037911303 37.485977615256154
100.19493852103142 134.48365040672132
124.74571671632876 105.1030937263738
192.08917003910224 209.89871312788546
230.4199324586733 71.7655378454988
112.79114901454592 1.6181999601870278
190.0344438863632 42.90768326517738
20.590106727411072 137.46367079853624
140.70657661238226 185.63108102976759
156.58581970162373 243.71936437414627
219.29449796684014 132.96740850937536
100.26857890556704 137.10376770792897
192.77265550444346 102.0713493770741
184.47098673529155 154.45446111237658
12.860221519008174 134.32783722773817
133.6115925642394 157.44405531263433
20.26998590778434 141.89729823837976
196.1703834304852 125.67458761983875
61.740682427859824 45.68181985709929
13.502801904828694 47.45698444310842
119.00272135327391 157.81463381698575
220.5561616546809 211.0718934115248
70.52689146525078 11.683312029867194
165.6109657144514 2.880261705635351
233.812563943307 108.53557948271656
127.16233402401328 175.31152455989974
31.695948327478963 51.90407382548295
182.00885866523788 41.92726545437869
203.71985420237738 42.09565454942776
28.444261306952267 91.87633898696652
29.885091151166165 68.53579662613257
139.92555037249522 88.13681978927038
225.7640533120327 249.74241108960274
167.96280445943628 179.12498495209638
219.2215392342986 72.75311843407631
121.09495573547383 130.87888540554584
142.2685410882742 123.25599856096458
32.93167798025184 148.70725347896197
245.64959802937778 169.33429304083666
105.43098482481447 117.35414930892632
190.65060264626004 13.802474180690915
68.1709834709612 20.18820844245389
104.16173066097856 238.3692040694376
125.3984113319384 132.45528150704703
229.97474343321807 230.31590732405257
76.259403231036 129.72247431239106
77.64817281515418 63.18813622693006
125.18838774461219 94.72477806176369
2.4176912117583607 7.198565062617429
136.36822015805396 159.4383556399276
70.92191652673988 75.67054422063119
130.0714387681603 115.30246358722793
49.426776938499174 155.66408716193527
117.15352329546717 236.05032619814597
52.801395656483784 215.16007982130668
95.19446180255697 35.40567110820242
82.48575704106254 58.294068759433884
220.72166490348133 95.11796407807488
189.69747715329984 197.3294324474771
144.86665570501566 43.28743308969277
185.81124759282028 234.46539384398707
101.70587000670989 10.591724733862023
129.6508685381293 8.782404820641021
186.0313706043531 118.28995666456585
160.81068402988936 176.07753120044214
141.1857884267351 173.7131404702604
32.383419144864504 243.13564957625172
170.37944860598847 14.25752455888521
173.61387158051312 18.50665170927071
165.34742128693858 113.74959892359988
88.24512801006634 130.06259015822556
230.56901983928026 119.39022233539157
82.64548378959974 42.379428295579366
163.64535827501794 29.725316976540295
208.6632111986777 19.592370425366685
167.58627019517496 187.38258411184503
194.2484547202537 214.35796451877832
209.16063143657652 17.261165067792376
91.8797085056699 232.42947889757414
8.535145311195812 236.1973928306445
26.632588748096875 198.8852960977165
29.473455866146832 77.54093905020781
157.8070448972618 223.05108157312486
25.972464471749724 176.159778893749
64.04086950321091 118.0217370008016
96.69319595418796 159.37225836901246
108.00692581689192 20.38556975294484
77.73376308326586 30.802394817616957
175.13769956657157 25.19317333503429
152.6163180438002 184.32778386056378
173.66187277408605 230.4411593816729
47.93568017488342 52.12689519845981
41.77447485192876 69.00957624626975
108.12131270868852 195.55733849468305

226.1592711897826 239.66152238010434
198.96901482549708 117.22964489599872
242.39423301194506 47.50249944989945
59.28765834248439 32.06982386905713
141.88262065975283 168.08722448357952
154.0520168871967 59.19090859869977
214.764451051718 0.33930749540517224
227.4182103055351 35.13728667769911
14.23967695048728 222.14930396648992
115.73380375576257 162.53234523195832
142.5698096941567 47.85321020593822
176.9717722223674 248.54172822591045
205.8051814441065 231.38691920752356
169.61557434525417 92.24227757524184
237.951831238972 149.58316669750158
150.93519331970097 131.87340080134797
217.81674160257697 120.97178663784864
117.17000400057597 126.68973214503058
153.57653850572476 208.1908099541972
181.84920784043155 181.52384477833877
94.85131821573545 135.39855239962196
133.73717465361128 88.16878265232225
42.509678177595376 66.33310412275017
20.755578976257212 75.09394687744717
122.90649440651575 95.73831391933501
110.02843138040703 17.81019595944644
100.53953118373174 176.91743160394114
41.027116792806794 194.88385649687106
204.7271063832758 3.4088875971161334
94.32698242607476 59.47077844943896
132.57760822135944 153.26865352700483
243.67306939666557 72.19795470519306
90.62654316737812 152.0422926469309
151.284880247556 133.76279147799417
23.339979103838672 43.035616914778416
96.58998880490225 131.2626172900591
127.14027726702872 98.62167014845078
197.0303232978694 215.9542373879683
227.45734237043385 74.30207714394318
118.54237933448886 3.987847590356891
196.18608849526967 45.56164311002458
19.723889954641223 140.51625948091728
143.67985244023265 184.2433991155583
153.1182111523613 245.0225843794194
221.686534716842 140.67318469964354
98.36273835657916 137.94001754434325
197.2693807153447 102.5500284802213
189.9210660673135 150.19411418354554
8.633244320929434 134.65361293944622
134.8882469376836 161.44748362522077
13.6940501489973 142.68116747327318
198.6670984559609 128.27769595633364
63.5162991928507 43.15578501139022
11.393120093736304 40.72601538049539
120.5011265017235 150.25429280328765
213.44613795551118 208.53323206515353
76.9565484830711 16.778667965012094
167.08992626538551 6.140873727656898
238.13471432012128 115.64283684214774
127.92823972090689 182.31918606581198
39.50843724857789 52.67695196933164
173.9581694867177 42.59686496703433
200.29101568874748 35.1372468233796
26.143150335359742 96.60932597974964
24.787377751254503 71.4237239547289
144.091000251948 93.66421851376828
225.49022668785793 249.67493470976473
164.03842268938283 183.88416291983063
220.82937197537797 77.90782194414683
125.50276434984708 125.99268839897265
147.4243917679084 122.40011245037039
36.57153554697742 145.30271508604272
248.31449525167662 168.41678161521003
104.3929532328086 109.150719584416
184.50401189392622 14.999730218043183
72.93061271477552 15.354505245798954
111.44741805614785 235.8270531287639
120.92139606396033 136.98475468201246
226.64236142637822 226.60206636417644
75.7629794954692 125.0346881664211
84.19489494424562 61.65121675589075
130.24676656961057 95.88427457486497
4.5734364825834595 9.439613662145796
129.57773779779987 157.31177904716125
70.82073904450057 71.37107942839735
129.24263133002958 108.79960663508415
41.64573387392564 155.2481264960568
113.76866734351083 242.47624379709015
49.27099723823672 222.21557908939639
98.82090055676271 30.18593931158603
78.2330486433703 58.28495948222809
217.33873979252232 94.97612060877728
195.96492330907114 200.12065542765583
147.94568136464778 43.73956662897838
192.1481138008025 238.43657793625016
96.81739733661828 5.905810067038747
128.3290259734333 2.55142231898306
185.621084730395 125.53109430500197
160.25053245737988 182.33178785297275
144.01116982352232 166.96602851734588
36.22898543093897 245.93114922337875
165.87536905400722 17.21907593649985
166.85228475014296 15.998390074522778
161.72256399372074 109.66143604792671
92.18192771574627 131.0893802331897
231.1887969913489 124.31932004282312
81.01896067424977 36.574084991936566
167.03175088968513 31.83872717429817
208.18147262550917 14.816113388142316
166.24785036060646 180.62886521887748
202.56338748639234 213.3076095759464
203.12068729381582 15.320208920320017
96.17435795413209 232.68353045898604
11.956318625046286 231.5931543371648
20.156018268865957 198.2302886765086
30.621530961079973 76.15240204634149
158.3787264116619 224.3263824248201
22.997603916979276 177.4414482768625
63.59917246136087 110.48985434924968
100.11232747431298 159.87390847459992
103.59211037812271 20.441467596092473
80.1794281177958 26.371125246155618
181.62074842010904 24.765648043437867
149.0175538034475 189.924324850446
170.14495187418817 232.99085106219815
47.74381434309349 58.63658770307864
34.75341374682853 70.73962742327758
108.43758808273913 187.3846314275689

58.754586505216956
236.22888065923522
949.1158978386402
168.4842727326249
285.7696865558896
646.6709098495746
134.81263469489747
639.9151360385766
1182.7544826727103
364.1075210126914
268.4871721272765
175.5053261829394
885.5683015160979
980.174483897018
473.4039343613921
182.21870309334324
466.5388536270763
1069.829764141316
926.7641826592867
163.43940618214552
969.3220734402663
206.81848906059918
805.5152867775124
454.2082950201083
709.0592124204238
253.21327062455543
828.0393236403725
1125.780124186141
853.4797759909395
1160.873361588809
642.8304229684516
828.6888415103334
782.3776168786075
1142.1609704307593
953.7215133572014
458.67577337540854
491.52930900374076
1034.085572460823
1158.9765207717442
1188.5860896195159
478.956368731957
243.17845586894177
363.62945504273983
975.1780781082072
1105.718922489178
217.37630250397325
1102.5854744479468
768.2962266205882
337.67509333279656
101.59971376449764
695.4976750116349
84.31550807468226
939.3282173736599
1146.311969768506
41.51341206165658
887.2062633287532
903.7538210944385
1184.1900159415597
885.4244936426497
1086.4150616095758
1149.081197862718
527.6500344961677
808.327277136461
309.75163136301126
696.5173732624413
957.3407688182106
207.38121746799348
803.2422572935881
1125.0786075277965
940.1387960043137
956.7472591731896
599.9586343188358
339.7280402940454
225.32409956324864
1021.3354112130843
58.467285522585016
363.5748397847414
1048.6004739765983
676.9231978299987
169.11051448095515
307.6996581871945
577.7349217662774
763.8554436461977
90.78754745287354
954.61162828687
819.8847765016006
253.28113643737893
110.23081857427725
408.24715239507424
555.8121885744762
468.1850942788782
150.66342693263312
659.1518679378413
883.5663155240517
1004.4472284110763
1029.0807648981663
1181.7753133967458
425.28745359751275
398.57652814627534
776.9573244930361
1099.7161754500357
891.9615713940536
957.2534736876031
914.4946182233963
599.7111073900347
1062.5239046562067
510.88158786265427
194.9000640429755
1151.0153351939634
171.3728515731358
278.74069975518194
75.70628780560487
374.0793474383
694.9066461182302
76.32555851646018
1015.8149528595252
813.801528296031
382.9258836304151
32.590226542566924
167.8805941333705
397.21585385419957
168.53787896051006
973.5927180786824
736.9846055126204
553.6083761358408
855.4595081068428
281.76555829833916
395.12268002658897

8.6 17.2 36.0 72.1
17.2 34.4 72.1 144.1
25.8 51.6 108.1 216.2
34.4 68.8 144.1 288.2
51.6 103.2 216.2 432.4
68.8 137.6 288.2 576.5
77.4 154.9 324.3 648.5
86.0 172.1 360.3 720.6
103.2 206.5 432.4 864.7
114.7 229.4 480.4 960.8
129.0 258.1 540.4 1080.9
143.4 286.8 600.5 1201.0

2 5 8 11
5 8 11 14
7 10 13 16
10 13 16 19
14 17 20 23
18 21 24 27
19 22 25 28
20 23 26 29
25 19 31 34
27 30 33 36
30 33 36 39
32 35 38 41

