128 3.0 0.0 1000.0 3 160 240 100

175.75196381867698 9.186954989504558
160.32555375741117 10.899581019606918
28.121712597079934 203.1870155266682
230.30550307061958 89.67941966143842
56.082030422853066 179.42880064056735
26.27269114465597 13.480396474574608
176.84369019743306 126.95743446268465
59.51115944886662 161.4450504429027
22.625001024344225 171.73468339289886
241.93829464287504 9.157656970588985
16.92846602222292 120.4279789313506
67.99127566218696 237.72990415651793
247.00990804470746 131.18077709716715
161.33006687846537 86.64417084456524
89.16635204596182 243.29449791646718
34.38796739311492 32.41146242168616
116.75636289346411 249.9704268105674
233.20719753217264 7.994862897802935
61.53051987186892 24.0916462704685
189.09982372639908 106.4251144236501
43.283154161484234 244.94566384322897
43.84200394323493 70.21267809474816
48.29387711869904 233.2230364976898
79.09746723415181 173.81201986736986
111.65389731676703 219.224710055301
73.69770188617237 135.4999635339893
92.35828863973819 20.970532482905952
182.296962704328 98.18177255616062
199.6353685002175 148.8808158971072
129.73450245882117 77.86845853858377
74.37679018192817 41.19254670471445
47.72764399924998 105.6383273085883
61.75056907969975 160.22121039841497
189.9593484506902 192.79519267857543
22.713248270651796 34.82516085751125
61.71573429558855 118.63346132920893
160.79702805134522 105.66028697022777
140.07247552953928 111.9637157139227
107.39322647675839 214.5134715087798
41.20748097749857 154.7386779554492
227.407750874504 27.370434152198115
241.94298073419665 155.6741188998329
25.33137600320659 69.76441328379127
98.81011633099659 88.11365459192811
171.77955331768382 242.27875407974585
29.303827343173992 91.61562825928048
145.23730865528455 67.11673625491024
144.47601589935456 135.28472776234182
102.52682006266336 152.6955083587677
24.318674323022925 228.9623357380169
163.46314760603696 20.71570855485233
174.6538809395117 198.61389042314696
71.56088899837657 226.49014385294007
111.62578593873124 116.46697004993959
60.285613411434454 48.721613164165454
22.749187496325735 224.55234975266907
219.07704814050035 65.54291723035458
48.41434184299398 71.79658023975988
65.46345623997752 165.96772627568825
145.31389842448638 11.261054323467468
42.93205117224178 55.121693192562546
87.42909096571094 183.36591045113516
237.48068123842538 31.553267914060296
134.79722584173118 219.52576279069734
122.84843835951526 242.53358631331815
242.35529462265174 244.27851075995602
3.873802340567001 86.58811918355374
153.5748518799051 58.72114057999486
187.80499543891796 61.94026250396764
184.93562531589302 106.98510853703394
88.57243308482887 67.33801896417226
193.18486725347242 10.191180009769068
58.21472699276612 107.20559595183643
165.23329244405207 57.48698232286309
192.65033115187788 196.45095291955622
163.09883698194332 84.48133158342999
209.2861486191934 220.58173530921826
91.64874712124038 88.89820339046128
90.25869196261804 110.07822072912451
179.29754469855342 13.720335041923576
206.36212034651837 232.73060579919164
32.0960044836277 60.423583800941486
79.9743517354338 84.20935220806366
81.09674149245316 17.533995356563054
225.40769441215988 41.96605389473662
218.26675050957343 234.0279057995044
235.35259120188712 163.12910722272662
122.45227510394197 217.86843558853954
222.41723285293114 226.15259583513946
244.44860774856076 18.936988787416897
57.60482904804321 7.123245746607415
132.90542319491172 202.6557325232545
76.83683333433649 131.95399328508168
220.4534968280408 112.86507865749564
164.36885081024334 193.98216441513745
147.00803595212167 189.12775422273552
116.7369261176867 112.64401563262058
103.81243932769019 18.056158785699328
193.09135708521274 12.05530827930068
3.4367482403597216 22.959654319325008
134.81314042790694 181.12280600944015
72.46410546423279 130.18346491891117
74.08013366888855 67.84186416860979
1.5496953217296328 209.4148252868101
184.90744959008364 51.25708337652387
201.91561815348433 225.3554728167955
195.32939140036112 169.0817734882262
190.86133063087922 207.44607692264398
171.56434710312593 35.828342150641596
113.63148295906872 161.48936002949327
56.0648900470748 42.46333711723271
97.1099366338993 119.38484107315925
104.89735111256113 214.61140852366196
208.20454764711076 117.8721759471431
60.85240038338155 164.4945901042152
105.9226227576646 4.3722531109546825
184.70535895568705 139.98954086822894
236.66838640258922 177.74479826085903
103.62052120323112 63.03950100953332
89.22800684365222 119.37217209350575
47.11736167103883 23.157864694856283
101.80927597328716 157.0938493380419
22.960245150603797 191.21976645230586
135.53399647279755 119.24596588405787
206.22009262835203 47.04357930335398
27.844127209761037 21.714713021855097
2.5893240552809504 248.20173992408718
218.38314875174973 197.07439126294386

181.67039652559745 3.6599402617029653
157.74054989575228 6.091200595280344
21.700655440165225 204.97869192652456
235.58725935132895 87.40486248674243
54.742016757181574 173.01986040100118
27.471236738852404 14.090268145681096
177.25881356095917 126.14914640845168
52.91012041439122 159.678231833888
28.60223563297881 173.7920071572474
246.5006077866127 10.13490588725388
19.584230048006606 120.12727813148716
61.64264962733401 236.98820892239715
244.3064034625175 136.5204241800567
156.78103446974887 88.82189917165873
82.0282347394048 246.42142365355875
41.00830078300327 36.793472791028016
113.84324753020982 242.2107886223265
236.54339804427562 7.435197256236009
55.61354808945787 26.48478753220143
184.04016972272882 105.02107309323117
34.80773791120509 244.66525077148106
44.529750167105256 69.38015307449277
50.379322497763916 234.5403569766844
80.44565367850934 180.88333768688136
113.82604095399657 211.5585099363158
73.01199567111478 128.48580559290036
92.70531472075541 24.32018049689311
176.0221338824962 103.82513357231483
201.18879932979743 154.79701370694502
124.89047339188905 72.24363295753663
81.71200218601324 43.17618272030865
40.889654666183134 104.79472151498199
56.69236666604582 163.91672169177772
191.4542014408378 185.85742884250752
24.99618954910013 28.059512342980014
59.675142262995415 111.51682121257534
157.34511468017087 113.1079952562205
144.10162994932895 105.46245462935039
106.07996367164301 215.44939520324715
36.86260089288021 148.57544219811123
220.93096136252356 26.99303172447265
245.80671017021686 156.61178952858913
27.03500664118849 65.64133266717035
101.48006430723625 90.08781950225608
171.9005045729129 246.62651473144396
29.061881045274102 96.26024948407355
149.0899792360968 70.05009866346973
147.61713774336698 128.02952158308935
107.14871932033753 149.0626913901659
29.02509040858653 225.27624761730291
156.5782869833049 21.91303400524286
177.9997178604407 191.79962595984244
71.9003233157203 233.93758711435387
114.45507145475098 116.02611539436778
64.58915814622246 50.1024322766947
27.49900061715452 225.99721155947523
223.41311029766632 64.22107460308315
44.972622362277725 65.72469562328176
63.93983186092872 161.95240911975432
148.30404319533034 12.958085792001
50.97664187283496 55.250843714316545
83.59503538099608 190.46783894298187
244.39120344094022 36.40498963276412
127.64686591474891 222.49634911844637
121.94710863681765 235.69289985069696
237.03516118129215 240.2772703285396
8.224354166910919 81.87111838882971
148.1485633518486 57.960732096792064
181.94981921205903 63.43407681313962
180.9350299828085 108.41794323370429
83.52948953042846 61.27970087357601
187.28306730642345 13.298747195845174
54.04639631985206 100.27216349916124
160.75770200205383 63.97590489182098
187.5003903657765 202.16240634200082
168.55077507834312 79.6849109836793
217.36556641084925 218.04078066743938
87.2988108137695 86.1881708615711
92.17596645597267 104.81285928220521
177.86623918990034 17.18631486424238
203.22833986699902 225.06927679077845
33.75807929252173 67.67307574220466
83.98297590878789 85.35969166505001
84.24357767183915 24.87107254111859
223.1288634346367 36.667339987499545
218.3873429400502 226.54465598414612
237.0051522487561 163.00212933932153
125.2140109620807 217.5043979647151
222.71227134042408 219.4035248372598
247.4180123166948 16.45808078040989
65.2198064766085 9.440556315691573
133.06093550612906 199.29584581787185
69.45889545866596 127.85977639378218
219.04468792971116 105.4682620735471
170.56154445575427 189.55377116908886
141.32449010396704 194.05398913196203
121.80021294129395 106.16425289891308
105.63580403617972 12.087305066033228
197.6732711887395 5.239418883657699
8.728266282008097 27.15580611484017
131.5483887120485 188.76429188583367
69.92845233129746 125.51610030100724
79.2511566597944 61.30014524194688
3.3647500209628145 215.95218033345319
191.98370310830248 46.93611206288828
205.49354047669513 224.8149412261008
199.28270261373865 170.43037200237342
189.43053917495803 201.07008684024305
169.78440453349245 39.12400394983559
118.23163152401197 163.23059967237535
51.10757172062977 48.57046710051363
98.2866470565924 123.0014429081237
109.51752786893726 217.77127312100035
215.4346649409779 116.2644593050292
63.65834755136562 169.8820456926526
101.63336227063712 5.779127171810034
180.63205427930606 135.46431989943238
228.7545905823528 176.0435218762107
108.37484533652253 58.31442501443876
82.55131857422896 121.5839372493771
44.41162995937742 29.137464864176344
106.45881144135788 151.46351908532156
30.8353986259709 192.03632433293913
131.34768057444478 118.6790347653314
204.33378813230098 42.430208696135786
32.72917230234448 26.878522391671737
7.213845677592756 249.47984581973768
210.8697176719345 193.97259327174845

17.2
68.8
480.4
17.2
8.6
540.4
143.4
480.4
68.8
8.6
258.1
137.6
216.2
51.6
68.8
77.4
540.4
143.4
17.2
172.1
480.4
260.3
432.4
72.1
432.4
172.1
229.4
480.4
103.2
34.4
17.2
172.1
129.0
206.5
288.2
72.1
51.6
144.1
600.5
34.4
229.4
480.4
8.6
143.4
600.5
154.9
260.3
77.4
600.5
154.9
229.4
36.0
77.4
77.4
144.1
286.8
144.1
172.1
68.8
288.2
17.2
258.1
103.2
137.6
206.5
25.8
34.4
258.1
137.6
103.2
206.5
68.8
286.8
114.7
144.1
129.0
51.6
286.8
68.8
286.8
108.1
137.6
17.2
129.0
129.0
17.2
51.6
34.4
34.4
480.4
206.5
143.4
103.2
600.5
286.8
260.3
34.4
51.6
77.4
17.2
143.4
103.2
68.8
51.6
77.4
258.1
77.4
229.4
286.8
229.4
8.6
36.0
144.1
206.5
17.2
108.1
540.4
51.6
36.0
114.7
68.8
86.0
51.6
480.4
143.4
34.4
103.2
324.3

8.6 17.2 36.0 72.1
17.2 34.4 72.1 144.1
25.8 51.6 108.1 216.2
34.4 68.8 144.1 288.2
51.6 103.2 216.2 432.4
68.8 137.6 288.2 576.5
77.4 154.9 324.3 648.5
86.0 172.1 360.3 720.6
103.2 206.5 432.4 864.7
114.7 229.4 480.4 960.8
129.0 258.1 540.4 1080.9
143.4 286.8 600.5 1201.0

2 5 8 11
5 8 11 14
7 10 13 16
10 13 16 19
14 17 20 23
18 21 24 27
19 22 25 28
20 23 26 29
25 19 31 34
27 30 33 36
30 33 36 39
32 35 38 41

