128 3.0 0.0 1000.0 3 160 240 100

101.18439958331781 31.396954172815462
94.67466267541022 87.58892092193804
176.03741575508568 106.07679579174022
236.95272434490147 151.34422094538485
107.94055612207227 13.762847230073316
43.37712886018635 52.554838032060545
40.87930248730248 119.7334403707569
126.37373098027827 75.729101758862
160.49962362390488 52.12467876118301
135.23044979304066 46.238830835775765
97.9018183399805 118.5960706520264
59.21493737825453 151.7956648356567
110.68772570294308 80.24396493816849
141.33502948296575 139.46858265426295
91.70588385807716 50.765011671243535
153.799847698901 240.10375726268782
219.60107976842747 121.76470637502237
38.190129631570755 233.73692027843913
209.8202778753639 156.6039628837423
102.52822341549 202.8373124750549
236.36905521252106 120.06150405140423
189.83410039193657 138.98679283388464
173.09031560391088 112.22214418329679
117.32243677820769 105.89950274294624
131.28201531002446 90.4278465134698
179.05731043208337 175.64302723490945
190.27253325393437 147.41777083397955
0.5497918059583773 117.76677629440663
55.830567070841525 143.33352440825908
112.95107536940002 161.65691312654093
52.13568497179865 49.84799493420197
140.52565183743306 163.20303977609296
133.26695148388248 204.44029922575712
67.28126438301315 128.3416812422379
71.65742755334203 141.3323559347854
138.43569190222695 223.22271777130476
81.91456836213318 176.95031875626347
248.53431941843016 75.48573530303521
226.76566927113902 237.2236219138789
151.93249508856064 132.6407227457942
103.75695217991837 233.84014143412307
104.03242182244857 169.6234612470251
43.74421976948012 4.709447610610123
155.77834076499443 177.6974632884306
164.21262003546425 101.57827451794275
8.75197703379138 90.44660992458331
41.73492868714848 81.3360578906823
51.09385678760725 94.31580048494314
26.960636326420207 7.979345679204303
42.34315283740733 25.573680490711904
52.205894765867676 177.49457480508397
230.19546341399726 19.78738195168145
157.41262869323631 36.534948032297066
50.497372034989525 133.530095052606
242.9718035760173 146.51470172379953
90.05380222502058 36.42736858412196
39.706735611851315 101.80252602468828
173.4349599018091 136.00754715431344
51.927450749035046 112.35417436384034
152.41936035473267 221.65443767989325
153.8671908932144 97.88642548707726
233.6796160448103 222.67510803080515
2.67517326590494 172.07354078092408
188.8375204270168 157.3417170522897
216.81239835503536 22.884630088615772
247.9509072521106 151.95965237403288
138.86769551653543 190.75949278494957
204.57290581294225 247.8134080249636
51.31330971847278 194.3954248517544
29.097914330426107 39.27351841846913
214.16328805032487 123.09512190088715
29.58396603144106 213.96148346450698
184.37039878561805 84.91276217617543
52.132572008067534 31.78720879817326
205.35283042491693 164.76578945042655
74.25182260614224 178.7720394800229
151.98810815761723 97.83269276649892
24.36439143545932 143.00814624655754
37.39670644934287 80.50320361948202
56.541892948807096 233.5391205194257
197.34344361502286 191.56821020276948
50.74173584982364 72.34226969833988
141.1405825492129 211.1302745512951
125.50980684175578 219.28252228868783
8.836267784263802 178.2535353168438
9.00653736314802 54.404027763164855
100.45412255056269 52.331671695035084
35.46705619203958 240.84363560233191
103.92504813823072 189.50796861080968
216.0138070613156 76.59315742565236
202.16085078532078 242.8322850155779
152.61341073265058 40.53753335679175
226.73967939162497 217.05208504391064
150.1308810646694 98.28137426193456
128.2271400478208 60.298598457972666
58.89531326629055 52.454483362258664
41.15395120598847 87.70637309523168
38.18154029747728 79.93571429417895
183.18655597738098 116.4347331762015
232.4604758870878 105.6124996317819
209.65576710761806 17.19753921872533
242.14014652557688 232.6410941725802
177.48062186074517 63.91387361668846
105.5954582857875 53.015086611589155
196.14662576496542 183.57356438396525
175.91905899565404 211.49037652360374
239.55627861466664 157.42545413978726
87.47499447774015 110.88401436516482
171.86424526146925 60.57391686037295
56.5422456392802 112.88393587953321
178.05504349163002 29.604724335588944
117.78780436244274 37.885626998472866
243.1014870131937 51.887216288150626
115.6278332363766 191.17164369711313
177.86798348050326 38.0770666816925
168.37437062069003 187.0716346605227
199.04375952809815 12.073081673547565
192.32032306052952 36.17191976562958
124.14888606457583 213.78057337835634
119.68158485185914 51.22797541487164
75.87764681709166 60.15048422217736
102.96428877378125 195.00680734774159
32.154753264358654 63.89226438554096
27.512055948099245 155.130654116684
197.7786250973646 147.86298884220722
88.53719328862661 14.688553107302994
51.00690632790547 232.32083500344544
131.17587676299036 83.64822186024703

93.1864978122186 33.7508320581667
94.9446276025703 92.01198627723775
170.36651722908226 109.05593943151307
230.93750427891007 148.48081089435416
113.68247335236344 10.84246484402604
43.41908832872246 59.110928600064696
44.2015808357962 117.96061593232588
125.33912477761122 68.95683337681258
164.47564110800062 48.2752073126686
136.7775024819049 38.72146673820842
96.89188180399533 119.04978680861753
57.57883259242197 155.00123716408203
111.46840085711892 86.7972945026805
140.0304384131959 146.96961965561513
99.90778260903474 49.53631899849106
146.5063465446183 237.6754388743977
221.9504464546052 115.44354134205717
44.20810283647686 237.99297231631283
206.74499291433028 156.67898777642523
104.4718536184392 201.15164441666252
234.64904166238964 127.08946516328106
184.6180675139759 144.88170456786528
178.3624214633183 106.1997126715944
110.24714286518447 103.95129919347357
137.4496247615752 92.07195043305622
176.84746843787028 178.26670524971118
196.34319827725952 144.18506198932533
1.9931361760412991 118.68545342772217
50.15578542553631 140.85340694846164
119.12891998716155 163.0665358533377
56.10457056271551 44.941765578066835
146.3175658829349 162.6026448881785
139.60664084388122 200.661104765311
73.57423738820724 133.04344815723243
72.59331065337871 148.54690387220077
134.9725118919745 224.24673316563184
87.89873176519414 180.6815870841934
245.69769747326475 69.00547126432751
232.57973502366082 238.0058131952048
153.82106640792227 127.55959384718652
97.6557727904524 228.2050347675264
107.53265535195398 163.10288376561093
47.55928351358912 3.8784898295942116
156.5112600610523 175.08241176564349
168.50068585703374 108.62964686839763
8.635645022021743 93.83300159259547
39.628555222104175 74.51799103660898
53.85044554006171 100.73485688422531
30.364831480530484 10.485120107773833
45.858085658853156 21.000523969218392
47.15891623548807 178.2600447660922
228.80821063184192 19.656911544615046
152.2454565396363 35.35408347428187
52.19954643486677 141.03619694404819
238.23124036379258 147.58255836977978
88.44228285292385 39.005669297895174
40.14178631948953 107.37669026094757
176.74464029199606 141.8435768641142
46.74619990437931 108.24682411875666
152.72887793391857 218.20648172069065
148.22554009649403 99.7222553423933
227.62528574635147 217.33629722290803
2.641787641022131 165.44314908662602
181.55753348891696 161.03582183319276
224.05330756904786 24.7207409641694
242.56479867677407 149.10125548406512
139.57430755903218 195.0322673094242
208.0433683912814 246.08253985160073
59.600428324001506 194.87503347965122
31.80943412584228 39.31679309600164
215.4174585933477 131.06018883818592
24.921971844319046 219.91728440950783
179.7932688231317 82.901358516583
46.82032564865465 37.47597702395086
202.6219943588909 167.63383538587806
72.76758874717699 171.78825906441645
144.51706392905197 93.82432210936773
17.192024633149728 141.8836186457586
35.478920232064645 87.4319243099339
55.96917062426204 236.85076478497598
203.17958391036404 187.16859266371608
49.73154283325129 75.93232384249232
138.43890237405415 208.1576180513216
125.97958436924306 218.48794484759065
10.90804290317865 177.0471602071991
6.575408199688021 52.542342195511296
95.76645518020032 52.98470087710103
34.56627093852477 240.42577993495115
108.99778386149659 184.05179291281343
218.05657327961066 81.07997301369183
205.24540295505153 236.75643358950242
151.24994445562658 41.440377008988335
227.71211814609111 214.65483196575045
142.87495200775976 96.22629143229472
131.5188676463925 58.53795154028366
56.33413039594479 56.79664200120612
44.894715639642676 88.87880246241481
42.01795025672778 86.7012321870427
182.41031094632197 115.97596519798992
224.83406173116128 104.4439252460598
214.24489340377 14.97330718145487
238.5057408548047 236.35176765343002
177.82832325319586 70.12623450572656
106.92316631050683 56.75078795886146
189.5699680542301 187.22280013232518
180.78938166904592 210.51253496215773
236.7742560294316 154.67371114467878
85.46844275928042 109.55662065150356
172.0417793834932 57.43809059204907
62.60827877584349 113.80149865301767
177.7680579687418 24.713754650856735
117.32655695081506 42.26219866690792
248.59279010153455 47.678296294391274
112.27621811649058 185.18538226052317
170.77039259680578 41.94416072083326
171.028522667536 189.24850998709255
201.28283184130518 18.547205432649207
194.79800070520557 29.004311057755388
120.87739396692265 215.3636813876094
120.46235960642757 57.91979207858897
69.1066390904739 55.70633234428457
110.37429983760258 195.1481123336449
34.879966039533336 57.81969179247212
27.213896156166093 156.93918447233145
196.9100315775805 149.55629479711908
86.3560599781725 7.589676696221959
45.27175500718283 234.14922307595688
129.06084939023216 77.474447024215

137.6
480.4
34.4
25.8
86.0
229.4
540.4
206.5
144.1
17.2
129.0
286.8
288.2
17.2
114.7
260.3
86.0
34.4
8.6
258.1
8.6
114.7
68.8
103.2
600.5
143.4
258.1
68.8
216.2
143.4
258.1
260.3
17.2
144.1
103.2
51.6
51.6
229.4
77.4
103.2
600.5
260.3
144.1
51.6
25.8
129.0
216.2
154.9
8.6
258.1
216.2
137.6
86.0
8.6
258.1
25.8
34.4
154.9
137.6
540.4
229.4
480.4
68.8
103.2
206.5
36.0
229.4
172.1
144.1
77.4
154.9
51.6
34.4
143.4
103.2
36.0
540.4
114.7
216.2
34.4
51.6
229.4
480.4
8.6
129.0
144.1
25.8
51.6
25.8
206.5
17.2
172.1
25.8
77.4
229.4
540.4
286.8
51.6
600.5
288.2
143.4
34.4
540.4
229.4
288.2
143.4
86.0
25.8
144.1
8.6
72.1
68.8
36.0
36.0
86.0
77.4
108.1
129.0
143.4
34.4
34.4
103.2
8.6
25.8
103.2
51.6
25.8
8.6

8.6 17.2 36.0 72.1
17.2 34.4 72.1 144.1
25.8 51.6 108.1 216.2
34.4 68.8 144.1 288.2
51.6 103.2 216.2 432.4
68.8 137.6 288.2 576.5
77.4 154.9 324.3 648.5
86.0 172.1 360.3 720.6
103.2 206.5 432.4 864.7
114.7 229.4 480.4 960.8
129.0 258.1 540.4 1080.9
143.4 286.8 600.5 1201.0

2 5 8 11
5 8 11 14
7 10 13 16
10 13 16 19
14 17 20 23
18 21 24 27
19 22 25 28
20 23 26 29
25 19 31 34
27 30 33 36
30 33 36 39
32 35 38 41

