128 3.0 0.0 1000.0 3 160 240 100

12.930899282435405 43.03197970473826
220.3656512021848 205.1466044506238
174.45976811504474 218.69357971658746
203.15501047788467 181.8150817420552
235.16407613637955 237.06446622314292
50.857258305809836 247.686539471281
163.98972535833218 215.44802911794
202.5924482513961 77.0616432245059
219.68258329332704 220.63950446174917
73.1425516044327 247.5516217078426
161.9595617412321 151.19111782317339
197.13513325969836 90.61915475729357
238.9936520344663 242.37864146491705
19.70746569523771 54.16382115262919
76.92214185977672 92.04752710521969
2.0964885410195144 72.17420888307657
136.22314368075072 135.94044194914076
67.560537245201 14.597654034230883
80.02635112962314 175.07055063084042
163.45419526645273 217.1195762231527
103.40922513094014 101.00465934080455
174.16497332283245 121.41222724601353
56.49693873637579 105.43583126167103
172.01957196716856 9.804510844781511
35.72793914986674 29.8872810700159
169.59982219110108 201.6778595394105
4.289131328451129 90.1837552789315
30.664125347313526 141.5731365557128
152.71460219931797 38.24345797235517
27.709741333828504 211.185446498947
107.71946159257975 221.2846893154036
27.232866208004303 212.0639748480495
92.97634477667607 56.99597922870464
103.86110347780495 141.8807693000924
71.86907531799372 30.241344735945642
22.662359903934753 39.22533596486458
18.741811181504225 43.17283262209693
137.7012377999277 68.64087358443166
221.09433387276087 35.071740992166426
59.59850339825229 199.14926342550092
54.52844514843561 121.69552827439512
52.23531821721811 203.63246291354
145.2702490860512 24.926359263368862
70.00756383515879 162.39666871462416
173.35881047213002 66.07162379773857
161.08078476641694 55.012720199568435
188.45148912563303 138.21704809176578
202.04136783710996 197.8424277814867
55.36823513577463 174.9771014266465
82.1696566804451 208.91993035431713
200.6037818334328 158.5115859457245
162.5243174747135 158.67750328200302
189.2520068797499 135.19179636151307
69.85807166835426 215.40504995901065
23.78739419182499 34.43605622654447
226.78288323572642 62.16470044144451
236.5621711315356 185.4305748130964
152.84844121824707 181.523690743592
161.58057867355558 175.6984806800743
217.6041789378633 232.216158653067
223.71727029341932 194.94786047978363
134.27332619778386 174.95932885806278
135.59134233912278 54.54171870767044
144.31831885557014 139.31425193868387
59.51298103918412 206.7978786408676
40.13675469754277 214.20977809898193
220.43960688672362 178.90520477400443
94.96143590687068 64.71196918973158
194.834112716852 29.799940714369257
48.16671127625108 180.67479700314198
185.47224849405748 213.5300273387084
0.7648580434913566 41.665433656591446
24.776025428340787 136.9173660890977
188.88974687677026 33.21620578826515
209.99559694763272 0.08907321524156964
136.8883589805528 200.07749982303173
23.03164400681665 137.71518878114912
58.98411891130598 220.6406791594055
192.1269162820566 114.31141642999881
184.08455371592942 183.51945279337724
169.27521856470685 169.09894277617008
247.99593797715548 73.16765711838252
68.56293766548815 200.53788218888212
94.62281572255823 47.98856920096922
134.92130116517194 185.0853362013658
190.6257279569375 185.36108477064244
62.27602226905235 131.7833463114427
185.13071968723986 84.84249126550903
23.446795955136963 105.48627084645459
85.15177480273026 9.39384760276371
143.97767274178813 100.00606077028851
66.00181452476258 149.70439689395613
160.4184216914839 177.36195056098717
165.5060789335889 24.056067081225567
211.87732976168314 38.59974604828495
217.34060645984184 150.0592685402035
132.5698876404835 146.690876561544
25.85312749413135 215.74971652976467
94.6221375262672 33.57393241181381
194.5689391667313 184.60431592131323
232.0704746937002 223.7194644214909
166.04482764115536 117.79663363508203
105.14818872340864 181.7682962942736
172.585550819 73.01206395009818
12.19105009198601 118.98169945247639
109.59322371615602 187.3187478654706
8.282099852441632 112.07173045162966
213.73314888926967 0.18801995202905042
179.09019064467412 194.04853406348482
224.41040896596948 86.48371775769165
239.75656450997238 112.82639744263801
45.883662639377626 209.23949263862878
246.05927193398296 40.177725639945066
45.86303029945668 30.431730197358174
126.51744625078199 189.1599528205785
231.7154263468013 235.68981407622644
123.39504542558514 178.74251281277188
72.22521421466335 143.55281513125033
86.89005914792928 1.9304554077062552
90.4968720221211 110.30404980802508
136.55069951333053 136.64270080455984
74.22940093233728 212.66644433002082
55.31038283055903 14.907011610569926
4.466131848512022 151.17456248812593
9.55061752632802 161.50009363212942
22.628910385665 209.26503095918034
15.985288877411657 200.80527289806466
6.2662054391857405 99.43180355295166

14.247765810913082 46.9643729508227
213.5575926395733 201.66812943733876
176.4852003385753 213.03502188131867
196.38696405467948 185.66529442829574
239.01733179758338 244.10355988265357
57.097915674913374 244.86282698196953
161.94723054046224 219.71264839669195
199.51132531364362 73.90433140155389
223.94211503015498 223.00496843653409
65.39590892536484 248.17577069844356
168.74943007969546 147.9982139991532
195.5400330656961 87.2397210132817
245.30133652870663 239.16295436919708
27.53531592542624 54.100763106132824
81.14428873875163 97.59568846364833
5.40864257389706 76.90190758575638
132.97254712042562 135.11936387977
68.1296399700653 10.993997197662836
86.63285950859459 174.42294830373632
161.9967426003708 221.56663819834014
106.70816225445256 94.12881819887286
171.74507699140474 126.59859245521882
61.695836880089175 111.16139001618019
172.65496492411282 17.748854156812765
34.413256015353774 25.44311011808109
174.97459308909635 201.93299662148388
2.0369843911042516 84.98519998625062
37.279555501507076 145.1188551300146
151.63206432017847 40.550649468162696
31.16341146821319 213.57494831896767
107.28192520016577 228.78063051381898
26.941430149106548 204.92927743801724
92.28335723271708 52.223137167855455
96.92547744575045 143.50287934164214
72.93551171918 25.502716930977552
30.283880123623568 40.4339438473173
10.282056951537472 43.58430768963365
140.591747366854 76.3894760881086
228.61223017719033 34.323216470233675
67.3882370759872 202.394638314721
56.06815376960933 120.92070280006526
48.086141582299376 197.57356381052938
145.14100438637544 17.37404781396573
78.22557143824879 163.1069172914217
173.43689550663075 67.1137207436034
169.07424860582873 53.00270944945121
195.0224677979585 134.3538848762752
204.07781173780856 192.39037105855616
51.86707413936203 176.92685075124194
81.54994728716855 200.82614470191703
205.50173285348322 156.55348153825224
168.49837093028046 155.3628008077924
194.0598378258126 132.8069580886041
73.68369121832569 219.0099682298884
23.182981516532614 32.67485747283033
223.4375213474689 62.91995235196135
239.58814933674608 178.51175281253933
155.53843292747823 176.1971260089797
162.32999846906213 178.7456650558081
211.6951229492279 226.70252622018236
225.39947491876407 188.03953042375247
132.52949642492064 171.889584506425
141.9944092851231 54.733715980661266
140.80932442314898 132.49668817014896
67.35574552520882 207.33397561375608
45.83662807235805 216.08906482182383
216.41454818786877 180.57159813277644
95.28574937048157 65.74702695060633
192.32546325285887 32.30025178351123
54.062177638887796 184.07855641468814
182.25706689602552 218.18469597937928
7.01597574639104 38.10033822278516
26.203502414407552 128.83091200387372
190.5455171637835 39.55046603395607
207.72221267814655 3.7079879479211817
134.98165535170045 203.60702641219768
24.344629083189822 137.7333157639671
57.95987432582447 212.9590883629363
194.32325698444913 118.3966939411034
177.627068686867 179.6632826291949
169.61002997386538 163.03629904681867
247.53079306105803 67.50139978531585
74.76101563200676 197.64866067321395
88.25669713640902 42.44852871734736
133.64902611084227 179.26857786314812
186.86992872105492 187.50826117404176
58.782881261776446 136.8493845006802
177.54198725710356 86.28819393599673
30.197439449683895 107.26845326019424
90.31641825522757 7.2385292280208455
145.8135814520453 105.99077599561608
64.59140871673044 143.79315165599732
159.004976903199 182.63615321449268
165.0970992036418 18.7271023724406
212.41607179390638 31.309289909680516
221.22074053922918 150.39554136211035
136.66279610064325 142.25798297094804
30.56445078338793 219.96062796383785
88.14188804236548 35.078604327243774
193.5413831513541 179.21522746259024
234.02754238428912 225.10607331344076
164.48628305799636 114.03428261156127
107.6016244933366 189.69764021736694
170.46146256766778 73.8716996997931
13.309020872671857 125.67612797850362
109.82983633802768 192.35097575408494
14.667527272298669 108.18670021047095
216.22875558552116 2.6102667076720323
179.81721052404686 192.4023685326776
228.66814185611653 84.99412315944565
233.57107851547732 115.39786212134089
45.774195568574456 205.24346269967072
244.79386904805457 47.76134358685996
40.37336299270897 27.140326574462108
131.7184114501776 188.04271071597714
238.52748843746073 230.87733262641132
116.11824511214664 175.59012303029402
70.88500742120826 137.20634296618033
92.63515939968023 4.276855364291176
90.43663367639707 114.02462722221085
130.67156837874623 139.34991635105683
67.68722016231341 216.70442107575286
60.11229668971299 11.013116163924835
3.1881091862838717 147.47238943656893
3.287686868090167 155.9956906103042
24.624523771761332 205.69697330629654
10.840404438629436 200.94646465132098
9.966238749960166 105.82458427389088

8.6
480.4
260.3
216.2
25.8
480.4
51.6
216.2
103.2
324.3
51.6
17.2
286.8
144.1
25.8
103.2
86.0
34.4
172.1
68.8
286.8
77.4
108.1
77.4
154.9
172.1
206.5
68.8
68.8
51.6
51.6
600.5
17.2
229.4
324.3
480.4
86.0
540.4
108.1
17.2
216.2
68.8
324.3
143.4
51.6
36.0
144.1
540.4
103.2
8.6
17.2
324.3
540.4
86.0
286.8
34.4
206.5
72.1
229.4
258.1
216.2
17.2
86.0
17.2
324.3
432.4
206.5
108.1
258.1
68.8
72.1
172.1
137.6
260.3
540.4
25.8
480.4
154.9
480.4
34.4
206.5
77.4
143.4
51.6
286.8
72.1
137.6
34.4
172.1
154.9
172.1
68.8
103.2
206.5
72.1
216.2
216.2
34.4
68.8
77.4
68.8
137.6
34.4
216.2
103.2
480.4
258.1
8.6
68.8
229.4
154.9
114.7
288.2
103.2
260.3
103.2
68.8
114.7
172.1
17.2
51.6
36.0
216.2
154.9
600.5
432.4
103.2
114.7

8.6 17.2 36.0 72.1
17.2 34.4 72.1 144.1
25.8 51.6 108.1 216.2
34.4 68.8 144.1 288.2
51.6 103.2 216.2 432.4
68.8 137.6 288.2 576.5
77.4 154.9 324.3 648.5
86.0 172.1 360.3 720.6
103.2 206.5 432.4 864.7
114.7 229.4 480.4 960.8
129.0 258.1 540.4 1080.9
143.4 286.8 600.5 1201.0

2 5 8 11
5 8 11 14
7 10 13 16
10 13 16 19
14 17 20 23
18 21 24 27
19 22 25 28
20 23 26 29
25 19 31 34
27 30 33 36
30 33 36 39
32 35 38 41

