128 3.0 0.0 1000.0 3 160 240 100

92.92557394766682 110.50094346201439
125.54961224191402 159.40095873402464
64.48003182135287 122.4041511405956
110.27205834835021 198.8650646263309
217.99819253253324 58.87167808828617
20.403223668158223 108.20794539744854
221.19512099415053 64.63199399496087
171.68120515320263 103.10226512186493
1.0770336351850762 77.15132014294853
89.94165327757975 115.58157737000116
233.63543011588365 218.20567324210995
5.419956358207356 102.50369768206468
156.0068759908371 198.95719758837953
164.2224440555727 170.99522243258068
30.652913692106125 69.53822816426272
220.75220737638983 195.67070348877556
76.08283367777926 64.44934785646846
40.217791197702745 140.72302257211044
150.73575791647312 218.71211643017304
58.02471646023169 90.59754005226372
62.3010748723225 234.89408584650974
46.16927251103681 196.47176392763313
235.50136156895167 13.982828203574854
98.72486954446529 132.60620319259186
127.91373345122712 137.56653602810118
217.0641537712504 73.3009366631332
247.43573695464463 1.022228644022516
126.79925088974481 157.60862614885687
163.53571834072713 41.662761392057824
111.43162023945624 155.73735127939196
117.25902753271846 218.85916017596745
61.411419697180584 88.05370249153951
118.80881069241318 26.307212001472514
69.36281157793154 217.47410739437075
180.99786642035804 197.6960051368642
34.23503696657662 67.46314120424962
50.433019550678246 154.64161273004652
7.67326598633769 232.01860746519398
193.7477851389877 52.673069932531405
239.81913719292461 189.54824144826486
143.95122928402736 5.252243125775102
168.48458388285871 247.95105102799553
199.06272794740417 25.37247311131968
155.53194896860145 238.2715085647824
159.62115251016147 95.23552185880003
124.7998329550473 183.5032838444615
161.53379638395793 103.3950115892886
223.12525776264064 58.249798078352896
19.314597133603005 101.18906935309296
170.7116841784284 69.20888193759028
82.27663880021096 18.703561191722535
138.417420890559 24.37756328989227
175.13388857405064 234.22566382709934
18.42358981702727 91.0988832704662
37.995238892282515 42.257855826878796
76.26089456691976 56.010888323702716
130.99979006439398 220.09992781598228
91.53509672611371 136.52412595569945
78.03442698201404 184.60805634352963
124.28469688417901 158.83966120799553
81.59011057402176 216.19027317080014
12.988695860401883 89.62247848820363
121.0658482146629 107.24065830968368
134.61119853119635 220.23402737648738
141.89954851785828 152.68244577927425
133.9267203412132 229.4023250725979
240.70795918410207 53.92167773599438
83.56323783786529 118.18952935224524
45.40485169867586 202.420411359162
191.03057104757696 123.61920773384388
69.76907733134414 190.2772900219164
147.9693103839246 73.64317727518797
221.74962775415761 140.4234688523964
228.1597246177453 69.78436388948062
13.546376124673355 143.95156520946688
105.41418761233243 43.772890943858584
31.773708362241056 115.22631296827565
213.85620760484562 199.62238287023393
235.81127514789387 93.97235875364026
78.51491780102393 170.64311796840252
168.34004198774062 120.42843546311663
140.60356419908481 136.37265092042196
221.24828376774147 34.95978161867214
233.6733406466406 94.4585894709361
90.0614877426305 60.85390396118576
98.31947938982766 165.31410849202015
65.59563337407894 76.99061445014685
131.17480797975813 202.41224295571405
160.90196439025092 50.953176416048684
99.03900035083615 194.58288393248972
75.26243662550772 179.02198017790923
165.9414081552093 159.91221208549032
8.836426492810357 227.62988299025307
176.87446979153432 208.39561191428052
235.21154456573507 82.92714597321942
213.5416731427882 50.334540320906505
2.8312010579027156 10.711806371316912
14.938310083247586 248.47560113444518
232.4556260401593 90.89229241865621
140.1159173213142 196.50836732269684
206.50857005953387 40.77034765013835
172.9403713365539 193.53351517291833
112.33121752166112 41.05434762669075
181.39031311385128 171.5012235890111
45.4805212286494 38.36246963492423
124.20686174354503 143.58021882681675
53.17746625725009 191.48147277042642
205.23686484176656 59.47972126271953
243.36782749142606 65.77150369063247
184.35325312186805 211.84356108484712
49.26483112119065 97.39635065525448
240.32441148233602 237.8332368297423
191.674165370134 56.677531618848306
97.01494736937721 7.02552024179276
77.98993886561364 81.47188030864275
90.99073850214945 34.94031673211906
74.9018230459379 157.07050502514582
197.9915437402614 76.0208916199147
75.94392089762508 48.84166480385618
120.7351781878388 71.67751506049302
242.99852006292772 167.75304540248013
14.063170742829922 223.20196524933283
243.91276995988437 249.76766133188053
203.6953047129187 127.91980229411881
60.81091136588315 219.88326886518226
9.733991992606494 142.9158849057608
13.28855386256908 124.35445143127943
223.19640237097784 58.9971769277875

96.94083725036784 107.6942881577346
124.91453870733305 155.5118218792847
56.832445020519735 122.06244218585749
115.64490317866924 203.79636801083132
221.6480419799458 63.96240586472701
15.166921833366931 113.71486710968465
223.72005720244485 70.9290613341845
167.82083498311889 96.44003457983224
8.400483098445239 78.55234439662014
95.01399396393282 116.45668659373098
230.30910716551884 220.3306936904626
7.9939087073828965 102.89174902053108
154.68390179630796 205.87532764981057
170.2466076265637 172.11379931147582
31.094662146549908 64.64823059204016
219.01298715500934 201.49477868852327
75.79272764435704 61.85914216817967
34.12259009578219 143.16162201089935
155.33219311639522 222.15426117765142
57.83288883612542 94.64284798711395
63.40143279911281 235.1987463194405
48.53420969115993 197.1893577714158
237.4801983777865 21.025584095123033
92.50610466542413 129.4035603920819
123.59778429409086 143.50701396621506
211.09312406330287 68.65040735837228
240.7191679898958 3.6985576224216055
122.66684456773466 160.00876872090151
164.91723350087332 38.84742053957169
116.45633697098471 157.68351722126167
120.02912558412329 222.3864165044582
61.90224452219051 88.65030021708081
117.26746144389952 21.223606874615026
67.18990602337865 220.99061299880108
179.91431413267983 200.5636711813281
29.492707670657897 74.05532838422144
47.20712364801405 154.59800418192617
1.4024791942356674 227.78631525251777
194.48728228363922 60.03139307410671
242.91173239893354 194.90625922273358
147.9707059058941 7.82517386092918
175.667679411022 246.9505767008249
195.20886026159772 27.282236199439424
158.32992627618694 230.49887626462873
162.4421751386075 97.14231045010091
128.4764038613303 177.21312131718958
165.27853453754418 103.86919174288752
216.02656076766596 59.485072157471926
12.302802326595891 98.17707939194861
173.44357083812608 64.93913089508061
78.6733677658519 21.14501659385451
142.6166808720724 24.41809697872932
170.2714433463495 233.78047219919821
17.19203888779633 86.44865784431077
40.20524664774017 47.128109726808724
68.67544299241105 59.577001803095584
127.31320897720136 220.80377705125628
85.4162291045909 138.95263722241427
86.15417695099406 182.1641601044192
120.95076684153396 164.12518592197998
78.22579329539292 217.7935239958832
9.983766688210356 84.81353667593325
119.33090230900625 104.20948297784676
135.9036128803404 221.92687004432528
144.38271793101433 151.26342864927855
133.7394715854847 226.8182713375162
235.36799556046873 52.990944922978564
76.14901607041263 121.14210821850018
42.84547185117188 200.95230256185357
193.71310818569776 121.27570632533153
62.45112868128655 191.0449769349999
152.35443324633098 66.47318146416251
227.08820335354662 135.83505269565845
228.19343595600643 77.01371948715554
10.270384713643638 139.48680842783335
105.16832322356376 39.39608122649843
27.870782607687744 109.00521895756302
214.34554555699813 202.31281794634336
235.04234877280908 87.71462830230048
74.46718623124252 164.4743197914897
173.51502123785122 118.91171156319099
137.8959571104605 135.033642058559
222.9103764864 37.79932047295173
236.1375942195865 86.72781427592058
89.50298189038061 65.34109868797103
101.38246560159303 159.23169928363887
62.38155463172368 83.51714189256637
137.90041033973583 197.6264403945672
165.54430984568788 48.291144916888875
100.81036119826211 192.03314761622232
72.05911186885925 184.73889956773507
168.99941343837233 157.5848231397816
10.33495021134312 225.89484375354735
170.5497497282335 212.78233454594778
238.04938727830597 89.42023523201115
208.9112476433789 48.34221675532463
8.3150069362109 12.2393229738946
19.85716235874893 244.62985922744085
232.1445804240198 98.97562902321319
140.95506760544112 196.1041391466833
210.33049832765184 36.5453383363355
173.52749910208908 190.94075618481384
115.15321855232733 44.720505121568166
186.59385302136224 169.7754780655754
49.752372039981005 31.937638088751164
118.69295209813113 139.9185608130078
51.25940726734687 183.34193659550414
207.62856581612607 61.824233046316266
243.87052304778513 70.11838436211193
183.4559239941765 216.9182592403382
41.171024753101634 96.50344642342957
244.58749196718765 245.05531847182152
185.91218100917533 53.836486170782266
92.18809905907655 2.498620616055658
79.8818925579976 76.49968670444507
94.20435463715368 41.980161782363
75.60754048929478 150.41599517387223
198.43077820786763 69.4145668400766
80.96642538208143 52.89475094811596
127.49301922846506 71.91567508312261
247.24236412707717 172.21397806090536
9.65792006142685 224.5724472974929
245.82684661471015 247.69143363802633
198.50155671353355 130.3184909785618
59.51486653052315 227.1686208911346
9.184976220058982 146.84734627475666
10.588688482713938 132.27187107618587
218.34777559535453 63.42715812786831

108.1
432.4
258.1
77.4
143.4
480.4
51.6
51.6
540.4
51.6
68.8
143.4
51.6
25.8
34.4
68.8
229.4
36.0
172.1
206.5
51.6
103.2
129.0
17.2
77.4
143.4
25.8
324.3
216.2
103.2
51.6
540.4
34.4
129.0
17.2
229.4
17.2
480.4
17.2
144.1
286.8
77.4
68.8
86.0
25.8
286.8
480.4
540.4
260.3
260.3
36.0
103.2
103.2
143.4
17.2
144.1
432.4
34.4
432.4
103.2
34.4
34.4
480.4
206.5
324.3
144.1
34.4
25.8
34.4
108.1
144.1
260.3
288.2
216.2
229.4
154.9
154.9
68.8
600.5
206.5
34.4
288.2
77.4
288.2
68.8
17.2
480.4
34.4
77.4
206.5
114.7
68.8
288.2
258.1
480.4
600.5
108.1
288.2
17.2
17.2
51.6
540.4
51.6
17.2
172.1
86.0
25.8
17.2
114.7
258.1
36.0
600.5
103.2
260.3
260.3
34.4
480.4
432.4
288.2
229.4
286.8
432.4
172.1
51.6
51.6
25.8
324.3
137.6

8.6 17.2 36.0 72.1
17.2 34.4 72.1 144.1
25.8 51.6 108.1 216.2
34.4 68.8 144.1 288.2
51.6 103.2 216.2 432.4
68.8 137.6 288.2 576.5
77.4 154.9 324.3 648.5
86.0 172.1 360.3 720.6
103.2 206.5 432.4 864.7
114.7 229.4 480.4 960.8
129.0 258.1 540.4 1080.9
143.4 286.8 600.5 1201.0

2 5 8 11
5 8 11 14
7 10 13 16
10 13 16 19
14 17 20 23
18 21 24 27
19 22 25 28
20 23 26 29
25 19 31 34
27 30 33 36
30 33 36 39
32 35 38 41

