128 3.0 0.0 1000.0 3 160 240 100

190.04421192071447 122.77477453567731
9.000088889461273 226.6438739391694
13.938067384669406 229.05738298769597
54.070389129038446 106.93130124762624
45.29406806346253 19.34383429688169
22.160392303584963 122.66782204996248
30.419818182565088 54.477711315759706
203.7293463583064 135.29090138413048
205.15692562493874 43.250136560260586
188.8418556307878 4.085484828218772
120.63385025257587 108.67395022807011
155.3915585826226 178.180667540937
231.54187028952768 181.41036646927705
226.11621036037408 207.41500632807552
215.60212680601973 208.49995623421347
211.50857661310795 113.90884591608541
99.10290756507695 245.2339229837784
149.02349756718755 126.83123046424444
64.96687720116503 147.84926511714286
177.45879398282443 221.6397096042737
6.8215505999515145 95.3126773659885
56.08928992989631 156.35047500831678
183.22334697411594 148.0744968045115
90.86899236534404 165.44584209805134
113.51153524097357 154.91392393350318
56.49817917112776 220.67914025733066
14.033649117991958 191.70876314410043
222.28821443501755 130.04104268748318
106.1247444049302 60.909479697245864
48.585327104302436 44.72053129046202
82.87416466172112 83.13054870480397
207.08319630029337 137.90587216941657
159.00170798648867 75.47184654053315
197.18594076239705 70.8297599697443
108.41531299921637 130.38188783458173
106.2444615000127 244.4000660501193
105.45779499050106 230.22244344146702
199.76188840933582 129.83415625890117
225.57832209048135 88.22268746719259
38.81858160424423 137.08435022831327
222.2519195312619 149.0330999295512
245.40232869384226 66.52329398767914
33.76785041334268 221.9749336000163
22.89307844011962 58.58315789990162
66.79254514219728 36.54805992939589
146.5229551160425 34.39105861212546
209.65035157546438 79.4848470728615
18.99750748149362 23.181973584948697
204.38871302756317 69.77272313706709
91.42072409585039 188.94129597260138
15.190736208901907 220.52971516966429
153.3801837222322 155.13334345113768
164.66044753831056 70.21652998036129
23.831732559080777 85.03686575480448
127.08504578787857 7.196912931150489
212.56779826653104 104.54741848872429
77.15177843003632 52.880055275731365
116.92938834481589 105.03186216873561
71.99224150598587 197.3392553508788
59.70055356355425 125.16348687912033
123.10538242134095 144.91087505311188
200.4915616958671 40.3656567200677
120.21078533302013 52.18119475052133
204.36542957639585 116.86703156076486
117.11790872543554 62.02396762446957
83.44151794986804 223.41283307436368
184.00131844777218 85.26928317986521
37.85475317487369 91.98577938573821
71.71035980812022 200.43426296096308
188.55160557578202 56.9534488722096
168.83546138713243 10.341739585717963
20.594194098066342 61.24370571512633
111.13804439733335 23.50338754202866
193.60224174180323 217.55543932280992
234.373201447966 123.42934159166433
103.08059460661282 24.767708608894186
220.3441865715389 234.75924845806972
92.65849718617066 187.75092409665305
138.165411665684 204.81328167997026
70.0133582035847 78.65256012266592
112.87592741368283 61.990932943256
50.825714289966854 118.50943255774848
36.27256951625585 91.80763197755917
161.79597706223754 157.06361012823567
144.56026147094636 4.953534209132471
113.39237620770112 120.02143231583032
159.90611905522556 101.03772666545096
7.33282866466034 175.22322193913377
208.43800683582862 57.34367534663096
150.38271762714595 212.10915529421325
69.00079321592797 184.9249513341996
243.5041587555921 185.75838042715216
171.00998590496678 146.75335737587747
29.549053245100794 29.811427315187128
137.59705457159026 143.56082978889066
133.45964042138996 211.93415099774407
189.35934874778215 164.19170834156387
192.3039010920918 177.8069817039182
214.15860538812274 233.67452577925994
194.62954004008458 151.85224166821223
120.12807341936887 207.5664166726222
25.642328430842078 62.3733364727565
93.43134528977323 229.10179792519864
92.25886385452073 73.95656011332441
209.4187806382999 84.3603538804055
163.51521184047184 105.60828519212087
12.183450215217329 23.146040678891644
142.8822431903237 228.3956305168088
154.66474358137626 15.92068997848145
159.54447954307287 73.46542370540703
32.22627104895598 76.34929350182345
169.48029779740097 30.98510792379827
192.84071840268305 24.795478384810693
7.836932992250495 108.30809338519722
107.76038606607455 42.62515943988715
187.6773838545647 117.43779322057074
81.00737571531724 17.61850841312726
28.1594008319829 18.662996296065327
122.93786221694819 158.57434938748546
209.6350002425884 46.34222121731121
248.49245503911055 55.13150985517923
8.756177028302309 64.61524586753642
84.87719882671907 104.81591516535946
218.15851615455404 132.37539902447517
73.05394977031457 9.29557830672878
18.909026866399365 198.87146592433655
231.1688677929684 162.17468624961631
55.31911480577961 12.88020814422039

183.00589002676531 124.95461403559538
13.606590150210124 232.25152527638653
6.781226916332928 228.7223239600086
52.195974831710565 105.0737102738416
51.49578534085253 19.37442716090526
20.76129300557536 114.67304167746406
33.654555254037184 61.83124590222133
205.35539037691757 129.74023942234555
208.45981920564756 38.505882188181936
192.6314624747078 8.895805919240829
126.45218601392061 107.09865037922964
158.7597488852636 180.6777584618286
237.6407826074339 184.828789885363
223.75490026315504 203.50053483998448
222.0083986711477 213.30335389631662
215.44805049539585 111.84636923989952
106.78906028538518 247.45053692938282
154.90247772687098 127.99335740533365
62.92452762098385 155.8690825034211
178.80586960488586 226.30529106129572
6.669893887311762 92.22161852933544
52.760302194009704 160.6328774190574
189.31641387059236 152.9286104873724
88.56947206736731 165.7646731423142
116.53769101742576 152.45044859935206
61.675413215721036 215.436940759438
9.753306352651176 188.85118187540365
218.7551955300903 128.7653515209137
107.57043554391757 53.019162666848196
46.796108722107874 45.88062354626596
86.29639592097499 82.40909518607684
202.97887017305766 142.9455076616647
159.82320199798252 68.23403525640227
190.49568586203333 69.16703177663159
103.42150843032849 130.2086458169887
112.16486855659166 247.62187825869714
105.66902155085461 229.12370566701887
203.643191046592 137.0861879242834
231.79833346671873 91.93716084894646
45.20664924825335 140.7622134287033
222.00012806596683 148.42082395485835
240.24196068917269 67.46376180732771
28.81234427645468 223.750088210069
21.877990460335756 50.20299139870152
66.02430053367897 37.70465243153226
147.1482756520254 41.68762243252114
210.53120658788288 80.83756666992217
21.014098258980873 25.459589295040274
202.8199931120047 68.10842842460804
91.99732669958658 187.07490681691644
14.571634808234341 221.7159905431921
159.50905461724415 158.60970465239353
170.02839688717975 68.79668818899165
29.489266587299056 80.86659755866124
128.83219016748285 1.4253406985879347
208.09612696362964 104.13470633379148
80.50667442107911 53.75749153311787
120.79668951514677 101.62824555098096
67.91692423004541 204.49189990010973
66.86490928897403 124.23870282184654
119.75984870332867 139.06148397134484
200.16623939468403 32.727591565126914
124.07732475616184 45.447025146563846
200.89252688021858 114.32577369906637
110.38486203634173 64.16358375707448
77.57185075286053 223.75337807825875
185.7838610900428 83.89917681837302
38.58754675108225 94.86169949149914
66.07056369169848 197.9523502117104
186.58590764158623 53.02913144996957
165.9528804683979 10.429920038347918
27.061581986659338 55.94908787959888
107.56593810339854 27.00934113314432
199.39716181667538 222.7393283128456
230.90597054375374 116.08241594482737
109.63504409122368 24.817950868151666
225.79112154895523 237.30548622150744
88.11420353215001 191.13414047029423
141.46186163112722 207.0976523936751
67.22639331758707 78.97767199995023
116.20879124725262 61.212469612883844
58.8640803035326 118.53603051565612
34.8983896794462 97.34968360778099
162.11814419662713 159.5013250315451
145.31581865375938 9.529970011902838
119.53302447355173 121.04437029354389
163.5082444688839 102.82364448079773
5.333698169391443 172.69581522725395
209.10590706892958 54.61484377020806
142.7560545068261 215.66682902064696
69.32192257792732 191.68482540159866
246.93414556228947 185.06488154126697
175.57673869738767 148.87334638984342
32.73166027554955 31.831298396119895
137.7507666348858 143.9621672498094
130.97901496178773 209.30807047674722
183.87354402383693 164.29412710704443
194.9233498038904 183.20726284259268
219.58870326569652 239.63003609357955
196.8424770624981 150.74029956740398
123.8482882400079 208.62237699685295
25.496105620220032 60.37375423882743
90.70603661790675 221.5614299952447
88.50625854696162 69.37748630111324
201.23993063058438 82.44376453153946
165.16232686855702 99.9405267807543
16.480925300965342 23.13117733828446
138.73026355195665 235.74532944227707
153.0003918060673 15.408836791456382
153.8393877747098 68.1596219109209
37.41708150353759 77.46969677328907
173.90126105237388 35.02417615915332
195.57059045354686 29.69124138836976
8.684169032280863 100.3733043148429
112.30756859315457 36.42334778465098
180.94138761620746 114.40667744973385
82.26097896386713 13.132801206323153
20.825837925996517 14.86471962740088
124.86607413276357 151.37281466631492
208.60640854902587 46.3405599344188
248.65185444109974 47.55083917545691
9.052515145463097 57.55780967506791
84.49496488815261 107.98446125058639
218.94594826836743 134.53535267013572
78.33018521362725 4.910957894671942
19.614639763323922 194.62461198437097
229.81152360143554 165.42136942733967
58.2115988978007 13.349856609417316

51.6
600.5
34.4
432.4
600.5
68.8
216.2
51.6
154.9
68.8
17.2
129.0
229.4
229.4
144.1
68.8
8.6
480.4
216.2
229.4
260.3
172.1
286.8
108.1
8.6
129.0
72.1
17.2
36.0
324.3
25.8
229.4
229.4
137.6
480.4
600.5
51.6
172.1
216.2
206.5
17.2
77.4
540.4
51.6
8.6
216.2
8.6
600.5
8.6
288.2
137.6
229.4
51.6
34.4
77.4
432.4
172.1
288.2
286.8
432.4
129.0
51.6
540.4
600.5
103.2
480.4
108.1
216.2
103.2
68.8
51.6
103.2
17.2
17.2
258.1
17.2
286.8
68.8
17.2
206.5
34.4
34.4
324.3
260.3
72.1
288.2
36.0
34.4
324.3
600.5
258.1
288.2
36.0
154.9
17.2
143.4
114.7
288.2
288.2
480.4
129.0
206.5
68.8
114.7
103.2
229.4
480.4
103.2
216.2
72.1
34.4
25.8
540.4
206.5
51.6
68.8
480.4
36.0
260.3
25.8
72.1
72.1
72.1
324.3
143.4
51.6
34.4
144.1

8.6 17.2 36.0 72.1
17.2 34.4 72.1 144.1
25.8 51.6 108.1 216.2
34.4 68.8 144.1 288.2
51.6 103.2 216.2 432.4
68.8 137.6 288.2 576.5
77.4 154.9 324.3 648.5
86.0 172.1 360.3 720.6
103.2 206.5 432.4 864.7
114.7 229.4 480.4 960.8
129.0 258.1 540.4 1080.9
143.4 286.8 600.5 1201.0

2 5 8 11
5 8 11 14
7 10 13 16
10 13 16 19
14 17 20 23
18 21 24 27
19 22 25 28
20 23 26 29
25 19 31 34
27 30 33 36
30 33 36 39
32 35 38 41

