8 3.0 0.0 1000.0 3 160 240 100

186.6185117365303 58.13064450065186
140.7782430539662 213.41427980213592
186.41522167239884 199.3431515805913
248.8011777744955 88.47870095729398
109.56903168221685 138.59556453408592
124.75253481294641 135.32528403332
53.18080600780573 50.473959115840515
188.9803469778227 246.12928756410608

190.82136148793379 55.31590319459973
143.85780163464668 213.7510640418263
186.89570465712615 199.535134043654
248.77126753984314 88.05596518717957
112.12842522287563 133.8250378051945
125.6367924347746 138.1222098699287
46.97678979491765 45.53451860169272
184.64069158226314 242.9144925585922

206.5
540.4
17.2
34.4
1201
77.4
34.4
288.2

8.6 17.2 36.0 72.1
17.2 34.4 72.1 144.1
25.8 51.6 108.1 216.2
34.4 68.8 144.1 288.2
51.6 103.2 216.2 432.4
68.8 137.6 288.2 576.5
77.4 154.9 324.3 648.5
86.0 172.1 360.3 720.6
103.2 206.5 432.4 864.7
114.7 229.4 480.4 960.8
129.0 258.1 540.4 1080.9
143.4 286.8 600.5 1201.0

2 5 8 11
5 8 11 14
7 10 13 16
10 13 16 19
14 17 20 23
18 21 24 27
19 22 25 28
20 23 26 29
25 19 31 34
27 30 33 36
30 33 36 39
32 35 38 41

