8 3.0 0.0 1000.0 3 160 240 100

173.395861766734 244.9662826626149
52.1380806662412 225.9521584445632
61.98986057715605 61.177933197616355
193.4686575937712 16.458906696821067
18.789844920208825 41.593750956193524
90.10623768125625 222.2454929054631
216.47257332808707 98.62540547687973
135.0790385096076 159.8303192975963

169.4403939656757 241.01446916220374
57.373369277121945 220.1898331495536
62.84741679211786 58.093953127992066
201.18435677228746 19.10228198937114
18.027197585547523 45.33692109121787
90.88844482046582 223.87010450917907
209.82866186459808 98.12029013272824
140.01142994007563 158.7432097612749

72.1
129.0
114.7
324.3
68.8
172.1
1080.9
286.8

8.6 17.2 36.0 72.1
17.2 34.4 72.1 144.1
25.8 51.6 108.1 216.2
34.4 68.8 144.1 288.2
51.6 103.2 216.2 432.4
68.8 137.6 288.2 576.5
77.4 154.9 324.3 648.5
86.0 172.1 360.3 720.6
103.2 206.5 432.4 864.7
114.7 229.4 480.4 960.8
129.0 258.1 540.4 1080.9
143.4 286.8 600.5 1201.0

2 5 8 11
5 8 11 14
7 10 13 16
10 13 16 19
14 17 20 23
18 21 24 27
19 22 25 28
20 23 26 29
25 19 31 34
27 30 33 36
30 33 36 39
32 35 38 41

