8 3.0 0.0 1000.0 3 160 240 100

4.228851801759831 182.93139371724934
161.88574131024635 133.89084301318107
26.93701013650743 105.66899549730702
190.84948032067473 152.15511880724458
170.31017785106346 32.22411672844436
46.27193839841373 110.07018152951414
84.32070263382275 29.682263434670592
84.43392216412776 224.0614783614241

7.899151802836374 189.35877024250013
157.62729149698603 128.23828988205477
29.628306011904193 112.96472634285995
187.22890091657092 147.47614648158063
177.99616070554873 29.49412871681878
50.22122717577315 105.71341298660609
81.00621945999393 34.80154828653567
86.01748231107939 216.75717898262093

324.3
17.2
288.2
114.7
51.6
34.4
86.0
72.1

8.6 17.2 36.0 72.1
17.2 34.4 72.1 144.1
25.8 51.6 108.1 216.2
34.4 68.8 144.1 288.2
51.6 103.2 216.2 432.4
68.8 137.6 288.2 576.5
77.4 154.9 324.3 648.5
86.0 172.1 360.3 720.6
103.2 206.5 432.4 864.7
114.7 229.4 480.4 960.8
129.0 258.1 540.4 1080.9
143.4 286.8 600.5 1201.0

2 5 8 11
5 8 11 14
7 10 13 16
10 13 16 19
14 17 20 23
18 21 24 27
19 22 25 28
20 23 26 29
25 19 31 34
27 30 33 36
30 33 36 39
32 35 38 41

