8 3.0 0.0 1000.0 3 160 240 100

220.73638217788806 15.171775898158934
71.45889630574337 23.679674577430976
140.9620221338293 18.71399461532744
225.02394225504375 157.0132229286157
29.55534906288798 93.86098181370714
35.65391294258313 12.43406848810727
160.9740988729886 234.00114435729554
238.09629555349863 226.57174935135018

215.54362431464756 18.55934545971963
69.09587314102895 20.932014138278
136.09750100116247 23.058109171677998
222.39887972316623 158.24067338627924
29.893382827621217 91.7578541250989
35.134406880072106 18.86756270697662
157.6593282328762 241.2914833336069
234.69105842187813 233.16070085110428

720.6
72.1
1080.9
960.8
288.2
960.8
72.1
432.4

8.6 17.2 36.0 72.1
17.2 34.4 72.1 144.1
25.8 51.6 108.1 216.2
34.4 68.8 144.1 288.2
51.6 103.2 216.2 432.4
68.8 137.6 288.2 576.5
77.4 154.9 324.3 648.5
86.0 172.1 360.3 720.6
103.2 206.5 432.4 864.7
114.7 229.4 480.4 960.8
129.0 258.1 540.4 1080.9
143.4 286.8 600.5 1201.0

2 5 8 11
5 8 11 14
7 10 13 16
10 13 16 19
14 17 20 23
18 21 24 27
19 22 25 28
20 23 26 29
25 19 31 34
27 30 33 36
30 33 36 39
32 35 38 41

