8 3.0 0.0 1000.0 3 160 240 100

98.08332110673523 193.50109177582675
135.55944787907723 39.094385430744474
175.84112000763588 206.9023491050226
128.3636382596259 115.04628611376764
67.79439524532741 151.86716562397353
108.89157386767536 150.2831176417716
99.67067001321628 246.55201152132685
245.84141553618983 207.38266736224165

104.04238540703913 197.41203293003994
132.53123796200381 38.802769798764956
174.32030987138367 206.70545432252237
131.84749266207658 116.58354324482178
64.5403985532792 158.396432022463
115.16690262925167 147.8983162688254
102.34471705975481 241.20801782903575
244.22067628011195 206.79872359536355

960.8
17.2
103.2
480.4
864.7
51.6
34.4
432.4

8.6 17.2 36.0 72.1
17.2 34.4 72.1 144.1
25.8 51.6 108.1 216.2
34.4 68.8 144.1 288.2
51.6 103.2 216.2 432.4
68.8 137.6 288.2 576.5
77.4 154.9 324.3 648.5
86.0 172.1 360.3 720.6
103.2 206.5 432.4 864.7
114.7 229.4 480.4 960.8
129.0 258.1 540.4 1080.9
143.4 286.8 600.5 1201.0

2 5 8 11
5 8 11 14
7 10 13 16
10 13 16 19
14 17 20 23
18 21 24 27
19 22 25 28
20 23 26 29
25 19 31 34
27 30 33 36
30 33 36 39
32 35 38 41

