64 3.0 0.0 1000.0 3 160 240 100

52.155055678505256 174.60729642062154
204.71473109626976 48.37079152720847
199.4930089455683 40.86368538139939
102.12200029501531 32.62871662345665
19.338659552266797 1.6750823188941
136.1581634301606 177.993469297374
36.03083640014598 93.57402528665476
162.25728161692717 14.561529689902708
104.82497145204702 222.51791053805164
72.27254978335665 232.04094598485247
85.70087154540084 35.26697248562643
56.00388288363703 165.8161136710878
16.48761466897114 56.86027471824004
144.66180680608863 117.36361610409577
16.82619783695069 89.94450797991982
124.98753378705368 75.44400474805887
169.06525222374668 25.895186499847956
187.81203084966396 130.88799566552413
148.91125571121654 77.06071615205998
43.82061216933877 139.5424218096371
176.50794151536883 126.79601124529313
33.6964366739069 44.818982217242784
40.022612497702504 62.492124660789074
201.00130852694897 77.57282654601627
9.155766928629323 213.15647865779616
13.400457561304563 66.7005170434772
26.52214339650452 171.86981604913794
187.56006943118285 78.75553747019515
138.3522057339712 143.66105708332958
36.21795077814621 143.04631881660197
245.76781681851676 179.49173789682456
63.5805805304191 249.45375095375084
148.85049083262516 50.54488245551222
218.03857062162692 92.49329908673951
124.23340061556083 122.02513133530226
200.45309505416418 29.035496419574702
64.93282332317135 42.49890629596398
124.65750916149662 237.40443860846273
191.0523255339713 13.698051660162857
44.52048573673176 70.77658779592147
5.036697972913701 58.717210122008254
71.59474269444021 157.53350831426894
13.065045875852471 173.19199068933312
237.54595086055292 39.90951114561042
75.09580485402256 67.95329111001391
162.38506799081728 42.99716084978195
104.83801835075546 129.08823398028414
119.71892173279511 160.1631799218716
17.195459992216417 152.1174311998654
93.08756266970674 55.54359864384897
88.45575522557722 163.41782883154175
119.08748058195351 216.88594083942058
101.29511519036963 25.781865448290475
192.2918682324727 107.77947522828326
149.16890964176267 242.59434570819715
86.02245605883896 213.3283782573812
122.4684408444641 65.92282828161008
93.22361500390866 119.0332224166242
197.55018511568542 71.85379623167016
116.83144880533797 30.12959082484076
91.21796766960374 175.52943971920598
160.2607285740817 95.95283824471193
102.6382269400069 92.03018188120596
237.12300881145018 17.4148786979689

50.477234003278745 181.2100020559086
198.03392939948245 50.154943535326126
204.89729384435185 39.816628978110586
107.60107328581714 28.075463898182523
14.366200942395906 3.2674345334176014
136.4949290759086 171.20740668668157
44.111156584964284 94.05214307769295
162.4093963021311 8.771609203082924
102.13086641309873 229.09028828648516
74.14415495853463 225.61872739636976
87.06308724728586 40.09041136196162
59.1176703975077 168.29246484819262
17.177139950864785 48.65786728960037
146.65229926974718 120.627226372033
14.545917326589496 97.04888673928852
126.20974232541518 80.25267215743968
173.50789490213126 23.812607585183887
184.87610829103448 123.21551528607422
144.29046864776416 83.03184548592164
43.733364121767096 134.29679456296466
170.31057808766454 127.45319619068462
31.012659891217183 44.58486189319913
45.79792349694595 65.04619799578276
197.8124935086527 75.28640070056719
7.269242311122637 208.93978310753656
13.04672928883499 68.6470692816988
26.550028088570237 175.88490976148458
182.8052990209165 74.77614116213796
142.92313910478757 149.5954350778858
31.42993394308016 138.41764058060667
249.50214291344957 179.8236739671044
68.25564519743152 245.63343236683707
147.03441378959383 51.33234078827342
216.44271456465233 98.65649697372783
116.88930907296482 122.47914233996471
202.5047442524629 35.18513697529521
61.639250022454576 34.69665680597808
122.72157000468742 238.10401543564848
190.93923328198113 7.15186908714302
47.22573723261112 70.65244905464446
9.106836828803672 57.06262106930454
66.0389587443764 162.2048706470884
21.1344756335938 170.9526117280355
235.03987059287533 46.580156987573645
75.17571888479452 61.34337360060735
155.3558474754844 41.83314349398046
106.34303582159599 125.24441508416508
123.34882951637957 156.88050518124595
13.142850818478601 147.40636756687985
93.95127121449906 63.495613480488736
86.34362676245266 171.53034240225844
122.61369619810264 222.03031670734873
107.81580437190038 26.987169826309774
187.29518623268126 108.79643902960909
144.03753976986698 239.97170173699806
87.00119453442123 206.47784651291272
120.81795157046218 70.12483928818955
88.63678439677366 121.97432148401998
202.5476159770912 75.96027764144011
117.79269970727991 33.82906242722938
85.67461448135388 180.67140973257233
157.108707806464 95.07169741621718
97.24632713832106 98.27146684116425
235.62937839814145 13.621733990125701

129.0
960.8
324.3
68.8
216.2
720.6
25.8
648.5
286.8
324.3
600.5
103.2
324.3
600.5
103.2
172.1
137.6
576.5
86.0
8.6
72.1
17.2
51.6
172.1
72.1
108.1
864.7
77.4
68.8
324.3
34.4
36.0
144.1
229.4
216.2
288.2
25.8
17.2
36.0
144.1
229.4
1201
576.5
72.1
143.4
288.2
286.8
432.4
480.4
144.1
864.7
144.1
8.6
72.1
108.1
144.1
576.5
77.4
432.4
864.7
137.6
77.4
144.1
600.5

8.6 17.2 36.0 72.1
17.2 34.4 72.1 144.1
25.8 51.6 108.1 216.2
34.4 68.8 144.1 288.2
51.6 103.2 216.2 432.4
68.8 137.6 288.2 576.5
77.4 154.9 324.3 648.5
86.0 172.1 360.3 720.6
103.2 206.5 432.4 864.7
114.7 229.4 480.4 960.8
129.0 258.1 540.4 1080.9
143.4 286.8 600.5 1201.0

2 5 8 11
5 8 11 14
7 10 13 16
10 13 16 19
14 17 20 23
18 21 24 27
19 22 25 28
20 23 26 29
25 19 31 34
27 30 33 36
30 33 36 39
32 35 38 41

