64 3.0 0.0 1000.0 3 160 240 100

176.278647505862 96.74797097407564
136.21032830358155 119.54309246057035
68.6619059623436 212.81332170853238
54.02803315506885 58.96772320075813
240.43564572960491 77.31652162663174
221.07796694291454 65.73467579282449
20.581266356962445 58.171086995289556
35.21358232424432 67.69348531060065
65.33440882397298 3.5745850602420526
205.42981602462754 16.84768864323802
116.03596252336045 34.346117124050664
240.75032127346734 172.02419299350382
138.82309594172744 145.13755505677247
31.406636661893693 162.05937794675756
171.7023637086268 228.5906315939619
19.060375987270618 127.96949842393626
100.64028286057675 135.13988744223465
186.21062934108357 239.06277174767828
163.9362169898804 16.818242922123222
46.49884161853029 51.3986411218289
19.457539291355104 75.14597493325107
66.43347827332121 95.91726911589343
78.81178496679475 144.68891261507426
238.02272062501464 232.3749390667813
165.08739806681857 176.44178236512695
111.01220230449927 116.92055531440154
147.25341833061762 168.1666409325921
43.38120307500743 110.21624309604908
229.37573024411054 30.6049068306298
28.95527326842981 89.34121554066913
85.21916894076062 87.26133193719856
109.81320755048995 110.46116342309448
198.95938613213312 128.39788646269128
0.403859470378104 117.98594938009313
232.50893351184322 232.3582980698868
183.0656750477027 52.715209737746434
28.051164040769795 150.47729715498303
157.33578666236153 237.8365203138441
179.95401142649692 219.4686704472116
93.83476894194642 68.5158818286876
161.3462068572037 77.19329101493867
30.52931810236456 80.74817054374209
89.77218131143763 53.30733480685948
171.57404839903384 172.32109991546216
117.90427232951237 149.1207531387726
40.11761991812107 21.349372259364703
104.97070547658893 188.36651970243275
16.133595788769995 233.00470723769772
230.0361804769659 125.34124411529402
126.5876750167558 23.456458012199644
90.4902644600504 115.38521783255723
145.69925923770245 13.644707631813219
202.02392746195412 157.7205382060632
186.7201521355207 18.544101721739647
115.4680940814044 154.05117621808316
145.43302320347613 82.91732010926106
103.26302109429503 218.9941721061613
239.22081230857776 11.262396583913647
117.42529301677703 81.91709604801997
158.50712614021938 100.60334604783061
142.14736833112835 95.01627364132365
91.88315950455775 162.5892668919362
210.0044556431171 240.64411325649243
13.181420725844523 149.50312296183594

170.27522077973632 90.79759106226271
137.43046652559264 114.32671729560762
66.16868713658755 209.42682421059973
55.20192063486576 54.30830987258284
237.64722168594392 70.76115198123931
227.9075157958624 66.71373255296444
23.98075241583339 56.18303739625382
27.637363965641704 70.49333510401429
67.39666653585013 8.76768548124357
209.14338644076886 16.27866939159092
112.58932517871779 36.470690861480556
243.28547763632275 172.06710462899736
137.94604016818408 153.30052499413685
28.021461860204155 158.5459046314728
175.05702783043145 233.91396099836462
11.17804929672564 129.65471876971475
104.72931526730139 142.02854723471214
192.19542802391294 234.57749400743586
166.25068177531784 23.62754610885273
51.35740643076195 49.915656387200826
22.380870636173555 78.57958182544097
59.37133972468334 93.29158177141747
73.27244949206104 142.56235249645226
242.562061627483 234.0141993738708
159.33658908217126 176.08004318944126
119.3746273895335 117.25863186464797
154.80719343660792 166.05190578904924
51.06735084594799 111.81231924323626
233.40925830160526 30.643698010707627
27.261727006875958 83.24916599409343
79.80877789652013 85.5738351605955
115.78693042577684 115.61877662343964
196.55191505737622 123.71437883204678
3.1003468113836585 125.17242356181322
240.5935891896658 232.8648592103886
179.18287498703071 55.88159003060181
33.22341410843785 153.69021386064117
157.1556530634216 242.30753689338005
180.11811172092382 211.1177971011986
96.35332718824833 71.12638922196149
157.93913093901978 75.08773361442547
35.16846037492832 80.89627971368188
95.06213016281184 55.9063089886829
171.42427012232872 177.392393581888
123.93777680175432 153.74959037322776
37.36124287238868 19.587628593811246
97.59470869791559 187.28618227026826
18.78183271185835 236.1373347229769
237.6278393441438 125.3708459161418
122.90333296725545 29.923816820242617
90.83944762926748 117.47640761714901
150.96737614673404 17.237184874441397
202.7886765343627 155.98037131294674
180.05674973933083 20.421056261015703
114.23634638736974 150.125972171495
148.14092884191666 84.10101626475847
99.02919202825467 220.99480742768512
235.58728721333387 16.953862231167545
112.25229764769689 81.7595051781029
156.28646540606616 105.93325626665582
145.0388072248499 89.89638907978087
99.38618508820943 159.92306369956052
207.4941189761357 248.64213433945136
15.639237394503736 148.2037552806759

864.7
103.2
34.4
960.8
576.5
286.8
206.5
432.4
103.2
144.1
154.9
260.3
286.8
34.4
36.0
108.1
324.3
25.8
103.2
720.6
51.6
258.1
144.1
720.6
86.0
114.7
17.2
648.5
216.2
114.7
103.2
432.4
68.8
288.2
108.1
8.6
137.6
229.4
17.2
960.8
1080.9
432.4
103.2
1080.9
72.1
51.6
288.2
432.4
288.2
68.8
68.8
288.2
216.2
288.2
720.6
17.2
1201
51.6
17.2
51.6
288.2
108.1
258.1
206.5

8.6 17.2 36.0 72.1
17.2 34.4 72.1 144.1
25.8 51.6 108.1 216.2
34.4 68.8 144.1 288.2
51.6 103.2 216.2 432.4
68.8 137.6 288.2 576.5
77.4 154.9 324.3 648.5
86.0 172.1 360.3 720.6
103.2 206.5 432.4 864.7
114.7 229.4 480.4 960.8
129.0 258.1 540.4 1080.9
143.4 286.8 600.5 1201.0

2 5 8 11
5 8 11 14
7 10 13 16
10 13 16 19
14 17 20 23
18 21 24 27
19 22 25 28
20 23 26 29
25 19 31 34
27 30 33 36
30 33 36 39
32 35 38 41

