64 3.0 0.0 1000.0 3 160 240 100

205.4979646534516 105.02537223398012
71.86290919882538 215.3847799634264
75.25884561891665 96.30452567919245
6.089684599251132 20.479653808976288
55.33307062713394 165.6557473030051
231.29854805402846 34.636473989823585
189.97868476536698 191.69896506125463
8.513162301783089 152.79755954220184
4.492188160547972 233.9972067707813
27.329502347848088 171.08420811654653
65.93850284949623 238.54131880048485
92.71083024731675 219.52685737227935
85.49904892622368 157.60137692670062
127.17219619579676 18.808437379848638
237.5178496705517 87.07034761915111
182.95551759818338 70.20318843164026
152.65794012349807 179.9867978466596
71.8042175322838 79.53508791106704
135.22506358632472 169.65601546053904
40.58764440810689 43.78784368723526
167.57260196490213 237.69238603894993
191.37717769187844 92.37749849721189
117.16656007540904 85.7245341179721
92.39073484847074 30.014399389044183
64.30242504677165 204.59400465384778
66.66494245312602 211.9233291288174
238.93382942329794 61.148533649429154
223.89772211125205 230.3085774706798
172.35322957616754 12.837466848062501
171.67007459661656 89.27171644576848
36.01716808728861 88.77015009127315
27.30737564863986 58.683702578020856
103.79507058872858 128.86559001938951
62.036999769567835 104.19072731859114
93.00846885681038 125.20675476238766
153.63549585593367 119.24980375693639
145.72301382060127 231.63649163752265
99.79394428317833 136.40083497796172
149.0853144437084 167.99040346359266
73.75101528299146 145.73576370197162
52.022500402990055 154.6423948067673
226.80944811002396 10.428289304390963
118.56701083842907 27.801030554929856
194.82762548601548 243.75930910434627
33.3803976831985 95.53470223068885
78.96090521540944 169.47505408946878
180.34494918341477 211.97622169543578
20.345463673782817 66.135219906057
172.84823542492217 29.149365927569114
10.775739926233568 181.18650424174976
110.42904816174592 129.76052809495147
11.55775538150694 33.172680939290544
92.01875520629486 202.03169893703966
142.71385694477937 77.18980298786555
173.0837237193499 109.54155000458566
87.87237504475773 220.42870765164383
1.3786358244053387 227.12074705935603
11.907757312026174 46.21441463763748
23.65321848241497 217.59743504373483
211.08726362204746 6.420451693875173
14.823101003125865 54.62742636932483
125.61139931514276 110.37703502787394
218.97453115670794 169.19750955554719
92.54818253092422 10.996984018964874

203.8871004295241 104.60467370491588
71.96622990683183 218.65883324026194
78.59999995720612 99.19666505659916
5.408112069293286 12.878223703630065
53.98686974034561 172.20700302233877
229.76911462412303 28.004539291527212
193.43044164039725 190.79441464122146
2.9133505957966155 152.83760943425114
9.383061588088465 228.67398522713603
19.2926315809078 172.82485006071636
60.36808154405232 237.06684075207914
96.5251238228822 213.14201057242317
81.97180635498641 149.9202376795094
121.60770440229679 21.38158575443469
236.7674122752731 94.30773953197189
176.6708617257646 71.65176393388778
156.16489709579594 182.51191518111375
70.59401375389108 71.32878121330293
135.22817697385085 163.42682746239592
39.32975837126418 44.48592143211435
167.67736545062417 243.5062014056066
187.51109565702487 89.612570324586
119.11351615432945 80.79866598873855
95.87255613883264 32.186762524143205
57.56494360384268 208.51948624723008
73.1691061077083 208.72016226075488
240.44922136236505 58.41696587129583
225.39058307862314 237.2794825733802
170.07179268807468 10.54906749429238
173.3028770139106 87.42457632941922
37.090261518995 83.9444357711614
25.00469456432533 57.954285210647996
100.44962197192098 129.58173416367262
69.59090846802715 102.58871074847556
101.28162190215409 124.28187294439965
156.6955318103498 126.00804127094678
138.89971818885562 229.48219216765423
96.1741851668944 135.33720592159588
150.6578690817719 166.63418939227716
68.90099744942715 142.8104958099783
48.49829610979403 151.48770153265735
221.27507549832 13.609721777572165
117.77724187282135 34.12525483534262
190.3375340343555 240.49711644975247
31.66572034683271 92.58004106132353
84.825029904976 163.86562605840015
186.01474197099427 214.2254764889437
20.644972712389993 61.23594556690587
173.61115486701945 21.88776654720431
15.05867653238413 187.16218171629635
117.61330925323111 127.0853004234645
10.557825790057873 28.49995276887782
92.53705809764776 193.67563595347073
136.76628082658854 74.39435049581125
179.37723295624733 114.05940645207718
80.42044263775344 218.65857914482132
1.2952704641891466 219.29236643639467
6.020676756416626 50.604189284893465
21.95840175514946 214.14813110455157
205.3787895092623 1.9138289381431528
15.048161322178483 59.297559478096645
130.26329473629542 111.57232279011109
214.7461771160142 164.12739251756062
96.86038247188213 17.981810978129758

77.4
480.4
288.2
216.2
324.3
129.0
216.2
286.8
103.2
720.6
103.2
8.6
17.2
17.2
206.5
68.8
72.1
144.1
86.0
258.1
17.2
68.8
34.4
229.4
480.4
144.1
480.4
114.7
720.6
960.8
154.9
144.1
286.8
172.1
72.1
216.2
144.1
8.6
143.4
960.8
216.2
34.4
1080.9
576.5
144.1
206.5
864.7
540.4
103.2
864.7
25.8
576.5
108.1
229.4
103.2
600.5
229.4
77.4
260.3
1201
864.7
17.2
216.2
480.4

8.6 17.2 36.0 72.1
17.2 34.4 72.1 144.1
25.8 51.6 108.1 216.2
34.4 68.8 144.1 288.2
51.6 103.2 216.2 432.4
68.8 137.6 288.2 576.5
77.4 154.9 324.3 648.5
86.0 172.1 360.3 720.6
103.2 206.5 432.4 864.7
114.7 229.4 480.4 960.8
129.0 258.1 540.4 1080.9
143.4 286.8 600.5 1201.0

2 5 8 11
5 8 11 14
7 10 13 16
10 13 16 19
14 17 20 23
18 21 24 27
19 22 25 28
20 23 26 29
25 19 31 34
27 30 33 36
30 33 36 39
32 35 38 41

