32 3.0 0.0 1000.0 3 160 240 100

98.4453248253169 25.945499758409124
153.84588753724222 212.60098031355918
195.94973708834084 1.113554808990086
236.49629540650326 32.890709242428066
23.65829526687338 153.12856965251157
3.387446620263468 128.8621836138219
147.9417081763365 132.28314650591747
194.35249167068432 27.04032152935007
184.2217984806351 52.52400217527084
102.37042340257769 136.86891271504078
30.865007027937736 18.229810924327435
23.03166463866019 112.77696990022557
103.26500084593415 42.68753710241938
240.37536894837532 82.32648697639405
89.09855434197448 115.32670765675321
143.8869577351489 8.245910624786607
229.27006079710446 235.77808188548153
68.22826901075291 91.62618291801877
186.4293914084445 147.004310820676
109.76351509941621 164.42778884842798
209.8926351064556 114.32362823060623
137.2281040071066 88.7611352594073
37.57769059244475 34.07735051565922
95.97175644440267 87.89719296412693
121.16912107237707 87.73620907043855
31.63051884162696 122.33782605644691
60.90956062153863 175.92018507159136
210.9885602583792 47.25015316718487
226.645727793778 25.863209722687795
236.72604226107026 221.63343848586297
179.76970175564225 43.907328294127915
67.23118511123558 249.92071868159854

93.22651006250763 23.38169464745618
148.22103411231961 217.11021177042835
196.2588079089262 3.9882649186021855
230.93628207155876 37.7870297770011
19.506265253865784 156.45916671721247
3.974610944111834 123.12060256266402
153.32814705156528 127.9941206604453
195.56104137931496 30.6139440716012
177.3925475730308 54.27664790722006
100.4667366332378 134.7879072545137
35.7773973091155 23.59227180058912
23.52744104090568 105.87078604568761
97.29576286292085 38.99133481720099
235.8177263772781 79.64107865348336
94.14908394920207 121.48746748354039
146.77703596021541 12.10450066167798
225.6025208407488 230.171116615802
72.80470895054097 88.69032271253374
186.47344725085162 147.15893508430236
118.17949477928371 163.7806050539829
207.78054857826152 118.31900731198799
130.75154856290177 91.72551371081258
42.63707851684098 36.8736094829068
103.68729396774367 84.7506039272524
127.73561699000952 90.62212362844416
25.73845226086993 118.00940688346812
59.122502555679525 180.36573077935867
213.8175735285629 51.28473667132202
221.04351589685567 19.912675356812322
241.27281256902629 215.3863783143439
182.07498383400298 46.54650372822908
64.29037621920352 248.02229375697812

258.1
286.8
324.3
72.1
288.2
1080.9
432.4
720.6
137.6
216.2
720.6
216.2
137.6
286.8
114.7
432.4
260.3
77.4
1201
17.2
68.8
576.5
1201
324.3
137.6
103.2
51.6
51.6
68.8
260.3
72.1
34.4

8.6 17.2 36.0 72.1
17.2 34.4 72.1 144.1
25.8 51.6 108.1 216.2
34.4 68.8 144.1 288.2
51.6 103.2 216.2 432.4
68.8 137.6 288.2 576.5
77.4 154.9 324.3 648.5
86.0 172.1 360.3 720.6
103.2 206.5 432.4 864.7
114.7 229.4 480.4 960.8
129.0 258.1 540.4 1080.9
143.4 286.8 600.5 1201.0

2 5 8 11
5 8 11 14
7 10 13 16
10 13 16 19
14 17 20 23
18 21 24 27
19 22 25 28
20 23 26 29
25 19 31 34
27 30 33 36
30 33 36 39
32 35 38 41

