32 3.0 0.0 1000.0 3 160 240 100

225.21347256616642 172.2679530087013
220.3513434350631 248.63454969134452
22.09632299549899 20.46980594507489
97.25506983195729 197.02582528390306
210.29722324074143 100.49162573954042
225.24921447523027 180.37506512607396
53.7648155724525 122.72874464373976
46.948462691911445 80.12925172563409
21.277635206516404 158.67413458464128
221.65757215776588 134.29871407170506
169.63119231266387 6.118564366164564
165.67911184453723 30.11450855290515
130.21365498065438 31.69495873246564
76.37496697500885 224.72372482998387
240.5263372303956 68.22885339703724
77.72149038023879 88.78262813590548
37.51484380309172 105.80933899796216
57.21548900234127 0.04725084630149978
174.11803289892862 131.26696707685633
110.8924388669989 208.103812287083
227.56454110464352 157.11263842335703
188.7938017826171 115.29587547621777
246.69332957463934 146.4202313980028
6.422571363039392 155.17837058646427
165.53494369774037 173.66816771151815
237.71095079389298 190.97564315488074
114.642867028702 53.5138526238704
195.43062095318564 112.96639640362322
178.9509506887349 185.03715326670036
101.25875991646791 173.7484939399649
128.00188589343784 118.35096962159867
169.9858067489317 212.57735739629499

225.61532101278297 178.80041954768686
221.6124681104499 243.82871696466802
22.590724267076645 14.309115076327123
92.48603780563569 191.21665678988478
214.82088188591192 100.48214755055227
228.40351193716523 185.68996839519673
57.83486759394302 124.94308676035651
50.644050584148864 77.6828848765958
25.152950138722403 161.8131466499334
228.65442441528185 130.76644875145698
167.99798276933603 2.7885562483013215
161.72447038098926 29.25392960612083
137.42047625906832 31.544093060730553
76.07417013287396 229.0046600942311
238.28736972048642 63.15461240313522
77.61060583557646 88.37826615132197
36.55458441521145 97.45796375750038
60.10112637254683 4.241772500454238
172.41954190661403 133.64505751816733
103.91934553229405 206.10042175594185
223.4855531546014 159.65361207808425
192.66967803870227 111.84286114949654
245.61082903404193 153.45292257330706
5.617490491580529 153.5456203988718
161.80153091305644 169.65074717766197
237.16774085394903 196.55061789420077
119.54784999843274 49.18365697624924
201.67544899655954 111.77862319346654
178.27769807812476 192.18178325707612
105.70037117419592 169.60657669859813
130.10962830959858 113.51209266826093
173.87931687360327 211.95931361849372

288.2
103.2
432.4
154.9
25.8
576.5
108.1
72.1
154.9
480.4
288.2
480.4
17.2
229.4
600.5
25.8
432.4
144.1
260.3
17.2
72.1
51.6
324.3
172.1
864.7
229.4
206.5
144.1
229.4
25.8
1201
260.3

8.6 17.2 36.0 72.1
17.2 34.4 72.1 144.1
25.8 51.6 108.1 216.2
34.4 68.8 144.1 288.2
51.6 103.2 216.2 432.4
68.8 137.6 288.2 576.5
77.4 154.9 324.3 648.5
86.0 172.1 360.3 720.6
103.2 206.5 432.4 864.7
114.7 229.4 480.4 960.8
129.0 258.1 540.4 1080.9
143.4 286.8 600.5 1201.0

2 5 8 11
5 8 11 14
7 10 13 16
10 13 16 19
14 17 20 23
18 21 24 27
19 22 25 28
20 23 26 29
25 19 31 34
27 30 33 36
30 33 36 39
32 35 38 41

