16 3.0 0.0 1000.0 3 160 240 100

8.019692966468789 29.994397405609856
214.38951851569536 249.26229315314404
195.3373144258483 154.55199157611642
144.71190325136104 145.4960950654457
177.84171832058036 57.991175305924514
231.12338801314243 116.10741105155925
0.9396835010794524 26.93252750620248
29.01313628683866 110.86712067849433
160.14110220119886 117.61779272580632
162.93301025863235 147.4141049002886
193.97605519488707 164.5714541120112
83.70288372019718 38.120394532687534
45.08155453024021 32.3787344625254
22.065933896020518 129.4975134965183
0.012072544900487703 243.47876361404383
43.054624709910314 90.05421245196821

15.78784236570252 32.831508549907404
214.663237339783 243.30384037018914
193.03504976658138 153.868681052789
146.0590127285121 138.40160521777088
176.41955954534905 63.12144721904375
235.4250460769222 116.96033716085324
5.6342847140036785 30.089327075665416
34.695169828550256 115.52206531879696
167.304755746074 116.39691991793543
166.8469138778995 154.1802735816953
186.43000714024953 165.74839422202612
85.92295796144772 34.19657119729763
47.38960458699551 40.20261564666425
16.008055828069523 132.58240507508805
1.0250102230169311 248.54391682503226
38.33257633031176 83.05711139836505

288.2
432.4
206.5
324.3
206.5
229.4
72.1
648.5
216.2
86.0
229.4
576.5
1080.9
720.6
34.4
129.0

8.6 17.2 36.0 72.1
17.2 34.4 72.1 144.1
25.8 51.6 108.1 216.2
34.4 68.8 144.1 288.2
51.6 103.2 216.2 432.4
68.8 137.6 288.2 576.5
77.4 154.9 324.3 648.5
86.0 172.1 360.3 720.6
103.2 206.5 432.4 864.7
114.7 229.4 480.4 960.8
129.0 258.1 540.4 1080.9
143.4 286.8 600.5 1201.0

2 5 8 11
5 8 11 14
7 10 13 16
10 13 16 19
14 17 20 23
18 21 24 27
19 22 25 28
20 23 26 29
25 19 31 34
27 30 33 36
30 33 36 39
32 35 38 41

