256 3.0 0.0 1000.0 3 160 240 100

65.64502589141941 244.12041809536413
81.77733127989542 48.8906667625785
137.04863633323282 110.59937447408355
24.748665113677486 32.21568170983222
10.6533502210725 246.56355339062597
188.40496267954646 40.33694691112183
226.114627493139 207.7657899333011
111.9939068794302 104.91318745808564
158.0918336153825 178.15774429097212
230.5287856623634 223.73765941974074
123.5671069580648 197.0202609983662
36.32463314547294 243.70513829429225
231.80184381077407 53.5327993658942
204.57375028266281 115.62553654717853
194.45016677257473 192.46005737794468
33.038839451683764 127.19294565745165
164.02616442004177 44.69404225490181
93.68117654025815 132.7918700346901
102.07505086356528 219.76192910371046
141.74843569760293 115.22899591576748
171.75278092750654 83.38480226852226
138.78603746493434 7.58131528676137
138.04784917859328 30.782707295813754
151.1042045121303 125.81742905254623
130.53572921557176 126.09476249780462
47.152219654713 89.97383296655673
139.47447402032046 80.68168395762845
205.23575614311065 249.40341517612282
19.529432019891296 226.27857256975219
65.16616077576975 204.8418941533724
40.33316647595425 120.69421464377106
35.26471781769547 20.953075105726025
11.912283557051845 142.70718462437952
72.39508570633876 242.75551794456572
53.975693905791964 142.3177371477011
17.328179179234347 23.376609946611755
233.4057868856598 122.56224636984497
182.04940903471652 140.13664419857514
155.77222195965874 114.81552465600517
227.1341296032102 68.17021757230854
131.8598476018794 167.7433024455632
53.06537677458898 110.15731198327362
228.601490958214 228.88658522070165
149.082381024672 107.06756898507005
134.4661990250278 38.1876538742569
222.66836303733973 74.42185958284664
91.71301496147747 163.53685484819462
0.17398020857523067 194.16434965246643
161.44055329031167 247.94571993801603
153.66022453277972 163.10173370385198
22.316183839090677 61.40227032766263
178.66843755255655 178.3900922420693
176.9443382938878 225.38717901229253
164.4468672415734 8.426969606761592
174.2036245327142 231.696377888628
195.09204355349007 99.79347020000814
238.1973570466949 178.22983203159853
2.8114704171503524 190.02701443594003
132.72565321193403 119.29141630401388
90.55430286777793 235.86305189822045
193.49101578122696 37.81230621764997
232.83366080538508 159.06838422993863
173.949290394917 109.15086356415796
142.30540084362812 202.05840842239866
85.36613339658028 120.4106760018634
15.097816923990232 202.35437699905202
180.64971164353747 242.97862981850943
232.5483161979838 223.8117010797518
12.48428957384834 70.2750832586157
222.25018978807867 108.19674538221088
117.47372976114414 56.49158597018761
173.62440954891412 152.29611869006345
79.44575547847153 240.74529199126178
217.9958504712074 188.40271052339784
175.93094132639544 10.36304236992422
174.16751461812433 93.67965181701418
209.6651361320908 78.17068383570755
6.792165144910017 128.90602751869073
85.16554674249882 179.72041751900082
228.63963302044294 83.15658863536363
105.8904233153741 171.77060975438832
235.28951808006798 94.97237014496248
225.6121665058588 239.40893130227735
103.70147447418867 124.64129211340236
184.78803371466253 168.05621949937355
134.02863921657848 202.0732066104223
123.23081334895674 98.55738554296914
4.496440843060806 102.78533739483461
143.39902125859805 230.04452227308988
154.34368197304153 83.53285922267423
91.97365088429882 206.43826087705995
139.19211108149878 209.8196783634829
152.99254733307006 6.361853339884066
72.5154468836274 174.00505685144017
241.09323967364296 39.559230210458374
113.93812900177127 41.63927239868376
152.0393132111715 128.03432825527264
162.72049630299958 76.23140581848531
118.40420547281488 204.55304119939137
21.00080067178481 44.535205615265724
38.291741990802485 64.32311973223459
201.93079740627445 120.68811668271253
151.06271467818425 168.27811624011989
104.4213165167309 68.08597854470139
46.4662957793073 42.007139293074175
27.979581493455143 32.06715838202642
70.93760574712849 237.90691165667778
182.89377517576088 95.54046518399848
86.65735680480464 60.698819518966
133.84114496684347 144.30102461867327
242.42832384146294 7.575482682013357
197.2068018980284 200.97926100323977
78.52582145490788 232.97037712843613
18.567342345630735 167.76229227502375
202.40871605227375 181.16595347905377
219.68194284801947 5.329092068838692
22.453114546548054 132.03539164015925
43.875638670788305 184.03631260733312
246.95828278217274 140.91961633857207
174.39858202040386 16.543984737731027
247.3499574597997 89.00808890912626
156.04490568768864 164.1268014088734
81.0235628905048 189.0546635076415
1.8437359393307096 121.61711573825757
72.34288689998137 24.595044215835248
133.32786626040027 181.52825460520154
43.431106627612905 155.8115599587811
70.92283651991993 84.13727576521718
136.1528728067436 21.770163314073443
213.80533923955034 176.65925065773942
219.58082884193306 109.75556506144946
15.252249741714575 172.01466579502264
235.2922835113955 234.87412391341377
177.24154925878474 143.44870799113198
152.9752662500743 23.763156152037695
103.2258891707733 133.35815487858397
227.51459729713824 60.795032611518586
13.086888721057537 65.86630537180422
69.8024722152823 188.6247930901959
15.384987269365686 192.5092255400559
62.914680907150384 151.50355272537297
233.80250051951313 230.7363936274425
5.822007990659711 83.01187004546485
100.35404736369843 177.45647913385264
222.34758871468318 151.69101029172347
208.78532596580703 190.88104281155992
105.89447304795347 51.07353269042278
218.6003282565488 64.76342180800313
88.66063243815422 167.0530515755675
8.466106257620233 53.33932551528639
38.231273721647554 125.9705497073984
68.99641632783698 178.50588216951618
171.64031181779288 67.63174307921302
148.86540476191297 24.42624629626211
10.104554978374786 189.2592549708408
45.096654671946375 183.0160223399321
133.040577774987 190.03794267165108
240.8686847335089 89.98470554131158
20.043463091811624 107.05142544835513
170.6253010279691 213.32580976078086
75.81503886158686 47.48118550392108
202.20242006225624 150.262118793686
227.38374552686594 3.257563424809512
135.8789737181536 139.00026202447484
96.3550261410138 169.38894674829356
109.94831692091029 48.120037837984576
99.74320882288009 180.03107829367895
26.18838899459039 24.676802309755303
208.70298064968466 245.7234654975047
118.94853528049015 173.73370315735917
159.4917726495167 29.55093326718705
145.65027184555092 62.45680231581346
158.66319246915245 221.1894716753927
10.997666702164816 50.16411582249203
248.21947728980186 135.57980890897542
171.74026450231574 9.711219771694285
12.757625283447178 238.728673681638
46.45121659673818 82.39883396681554
45.01998629026749 112.15289776178535
244.90458046505503 110.14649196240094
152.51700394398117 14.87118283527822
0.049602168716161854 113.86394576609032
106.17322291731799 107.45137210107508
15.038233681864382 129.70787332659168
184.3625719836508 243.56609853938315
129.2409903819062 183.97689600765347
144.4346643527305 54.486805831533424
26.985382710952937 244.50528693124858
214.86386421123132 66.97338875032577
79.2373756868517 181.43464691720575
216.54630882326796 230.25479269957327
240.7901762542849 22.660809803924376
207.69413074646442 187.99375051479157
206.11237243431714 149.4456532299346
107.3325169300374 174.4793202610002
91.28420394501796 58.879761995890064
233.3943266097458 129.55315730851407
200.54164886276357 82.65975643202461
138.2579662003156 2.184495006427256
68.71973692248959 209.08040886108043
27.40411785735389 1.3437510001206299
192.89858651728912 243.33189254818782
39.778006805718604 187.60590054176666
204.87995171459397 50.7100720358751
84.83376893368875 207.01603019942954
153.72803422788985 190.38263556086795
124.89289847944806 37.93764750090317
50.87493410709221 96.18922958819834
180.06352011020934 136.88681514676847
128.50966802246282 190.3196562929143
222.5691201135848 188.0807294395424
162.69057018699758 124.64948066470436
2.604783162879598 39.257358075459685
56.649741804409295 247.91438940869975
195.2757449126034 230.20029055637642
201.92695698221584 28.441754356720388
174.33108776177664 183.94439789453625
175.46453874405785 191.92367798027533
232.5055825179169 4.853696237951621
189.94331460041946 31.738461118847596
243.4641875165476 221.92431683827144
213.0046351385849 50.853836047385165
219.86532062800404 41.55074245793464
153.2434137431215 234.5098062256062
212.87027890398593 16.128722728906837
242.2317345685845 74.61759590586409
126.6870835818783 207.4394905169141
189.7623932004862 15.74731887746289
18.17201569106941 66.80908592202395
63.41797547291031 57.37022473561751
108.1856883395615 158.73073423031715
117.52904204240677 138.2642597461214
124.72684135373378 145.64717930788208
1.0329514086910851 37.79356479612217
43.97346082766052 215.5503481654346
76.77738517826452 233.0638457892464
155.5204801974619 164.58797143987584
43.16188903134719 130.61310225744032
73.9923901489777 46.180585975763854
237.3090724343537 109.0083395044458
117.9686178794602 69.78369020878367
115.16155904819195 64.71320835025368
172.5682990782887 90.02485234105693
75.74005631830202 219.50969339111592
4.492504383530327 238.78862820625872
119.98309040401713 199.2944778087686
156.5456969708799 132.86635935996807
18.879300224838108 188.61701901170832
246.93740544296102 72.83279849319429
185.41894681185988 30.091421840345884
135.81144301827132 149.3643863650112
27.49385917615288 159.50835004181545
230.3189570002385 56.57678789630241
158.70876880983013 100.97419570616509
21.54295495025771 77.21474266979489
204.98051111109848 74.17827730217452

71.30130461139362 238.21169660806413
78.14836886355414 49.44962047367007
141.64685971357184 113.38818795347336
27.873416816656892 38.76734609073929
13.242797605444723 245.99626695180706
185.86839483153153 38.358189107690066
231.12374633790506 203.6424716271663
119.16274102193248 102.99650705560659
157.8219789402329 170.51924715697098
236.52536893853514 221.863823985419
124.37291889248867 204.36344213630343
30.935389749849136 248.8354033009803
228.10442537617996 59.85853010453621
207.52008288066602 108.10421711431445
200.64156092369132 196.74712266421298
33.24759967989907 127.27121274167483
158.81842042907573 51.36691236869834
98.7019628592733 127.09789809736522
106.62201333569804 225.33923753034227
143.42712457629796 111.5237613406709
175.390088794595 84.83233305867185
139.56417487867643 11.795843758990038
137.9716959142319 26.94494554693752
150.1806529156113 125.038326222351
136.73945829347204 127.4833762201629
42.616896463432084 83.05213917843248
135.5464873669701 85.81069459460014
212.42083348072336 248.23278102359262
23.410344230892026 219.3394948002371
62.57219773211484 203.19344512258553
37.92298690735307 115.63102070472553
40.79768082388605 15.846956512651666
10.620247123702493 139.17844009660303
71.75813499542086 249.21223799010778
61.056292166193764 143.49351058319135
21.562517665997703 27.161481147827125
230.51041794684627 116.49402384355731
184.7048040619354 136.60499792228393
152.3765021153227 110.63940942694228
226.90645523331708 69.18545157136732
135.16252212826228 175.11263953580308
58.87629415254239 108.97300208095744
227.40018592806115 230.54158063812608
142.44139001260552 108.64595454239998
127.16388743859522 38.61504918683079
225.32395674454287 76.71394125733354
96.6516109002595 164.03806799832364
4.40725539683004 200.68187382720575
163.9541412446707 242.3292961670431
159.93291895055077 163.58008397646853
17.06309742277884 54.95131231714306
184.24943496858364 180.48362832525453
174.57759772922492 224.76274815910307
168.3934511536285 4.624122770822748
180.80062075626188 230.52199885072892
192.07726280961106 101.9221270950565
235.33557014294655 174.76552529627537
3.1403827671967752 195.8404083905335
134.54354325476461 124.43980408638875
93.28860045578597 229.46682778632803
197.93260171330058 35.16330311495386
240.1094324280799 160.0413836866786
174.53506443439588 102.75081644516679
146.12108103586607 207.44407909528633
86.08327933273874 123.38787517732789
20.1539251464293 202.46257797785887
181.5043310436492 243.31770394458115
228.42285448379258 228.897581454306
17.143271596282734 76.54580750212259
216.08086742285883 106.81995246174655
117.32110193053363 54.47858736596067
168.07541529852492 152.52285993321613
75.45251948662501 247.4330804713465
212.3906363228697 194.75920900096713
172.16191612901608 11.417973258444292
172.6581720645182 96.08873576608495
214.62654949920204 75.46652308225809
6.264392658657636 133.54408064004699
80.16878002481722 181.3074936829393
229.40061542460234 88.87529572006383
109.86186675324991 164.74219191042837
234.796852399773 89.25036080597471
220.6379413585691 235.7650666193062
104.64986596042087 117.12397729072785
190.2044440288619 168.27419736141545
138.9585941601146 200.8303229844506
122.26113013961253 105.67250600432385
7.046420117883229 102.98549911328305
141.5843688399738 236.8234746132077
152.7194927744085 88.79256731846883
95.2100157201455 204.96828444123702
137.6452923342988 212.2867892343052
147.25309904795924 8.378602036634625
74.3977109629575 166.74006315327546
236.80908683431727 36.51370117735361
119.08761696947775 35.964965421376974
151.9136730105734 121.00949830073304
165.5028371949815 78.79172802507198
116.61820884008867 206.45803856566215
19.614433729674417 50.23424456527514
39.67877578995982 64.94678238591864
201.20983294908044 118.4112196493436
144.1097722734925 164.22878807711496
107.27831009524502 62.72950386747153
47.45140402556564 38.03105117499722
30.63867183529728 26.995007127917997
78.64579268023749 235.0782328283836
177.91295553197784 94.29153756301822
83.56738910902023 64.12086359012548
139.4707447057974 147.24347241866136
240.74459989114266 14.786448429192856
190.95903355443383 196.24449269086787
74.3424382530343 227.1752881022649
18.88907977429663 167.4876604757623
196.81581769658587 177.0967861465238
222.43925919630655 3.0212169711404666
26.119290843381354 137.2031856799205
44.25840060311226 185.83190231158156
240.70177890125274 140.22054022658446
172.832561385546 21.75302222354655
239.6048532660586 88.95164659683677
152.04226639835517 166.19511665955608
81.22201846804286 189.2389485782351
4.394015240756222 117.04123529180272
67.87993919569138 29.008108435984614
138.8797148853505 185.7011677109849
47.32014176042313 152.94838577950136
66.64689289778269 82.06487442561856
138.57459188137392 16.636984563515227
215.9488995015541 176.80120993166796
220.53631516939825 112.07579998504109
11.407289116718678 177.31672230242035
238.03710539513006 234.019126369686
171.57430859595806 146.95809730653556
159.80372022247957 28.39933065241318
100.57599428539665 140.94328391155335
231.35728892548326 61.69639332266411
17.22544030275594 70.50583479866768
66.00354850707993 184.77090836851013
9.194260278152539 195.26480491306796
64.29198539101135 158.8555241409021
230.62316965274064 228.20630752901403
7.618675840615485 84.32078998683235
106.16831259406217 176.1895281327356
219.51457083449037 144.11289457002655
209.0196159971054 195.4374462630164
99.40723162657409 55.188500228865514
223.7914492084624 64.56082181277655
87.21435036161051 161.69575103611587
7.893043294170482 59.56929349283529
40.93134348790192 131.00601037739602
65.36550883591555 183.28996024298232
168.04941879180132 62.34163932507361
156.4219587281492 22.76600871466264
10.154922574412556 196.1710166366717
41.409969409374305 187.73218119273446
139.32158374212793 190.55838248211253
240.17186746367105 96.26079816190827
24.830209778642836 113.63666622240918
164.34342976313232 212.94814583524314
79.42204977242456 52.80374223602094
196.88435848250617 151.88028738440283
229.63749354927276 0.4139708172135603
129.8111405258712 139.31628202629162
98.86159248271143 165.30162846302838
105.8417077513322 48.01110548156478
99.84676333283431 177.70921141484183
22.23865630684449 31.550723630124537
214.91767832928454 247.39413863426364
116.27112651694138 171.8192563104983
164.18431098526185 24.266056001233633
140.43855420605456 64.87274766498203
164.55859889361108 222.9080324644243
11.74054245873396 51.874333010296866
248.6758369444769 132.94543773216407
170.18098663201772 12.878699676831168
9.850873338295262 237.6259277426266
44.96944546720358 87.93655074193902
50.83026230640106 116.1506427697037
237.7687313779448 113.80885310043318
148.3199563828398 19.134812572602687
3.416132497222196 112.74523751182711
107.24737411194829 114.10246309886341
16.293195739069926 129.1964627401218
191.79972723775305 240.64151787151673
131.7574575399723 183.16487949205117
139.62083736354523 53.70082414585006
33.55829957099207 243.83114825035426
214.7100368882424 69.91893028478412
78.0749162281393 176.43158183386015
216.78242899329783 224.41627162583478
232.86540873774078 25.003208017403995
206.74958027692026 180.39399602132445
210.07126291781532 144.72796191317593
103.86599909431807 171.44642706921988
92.38889433046509 66.41262477484585
227.76231794185995 126.42456976032224
196.59548339971641 90.04218352872262
131.5307706839054 2.0848218206234446
63.683114663409896 207.57520226892984
34.22056375391272 5.079565304486638
191.62917293459813 242.73326696861733
42.11495255910516 186.02925483338356
197.90864955140168 54.9174997355249
80.38944718822968 206.70857034837576
153.74491556530086 193.50819367414834
131.53158661148115 33.83828071604056
58.00513759509934 97.15601216234901
173.7433122237725 138.3036637110711
131.89199918240624 198.01900883225758
227.57559806830082 193.02790291832713
169.88223598447794 120.65358923620343
4.631235654344285 37.10721063236328
59.09035495073972 245.62731697840889
195.71982067082948 226.84810559994145
197.1412719468127 24.237610163675484
175.072175384542 185.0730660325278
175.6698866172802 187.8335535125575
234.30468303256976 1.8322023395112297
197.74717484314255 31.220039846383273
239.06965149298583 228.0760258456209
212.9063812931365 55.61355617700423
224.59276780044107 38.502704639702344
152.90041094771263 239.28559514759098
213.14164377724222 11.688048440668231
248.55573053346882 70.3510555697133
121.96797699113485 205.2387390234098
186.62363640711428 22.257582107800182
13.457766716595266 61.96412262916895
58.4575369463157 50.97307097005815
115.49340506249179 154.66631323629966
118.38150956820876 133.09910991098775
121.8527776635695 139.0544227586728
4.85720877830445 39.57631956550145
42.46446996711445 213.33160219219343
76.79859346488796 232.58141837600814
161.21005399345532 162.13804438809413
42.87869793823454 124.44839993556087
79.13377063321211 50.1309837615202
229.28914651884355 106.25527706462573
123.0844119561951 70.811249751607
112.09511465312066 57.41922004095532
168.16576317128673 89.78055150407599
73.8446851015045 220.19946062658528
6.410844485787659 232.64110950045102
114.29460242291451 200.16696035345294
150.13026890405771 133.66327066918333
27.038655782899156 187.2492827221291
246.53056888400735 76.23487261962028
181.98034049995724 26.839739046575023
142.8701779975535 149.36598849767654
27.191948964205988 160.36488376926528
223.80235810101235 52.65172302711657
158.53274419380372 95.81097333557508
21.79196589728835 73.69355011207182
199.1951084191919 75.94013667252963

34.4
720.6
960.8
114.7
258.1
137.6
1080.9
260.3
576.5
216.2
172.1
17.2
36.0
288.2
114.7
960.8
324.3
1201
540.4
288.2
960.8
114.7
216.2
103.2
34.4
36.0
34.4
68.8
34.4
17.2
108.1
432.4
1080.9
129.0
206.5
286.8
288.2
129.0
216.2
864.7
720.6
51.6
144.1
17.2
260.3
1080.9
960.8
1201
144.1
86.0
137.6
216.2
103.2
72.1
86.0
540.4
144.1
108.1
229.4
129.0
216.2
540.4
86.0
154.9
36.0
1201
216.2
260.3
143.4
34.4
324.3
216.2
68.8
324.3
286.8
103.2
1201
960.8
103.2
114.7
86.0
540.4
1201
68.8
51.6
129.0
108.1
144.1
34.4
216.2
143.4
72.1
108.1
216.2
51.6
258.1
108.1
720.6
216.2
1201
258.1
51.6
960.8
72.1
108.1
103.2
154.9
51.6
648.5
864.7
72.1
86.0
34.4
77.4
72.1
8.6
36.0
206.5
720.6
324.3
648.5
129.0
864.7
480.4
216.2
137.6
34.4
648.5
34.4
540.4
34.4
51.6
288.2
51.6
288.2
216.2
51.6
648.5
600.5
103.2
25.8
648.5
144.1
51.6
154.9
172.1
288.2
51.6
576.5
286.8
103.2
288.2
540.4
600.5
216.2
114.7
1201
260.3
137.6
68.8
103.2
288.2
216.2
648.5
114.7
25.8
1080.9
77.4
51.6
600.5
103.2
143.4
720.6
216.2
68.8
72.1
432.4
480.4
154.9
17.2
17.2
86.0
8.6
286.8
540.4
68.8
260.3
68.8
114.7
129.0
324.3
17.2
480.4
144.1
432.4
143.4
229.4
324.3
17.2
288.2
1080.9
25.8
260.3
432.4
960.8
34.4
260.3
68.8
216.2
154.9
17.2
260.3
216.2
114.7
216.2
1080.9
34.4
114.7
258.1
216.2
960.8
324.3
648.5
34.4
34.4
206.5
864.7
216.2
288.2
17.2
288.2
576.5
258.1
432.4
432.4
34.4
600.5
432.4
34.4
103.2
864.7
480.4
960.8
286.8
103.2
432.4
72.1
432.4
432.4
720.6
72.1
172.1
1080.9
8.6
17.2
172.1

8.6 17.2 36.0 72.1
17.2 34.4 72.1 144.1
25.8 51.6 108.1 216.2
34.4 68.8 144.1 288.2
51.6 103.2 216.2 432.4
68.8 137.6 288.2 576.5
77.4 154.9 324.3 648.5
86.0 172.1 360.3 720.6
103.2 206.5 432.4 864.7
114.7 229.4 480.4 960.8
129.0 258.1 540.4 1080.9
143.4 286.8 600.5 1201.0

2 5 8 11
5 8 11 14
7 10 13 16
10 13 16 19
14 17 20 23
18 21 24 27
19 22 25 28
20 23 26 29
25 19 31 34
27 30 33 36
30 33 36 39
32 35 38 41

