256 3.0 0.0 1000.0 3 160 240 100

225.1927467318773 158.72151943511918
80.17187070255383 54.83651535728715
163.24766300298486 60.99269944407151
37.378555910529684 159.9668671053305
157.39505129076701 140.8857853722366
182.09335697839938 218.87090340133634
160.7558739752404 134.6737883724672
19.59384175604492 233.45339610630032
182.7688838141729 246.38863790061367
99.73604435403085 18.32423656306159
128.1674950259707 240.7664516123899
185.52292572250067 0.14256065428594478
75.04785466224124 143.42528258755766
185.72262780866802 227.94178670440633
177.4140080342533 45.64789612874873
242.31022400634026 71.39616681312161
218.5889953740216 182.9476226805867
203.84855403051077 232.7387528588281
6.222774280540078 238.2210112839487
223.1883308927302 202.160047878103
91.95227478188272 90.64868960399005
45.60311395334512 246.44125690707324
105.88813343003694 81.58976404297772
6.893054307031882 196.20829944605137
87.11085658217877 135.59790338780093
114.75555922602368 113.63507686100066
146.5480762245033 53.38319668014827
63.16932228991434 203.15694040569127
12.988106975557745 40.850769458893126
82.39175368134669 4.966585096172372
245.3673141324371 28.92607836071448
27.742541872143644 77.12169760501517
58.618791474733925 183.7467821407864
43.31271806110243 142.46957910368963
214.88021284933575 149.1750322094589
174.59861042115176 103.66300749695559
50.28043023274928 240.23410288675015
224.25676935246804 108.02432840344983
46.082462942053844 165.37502453159703
231.4730350710997 96.71515804640838
23.528584404419682 235.38904871757785
25.260023763051308 9.517094132404175
244.65897424247095 117.81857741322543
163.15718370058718 16.46890590695438
32.429712660318856 187.66646245205848
123.65535266437752 34.84197278072035
130.8523837543246 69.97170393043153
113.12427569493566 177.89040157864753
42.878330407705775 213.43326099348738
130.40051001256214 174.961503548055
56.87914898051627 245.57232539918152
224.94137699941763 103.37160870215837
115.19474937495488 89.79196797368502
35.89440619274986 199.69790698718583
183.35871141049728 122.29675674355686
8.494266121448046 241.05278661658483
19.23736934885911 149.3255098248884
91.45644812497217 95.82311828157897
181.6230743820062 150.01056148896777
101.50728896218239 23.40119050223971
146.22560283501838 64.81484958609676
229.52995217573155 204.7155269735152
210.2696007075684 51.501335428517564
4.726904905073242 116.93410606377164
207.94088788690385 96.65482911833895
114.43738503846917 123.87174006366067
80.58261551351761 165.19366387821967
235.73557812623955 135.3179912508737
60.19852912345616 3.94424230539045
149.78844789810546 81.7696207709421
15.26843621773477 104.57767995028358
50.46452608192095 73.38719971247606
7.401202872477697 57.11733229210789
159.43416125645552 119.52898732051852
210.96330565909767 46.27593590978191
202.3807559540373 49.770011908590426
106.32906692895259 150.28657735428436
16.471033675661467 217.8496101626456
235.33373708107715 216.96247641446513
219.88306647686466 91.7773645830599
27.69480411973954 245.2539560228091
180.04830422951997 14.48185540551622
247.91328062081533 143.57683767790866
47.225202879572656 183.88615335210562
166.26871073251544 86.51073536301895
7.7607089875565975 198.85470317789037
33.66379900044686 193.05739606788646
234.37957713165818 160.67853191982525
183.05759578367147 243.06501086066964
119.47320063703937 158.24478128970313
32.805489338416315 230.7300901564623
39.7202986812055 10.121058371753255
72.53313996547645 107.247286131689
92.88600625839571 96.27208373321766
234.3109395757278 127.48221000455523
187.01224748284582 82.1223588541146
154.5439985420673 63.7212306439815
198.2074233817408 33.888193913417545
219.37638394982326 207.1287145758499
249.44729279306154 235.98595627614338
158.86721662282966 184.65106934415755
246.2127814757793 87.92917072095938
74.78295892006523 246.41622582961637
222.3644615882844 246.07975483259776
37.475588968023025 102.2413243325862
203.90766508546926 187.8151791946427
155.32706534252156 10.904610624343308
185.01124018275212 25.56669405893286
236.46559868973605 121.74019404792419
131.8939970092353 53.27620646131847
106.97540587400114 111.57314112879999
185.06027390463814 191.14246624464676
230.9600120551778 233.7732677480309
32.56329869721192 226.9281267542667
124.76860559525232 123.78600260632177
190.25167369259333 242.18363581018377
196.97959431677324 196.87984270835452
133.5329324967271 154.95703980158729
151.41874350516707 235.8047829239777
54.299691708773885 125.16332372083819
70.21260313240482 40.01280393227316
138.8202092397041 42.334683100122476
36.624880186308495 138.61388992277023
109.09986495588866 209.53376365411782
183.53154773023792 73.78980330026444
111.09508237680782 146.1477960872798
1.477697923957827 219.0440010141858
136.91433246756884 120.8292128641377
63.18343106903323 178.4873860729045
31.657669350791423 159.70279406634864
200.30216586680194 50.652466004133004
174.45688141031764 99.94641364553752
54.16722698538745 162.63974442009228
183.5369474272928 133.07916964621344
200.824933855026 0.6793183193608276
9.882596570475133 196.7898512726852
182.11797661853439 249.74648329705695
231.78064033671427 189.5916398212652
148.86601004838468 10.80538164394712
90.39923098727724 229.9589023137099
22.695253514699644 160.14879457756223
28.490196833630826 105.5344781647354
29.655511886161197 177.67673973938207
125.94287264177534 45.06987323987002
184.3238822148979 185.28825016650177
101.44375375118886 82.47883098417377
34.98178982293901 216.7663108047989
135.9548380036639 193.70457250624085
108.78593127404356 231.88783054871325
98.66373553867786 61.28606156194669
46.88184820782715 91.3970009328339
239.3836034352367 130.4823165084136
203.57043723326336 68.23021849213454
164.31022039286543 189.4075366671847
48.77994409714792 110.00790146407816
166.36914784316266 73.02753383837776
16.405997927329913 125.59010834218465
135.46735112729985 244.6536007385506
122.49784944872455 28.723317730595525
17.974698771256207 0.795544785837432
76.51283392171237 114.45437420048349
20.301177296380285 176.75646986573673
122.936699001401 27.789192924188853
61.63241913020173 144.34024514506254
92.92094727643463 191.2565845421414
171.64285517955366 138.72951420230777
56.99982988313254 192.4222157813916
225.54217083140867 202.59277234170685
100.10292713716346 201.4524837053868
217.37091556585335 204.2577505444739
71.91539793469018 183.6193745128772
13.018782824327973 49.79509103179441
212.2693044814817 233.33267614643552
85.48365514302742 17.10129722630646
47.87539619594317 95.14463856502888
47.40482020833917 105.01477674429849
93.46757167533809 204.60740987964115
124.27965638564184 230.59285829288385
127.2346087648249 94.672072486255
110.12281136492427 202.51266445532264
65.32611001283034 18.941128014883734
183.99716998523155 59.73729469514391
201.25899942208773 114.89443819841571
88.36518211007127 83.92819120148945
225.07424718485998 117.75389470382241
19.67903849117672 168.40831973809327
2.1130661655626715 25.499672873553287
139.7686998410511 230.7957917414223
108.71764826716945 182.6772386580166
163.70562426427787 177.74691666893133
247.83658520240002 165.10177862320222
5.81207617033705 144.0277579441222
105.69941809685338 52.02023457934768
182.900460173637 199.88949817523135
87.19322723805719 233.6387407373551
224.45459769946797 53.68003249844644
127.89997425675936 21.51398064541732
185.60157002666318 114.34947434661896
139.25453727857706 33.23715521943429
101.39307175327674 147.05489013599401
83.78176932196132 93.00505984398403
157.73164145061241 125.26893648553428
89.9277774783942 14.020748785612575
239.4381311132831 102.816808271752
133.3471727256172 3.4091876071024316
196.24278881666993 55.307594841809
134.62492431719045 156.46790748393136
191.9321491452389 14.222251627754062
86.22343398040607 31.323558075366993
158.18106892480014 239.6258877662886
19.51132157718388 234.72887092251054
228.9996205942593 152.49695185221987
178.52281507616428 247.5966912921513
62.015658069545424 2.9227772758764203
99.94730207886587 191.22387050588034
95.2157617768431 12.296992035741972
5.046364279589433 41.126593486351226
154.6339177844362 248.88273854891463
20.41078744107064 160.63159677214534
42.305205803035875 160.76474252392592
104.05932268839763 34.59694641103389
155.66217929642306 108.54244548527222
7.1578904097313325 102.59728637702901
119.55478670700171 27.077983380796756
85.88094500978293 128.97543969747542
218.10096790105027 224.43981980222202
224.6160487479101 219.63576673621793
119.82877971621409 213.18462879768649
71.67796617305008 61.426574880148245
117.8162330086773 127.61744373992853
164.6820584247495 162.64769646482023
48.87721582497206 12.596765961433775
93.50452869802314 109.83983371062777
33.920007143050576 23.890120887347514
142.5597904258404 234.0654722857652
145.30803916811064 91.8324462776469
157.4351892615227 190.42368388217497
151.63720746425284 35.7926812234747
51.59753676410486 221.4448126366449
24.794026422102238 43.376826672238685
115.96448029240669 111.30785330073287
218.79742453876318 111.37630393746278
248.7264755778072 143.43221565039045
6.436376971008268 220.10364363399472
137.59604089293148 76.53535083787519
7.467496998079443 8.782503618843196
182.64714868259156 159.79916877465658
226.63570712485702 143.3812107739531
194.14644560374867 132.9472790895093
75.3305352299283 53.54721671873236
87.29215171733684 247.79092931554135
184.29228278169438 47.30810565812807
131.94334835301677 9.34986653895678
171.34913197012335 215.30446156669
4.827937028885371 77.89895997624608
210.3116098346759 249.25303816218909

226.915621853849 156.32061187245998
78.39402945244103 62.36642702394388
159.86771694589547 58.96138498575812
41.644921307906564 157.50926479471107
153.84308961238276 142.32971280743033
181.71079555740346 226.6193080425245
166.1965954383195 140.03078574343485
22.606077169445875 233.6893332343126
187.21886608828655 241.7966048992691
96.11533581576961 20.567810598125124
131.23712637271998 233.9213179696778
186.31184344256428 3.4621963404212472
78.93144553020822 141.94206328875345
186.01996396741526 220.92332554687383
179.26979605774704 42.16489656838121
238.32585192876607 77.98704657789757
212.16088301814506 179.35724445844957
205.34417288218893 227.11719271307823
1.098340781616497 234.402338064557
231.07997755120587 202.23389421819223
99.31472645470011 91.17445632557575
39.95125583864937 240.57634983106615
100.65778178640802 83.03053780501735
3.130506019717816 202.09142467692973
88.5662171504139 130.96652695403884
117.13007698397085 111.74465705114083
147.28602409265395 58.075466187531426
56.926231868939524 204.53503319610812
21.36462969048 41.56199116971096
89.84334895898543 6.588726196788492
243.11653983663018 34.13252400152628
31.26745444706394 70.04026437408977
52.95808601065721 179.00646671112375
51.39263934756674 143.09340287141328
222.69284239081927 150.5600539223542
175.09417547755717 95.44286430908203
48.674933618270714 238.06511361394266
222.50488186262587 104.00999914490872
49.843315074114656 163.72194037944845
230.0151748696904 88.49082615524492
24.61614614995658 239.02019777088861
24.405738873907097 16.304594916227515
238.8409624881394 117.48739135597086
165.4834024620574 21.823984070834495
28.628925274915034 181.5002108184105
116.69924248273702 38.046678327062935
130.6853732111067 67.95470017220445
116.51938758135083 178.82652258078974
35.34371915581824 216.7952071032749
126.45289085217276 178.2962713847196
53.29782750789847 243.10304246965268
229.43971331607423 110.52140215591407
115.69763742601674 97.89890657485012
36.18463098151287 201.46242515257964
184.40202964140116 119.99866916400664
7.4811220357537955 233.70212928447083
14.63120771356402 148.51623543687015
85.94579356686974 96.77427285374753
188.32987613658082 153.5307491378012
106.14471381566887 26.09425120882125
147.80239055903755 61.278104130071206
231.10527511213232 211.60304389513152
208.88952735064956 59.436904122958516
6.620756013266865 108.9480155960362
203.40602102223448 97.16531936709585
109.62735834902907 126.01785624395994
78.43789120805678 162.29912451744488
235.53397132655414 142.99607991308267
64.12822951302033 10.774699697022827
147.9648471377831 75.6881015860666
8.242768518334026 105.68389803703556
48.59252368406231 76.95840568433351
11.16753061178044 61.831340183339606
162.81821489383825 126.59742443730426
206.63384120654095 46.501938928006
203.44009996067706 50.835446797009965
106.57122130756817 152.42382192429164
15.65669871911296 212.22604626303476
231.5285781339682 217.23001411039124
224.57550459915936 98.33203862006783
28.39940237359015 249.47529883032578
176.6220876594522 21.557304856860387
249.35119223654777 137.58611460184406
45.478818428922764 186.63328371292624
169.8116106351678 82.03328780204473
11.564854226922606 198.73557007848225
29.47456902005621 195.74543099864553
237.6298667806995 153.0018310849726
188.27028461123368 248.74526096771658
112.9319756930589 159.49527344589245
36.99793658032277 230.16756750934417
32.54733224040762 12.30616918736524
78.58896452854603 110.49166191616855
95.65237293039128 102.73842031731122
232.12329133087263 134.0831678651703
186.1461728685343 81.04183842128906
147.8654314766876 62.32139403408182
197.62622040138095 37.86322964203712
220.38609904781262 214.59900590555557
242.9406031477903 238.99951133329932
158.8294758317128 189.1817108202626
240.21084197199852 86.58204364352828
76.20995233206041 240.49755315737136
222.8695177340983 248.51987186715604
39.99539110929742 109.3825437413998
202.06880159754303 186.83119988784105
149.16160133270333 15.128534718674397
181.2057212916039 27.402250580203596
239.7191462903928 118.84940075596099
130.30157122039003 53.47238448665739
101.8236035187306 116.29164096791486
190.8440257083185 193.15045514114752
227.14361806342802 234.30209477442907
32.06088073257041 229.59737180331123
130.97996731044077 118.18913685454518
187.67170209306278 237.41239724335915
193.0595226433891 195.25962098496205
125.12689659256851 154.26652934384578
147.1082167142897 241.1995530848199
53.1279300404173 125.56730190687298
71.03900265518362 42.238676202842605
143.5599539561041 43.19308578592509
43.47730387906842 137.2197285049126
101.22808449607915 211.26918122940972
177.83639381733124 71.52597728291202
110.36752259252991 147.89935232528293
1.6556794194540758 223.89974233420534
141.52790707615193 126.34190714161659
67.82324615406709 180.30289837584684
29.312092684641357 161.4171218747073
195.54020344568798 53.55409258480259
175.97548179211614 106.77323474728742
55.93103713973671 156.01301256819903
182.48492166511366 131.90746907378374
199.03996652598346 0.16275573126298126
3.495262052488346 195.23287312488162
180.04458673561763 245.3566561976496
237.56415524851664 190.912116620761
150.10921169234712 5.107537053716027
83.47115117455591 230.16386686953413
29.49176235693646 164.58984560494682
25.42852877931831 99.57645405152024
26.862707186979364 179.30063193371237
125.72127626475965 41.893929721731865
191.25280990509347 180.74377060528727
95.95133589799218 76.78392625893541
31.903745519356818 218.20055661531234
129.38035006261114 190.9316109917083
101.17098369748837 230.90111413291777
95.47229887268927 62.33229234036447
47.47441098626401 96.64630247998684
235.51153014562024 125.76776025155658
197.45389220213036 74.01572179119256
168.96950482325977 195.7657160635853
50.879109958121866 102.42683523303647
165.3629989114429 67.33440164473772
11.453161904703691 123.20938005939264
128.34264597646947 242.74026097783934
121.03240655464134 35.93780901445659
11.946296140958045 3.625839467407327
69.9734798836347 113.15331658415614
17.575198191794815 176.62948910871228
123.72073936397585 35.27164546454525
58.990186521402784 138.8543761798951
90.53350294712837 185.61235505502708
164.98611592555255 136.7240718764611
56.08939350472372 196.3764634560485
228.18327334368075 196.3691861838065
95.34395609567753 201.23166812464302
209.50798780770478 206.43933349970305
72.33886764387564 183.2814057537021
11.428817501299871 54.24158893953443
209.86188378050144 228.52555081859816
88.50791271036832 16.755056596421262
44.88500953307278 96.64333839449179
53.3407877532725 103.22975759500402
98.5143907601741 198.31480347263349
122.48192798201265 234.56542651886312
126.73554859216893 97.28857007342064
116.56242570253367 199.20435447888056
61.72924638379268 15.815356329522718
187.23730360613004 59.145488457801235
196.34473881617123 116.10345632126398
92.70292938782293 85.4648557839284
230.87676345726442 121.27375976588864
16.891667231192177 172.1668177394194
3.6669403368324027 23.397118504364794
134.69506093256777 231.20297277377384
104.87466953614063 179.4858540076614
157.87523228468305 175.17033517385838
247.76860211317984 162.39824468215087
2.7009472597430415 136.39076031562558
104.40368855329247 53.71326667731163
188.52084201092325 197.03352913122802
81.44257279718752 227.8487087246628
220.87040506833597 56.83873662070124
127.01499769766983 21.65699992593659
186.3554592872438 108.15757413846875
143.0775134878327 28.743126149625294
103.33240909903216 153.31289769376576
88.72213885975091 90.66113090023376
158.92166483907397 120.48018735214893
93.065741622637 20.716639517434523
234.0144060545498 104.16208850244446
137.94146707221086 7.920641018200891
204.14342766478822 52.34970773257611
127.18007032454106 157.14461768250226
189.09719861128886 15.993878988611264
91.0539975985409 37.6368494555252
154.93458013772997 239.6752067787288
18.179096520110793 228.83733478628247
227.39779760005774 147.26170886787406
177.8509750044873 247.1739994042651
63.653056577694684 6.576597309060711
103.69313352541721 194.17397037840834
102.43999095156056 13.898018943993673
10.358999237182864 44.08740815811185
152.13596964941576 244.25278437322842
23.05893894399472 155.7576897979054
46.985794983418536 164.42964662420678
105.0965985485896 40.81276151817564
159.40459146025117 101.89980033382298
2.540552310153432 106.74845780986678
114.46403677850466 23.152173651044023
88.30748004602104 121.74821353476243
224.31925240426423 225.03928560547132
223.015086222369 220.80874057309597
117.05899294098352 205.98269596797195
66.71887384583808 55.479149222522814
122.55020536449118 124.76970990086197
170.5491052105736 168.74334608948456
48.78077239789888 17.22684715763731
87.882655300418 111.41161443232242
40.651490966842566 25.97351104817916
146.82089602600323 239.6716751597603
139.7187605289421 94.48808566722778
160.92450290267703 188.755520167585
153.14557432810295 32.674504045402955
50.73996803901468 220.83733463758455
26.72607365890914 36.90432152924569
112.92620925382393 108.64190580307745
221.55012173227396 117.83158942626079
242.80708406936083 141.2839275255147
12.188498881285954 214.76638318078255
135.2978796720354 74.35377201577201
13.736955336226236 12.216722294199512
186.2178752603007 152.44884245093343
226.91265860140766 147.0448828308875
195.81684551092317 131.22335991712006
75.695747646508 53.632502616369784
89.39005130197819 242.90069433246387
179.73662222913697 44.1553353869438
133.58037294974972 1.7867925016886166
174.99789691584235 222.44807182588588
8.827252067271418 85.30677099864509
205.06904323663588 248.93413465917035

576.5
103.2
34.4
288.2
540.4
36.0
86.0
206.5
51.6
144.1
17.2
72.1
206.5
600.5
86.0
129.0
68.8
51.6
1080.9
576.5
144.1
216.2
600.5
103.2
86.0
1201
34.4
288.2
288.2
600.5
143.4
600.5
206.5
68.8
129.0
34.4
600.5
72.1
576.5
144.1
144.1
17.2
129.0
258.1
216.2
216.2
108.1
108.1
143.4
51.6
114.7
68.8
432.4
324.3
864.7
86.0
864.7
51.6
600.5
34.4
144.1
114.7
154.9
34.4
288.2
154.9
72.1
144.1
600.5
288.2
432.4
1080.9
260.3
34.4
216.2
8.6
144.1
960.8
432.4
216.2
86.0
25.8
108.1
34.4
129.0
51.6
34.4
960.8
108.1
720.6
103.2
324.3
432.4
25.8
154.9
36.0
129.0
648.5
172.1
25.8
432.4
25.8
960.8
324.3
720.6
77.4
864.7
206.5
77.4
324.3
260.3
288.2
258.1
68.8
25.8
34.4
1080.9
229.4
34.4
25.8
103.2
600.5
960.8
34.4
432.4
17.2
432.4
137.6
260.3
51.6
77.4
288.2
1080.9
480.4
68.8
77.4
25.8
144.1
103.2
36.0
216.2
51.6
600.5
137.6
864.7
1080.9
129.0
540.4
154.9
51.6
17.2
432.4
68.8
51.6
324.3
144.1
34.4
648.5
34.4
206.5
36.0
108.1
34.4
144.1
51.6
51.6
129.0
216.2
114.7
103.2
286.8
8.6
25.8
1080.9
144.1
68.8
25.8
36.0
51.6
143.4
144.1
480.4
172.1
324.3
260.3
172.1
68.8
480.4
1201
144.1
34.4
68.8
720.6
154.9
260.3
154.9
286.8
144.1
216.2
154.9
108.1
648.5
600.5
216.2
260.3
103.2
720.6
72.1
720.6
108.1
432.4
286.8
1201
103.2
229.4
36.0
216.2
288.2
86.0
51.6
1080.9
68.8
36.0
34.4
172.1
108.1
17.2
172.1
8.6
288.2
154.9
144.1
108.1
154.9
432.4
86.0
154.9
324.3
34.4
77.4
17.2
206.5
144.1
324.3
114.7
72.1
103.2
172.1
432.4
216.2
206.5
51.6
144.1
480.4
103.2
720.6

8.6 17.2 36.0 72.1
17.2 34.4 72.1 144.1
25.8 51.6 108.1 216.2
34.4 68.8 144.1 288.2
51.6 103.2 216.2 432.4
68.8 137.6 288.2 576.5
77.4 154.9 324.3 648.5
86.0 172.1 360.3 720.6
103.2 206.5 432.4 864.7
114.7 229.4 480.4 960.8
129.0 258.1 540.4 1080.9
143.4 286.8 600.5 1201.0

2 5 8 11
5 8 11 14
7 10 13 16
10 13 16 19
14 17 20 23
18 21 24 27
19 22 25 28
20 23 26 29
25 19 31 34
27 30 33 36
30 33 36 39
32 35 38 41

