256 3.0 0.0 1000.0 3 160 240 100

149.23078073320406 144.03232335748928
11.651380609093403 2.5798724024498068
65.63269092100852 125.05930289609834
233.5398753741614 223.55485143929045
225.30352895835344 131.04320861497536
35.56650180577933 150.97185258671692
124.35366776930034 243.06816746901194
193.3068360253498 35.89566074297673
45.67865477405153 87.18937244470054
208.72585316478205 182.73380535139844
69.78329192549268 189.73936103287502
188.23845595112434 187.01862883814871
197.87623190143046 131.5897990268552
60.88719458465142 112.74857410870365
249.44355832640545 119.8953946892653
54.452739687545545 219.29847717205476
210.6794555409067 204.57039128406427
60.019969519636895 222.86078928827152
159.68475215530395 122.08929348997793
226.10809368370354 214.51822273629622
110.60477449858696 153.09307588597972
64.29779104920574 104.06217262473719
113.87195490415478 221.97736411812426
49.56402376664798 96.34302677665046
21.04335506260932 184.34866856024547
14.44715023747789 129.6038620165583
110.91400082840005 148.47588208804333
8.097595532500918 29.37860993488364
27.2707833748467 247.27095008737865
13.11152926722442 26.9452050574876
126.57603000986731 239.60205965330982
220.7055433281963 184.51619911972452
62.54439743532969 49.536103434640545
126.63488141537519 101.20853215292219
134.8467650722104 108.57404028815426
133.17777099852793 64.81615271394364
151.5579953815641 68.66957271645238
51.044716196050196 187.54779628078137
126.02892903667428 221.47534082249402
2.6175948357987364 11.134344680277769
156.1981720893818 167.10480714491874
167.24201137290532 77.59073150058678
155.29396696580227 17.498979938427915
80.30941559082363 175.25593734790885
124.05069977628335 96.04014499019526
192.84719222555336 200.01953708405298
129.70188584775678 70.89775147985856
202.16507775157834 61.00010123458863
69.22238156190949 67.18843822019635
4.669382501101244 163.77986620376532
51.34365820506864 142.56071797309687
118.38055206061281 148.32865831749697
15.979630247661497 134.86867063801614
166.79062291682445 101.62039977310333
65.36371452655962 178.25796767092558
44.55388877369762 85.03219351276708
157.32607226583113 53.06208524679032
223.5174288717061 199.49590693589957
169.8005352374075 38.33672670067395
90.72499130483297 223.66241752235584
101.4668706456252 171.071484295511
128.534744489592 167.83904305485112
93.12633753829851 90.87374791044583
37.02887264588583 231.25648840815958
146.98744824232168 62.31408944012312
236.3760921809381 238.7085622681761
186.34963413067896 113.4366686429287
192.43494734766054 114.01593651947483
58.80134580131954 196.34281528827412
95.33363939884556 188.20655858347337
142.68387891068292 130.7501342592677
56.01372608953381 244.46312809220362
52.73581553375609 11.738046248490036
122.69642707241663 13.234403034528913
47.09044055024081 5.994470986108336
121.84299965635459 59.03069496204871
99.9091450551305 16.47705945847261
115.58258797042109 166.28551240456423
50.20715520361327 12.974642600214386
92.87144816212329 198.06895418551974
117.51903411682535 187.92100435248125
105.44378972330983 102.74661664138613
98.71167100656884 29.292072090286585
1.3502659942260797 10.89930177157189
96.7834765743723 100.82288113765023
58.019887508190095 209.08677601765365
12.915020634767266 111.71475506433276
119.27640837966733 22.968827108543337
53.71470457668015 118.59408216752188
84.48306869615082 109.67809710574758
82.20971759702752 164.05619378086567
231.91051440325728 127.11010304039489
126.57763173419714 160.05677392972078
192.12023589059362 91.54593433564328
7.7307958076797965 86.7275136557955
17.171786545040423 175.56230585842812
176.02223307295145 234.31800793042183
68.81500427810072 79.21813246440828
27.498542373102563 249.17463898891333
74.38730769603285 242.2612716455714
224.3640550946725 223.7898417862566
227.99580213017504 114.57069425184332
94.6175528886856 58.032144681561284
107.61541038484133 239.53945457051688
2.6138649319137617 19.407477062091367
103.1302192997216 243.00342663186152
6.0765222437935975 68.87611072887096
187.63715326970464 52.693135031553155
206.58452109243214 47.638869882694806
11.646486010010864 8.633686025628473
93.93108814087448 152.32357094793122
97.50241851895761 78.49354016612189
169.71704318905904 74.20412833417004
156.07483920336188 98.0308392819778
103.81064292307798 132.87442445001162
135.63384006919793 5.024957200398333
61.46995831248242 157.50009834251352
84.03787951403086 101.96550640894503
215.16444075557678 30.502569337716416
102.31160199312919 1.8091514033170553
183.45647639475624 138.0874150569076
21.71451536326713 239.97940025305107
23.61034186336955 161.27087690398395
55.2516479400666 24.073189261259287
132.41451725534785 141.27382894840076
75.62492283017286 202.00696786563455
137.12656788502045 176.56702699826815
81.7197827452282 24.9017443351858
127.75745721447763 169.28812851628578
79.37927886661423 135.76419913029716
163.65477930159904 21.199415600785475
193.83952591490757 72.03493265132069
221.422753612628 159.04310415785517
208.97846339660973 39.972235463783505
194.27480446126248 11.787320648149857
75.8987398430854 133.33012448351798
177.38600201889466 186.47507650219686
71.05552109184673 119.45731022250908
103.91873944437347 181.75535745908576
16.828135501672975 105.63419862674844
124.1552842876985 67.78273213059063
68.44714343094644 13.306218640122546
83.75827798128424 119.57397217519092
165.34479627580848 12.46367496100939
224.10892947335378 240.25760045743448
196.97834272035854 232.18994714926077
90.22049369045021 213.30907790454475
40.91816225183511 68.35073030127256
7.6490939823683215 215.1013904851972
13.21202721487627 154.42553473561324
140.1360126190369 50.41828619389904
126.33403104366627 203.19090449229253
126.17222816434662 246.39496485217262
230.74734452058726 232.19961025918667
45.07075385812656 173.80736962446068
93.19046404571232 52.88303080432563
24.407291560161443 173.64269620772242
57.76135623126066 63.61132557198324
173.54699604010364 12.594180928469118
15.389745803398968 170.99718035174203
61.561063072652686 161.66747969794787
121.75345495401905 67.20408932519933
208.2861540573056 241.6690236097961
201.09848176816993 137.81177135101672
234.1724869545787 111.5917407733908
107.21258784104238 182.48760057292802
75.77163640706036 8.922012085435666
177.42244460254565 8.360767318627977
129.873483770442 247.44748362008707
9.901547465168775 60.07616282854725
79.8258071188086 199.4172065892794
63.78735215652015 176.78482792563602
206.96629298300192 228.0037285190576
240.41269783088805 249.0116414268627
102.60580336964351 224.77316775978613
131.13402599786758 219.20670908571688
177.52386188768298 119.3072581872589
167.24497899754527 139.57094527032302
211.64022857842414 20.08518981930438
246.90707686286834 160.5094862274624
144.48605005437403 80.76596836281006
45.69328508263737 67.60684374493958
229.19392278084038 81.71529359925981
117.10848519220262 192.1872107386217
43.118874344319714 141.60278649770612
71.62980710116578 187.279165807787
215.58659531060204 81.35012700045779
112.42769543149842 38.84601266819049
67.05823765554287 82.93572257622117
218.9324471146823 129.09907364750467
172.65493083194275 200.64173763226475
5.0525346602661445 65.43789561714513
86.03216747610598 117.53605493491843
230.311884301585 122.12841373350433
40.231099517456705 43.625294670436105
232.49043746052314 215.13338192446395
215.07987518350672 175.79582940403117
57.64358289892327 99.36328571783415
164.8510500728745 110.60070336917526
246.00349980997342 71.18629631000276
83.53054814792877 48.57975863805622
54.12239610127131 54.80572407230003
15.979036106668037 179.70966387059863
184.88846304499003 89.22068640230712
94.463976497833 187.69229306569076
184.97308296533302 231.38639728968047
69.92934751936153 192.1674585684747
82.08454388700947 80.46378549020241
93.51251692794216 127.7176859612375
93.97424279624214 23.87110893889574
58.589895688533566 70.33303110396643
42.87633259055779 13.426971323852399
126.10132619871945 13.810863432588915
93.62987040218054 38.71043155522294
43.294207375673885 111.9303323747056
75.11191483001126 150.66033307611667
34.53185977611162 185.53441637175558
25.239620355340193 39.64610078641234
82.57396230672353 197.7533019834693
63.45421628611864 217.43179032767577
195.44611659725524 127.26727988840238
245.25617017950628 103.91613537324592
47.27127471780582 1.5473709352805676
247.44673336843084 123.38910303901274
244.79536415719377 19.305678167958362
0.5561762427792882 96.82563519181627
93.71355880908253 70.3333795907476
54.95331948083368 227.58120099675654
224.10368717868488 48.052633996054915
70.55442718628346 78.77121348796634
19.915316139257342 169.84640291678554
112.77823634756217 239.18252970534778
237.3961749264506 126.78315280159295
197.5430582225826 168.26989341674602
172.7974693176358 71.13236806431183
107.94129618096937 167.86239089092152
68.44147475042215 29.048537617446357
167.90168373421278 70.62786217996486
142.8007824059806 142.0017492882071
4.337216148780937 126.45739681026272
48.37815201143608 240.34999063321578
187.88369520154697 17.732605952808623
219.89025529415113 111.1118613718824
164.80151656773845 79.69778561216101
65.65528601433698 101.70490863636303
27.502255699849375 189.36650548604365
241.5409894644179 183.66995804940925
143.66459267788804 30.403017346961906
123.62967567617675 18.29047461703212
232.58328801494974 24.901574355842726
43.040464463297404 231.76001735141188
50.77201968802109 19.062474155886356
183.75957875430618 77.47417396178083
215.83760695853286 159.37597716870937
185.7491585196235 196.76795751532336
207.6597121669414 77.59248675009256

144.38990109940403 147.82326939004273
12.692055262084779 8.27561788894654
73.13333638927914 127.7850042975549
235.65002593109125 216.45667037525237
224.42133085525273 122.95716553196556
33.27859644823442 154.41421755888504
132.54525067703025 242.0822308140522
185.79556483429354 39.46714736834952
43.991649862799854 82.56555656544812
210.80088172449555 183.78070513329783
72.05679496580805 191.67797317462419
183.87873220281884 188.65619064990102
199.4710829701852 126.18708019703625
58.765934615085115 118.9083588616123
246.50388786992295 124.14514805344695
56.072881692075946 220.58206175873977
211.32206386179806 207.5223419899687
54.14732087222032 227.34482600269874
158.5232005911597 117.16540796901545
224.89927285269428 221.31269390600454
118.00416537353256 151.242510785832
57.55214160055813 107.91969208686508
115.99952510865316 227.05282784319132
44.48247372656586 100.1937439354765
21.54923141967324 189.64947880060157
9.691285764564045 124.15617626509626
114.02358441498272 151.43017737022512
7.212970907773785 29.965532565481208
21.531698205213946 242.570677116913
13.491699270089919 32.190565517711434
122.9614380735603 235.01360777797908
226.78153406487843 183.03266123549776
60.53216919577081 57.728388843398285
120.15607105343557 98.58910576369598
126.59489763819629 108.20792453329864
136.28593311543756 59.77746469191334
144.92008738249623 63.52217155352399
55.121830601693205 188.92227879423817
126.8306133410044 216.60424545298278
7.4108866222162835 12.398089385877608
154.4549508563805 159.7165938539948
171.56260535385124 83.44761674350848
152.52809856401143 21.5098836241252
85.36814301443235 171.6794147750933
118.00153229457929 90.79023506349266
194.78530299992016 200.35789265262858
134.35410185685947 72.87819348868554
207.5013897143372 66.47325145406849
69.16950856368092 67.22767937959365
5.236152488290985 156.4690273858423
53.610492417582535 146.51956656524973
124.70901926729213 143.75391208706537
23.49534789018884 138.06734297763234
166.62419735858344 109.57238869478172
69.49494035141421 182.22056662891427
42.05505293254813 92.46584333625476
153.77850798817872 55.66010730213936
221.79098140426603 197.2700548347309
177.44687275414074 40.22901021720668
90.33264567501115 218.80585802121485
97.86724486896273 171.19636847529011
120.5976569516575 169.53024909095151
91.21461667746561 84.31430984529587
37.201963735461696 225.62167718136254
153.63758403746786 65.74209312192222
228.44119912363 238.88080061115235
185.88521556595805 117.63881022697208
195.00811554933992 121.23373523195991
55.44609001205017 199.42545862844636
92.8640968340293 188.71161555461345
141.7113908972273 129.0457195613331
51.767695181445056 237.28820204494335
60.09269731459341 13.594378531112561
123.92709639677533 11.862116102681174
48.76563474305859 7.956660021729012
118.90077223373652 58.83268478199019
92.73242416070573 19.677415381926465
112.03850061392953 170.96716147346376
47.55925560959726 16.701345890093727
88.80120662940408 200.8939863098793
121.8214103278741 182.88386143716124
98.46810563566783 101.6213880069341
91.68613448239077 31.12599062635554
7.0705598737206 11.881051016266825
92.4280500489465 94.45997212778151
53.24709308009867 207.49242330323565
8.032046883022614 107.75214290339316
117.22072031135039 17.828931284559896
58.604535359344624 119.17963483574412
86.1558283157135 112.11510272439193
82.2800899252309 162.7582098380699
236.26007011373875 128.74802752006042
130.31734537389303 165.79208405460102
197.01633769061493 84.71255702471558
10.683565249969273 81.45660124601184
19.769726717982607 178.6085395701496
171.90599148976315 235.59370644401977
65.80850997718387 75.77523292118599
24.09755676034911 241.938460810838
74.39465767345277 245.18922640623362
222.39371905162855 222.80953031966106
231.59506556040435 109.40602589234643
96.72695726956168 62.33390390015667
105.55570285506694 232.9801900709418
6.958084469059073 17.629662354573668
108.56180768108098 245.19480940233643
3.398153058163822 69.60138542990887
183.41659208162667 52.707339135903254
206.5486661575848 46.68072498590864
12.787309744279357 4.599920415635478
97.832131974947 150.00487346643516
95.65271046440549 81.40000989646349
173.63238203176036 68.6213031247262
156.84622436381989 105.57538866828526
107.61553851416816 125.44314094359201
138.36989970287502 0.07600378094380078
66.4150759343654 163.33707423181838
84.46386897640024 108.81145232411777
215.96395041762025 31.16486292016213
97.20174646954891 4.042705177474959
185.28153063392898 141.72913626401973
28.272644031714172 235.11429370320283
31.699432958102875 163.58194276455643
54.38095753079919 18.552927975165055
135.4316500806363 146.97755020582304
82.29539670184013 205.19049268003553
137.51475660814802 179.6644954924851
81.10189597972905 30.269592225329824
132.00809812044946 175.47357715567568
75.05440464198531 140.63293492245094
165.72442513381463 26.50552887477811
198.23383795999578 66.8550459661441
216.0578815952014 159.29685628268473
205.3133592532442 41.06361412511203
189.61270371172168 11.172600279183431
83.97363134667735 134.40148969406368
184.4664810676023 185.8690064426616
71.41908937767091 122.4056463392394
99.88271496568133 182.06087488847163
11.53960942577123 108.098196259346
117.30766151725139 62.84786756679567
76.52770893234765 11.536220778457034
83.61848861066667 111.74015423739687
162.4030090622335 8.634507619754261
230.36618837377384 238.85530953807051
205.26048068467745 231.50621447333472
92.25762488894613 208.87772928908214
34.07002037311069 66.28608695348461
11.852087612930994 220.7914976346353
15.785297393342335 150.42966355268445
139.51791722732142 49.030935382304605
119.85766391207339 203.67696077242312
122.21996145447214 242.8411089369564
231.3392204485293 234.5908658359522
50.5505277424034 179.7380893227017
92.34177850320368 58.465090759124486
25.80107359144787 180.79893123885773
55.62573291172929 62.415586805565276
180.7182431162765 9.305912719193705
7.554105234122311 171.54402651216373
68.13621722380766 166.99874189982359
114.58116900042478 66.50472752454073
205.87581072923646 247.72163892289913
196.0464894019079 132.9199098269818
232.0409645538606 114.83668681919632
114.36254370307259 185.60808450031104
82.53796401228564 4.893563507969878
178.17647314947018 9.503990649346871
132.53896784776097 243.99144722513606
9.080896166864722 61.906640045157225
77.86476741390527 191.7717389718723
70.91485073792147 178.76575179707262
212.1397133473621 234.28191089594904
237.37565100773332 246.2452251944419
102.37025538165395 217.62681602757715
133.2979248707317 212.97269943621652
177.93642114009762 126.65110401924818
166.65351950316045 142.9954171891442
213.13943954882097 18.60329222208279
245.15672390307785 159.42670997396996
147.5860986812743 82.10442896745937
47.83970315250957 71.66683221726706
229.20840163832057 73.77264142962458
121.4439904497964 194.2114539646246
48.16977226047739 147.83274792576236
65.50749359090355 189.13751489960794
217.37729475463993 78.79114742053167
115.10284803847887 39.53276847556653
59.59585693154601 86.10655888015081
226.2624320197155 124.86390709534508
175.3759784572483 205.14912054140893
9.588682686059197 71.98614878081177
82.2115679850377 121.4048006183569
227.34165112843726 116.67737023850516
41.61216832012723 46.740197557446436
232.69667412601302 212.0901413996404
210.53521538589686 174.79888818494695
57.17821160554909 101.44742348488236
170.32677577867662 109.8052838396911
244.7753337552248 74.85707071578324
81.57997055807925 54.0170793471467
60.982037479831334 57.299260998312256
18.329750676440355 178.32803665282023
187.61223108720662 93.2595806844866
100.75672390444201 187.01734193697283
190.6809354891408 233.02024169845703
76.18527277002867 193.24345835843877
74.53433779604737 82.36463481555819
87.56263474594219 128.71338720851153
90.62712812120688 30.100631652816652
61.514829748090335 71.08183834259962
46.95616216135512 15.30043056389993
122.62467589295211 15.467037369860131
90.83325891357968 35.136490253739744
38.28512323551925 106.46066427157436
71.78005849065194 147.5549756490285
28.676093572696377 187.24577454909212
29.9981706892013 44.21544590851861
75.54964547862012 201.21901346914996
63.25616866899256 217.37166072073347
197.0183060383084 130.85528276970274
245.54106172008085 97.53290677178825
51.87431709206813 6.6048333236933825
242.40444623250718 129.79552031375215
239.16108047033904 23.345042700177565
6.497887463425222 95.66394304993564
98.89641410918004 66.63500307780728
56.00297310514782 228.32646257348392
227.28034721300116 49.87669851235341
68.33291919709488 76.81307036846808
15.777407814089623 168.7055350222656
109.02066572654262 235.75953108219713
235.86379048291394 130.59500158579206
199.39965857507894 170.54846716617848
171.59358161759985 77.26957955328587
113.22565949449428 167.00788897573884
62.221143397191454 29.735700105776502
164.38203341996348 65.40154694585861
149.20425999835848 145.37074470642312
8.922044786232513 129.86888413715494
45.303476180514416 234.712845312528
191.91495958719915 11.582880178180293
219.24585362472058 117.83814840456888
168.74716637728244 80.4609930609719
67.03853212185057 97.4186471390803
26.451485077375743 183.387122259181
239.93823993414546 187.74914938618966
147.02603012143217 23.77184259650708
126.13074737552508 22.331337864865546
235.8486546622612 24.997533357949823
42.64443813893329 238.47373502220591
45.458038187501245 23.993499514124828
191.88262431980417 77.45678108460083
219.67025026495392 160.98588034468452
184.7099401878677 200.8994321766995
204.8993040310223 72.41989626822132

260.3
540.4
17.2
480.4
324.3
143.4
288.2
216.2
72.1
144.1
260.3
154.9
25.8
576.5
206.5
51.6
576.5
51.6
286.8
72.1
216.2
260.3
25.8
600.5
108.1
144.1
288.2
17.2
258.1
432.4
129.0
960.8
324.3
114.7
288.2
77.4
68.8
600.5
51.6
34.4
648.5
648.5
154.9
720.6
432.4
25.8
1080.9
960.8
600.5
154.9
144.1
68.8
576.5
1201
51.6
137.6
432.4
648.5
51.6
108.1
720.6
432.4
144.1
229.4
432.4
143.4
432.4
432.4
432.4
34.4
324.3
600.5
144.1
114.7
17.2
143.4
36.0
286.8
480.4
17.2
324.3
154.9
172.1
129.0
108.1
68.8
324.3
206.5
432.4
103.2
154.9
8.6
540.4
206.5
144.1
600.5
1080.9
864.7
1201
72.1
17.2
77.4
216.2
77.4
864.7
960.8
600.5
129.0
540.4
103.2
68.8
172.1
154.9
8.6
720.6
34.4
72.1
86.0
68.8
172.1
432.4
540.4
540.4
432.4
229.4
480.4
432.4
72.1
103.2
600.5
51.6
154.9
129.0
34.4
324.3
114.7
288.2
258.1
137.6
143.4
480.4
720.6
144.1
129.0
864.7
68.8
432.4
286.8
288.2
540.4
864.7
600.5
324.3
206.5
72.1
258.1
25.8
576.5
216.2
216.2
72.1
576.5
324.3
103.2
143.4
137.6
432.4
206.5
34.4
25.8
51.6
143.4
25.8
576.5
68.8
143.4
1201
143.4
77.4
1080.9
137.6
34.4
324.3
86.0
36.0
8.6
576.5
129.0
1080.9
103.2
960.8
72.1
77.4
286.8
864.7
77.4
480.4
216.2
68.8
480.4
216.2
51.6
34.4
154.9
288.2
864.7
77.4
720.6
432.4
114.7
229.4
540.4
1080.9
216.2
600.5
34.4
36.0
114.7
432.4
154.9
108.1
260.3
72.1
206.5
143.4
137.6
51.6
144.1
286.8
77.4
1201
960.8
72.1
108.1
108.1
432.4
68.8
432.4
72.1
51.6
144.1
864.7
1201
288.2
960.8
600.5
86.0
143.4
229.4
154.9
72.1
216.2
288.2
77.4
216.2
324.3

8.6 17.2 36.0 72.1
17.2 34.4 72.1 144.1
25.8 51.6 108.1 216.2
34.4 68.8 144.1 288.2
51.6 103.2 216.2 432.4
68.8 137.6 288.2 576.5
77.4 154.9 324.3 648.5
86.0 172.1 360.3 720.6
103.2 206.5 432.4 864.7
114.7 229.4 480.4 960.8
129.0 258.1 540.4 1080.9
143.4 286.8 600.5 1201.0

2 5 8 11
5 8 11 14
7 10 13 16
10 13 16 19
14 17 20 23
18 21 24 27
19 22 25 28
20 23 26 29
25 19 31 34
27 30 33 36
30 33 36 39
32 35 38 41

