256 3.0 0.0 1000.0 3 160 240 100

79.54256620518818 39.84277239542969
22.478705369111978 117.11376342651073
211.99646513887808 198.32598711109216
166.61112676584594 139.7569656607941
229.2295664762351 138.155468827284
134.3764160952486 82.3726933959173
186.1447331328392 155.56868193824337
80.52799563022917 217.82606971452142
21.629759681635385 247.17856941347625
159.58070447025995 165.33051073565844
125.49688987310404 124.67960123820635
163.10469189205935 238.67177028668573
146.81446388867323 160.3297724386139
132.15455984228723 178.63202025879286
186.10023951608224 94.48993250539178
206.68139862952978 153.4960453844771
92.85779264601274 72.39782335743145
74.48235856518288 197.11654316724758
26.800262920664757 204.5071687889675
25.480028724811447 8.10053018549603
11.11964439233315 61.83946665091164
22.161546643918644 164.00113338178022
17.899387063921218 144.37491738277046
242.32677391077172 197.97598424871154
9.568912352665631 4.077532316232146
49.47095564057183 34.340773144143995
134.50160036880408 192.17262998370717
61.49176625344446 4.631077947115397
168.23595595891865 52.34141154277461
129.58881399302635 228.57348087254536
100.04110980435335 171.6215219100185
142.75012313587197 166.4648184367088
47.38795204124236 84.30609008520481
232.0969934098028 186.01885377853003
241.65719116529115 225.03868001146836
86.07001107391135 217.52843804573328
47.476757141950735 2.1792345982620533
18.26107080471917 81.4625813286374
45.96023854256862 222.57006439397105
79.19987161613685 130.58386747320955
70.78204042695435 131.88622756726286
29.496039353290648 8.685459238077813
91.21709823850472 2.167671991414405
100.44781441820508 215.54998595942666
6.001169936074274 141.71438317414837
167.623025470836 223.25550775929773
31.510091303478095 247.5462010621511
143.99173152948006 245.9800540413896
202.6271763519987 171.670304498539
3.0520255485614323 118.87432192130309
189.64481440079743 32.64447298978263
58.498987334454995 221.27641187562173
205.6817037663755 167.1354777467832
6.822220141198682 109.02974032193194
195.56742298803337 193.33506886687414
235.19031598786725 164.12257170762715
11.213805589642718 64.3657593298011
184.5701323808182 39.74310591032149
162.013264126584 78.0240779639639
219.53865613256605 189.48183001655894
16.156564806937862 175.50232280469282
126.45399968964382 42.86103074845282
208.56623809297344 181.8150674773516
92.34296556889454 155.76369731297027
107.74046055792091 126.53575573899867
240.51126232589584 160.98094332414092
129.5238121380447 168.77958083837214
133.58052750205547 111.67497613406482
17.838300942560224 153.70881573350997
186.80768327300117 22.691542615436518
114.78528620512876 204.09302261868496
163.90384826237488 120.51551825190494
3.071046727072091 45.7318409251343
36.73928468476969 7.341259424565677
217.39850388775835 192.7264324595988
233.37478424336382 32.90288162996347
159.67425786675358 206.64170778689115
99.04763139191813 3.1341660740553667
115.14524292893599 70.38815211738294
40.74591072179262 5.7011021633519015
13.818445308947435 177.11953323476092
36.33260299559865 11.553049096740375
38.66686128288455 58.25264966472826
137.80170498115803 182.30345945945288
188.86700942063163 205.9157819417735
230.7534756329773 124.52682313979768
35.131912997829055 54.77814536810236
57.07113328219418 188.7843386853613
139.81590117635145 152.22006961571248
36.19663333367457 61.045940093751
87.06906960767691 197.2139266523988
231.77240881967225 205.12641952203384
48.68237370108025 36.683336419424144
156.33437290273113 123.42992112207807
71.8095039631773 111.44967960374389
210.37903133690568 221.2761383232507
189.89520362368117 122.01027075847101
225.8225026000722 236.36052833535066
101.58549026530473 129.21127827244499
133.18512623729822 188.37183688123466
208.0009751519366 79.63619441117461
236.56126446036393 52.50319433767814
72.63016875695247 10.905097858445318
229.12883513134665 184.23089424924893
124.49254738807927 194.3611505113934
209.6772645862993 249.38014105783972
59.2179100212949 134.47807435429564
0.8843620780028816 129.3766735860057
174.31666926025588 70.77355885158606
36.088653692945535 119.16499218863885
56.56463736451037 5.063735475547309
158.97462566397357 145.0742765623614
112.96712607664023 129.30338940684874
54.54212789476526 235.4145087639008
90.7584230111067 231.21409756850105
18.20465279205888 54.69005624330628
117.18922493694309 216.44090397250125
45.13970697168723 180.87044148011617
25.959470521921407 219.80831352444622
119.29639602138018 246.40292244579757
71.49075146977016 49.43942757620257
149.77137529986967 11.929798381840328
48.35004838527876 74.77052202570766
78.27023519999793 28.15519789152393
5.901877766823133 36.24890871017142
243.7679943026235 43.171116540621696
35.887031644966925 70.62119803304387
169.54037060989944 139.00489480921453
54.73471771813948 141.97625257983893
239.85694671248666 196.4718803411213
173.09286396505001 159.40488706756935
210.2223108439981 163.78196168037815
100.37244299482428 101.366748412943
197.70599563738224 176.09380791179288
194.30514536987266 219.21079300798746
216.55897374220933 56.224064503750334
178.098109706176 110.11525871273386
131.93692601503733 203.4071799639658
218.98318775810893 18.703450979012796
190.0969843089459 187.41109609490425
232.48015653969927 241.32991926673748
245.85394005674948 149.52860560785462
148.61076188282996 140.41959400275374
45.32164859126955 181.53795647662386
248.81449530341527 179.11225271474987
119.04656454973187 207.01204382593747
81.49014793845211 123.77206523636231
48.03804366427036 197.05525262283112
236.51791384422066 55.712469996873374
223.22137039518924 17.08732896000645
92.80780060409383 126.6028465542153
94.99745238954723 94.3357487455018
9.425662254647694 162.87019019680264
48.36381929788228 207.35590523749593
146.12533871340995 182.7147414492507
180.97181084665755 30.627733381408202
81.95835813051488 171.40990854680305
98.68974181445337 18.50834563948106
20.225311626482252 115.08555154647928
215.36188129824063 235.65443708284616
9.0014874138864 150.84940532346934
126.30359002585703 136.10637262177227
199.29025488546387 93.62458497256465
154.53430852224108 219.0930232360046
200.68931665621793 116.26248216319266
208.89011398804874 164.70780551631904
238.762851463065 186.16801867852334
135.2478661106844 169.8674708279143
181.35378713981905 22.298028428460654
156.5965003497113 23.791295258905027
70.20486802180805 25.12030162647452
79.07685768833767 134.66719131804166
208.83675687831158 110.45096477155464
203.4059606358975 202.00289868042623
162.25871614847523 92.73843559499213
100.47909622923035 1.894035878104744
109.10257259508205 172.0134496805367
96.25804752815279 82.3736121608476
202.3718055599056 24.74354854719113
151.31042719307044 227.33233812728423
130.20551442603562 171.00120004010233
83.64484512064769 81.87259171414487
214.37736325380115 75.97097363244667
147.27050270697066 82.70542988099314
93.21811631241633 89.18107588656981
217.49412378173284 16.650551510408256
239.93945753489024 158.14417341834067
82.02026492032644 5.391537707722716
27.07088302375199 234.24625000020745
12.904045749458609 155.68559680825638
210.458225212842 37.71636270012896
84.58249515535313 171.81347060804833
181.1625877312302 235.13859656478778
243.05999017862885 115.69232081143274
123.66525289379499 168.1794077837155
149.03984315239688 200.73080301583474
60.30004066015226 52.40508438465513
101.67362436908716 12.463544157543943
101.94899902725624 93.73303662689716
209.07251406237575 37.95044926125174
55.87641175079347 29.81329387434517
41.92431646530975 29.41036077220663
210.32615768302162 62.65758079090167
140.19338652315218 199.6989377704758
232.9389121120419 219.0067713376291
191.47032149609703 212.38981214688806
215.99940201071857 247.4790421990338
164.67229643170452 166.7102734018626
192.10256594688497 155.964259924673
239.93361658560545 163.8412129442302
132.58956227915405 197.28510480748486
163.25232188645614 94.5874108563666
129.39890455965127 31.868350800807217
156.26844173414645 240.26515339776526
44.86037599411774 144.07734871469353
125.57790133883658 24.78097254290093
185.44003331653255 217.6732800751274
226.55971951212632 185.16097496804576
247.76975679182317 152.63439283929617
51.532088012540804 181.38406762746496
217.4810573573307 18.709002936284303
70.22047774058154 205.95392412447976
243.57386104115992 180.33299001055858
57.77719819801405 176.03304196090576
105.47684204206276 174.90157742544918
110.81734185200872 202.7080253204359
42.899411401625066 193.71783338715656
155.28505967023813 125.56989557549753
144.94395805718736 136.70038338226115
89.82853112431854 214.1251437121637
181.51941208399327 240.8444683730437
1.1864019912573298 34.80396094926238
20.727221089794966 155.57934989398382
50.741096298242944 125.5909868959988
212.92621599530952 133.1430164784795
148.183974455181 31.922727611573915
74.05349487368387 26.3994985948485
66.54845544944405 97.43978118192715
129.9177358380875 63.35858856433105
137.39633943742493 85.09202249578904
84.4916842193279 50.9986358703827
65.66474855866197 233.5785281920875
163.22558298051428 74.08407712447159
97.80954325695262 201.70413014496816
188.95655849906376 49.82464147920418
183.92387418671169 244.98457904435355
21.750633084727383 177.4472863258623
225.94313749168046 92.91973787783047
165.55588636169804 215.69502144762436
61.28454042760961 184.64481013823445
214.29714086312984 128.72424379599218
189.34274169499867 3.52938057961083
191.883985759721 244.53407229557388
20.679108843156826 63.215742203635266
149.77382588656772 91.77954523004934
77.70207904040255 0.6707890648129933

85.06213236043087 34.492164174569936
21.99300322426373 113.61990597588853
208.23592215317527 194.35106321341132
165.56462439652003 137.23816912518535
229.67482799122246 134.1430609196435
134.42099015151237 87.07292192837637
186.51271658939686 150.67774615889516
84.44336923598955 211.2089317017661
21.778964681082925 243.36073048435009
158.8093281426598 167.8374408276687
125.49575628395637 121.69906383717289
155.803541503615 238.2228346072473
149.74957666011272 159.31178734478357
124.95117591379449 179.41351004501257
180.2921366255733 88.74336953222023
210.30669342464003 158.31248584558094
97.28629418815216 74.41897999145425
80.14208280599186 197.1833827924431
20.830385628067354 201.81602703383106
24.294962422488243 4.290759098448948
5.171809689274776 60.002307375700056
16.276424375903346 159.16285868765965
23.723792866000487 141.67595391976326
247.729128925891 191.68610401298898
14.438886706350074 2.1919657619544064
43.402050221585526 32.42862125246815
137.10154709306215 199.05696497252018
60.75519589547632 6.910561985480484
170.86560127805353 47.73017600734508
132.4660622815153 232.06212541441772
105.95263087422511 171.22142948199905
141.0395658112358 168.81317009411663
40.77178137796223 82.59181650561415
226.01379357457964 182.35269995697524
235.89855538784735 228.7413347229721
85.02231442500732 211.17028120314697
48.87098332704906 6.338136990091364
15.614787940293612 81.01508361371957
42.81526259357926 220.25539705799434
71.60011613428912 130.5820709858265
76.0465659967616 130.30439978807402
28.14669140003251 3.9725657809533965
83.5390624272935 0.5609242216103316
104.62117634575954 216.6659128741286
13.557148043624984 143.6960554707339
168.52788213625126 218.44120457998994
32.926757826094445 248.14109023406047
139.66815400765537 239.28956867501398
194.70354077778853 174.61927434849866
4.890814091778689 111.5096492530748
189.74847626447615 38.16123515953748
64.15061045250506 223.20140555470556
203.6128213208161 165.25531470137454
6.407676733921786 105.11031927320829
201.1685722488602 189.746281893851
235.03489294633985 159.56967926220477
9.544609260704634 62.85894734105388
182.53285406960626 37.48999883348203
168.61605108817636 82.26420285982228
219.54324517227283 184.08389288811046
14.123986685318613 181.81570843848633
121.31009521102042 43.64207036577309
208.78189871118434 181.3186588343074
87.00226783935244 159.99985044510152
104.14065435358106 124.5496903498211
240.57023179404206 160.3381051104979
125.63433063743653 169.73384474422113
128.34465217124767 107.02109504880688
21.634490942843254 160.88074632761055
193.74470770023842 22.076142780738188
120.9774831011649 206.58042171124092
161.2430922796774 122.5150576747316
10.519182325296361 43.96498479999458
37.0884284276915 5.760841082681129
221.84431554154298 190.20259819926278
232.13649163776066 29.89850625953419
158.4428102577343 198.7060766907689
106.93179894632101 0.49159644979093753
107.76322062806278 66.92307878621895
36.44926743014068 12.952314131340875
13.134301030027745 182.94568577031256
38.31444331964121 15.341492009825958
41.888264439242704 56.41619052038791
137.16101381787522 176.56142587288147
190.2903329567341 208.49706121992168
225.89096472373774 120.51903712374992
34.45502671080869 60.60476227516837
59.98928507131354 180.99009640286118
139.33606769337632 149.10355201764585
39.21111450337883 56.57410884643468
85.17482044700606 198.40501172793486
227.96090676404987 201.11640899208663
45.340793307269976 35.085766494925366
156.96434721071617 131.36800298855394
78.43279060374236 115.30235892954823
209.7782341795321 226.69606316264776
188.88398032757607 115.67257665142638
228.7037539765842 231.3876910406496
96.7860832167717 122.76908767634656
128.34576310372339 191.92958474389187
202.99057118018905 79.7550228156792
240.23154731362635 49.4607458453615
78.88753413867938 7.711498533722522
232.01624404213737 178.195022510776
122.28420983203395 186.90791984219254
210.41129371806426 245.5174030903823
66.90881594768838 132.62213509286082
1.0721237673606276 129.9819517854045
177.9532667881681 73.46898959106893
34.078597346746896 116.41708776929282
56.016052382572425 1.1318888495460144
156.88512353680989 146.30049443664655
112.58655463112322 136.7876111669607
50.03368994360311 231.63018004034683
85.64994300235782 226.77697655109898
13.999688504717028 55.997124361233304
115.35628989189584 222.43126231450304
46.07132030632491 178.4764167362547
22.894718408622865 222.2685620805221
125.71625847028243 246.94274035017622
64.47516387658348 51.0674636155998
143.3642453422427 12.74421223258218
48.43791609276069 68.01274208158115
78.66517587856353 20.27006081819008
8.821673445129408 30.624108753403657
243.98737671953577 35.239243229397395
39.199154099633816 70.19935307772582
171.2940942852455 137.41438252322703
54.06279945521855 149.49981585413983
238.91447585872223 194.64461698398472
175.5521768387938 157.96191814867322
217.24082694732107 167.0302355440111
104.89440259961007 103.50203580138908
200.10194718721235 174.20391538093855
187.53019126873642 222.94124263330508
214.9699670054977 48.755665755047225
181.02478877962093 110.65875661500758
132.689871738653 206.90929628016758
225.7403153283488 22.911263215791177
191.29048108764366 184.5629719554564
226.6134501777991 238.36585080812986
249.62092619762907 142.60887445235363
153.20984659910025 133.39519436114696
37.82907842388325 181.4080090448472
247.4290271209791 175.96397548108484
120.46931523735158 213.99706328650777
76.65059519271047 122.28835794213094
45.98694569119863 193.62132579188625
230.64508505067457 56.52449563199563
215.01313456881107 17.781213282067803
87.36748153565388 125.65377530739217
91.41100603778172 91.68790195606583
4.587475206028035 164.72939140445183
52.18919694355822 210.63823472592088
139.6148941823549 186.9612692557796
185.6518880236744 34.7231611755055
84.60701932645276 168.716583816556
95.56959774814014 26.05460207296037
14.914699712985453 112.82110846926321
218.2806264759287 227.96715544510596
1.4046746402086863 154.60125015691355
127.69122638842778 128.45455832655801
196.40933605615737 95.24150945849807
159.76981890777722 223.71746709200335
200.2398033929647 123.94955478753144
205.57390646423613 159.62966758111418
235.98943995858002 189.83574521365202
140.30389375069393 173.98005238643026
179.93349263885446 26.29544806263534
156.4451039644438 19.657730909235866
71.75251337181976 19.978409221810487
83.74804491097085 133.14158493670163
211.87910091404535 106.2367102234591
208.16330107901976 198.7458493551417
164.9423949173975 91.21068746696979
95.76256732629041 4.9619227685557545
104.08165249858828 167.10967936674564
102.90717990382242 84.5716405184632
201.35153366895335 19.614497626345095
148.64503714825867 231.69743611053602
125.37284838497614 167.02653168476104
89.69936763806777 81.55600097816878
219.98887232751215 78.0503715037488
141.28599229220941 77.09136271766396
96.5958141246159 90.9314795723159
221.3954709024397 23.28461485327865
233.40628393954123 158.53528345828383
76.77947985525418 5.9865437705071685
34.17361030045968 229.93712096501164
10.325839138883103 163.41831590398277
212.12557591025626 38.67182277135883
86.33570388862604 168.29668538620223
176.97564463141077 236.02122159746042
235.43501478508145 114.66449159670367
118.93423829127556 168.47321312600187
154.2472434135076 201.8371404448004
56.59109063330753 45.077096488849776
106.7002492230251 6.473888131758477
98.10232831777147 89.5143243082682
203.88713738179885 43.38388990407552
52.636203090728195 26.003163453383493
41.63455661241808 34.03261495159146
217.28784445626752 66.73286008844967
146.83506302787964 200.68842884679998
226.1220017533125 214.3956576244232
192.99499472421215 213.0833468992162
212.44570363948966 240.68773457293037
160.3002787432344 165.88763412289512
196.89312700044914 155.35569335037084
245.65752227946362 163.37600915561063
124.45127279544685 199.00192194325388
165.90790281174478 93.063764106115
129.62561079500412 29.563545848445283
154.5547082904473 232.59702684161599
39.500499366436486 148.808554282981
118.60715008876305 22.200789318988946
183.63102484459708 224.59001604220524
222.47329757495885 180.7142639462598
242.56291352289298 158.50042982610722
45.79394871543341 180.47284796631055
211.7806410900161 15.869311833639738
65.31760325573943 202.93829411111696
240.78691084153843 186.8678141137636
57.08961484037009 183.12903369815382
100.19696014510382 181.47696994075753
109.42618891786154 198.20123140081296
39.13962728626497 200.35339798040215
154.05100715284 120.19502294503975
149.18110322441112 137.35074192999846
84.0120116307374 214.85320360245805
175.36206193128777 235.88655696931872
1.2922848639642937 38.77880806741807
18.885731587245324 150.9137059392722
52.201450458788464 130.33210798443127
216.14641543573075 140.77398557240468
145.79541417046173 32.944628898829045
79.8478599945018 28.370869035815318
70.71463160345037 103.7145867293216
131.52572610973317 65.38782910517776
135.2833103384965 86.1978971166002
84.16438959214442 57.911705538557456
65.59992243056922 240.5653481475174
164.50146997823146 72.94573774728056
96.32708145757718 197.5740452757473
188.79415826316844 50.43462122617273
191.12246289352842 243.53713093620314
22.02666047091892 183.43377109698667
224.6012195436744 99.5075919493536
163.6013850984522 215.0600923070037
68.59496026850955 181.72517765523747
213.7635270808407 129.55501050110794
191.3459521318114 3.6445799072518104
198.5177421024816 247.01784462098848
15.85774706037485 68.72754786625599
145.0384141102649 93.20985623554412
72.23898372754198 3.1776834604403117

154.9
154.9
480.4
17.2
72.1
129.0
432.4
288.2
540.4
286.8
258.1
17.2
137.6
576.5
540.4
432.4
1080.9
86.0
864.7
288.2
576.5
68.8
288.2
1080.9
288.2
143.4
1201
154.9
25.8
648.5
960.8
432.4
1201
229.4
8.6
17.2
17.2
17.2
1201
1080.9
1080.9
229.4
288.2
36.0
324.3
51.6
648.5
258.1
72.1
432.4
648.5
25.8
648.5
540.4
68.8
480.4
72.1
229.4
36.0
432.4
137.6
86.0
86.0
25.8
432.4
206.5
34.4
1201
229.4
36.0
17.2
143.4
216.2
17.2
129.0
216.2
216.2
1080.9
216.2
17.2
432.4
260.3
600.5
34.4
432.4
154.9
72.1
260.3
960.8
260.3
258.1
103.2
960.8
229.4
172.1
864.7
114.7
864.7
864.7
86.0
103.2
600.5
77.4
288.2
172.1
72.1
154.9
1201
960.8
129.0
68.8
324.3
432.4
648.5
216.2
8.6
258.1
17.2
864.7
34.4
103.2
143.4
258.1
260.3
258.1
216.2
51.6
648.5
864.7
1201
540.4
576.5
77.4
540.4
34.4
8.6
258.1
1080.9
103.2
432.4
1080.9
648.5
216.2
17.2
17.2
114.7
540.4
72.1
172.1
17.2
216.2
216.2
144.1
432.4
114.7
72.1
648.5
114.7
68.8
34.4
103.2
68.8
260.3
432.4
288.2
1080.9
68.8
36.0
86.0
129.0
154.9
68.8
144.1
258.1
108.1
72.1
36.0
216.2
260.3
137.6
480.4
34.4
1201
288.2
68.8
720.6
720.6
25.8
260.3
286.8
137.6
216.2
143.4
216.2
258.1
432.4
216.2
17.2
86.0
229.4
36.0
51.6
86.0
216.2
229.4
720.6
600.5
172.1
34.4
229.4
25.8
51.6
34.4
432.4
8.6
144.1
600.5
206.5
25.8
540.4
229.4
103.2
600.5
720.6
8.6
216.2
216.2
288.2
576.5
172.1
108.1
229.4
480.4
144.1
17.2
68.8
206.5
432.4
720.6
72.1
432.4
25.8
86.0
229.4
324.3
114.7
172.1
432.4
154.9
216.2
260.3
144.1
324.3
206.5
144.1
324.3

8.6 17.2 36.0 72.1
17.2 34.4 72.1 144.1
25.8 51.6 108.1 216.2
34.4 68.8 144.1 288.2
51.6 103.2 216.2 432.4
68.8 137.6 288.2 576.5
77.4 154.9 324.3 648.5
86.0 172.1 360.3 720.6
103.2 206.5 432.4 864.7
114.7 229.4 480.4 960.8
129.0 258.1 540.4 1080.9
143.4 286.8 600.5 1201.0

2 5 8 11
5 8 11 14
7 10 13 16
10 13 16 19
14 17 20 23
18 21 24 27
19 22 25 28
20 23 26 29
25 19 31 34
27 30 33 36
30 33 36 39
32 35 38 41

