256 3.0 0.0 1000.0 3 160 240 100

33.297433241164434 204.08653106131763
46.699468365882815 210.94907407513097
25.5794327344831 244.01324657002806
216.21260966559962 104.20238493913244
115.07402378832649 102.45997669171538
114.56964630405164 187.93674035221423
240.84876268465032 154.48845086296095
49.337564423690196 165.19131691409254
25.729847126528455 221.67273517563828
161.5358007200709 41.70406027257603
235.6149361619998 133.07491740660598
131.6307851307773 74.15919313509472
181.09059527971155 207.77787771453228
165.42663560250423 218.35931533595394
88.84152680694012 150.84458435409312
98.80979330143283 209.91320883393678
235.24615324353104 161.28593811509353
175.8076246250816 16.184946419587483
168.62163165982997 76.68401548310963
143.62319307975707 135.97151141504943
68.75613821098112 32.58923058818025
230.78715799305468 215.90758916226977
125.92623396788771 222.03403166215907
66.79119251724447 41.17316451867359
202.42292283594898 149.62119558580892
54.50643723246085 107.3573084608102
96.43924705561865 63.339724484240215
225.7381922276673 88.35991936346066
66.99871399665666 215.16163628530765
211.22100746384598 212.11739892206424
166.783759923356 127.94666547653591
4.964089334890565 109.24095783775151
127.37417889542473 44.429539494035886
15.920470036043078 9.833801025277616
183.7958541922286 200.51888239
228.411447587198 116.74708587880254
148.8511065402488 4.784878129103943
82.6553289990771 60.41427944733402
58.7372651316096 141.60490697377065
34.014243708677974 107.41615469532684
153.7885614798362 100.91703333697716
100.0932465513124 14.092593721402258
23.464156329635333 40.61621770725782
222.70312346708587 19.54296842764458
181.09107755001085 169.01707617887743
219.10039587620466 39.845931215622684
249.825583527342 185.1628871991221
146.6550266416827 89.92321821423744
186.95371391389378 210.5830148700138
203.9812906921215 120.08025277101761
188.1971028322769 219.3263070717846
249.9733606628985 31.21840487299132
216.9835345036264 107.25509670799724
4.503821021304811 6.972279597211806
98.61827066637119 96.12688547570164
35.4607617151223 239.03953555503043
240.3388212335277 120.27062900489419
7.575176081084517 107.55888580491374
120.40606237931217 136.08864099979996
12.75337174471658 98.14063465435527
13.294089234813928 124.88975307865799
227.80451167538806 203.4260133393849
150.43254727742544 141.13271331950062
140.21995717902186 178.57576527034323
63.537424057792116 197.69699519570335
109.99273269590354 220.6153037795037
156.29205288628162 147.42970850458497
143.43968246362144 146.78958433102204
216.51930145611365 187.8328404709015
33.17691781426771 39.429389769329525
82.4911405520973 12.013336525032198
163.06643552647446 179.86786143977426
24.672355456360734 41.242073616456516
237.4871683772987 99.03901272623514
60.912291933815474 9.89343421529676
77.68758449922417 42.25225689606468
93.00010050810403 181.63153186892865
108.0543128962288 52.60637459845463
220.7382198025402 120.58052581396197
189.72560300551748 155.1156149227036
18.87710504893203 184.65823897731718
44.923269992677454 167.96264859907015
0.033909699187151254 196.29369752279916
219.7165949628937 35.38692361777057
59.782125698269375 91.95033070304265
15.959333608071224 6.875156589701725
114.71120409412775 36.91828394742813
53.44348981008062 148.9565559788458
207.55812316170264 239.6798362563347
206.87171157531466 215.54827389344334
199.7518822655327 201.2008074161169
83.74253817375818 110.4018553004073
136.00427822602416 57.07385991535094
147.89161763174616 143.34437693748117
220.5710612480218 48.53390611542613
241.82173000235696 209.03301084437555
168.19997952174666 245.99057734519556
5.778708388120779 1.055854380395349
199.84379396485457 191.52214124528612
228.36245981476506 236.2918511093723
213.9239719677149 49.45038664748774
0.5977669916154837 99.94429917900227
100.06326077627656 11.502258295231439
39.10240714720622 71.37026665582813
5.649491788607214 184.71428329162987
168.2268652694716 36.45896506925114
112.23132329086413 68.48521203655459
145.8834759267584 189.12754309387574
81.82641879443803 96.73242041704306
101.75623411547052 74.43121846329397
125.7624882003384 157.22490629626262
199.3068238665848 15.907439477039597
149.8663532650824 89.95669258522801
85.56976199762839 150.82372307298516
162.38541673820126 53.37032764348126
241.05931317658946 235.73651412750377
174.2900853271418 14.807823693925886
33.842851708662195 197.0343037151344
215.79098927835656 104.06353504796579
202.79262936196508 204.26237542663102
43.15115130104602 157.03450160130137
21.776486782852906 34.48812566532247
215.87361652293708 66.9909374791469
74.2948797896009 186.72406764151643
71.13225085051359 120.75243070445549
246.8685437693596 19.99759444494026
243.22078130759567 111.82973482167999
26.922094123397272 173.47690101106355
103.12673035813124 214.10653363406527
60.702733542878555 58.757996495692936
110.41192892143107 102.76848158354149
168.14895790002433 220.46135893671416
216.7374445112308 206.47146933774223
104.82326196766859 21.025025967609107
88.63960236021354 81.42983834794063
155.03963852382606 120.4325843840798
149.53202565265707 211.8155933346192
101.50068102535023 101.25084292164638
231.55895875357922 49.215546740178915
104.01308105081623 144.26151616735632
26.15421908515067 55.13956738527537
41.229372078412986 13.923187756124749
1.7147350350694701 248.88346785222376
15.223383491501236 94.44562585670351
43.08228839170775 215.9475753635503
56.36020665844957 245.08066247899146
190.68268390488396 202.89605221737622
152.93482436194208 125.95862533802018
217.2117200507646 68.46973160523095
238.92949925353994 61.347392066829045
184.50642493856952 3.6848942511917
215.3642780622834 214.2952516575922
59.28778394623052 15.098213312140063
24.99746412126866 228.4310012887268
83.12092873940131 44.13064761226629
11.293358380997015 147.5444150066707
132.18418805134317 131.08739131694537
36.804076129571094 66.71683235538886
101.58990236810509 242.34417630096644
156.37555902501296 239.53058100074057
224.2375425110354 106.56431410203726
113.4418695399044 107.06197847452992
223.9728695185306 169.11297116137607
9.74190007816389 99.69809321934913
169.30011817001193 165.0693077233403
45.73609423427064 89.6665237811107
145.23018961670894 56.091581286575234
14.176161730730913 135.01981302707148
37.27113751045652 92.06588829765444
220.8269120778299 231.10116024296002
219.9261716184451 65.63239570769422
148.75494901211113 226.30370745439438
21.860565322612434 78.47373041766991
24.946809362795584 230.18191476780567
60.075273140947324 162.87857788429622
101.39877993572549 165.94682024833358
17.16426922232084 113.73467055551886
128.12182404096296 228.71466056435978
140.97631068022932 198.31907694051498
78.6696299552235 220.31810022236309
34.81234140412251 98.83786083517046
102.9365158192549 158.44448542558908
135.3227315268465 237.51787029483953
12.331677870738773 99.19724583729145
7.6154146019032085 223.81937286201222
205.96887361486503 166.71258377848525
118.11244257582904 77.81029450306227
75.49319436557973 68.8581883619421
59.46759111988828 87.82315375736563
68.40114107703818 180.2613448954281
134.01456217455546 173.54343350321003
129.02423566293547 158.99718335056048
10.346916296397445 29.20420806503077
79.35223540134731 20.35711726297426
11.498290751186635 53.06805762444983
136.36972885732806 37.51153389711007
195.9407269685555 245.58803702211623
195.9601324601459 195.97740154401455
244.8367056216105 91.04864249910227
132.08118602801622 72.74470254503245
180.14201991399108 219.31669259835047
93.32143733154305 150.90886743999164
67.22159004055173 156.68167927496887
151.68604218582988 162.90147998806165
137.31743259538683 240.16542287489725
15.896220478376243 237.03671139657305
204.77959396616797 157.69822019887343
183.32587985688792 10.442719957253432
106.51296057010116 227.8644696704965
168.73875173126896 117.14126109878201
17.392136369311057 54.258001422217674
113.20579059095304 19.591933961219222
192.80492495302698 8.575055948747995
102.77246765400608 220.92289028209126
240.35406585555157 113.43984056359238
240.43446647325973 47.52173883665825
61.02589828738852 70.88832600774467
26.89923205109304 49.56899750986063
205.04686661020244 157.65746005383897
165.0526412046949 150.3194640297334
23.375118676299238 165.14944845767664
90.64388257502759 164.98573540119108
9.639248069356398 55.271636647573594
195.21441480747066 10.597435354662677
202.1726254697892 88.85905521070924
37.16436153262315 41.68601197224936
3.5830689724188627 108.72010554967754
36.10692836540286 119.22790715368764
137.8826771801458 80.12773154154313
46.126278256957335 63.41482464695661
238.88793257615632 183.26225695515512
84.89302606643781 114.39062292999333
7.633368861752421 222.1835313056246
90.19832332878 128.92064566047196
235.5550766205304 150.15673591772455
127.25449972651751 30.855435540912605
240.39163640686237 131.44209545421904
158.3517800459386 13.390048624421224
72.26272420521504 233.23557555075845
111.80336993062429 38.95704818971979
186.0102440870484 86.9451875533913
41.61159214983481 86.05734834170315
175.20966320842945 139.68781604134355
67.1327087640837 22.984922393315372
205.6473859518197 164.627235514365
149.01160440882484 29.251135224687197
217.88307529309148 53.765100480685305
177.008856672545 2.8646320818145607
64.42494805747648 196.89986136263764
77.08096453283552 42.02566318616544
129.13036859217513 238.15286539692272
139.5212681681754 161.49985402725105
83.61982387834458 90.62921064619789
220.77593415294842 155.75837005084927
94.38992703015376 164.1512185978625
164.06993647791884 221.77280947529832

30.35872895422495 197.1580085839655
42.65029091566569 205.20160267111828
23.350136615918395 241.48522375364382
210.9162177571869 97.64220657398032
117.01975251273197 107.99051062080791
121.23483217758222 184.4647410723086
244.61010229264548 152.1414896370691
48.30842165739327 170.9666398820129
25.611846790488556 228.6849665240336
167.31974167178407 41.96046370258383
234.27510771880267 135.68667574114937
129.19295830513823 71.37399126847512
179.5581745186521 204.04513713724126
162.7240587145568 214.03798935104382
86.44229166388689 148.4897159683676
103.77314996915793 207.67012861391916
230.05934421600784 166.6936664063502
169.93430006992043 19.76287194288537
172.04427035797528 79.70369641502123
145.40350580642945 128.68296795905692
65.49324729089945 28.350611379837687
229.2307120880907 218.17563528043257
120.68158801994424 227.09804858803594
68.32571685068625 38.708811464765844
196.73142984032773 150.5657008185462
55.65832066812326 99.41454783958015
101.26792746129765 68.0532938020614
224.24211157233447 80.66018697945879
73.07787590990868 211.3863198762865
213.8788407402447 218.29795083423102
160.10091150124018 127.17144272917099
4.609260879601701 109.29567672180137
125.75788359694995 36.97111914397952
10.915983534374895 5.828225804237642
180.54984285037122 202.11013751105202
233.57835904682926 120.18510565067372
143.80216029661662 3.8206043321592773
75.36358039388455 59.543885508046955
61.735974444990376 136.90086472417033
37.79932017978929 114.09473326151398
151.46963041747748 95.38279230787283
101.3494021391533 20.37917382838389
23.7203797899721 36.97850428141472
225.90368410882374 14.981204233925544
177.16062452701152 162.0195041719589
216.15733063011513 47.07100598217487
243.91227488436053 179.61028311750783
142.90482098930332 87.78327433946176
183.0345668351517 211.08563010523775
206.3029107599556 117.24117358593448
187.34499878937154 220.4925381272775
249.9901675788207 25.882156827811365
213.39643269858482 100.1939549943342
4.601184566493971 1.5118541674777608
100.19825067696151 95.52021012508027
34.931789516930934 237.78456706640776
237.4023716615062 116.0628933212263
15.282730255386207 109.23866623999703
128.09669893872268 138.34297560236277
13.483870248632929 104.23331035698452
14.751710229994247 120.29463971826704
229.3638523237655 204.78947141416228
149.63834680797333 144.01330379971165
136.58272575399855 174.38660392390275
71.59066068029391 195.08555956514013
107.55778355962595 218.53183329588714
153.98250387103374 143.0413328555009
141.85101216313328 151.34009039131578
212.3210297379676 194.2826162618977
38.688998935799525 42.13129407996885
83.83383837983533 13.216293224599413
162.61558153128632 178.327299583889
23.708095235140863 35.36735996694102
240.56920956494614 106.85160570097119
56.82188059684576 6.901165031060724
74.14321705581045 49.55647878678207
98.64829084130369 183.67074378404922
103.64918050978314 51.12718251672727
217.26000343198768 116.56583923658181
191.06829501478782 149.75943926689018
20.949867904080765 188.62015827896448
43.57793666198451 162.04556277741332
2.1677734811535174 198.35868609761965
227.56624170609498 35.68773720851631
56.55290843521046 89.04876029266052
14.972416601237825 8.719156013743651
112.00182280726551 37.0476974167232
49.280595139500086 152.80317172295932
207.58054415603152 239.75176675059208
212.91759734819323 210.61283379441588
204.1645817077945 198.54014407990002
88.23402991878288 103.67741869757027
130.59420234262197 54.50942520602414
147.84918645302486 142.16726727073942
227.5696113767308 50.806311275832876
243.19358919049137 205.2317576240453
163.59099835672353 240.6160471372914
7.7568349450476966 0.4445129928432323
207.3638161058969 188.02477312691792
224.08161032114967 231.20183786910192
213.50981842412372 45.970798751059085
5.954783179268425 96.69805194134656
100.6747376618293 10.653118622605762
41.787686285680664 65.21675344908151
8.661157568037897 181.00967283627904
172.1326008873581 43.39696925148232
116.61573741706768 75.72452625243628
140.107295537088 192.31396280198655
88.78185175529279 92.73153974529535
101.69520900952212 66.98583709765337
124.855670745942 162.86747292929627
197.7974005422259 18.94460412352217
156.1632786031693 89.38543837042245
90.51843369824903 148.90792723104585
161.41062490639985 54.57901414673075
233.95405413790334 231.3453569594437
167.3523101760463 12.248644167280581
34.292527049890694 189.1112374564003
218.00594445355816 99.25606606213175
200.29601984698846 208.02544444594795
45.636302131422084 161.86202423048567
22.585174857598673 32.37818846899468
218.23634836362757 61.643336463527184
74.91279372751706 189.37702534185607
65.38933951213232 119.04938432338255
248.10165428124606 24.218609728393986
238.81706650740455 114.65788041286915
30.96318474083151 175.95908889783436
104.92874253496878 221.43794001582654
57.62573483335945 60.891637124819155
108.66849982396235 97.10540536515231
168.43552126810198 225.87868840521355
215.03654594891984 204.0949685662731
109.0778579085383 19.428980921972204
84.89396541642239 73.88775242525308
152.20336276251007 125.06391549938958
152.14282452417865 206.8461285967604
105.5454595167887 105.40205629129132
232.1621450044492 52.189292439892284
101.05917736508461 139.34723699027526
25.035435010441226 51.576597774723425
39.87298239700709 12.555811425701641
6.8641425947088 242.70137069985043
21.390864531876414 95.5134771355175
40.71675128783295 217.61289480696828
51.50701477526681 246.3991868749411
185.38070457054508 200.95297650260196
147.6591133739463 122.44866916444971
216.22726804458574 72.0652239638129
246.42745657224458 57.50092510754703
177.6982772325766 2.9651961021368023
222.23300278487864 216.87916154297247
59.289371941438326 16.71983441178962
17.482500536762036 229.50572861568838
81.35415184028375 39.583130832588544
14.714893966292081 150.7648950448708
134.23122376619142 122.86962533900892
31.138506699523088 71.35643191098728
102.95632862369908 235.96140575553275
160.00440254062457 239.54573775825398
227.74155663969583 100.87075692173944
110.70425456499211 106.55214516814488
227.0335385463147 167.84732034800496
10.710049620861112 102.881367876376
168.08567781788855 162.28804179466135
49.034558692740454 85.53389402760698
149.07901768325934 60.3958115976343
10.273557752879164 137.6040784889579
32.99873959510563 98.1529721398833
218.09213533084778 232.63552135185364
225.72662512486687 65.5829170824699
143.62442899364154 227.02219462307553
18.89699546195639 77.28615276020517
24.249537855397573 229.65423447781154
65.98934468428752 159.21704635592897
105.20943398007925 170.56041156248472
17.281494288695686 115.91169617867288
127.13392951254771 234.03825685000282
144.9018606987667 203.23783652763504
75.46636601938678 213.15309295048968
38.31303625000651 98.48310521211772
98.77227272828162 159.8943561179641
139.31227277548743 237.54924945354966
8.752917051648296 92.88016298409471
9.043720467330568 220.23682347986193
205.09908379952222 172.03339489304457
125.3964804381556 77.25443101144313
69.49609567152997 64.17281402625666
64.02721901541051 92.76113590985038
64.35079442357473 186.9719774593107
135.0411857543243 176.1459628078301
127.42195320731004 166.2018726925657
9.150643933802687 24.43139645735601
75.39131285572101 21.360700767665108
12.21141789203481 60.20530228190887
135.33686694664434 41.38319935346557
196.26177253712814 248.55423969680652
192.99092595223806 198.91226610808587
247.8883079825251 87.88777325245006
127.13930202944579 69.55486646842607
184.08356911263857 226.54477236427186
89.48527507073378 144.93324700197115
65.37360855379909 163.90380389930604
152.11967333709126 165.61439666413006
142.56088809878133 244.90664841406647
18.989967378526124 230.73291950752792
200.48475856530862 160.5405091673103
189.6744555792606 10.809567704162804
109.27143664123778 235.1132570044256
164.2607466231132 115.21640490880347
24.979735946479952 50.60722873248888
109.65551031041763 17.04122359261298
190.62881179789676 1.9774962554103825
109.36800523135462 225.83400777450268
236.52030488081473 117.06309794814534
237.73500297568683 51.0993048661493
59.75482470738241 70.3084873111324
26.992305733623294 52.70188424399494
209.8606667549215 153.51285747930189
162.46596458670638 156.79470621569314
22.18156135628227 169.10861276866706
92.23970975048734 167.68787572741377
10.611451008967487 55.09082692501821
189.50807390196758 9.80531838520235
201.44423172065268 95.85218097238356
41.66397818103082 48.43534908324326
1.1490117316111104 104.41797588434926
31.619973813813125 126.01113800869348
140.01671393337026 84.588412988957
47.10992072094855 58.49728294553114
231.20808172233455 183.03888746915493
85.199040500749 111.91412515698926
1.8068785872717708 227.72023532243702
84.74969487400614 131.49552118493347
234.26701838607258 149.76130446952214
122.68316945369234 35.76819703861919
238.90806508059035 132.5562163777415
164.6853819455551 18.968289312041364
76.77738597680253 230.27773235047047
105.68792710322921 39.96441023652811
186.73480441006328 91.4996546415848
43.97259104134574 78.28658071731829
177.2103215108937 147.18851822728192
64.13318091222034 21.117083632989587
209.76661406392978 158.4751530875365
156.3652973429663 30.942194921315586
209.7482947029564 52.916461853867034
182.8695804003536 8.267684769210609
62.606610894878564 196.86508102771225
76.13815894936168 49.176618802036224
132.71712830953112 240.16196922154876
145.59537913351787 160.58279984185322
86.97424164717602 95.40070811285048
214.92058385968295 156.33561700733895
99.12562839488662 165.6921172567241
166.4622107520938 224.15061605770387

129.0
258.1
960.8
25.8
288.2
172.1
103.2
206.5
864.7
432.4
17.2
108.1
108.1
86.0
8.6
103.2
960.8
206.5
129.0
432.4
34.4
68.8
216.2
258.1
137.6
206.5
432.4
1201
432.4
17.2
1201
34.4
68.8
1201
86.0
432.4
480.4
143.4
206.5
86.0
288.2
137.6
108.1
68.8
172.1
143.4
324.3
216.2
51.6
1080.9
108.1
17.2
260.3
17.2
720.6
137.6
720.6
1080.9
51.6
288.2
17.2
260.3
288.2
216.2
576.5
720.6
960.8
286.8
216.2
51.6
288.2
51.6
17.2
1080.9
144.1
432.4
114.7
216.2
114.7
172.1
540.4
103.2
51.6
144.1
77.4
216.2
229.4
129.0
143.4
960.8
864.7
576.5
144.1
206.5
143.4
216.2
1080.9
600.5
144.1
864.7
143.4
1080.9
216.2
108.1
286.8
1201
25.8
216.2
72.1
206.5
1201
103.2
68.8
34.4
36.0
129.0
137.6
1201
77.4
77.4
216.2
17.2
114.7
86.0
114.7
103.2
258.1
960.8
960.8
432.4
648.5
432.4
8.6
108.1
108.1
324.3
258.1
288.2
216.2
137.6
25.8
432.4
216.2
1080.9
154.9
154.9
1201
172.1
1201
540.4
108.1
576.5
143.4
432.4
172.1
864.7
172.1
480.4
960.8
540.4
172.1
8.6
34.4
324.3
216.2
144.1
286.8
144.1
960.8
143.4
432.4
34.4
960.8
72.1
1201
137.6
540.4
720.6
129.0
324.3
600.5
144.1
288.2
154.9
864.7
72.1
108.1
144.1
51.6
1201
17.2
108.1
51.6
68.8
144.1
1201
172.1
1080.9
17.2
103.2
51.6
68.8
17.2
103.2
143.4
103.2
480.4
229.4
34.4
600.5
216.2
576.5
229.4
1201
1080.9
1080.9
288.2
432.4
576.5
34.4
51.6
648.5
720.6
216.2
432.4
216.2
206.5
72.1
864.7
216.2
432.4
34.4
172.1
114.7
432.4
51.6
51.6
25.8
154.9
216.2
206.5
258.1
229.4
17.2
258.1
324.3
108.1
216.2
144.1
720.6
144.1
36.0
137.6
960.8
25.8
68.8

8.6 17.2 36.0 72.1
17.2 34.4 72.1 144.1
25.8 51.6 108.1 216.2
34.4 68.8 144.1 288.2
51.6 103.2 216.2 432.4
68.8 137.6 288.2 576.5
77.4 154.9 324.3 648.5
86.0 172.1 360.3 720.6
103.2 206.5 432.4 864.7
114.7 229.4 480.4 960.8
129.0 258.1 540.4 1080.9
143.4 286.8 600.5 1201.0

2 5 8 11
5 8 11 14
7 10 13 16
10 13 16 19
14 17 20 23
18 21 24 27
19 22 25 28
20 23 26 29
25 19 31 34
27 30 33 36
30 33 36 39
32 35 38 41

