64 3.0 0.0 1000.0 3 160 240 100

56.88169415976102 119.38878415750645
149.14248807248163 30.712534053710467
34.999689371382395 53.84395955854374
39.90971691712766 77.64734001603641
115.6963287554025 105.20828810910862
103.85391209660678 211.44671217942303
120.74648399865234 33.673106156687425
175.19439125085472 129.57493539191606
198.67774525109462 201.74047246008647
90.03746450465303 55.59621961101918
56.2145622861524 199.55824805751402
105.78625152594631 156.06315939149687
6.85159222582063 94.15617702885659
199.17045877409973 202.23281471928962
103.24767775048316 68.03538890117208
0.015416600906592581 69.84598917712437
23.651923025402088 248.14861645744787
90.77346956099596 13.153423220353593
248.59742376475606 158.22328752637802
151.51497980902224 217.00643998595643
151.19779305567943 143.25696781220194
244.71771555070075 220.27341025553764
137.9147341848249 138.26108610119007
138.95863184000868 32.33891360757288
21.665719234483515 36.62563466687313
196.99158959709004 121.7284964521935
127.40065362008463 46.82921898930515
246.77641246080614 84.25728632722945
147.05705972428638 40.99777824935485
35.177081315066225 207.65576099571558
181.00280016545636 149.1607678102319
77.17694654516805 47.032284876924344
239.76350123592104 74.10559570656464
155.40585021673394 31.299626891835768
99.3120910040681 113.96963067764995
129.38828806869554 73.04574816628987
27.6470313170423 123.17143121796067
157.4559608223397 50.06621773193265
30.647805311257297 32.03012074826533
43.589198023375296 80.56269799693219
65.98378101219421 59.83627818563528
58.39492475619143 156.31603064170238
96.12984076854531 106.16081345712381
106.38745496443572 93.18301823320269
72.04146084324172 83.11280902861252
35.44384040118406 102.3533714377913
6.762286059603967 129.51292543778564
124.87208502885666 134.98431162362857
134.8170924534208 52.19356575826978
153.835310774567 35.92760330462808
124.53095801796651 123.76812917726649
100.58123864504145 55.145491350148596
53.381121114440404 189.3870866138565
218.6226999509037 211.74089437213956
22.3306226721339 16.354209753681793
153.24751169820058 204.0416963513526
143.9940996267805 42.90722081872755
21.8447739290096 158.70828384249344
159.19376603692305 162.0366521393538
226.31692644814314 219.88934494578032
46.50874239829353 76.82674169110268
167.2184589338491 9.941687503476654
162.0072193648981 183.1825172583908
52.736109382598954 240.6003298173949

64.0861894394631 121.5689973974632
147.67086563578184 36.30537711177315
34.915180232567096 57.059875320431026
46.57164659990906 79.71225153398825
112.49598090062041 100.52909822160838
101.37289774624294 210.15201475929547
123.29354928354128 30.780697827242324
176.93020035952392 132.8602098042124
203.32678232803917 206.09785707827413
93.45430795479528 49.61001271418622
60.6048334281368 198.06611372754028
104.45790271284308 157.1616646711519
10.502770877561268 88.13457206003147
192.5702576048891 199.34511164319073
109.61956292032437 65.43067514285126
0.28323754295961345 64.90910659343318
26.14630387531894 249.62524401138793
91.22775255582438 11.23456794588723
244.79282771031367 157.46894099922162
157.35252488622385 219.08856570205927
149.0652146474601 140.368074374977
246.67613173731098 223.45377843393194
138.01886768258493 131.5317265444554
136.77561442903396 35.91957943894847
26.593092614681208 32.40812797431253
194.44153430357474 128.57012278118657
125.31297312798107 47.243292109601484
244.6854503459192 78.40025789467953
145.24471239256712 36.047313897613094
43.627407594255736 207.7674345187062
183.55818084544956 151.40975744906925
75.25511703452322 52.00610389636598
237.118850156734 75.71755331503846
157.33350866979941 25.067999958784696
97.44876310614617 114.57620870214699
129.98594401412407 69.67086153944449
24.682033321677732 121.37163432213089
149.2284621474299 49.732955938182194
29.579837362938843 25.376529205570904
48.585453777662075 78.45830680496147
66.80289206162234 67.17991920368941
56.92212173843597 149.67044064594754
98.11392707226177 110.02168604959637
107.54790584654569 98.95412387462285
75.01034531543577 90.12460485192975
30.80317019977433 106.4602697333904
14.255408686030007 129.43412049955978
122.73056643066194 141.88910570051715
134.3199540128917 43.77115691476899
156.48763487749758 40.305076821195605
127.27493224263075 130.0114925120743
97.6467836723536 51.299740851393935
58.62773240873323 189.5807128786234
218.93715670300807 211.88065890308582
23.858150686836527 22.31587213270539
156.55372019700545 205.22247513854984
140.30864857032137 41.745582274894886
27.935841579889377 158.3411674192151
160.8596361040085 159.5132984691966
225.45545239692058 216.53712177529968
50.4154529885886 77.05687049456222
171.9171900087569 10.451762193718627
169.68416500240005 183.41819579267377
59.31097095870058 244.88181878221846

1141.8614707555603
596.4416844230059
656.7208920144892
512.1892640774696
799.1240330920014
288.9012613908947
1020.751498443523
808.5680233108114
819.3525761827439
1169.8612027272836
1130.6519905801895
1107.3544170968466
18.032171331699068
729.8750281469592
37.01483448637549
839.0056312207681
933.2627918038286
150.76781699841513
998.7694226706388
671.8670613452514
780.4696641333251
1178.4904046098957
788.0375236001647
837.9570734471295
930.2216428384177
1145.3995090285987
32.76976244938497
679.961502764337
1095.774241076459
316.79119944232656
783.6729814296478
355.74982620558353
244.99965517982199
264.2921923355306
1104.7593196191349
808.8111919421774
1158.01157415865
302.8573057818
607.6487615615802
210.28989704949814
79.82741073079059
1110.8036864312048
701.1486151281126
895.9481684090578
260.3742389285139
22.195252643364523
1059.3318132494987
1044.0706673461877
979.577509893219
301.45491345606985
720.5083359375755
1167.9211134506515
945.3075589710415
308.11031611139447
196.63356880773168
888.0726259354021
226.19737621579503
854.5969989211826
731.2594195806201
459.4976428873791
390.9737124011965
206.15817284261337
499.5146103652987
190.4307090279833

8.6 17.2 36.0 72.1
17.2 34.4 72.1 144.1
25.8 51.6 108.1 216.2
34.4 68.8 144.1 288.2
51.6 103.2 216.2 432.4
68.8 137.6 288.2 576.5
77.4 154.9 324.3 648.5
86.0 172.1 360.3 720.6
103.2 206.5 432.4 864.7
114.7 229.4 480.4 960.8
129.0 258.1 540.4 1080.9
143.4 286.8 600.5 1201.0

2 5 8 11
5 8 11 14
7 10 13 16
10 13 16 19
14 17 20 23
18 21 24 27
19 22 25 28
20 23 26 29
25 19 31 34
27 30 33 36
30 33 36 39
32 35 38 41

