64 3.0 0.0 1000.0 3 160 240 100

209.4639222316963 95.50664486979224
203.29395164862666 244.22674266743016
54.514961789765145 13.979649505529268
217.78320955880392 105.41135965826213
92.5391096023708 240.74135555826544
0.3756077221491738 167.0394689575204
232.4749279564495 82.01479617067325
169.30311933681648 61.33742853227711
50.10706977074175 3.8467534633696565
113.79941627631688 111.3949528325169
214.8328345814289 5.269111525155301
170.07522454111512 48.294706266300196
11.69527163471823 237.31184392146392
18.719922890451407 177.35149372385834
193.13085799699448 94.96817174166314
55.645839229976154 8.879471951611928
208.44307176618221 124.69052061142358
27.531351424741 31.46825193232375
113.91813804518183 65.16305094712132
23.730400867521677 189.5826033897213
143.43806661222575 111.8791318474846
152.72790196697866 104.64580190950537
175.62131743689102 9.468950489437965
203.33296947537747 224.3426811541569
32.18819466643949 120.23176791443923
55.36325615871965 210.22841709086404
217.74936212244916 95.02980087360751
37.15398798339317 74.4330108715994
71.01808566458237 108.08030905404337
204.7809790239449 203.13919644142865
137.46385843683706 122.56528251476095
239.51835103069246 97.12632996867201
215.0755114300081 37.67773664764101
63.87562727509227 141.5309048987256
225.50134659004044 223.6615166062967
70.87851751269048 70.35598052144914
52.82828779635057 225.27351412161144
179.05826424717657 227.94794294164404
215.52885565885276 146.33697578846463
229.15350085244344 119.75000162882779
175.30169733299888 60.703714732984444
172.48315781339124 156.81621751020387
0.17503514611838522 110.03285319278771
191.35421155375388 29.63923451877171
58.088671195688946 214.1934139897579
220.12508356263103 54.01328136387706
55.67746199794129 195.18023775392055
55.50181733186971 72.78603747654991
183.10369772932899 39.92556617916815
222.40998146114933 224.85423925412374
219.1369910325225 186.66096308609636
94.28205657912217 237.9881969530112
94.51499949288986 41.4070011953433
170.87588213056165 53.274208165887124
40.242950654175935 99.28303655916851
56.26868100882535 157.56275022441906
85.24220980501765 64.55113740719062
28.340197886337766 150.66784942377785
74.23733799375596 22.219733756420418
155.27220694476932 58.719817256668165
180.90523124442038 22.2061047194132
74.35244509876391 221.867075112257
241.5408839572168 4.396388290237724
145.29522259248662 243.38093698584436

209.2121680406135 87.75112149622625
197.54467895178018 246.3640294568435
58.788104220038996 19.076184273777802
219.57155311062516 102.58844071642973
95.26259291633909 248.6277145400475
7.301175122627096 167.06797084007127
236.77604376966505 84.06169564824539
162.8080693309001 66.0289162622183
43.14900825790699 6.503033391047963
109.75178191824864 114.12500601650515
221.00740045464985 5.049127854093421
173.23836797360516 48.79624642791863
6.22530914947289 239.9325627833644
18.1128841336968 174.01138498421895
193.38267770911912 94.81361991746684
58.31927487660085 6.6185723988979595
213.45134683848264 125.48270247389767
26.6292454127727 25.602863356674
119.69512169590674 64.60533944640365
23.057615027924307 193.0843070014813
144.9725765211398 105.52862099284516
153.73274528030808 108.31443718341797
181.27307315866398 10.29108235096443
197.14353076856804 228.6260682375901
25.548468480538183 116.22086204381857
54.399909917817986 214.233753471218
213.43543915947203 97.88049588651599
37.175705908087416 74.32221707401521
68.73975821395736 111.98152593515312
201.0992309503692 208.90861188675945
135.5001709162854 119.79730857577714
238.0661312356025 98.36030593287201
216.91381808304484 40.326829705416515
59.94368029898289 139.83681834610462
220.994455004009 227.85362283386397
64.40777399073183 73.55114532557135
51.82088855055336 217.30540378324034
186.603070420364 226.14228024603804
215.53418438309103 152.84955561758997
228.14284830079802 114.64958642009377
178.43638006388633 53.513894409855546
172.3808257627235 164.9612994404182
1.5769503052414646 110.32589928954579
185.2789089597239 35.07799557873348
59.620693435678604 217.9196642938221
221.33497197208752 62.25127378856396
54.34661140314087 188.14183581485443
55.09085453374393 71.71991317576945
185.4414198859063 47.12378515456481
216.0834319440307 222.79172987625685
217.25110484837495 192.04103399319322
92.24729107613625 234.75098733749482
96.15027543646437 35.17380766329437
169.60407102936708 47.425358515156695
33.46608315217131 99.66376412422514
57.069739359961766 151.299977087882
87.4687128439963 71.4777311632174
30.55552873592321 158.818543661474
67.63856057898687 18.364455584671674
147.91827832289061 54.96385215177257
174.50644389677552 20.37991334906064
74.49743758936414 221.7201577234413
240.8673972911052 9.74501765513977
139.11559922577422 237.99607087345893

843.3986719322743
596.0551660973022
918.3499520859415
875.8774707582805
1030.7002363783577
424.41445045402236
672.4113751289017
1190.915961736375
47.09091979863596
116.60107859124342
890.7584737660868
1090.209752649083
686.6340582286585
139.2837024791515
1166.1163160548422
554.5260459663348
772.8221476547135
43.89604681654872
365.3216219649956
325.6690400913235
707.9986337370244
433.0136250304587
800.2456827460039
800.0599540961788
326.64978481366785
454.8691744762146
245.20848301986982
917.5350828957388
100.19467737232497
612.9567067353855
441.07125616556374
521.419248008202
184.04041174320835
93.5170141480294
393.52257019822486
471.4947010742113
1074.0782772621108
104.84170290836619
1103.3202978064085
827.5764470403436
923.2618849376468
1110.358702049185
201.64988205904075
862.5938825890257
345.5701280440661
216.45776989938253
882.0840355807168
913.5627295818394
298.1378227223459
353.1589242389996
498.3934659473106
835.4502160787854
40.83138109629658
841.2848815601516
845.3206183235084
1112.726131101885
200.21994783296853
972.6146302625801
120.72161753569753
229.04273511038178
396.0600629297477
752.8267187793996
940.2272186180662
467.70577050911976

8.6 17.2 36.0 72.1
17.2 34.4 72.1 144.1
25.8 51.6 108.1 216.2
34.4 68.8 144.1 288.2
51.6 103.2 216.2 432.4
68.8 137.6 288.2 576.5
77.4 154.9 324.3 648.5
86.0 172.1 360.3 720.6
103.2 206.5 432.4 864.7
114.7 229.4 480.4 960.8
129.0 258.1 540.4 1080.9
143.4 286.8 600.5 1201.0

2 5 8 11
5 8 11 14
7 10 13 16
10 13 16 19
14 17 20 23
18 21 24 27
19 22 25 28
20 23 26 29
25 19 31 34
27 30 33 36
30 33 36 39
32 35 38 41

