64 3.0 0.0 1000.0 3 160 240 100

102.05917235585585 241.17845992519074
213.0926456785988 145.40138119270517
167.1750778475085 38.42598268613256
103.55690497074923 27.091077580352312
193.63032380077487 51.444517397942285
227.25732011625885 86.26287309650587
154.79107046856817 99.12495176362052
164.24474113685747 204.5148802276239
42.315050937600326 31.688057753874315
228.7710360189963 156.48713641969383
210.74631548108178 67.75554944806004
161.9068670581382 175.85156899387883
137.28159548276616 157.28442699771853
77.68711595668532 170.5544255428844
138.6941687387844 164.9017087558331
216.98296194944098 26.375194062608575
194.9750754549599 146.6322340591905
201.49693428111112 22.779614916120906
228.20359865187137 11.848574021730506
162.3202473130473 75.56673683271345
81.8506686564417 35.05121769940184
154.32576186563836 37.890973911860584
91.02903586493929 194.44350451755577
112.53462855771653 78.27104940592217
173.39742801438635 54.06308811758851
43.515262736116306 52.272295969597984
151.38739227335537 46.603320325928706
93.87516157575706 12.19239593088653
37.05347763497063 50.60644568932443
213.09818250420844 85.33305407706166
220.2645701393325 179.46729550739232
159.51247996961402 162.56169846039563
194.74449348852366 217.98616540632585
10.478760101097052 45.83170674210271
98.58426752574881 41.486443800434174
142.02404359924975 2.2195238908362946
53.06613544880259 222.56899016881786
36.27054814288605 87.8815705994773
69.45503074069387 185.10744232685215
176.29434622322958 132.2931953208938
197.88794052629652 237.95943747125446
109.21074221990926 193.76153811227238
170.72930866616426 101.42784813971464
4.402007080990867 203.31541163405183
44.59531857248558 71.02383806331002
125.47156235446583 159.18207790520222
36.54109414193221 97.61576452432303
12.877383651559853 134.78916941964133
62.61588122666819 162.10269469796881
8.743202193350008 110.32916083458815
68.71026112980266 37.76937532236466
235.3444805662924 120.4875519025819
138.0092269451259 122.2178550590794
202.19650529113852 115.41658370924216
241.11076606442558 114.07643486506683
59.44436250786503 16.254204577959065
181.74541970466234 85.1705970884871
14.464351652301255 120.21671421941262
5.158883926356273 226.13405410126333
154.99864093916054 63.38063826388096
219.76528409978044 21.283107799426716
147.2862457478 61.68405406473853
239.08504938099728 17.96275808291581
48.50832036205019 55.62312157402077

98.83749846502099 238.63206383111685
211.8712089177518 146.70991455357785
168.32945808745083 45.05706750166766
99.05726547754945 30.07584596089116
193.78305193535294 53.3207449671054
221.1193197703446 86.17378215434479
152.63843964253448 101.46201091264484
170.29418147987613 207.9697543015096
38.792007300796044 34.840548110101174
228.50777043261178 155.1708869149425
207.85181640774482 65.70589716110112
160.02408472229206 178.68253234191098
142.97760180837707 160.72674511680952
75.47185575553169 169.96568652654915
135.41605729803084 169.54855755804743
210.93748483847656 26.50741521307237
186.83875933269076 147.61039686534713
196.44607889831366 23.685427106466456
223.1407236161349 13.059350424350969
161.4435613505265 71.20224720708468
84.5658509120282 27.727056704019066
156.61830403063962 35.767799220119386
88.66832036047845 195.92643394786512
120.30456400719869 77.6125247255969
179.813921565689 52.98010666502781
43.57952069654131 52.553060219285406
151.19291120318155 47.064234709504355
93.35691873951832 7.405055862951149
44.414617979204515 48.498030564691845
215.9032238111119 89.76961284638845
217.43250441337116 180.618427997491
162.56379128312955 161.481350257433
193.12525839445357 212.1680607703848
5.684750195845467 47.04737328491102
90.72658381159596 40.23156788666859
144.92110937525723 1.3777004912530477
50.229505489886336 217.31697893003775
34.413364681294105 86.35507823480445
76.3264642285329 186.5916534754476
179.96817822600028 135.02513337779374
201.68938185840545 235.79526209833716
117.06420637269026 194.6513313657461
174.6687259350371 102.13064617785975
3.039015580480503 197.0909433601605
49.81289459872815 76.63927015199815
128.29230908618564 159.40732344399783
36.07675517189457 94.1440427209704
13.82002903183624 141.85907382098924
61.813462590521425 158.78147044406234
11.85500620912136 103.01999906075537
61.73482669556871 33.33902963317048
233.7793071375798 125.60444843512079
140.13027301718932 114.3875852968065
197.2724491552217 118.39141412615686
248.45247550721564 111.09436213932744
61.38387060234335 17.211858978550403
185.48553678837263 84.05290092634598
15.72138286322361 120.70592365701974
12.360933196959051 230.4171313716715
151.7714896049446 63.9135933044504
220.55070875248623 13.22395460051759
146.71401724518103 61.47673844724225
234.5967664682079 20.74128917360174
44.86007893433403 56.21713765660088

761.0180670535163
382.1932306298227
1120.2929402571149
496.17563721718625
913.9918567160149
377.89879089522765
458.28116136971994
556.1138983489377
210.30422429723177
596.123139605014
835.5285719027203
466.771093768044
515.7409230526814
273.786938740981
737.8087443288155
1150.2846853346396
112.16142486422949
430.78405809778553
646.3997427606848
1049.3854525395304
679.7116957018393
128.31394002724042
972.397010095152
629.7185613015865
882.1953023121113
959.6161790446721
549.7317766707384
765.9155718052984
829.2264871019703
8.100597277688335
347.0470599989295
839.7318441377455
1011.010854312621
159.74108003255628
1016.3651570355582
1127.5598383575586
468.6686987047621
308.6822894839921
371.3156404633951
565.9392185786169
860.3103426087418
901.4443039286219
545.4025690754052
518.1122426609802
37.54126549799661
608.4689434982182
630.2364958316309
448.72210469651907
693.3428957789843
380.5383811129454
1030.4239332810562
271.4490697636132
730.8116437641396
924.7904825483515
193.45788407780253
0.6191800280435519
258.80482837714345
226.8243214866311
282.59786380756236
685.5696021648661
478.93968035556014
340.4978426661534
114.52211942538683
784.0407530209803

8.6 17.2 36.0 72.1
17.2 34.4 72.1 144.1
25.8 51.6 108.1 216.2
34.4 68.8 144.1 288.2
51.6 103.2 216.2 432.4
68.8 137.6 288.2 576.5
77.4 154.9 324.3 648.5
86.0 172.1 360.3 720.6
103.2 206.5 432.4 864.7
114.7 229.4 480.4 960.8
129.0 258.1 540.4 1080.9
143.4 286.8 600.5 1201.0

2 5 8 11
5 8 11 14
7 10 13 16
10 13 16 19
14 17 20 23
18 21 24 27
19 22 25 28
20 23 26 29
25 19 31 34
27 30 33 36
30 33 36 39
32 35 38 41

