64 3.0 0.0 1000.0 3 160 240 100

237.6218867565978 112.02755869151821
86.13954360269693 33.333226456750495
22.46057949973576 70.50880047416555
29.119856906801107 57.99593297824266
4.670348973685151 0.5174218967708699
213.01592072107746 46.12793950931485
185.0896280140993 91.19770024745522
249.30134567261163 114.17505088132987
85.42365993640108 120.54176349152235
63.75312654890916 128.10670093192886
160.23383968616463 177.67235544408038
208.20175633288648 242.75036150073163
35.398506813132194 40.671488599490075
132.50134189401427 47.73140290292019
198.9029307164638 80.39064040279978
222.04677478040165 222.69676846860628
205.46260968435698 23.93951821623347
141.31127428698343 13.239099485473304
45.24188249935177 61.55656843839078
210.1816611980527 187.7464141827154
128.4171099461912 104.07853950426616
111.88451921497969 67.04398773449569
57.82808237621881 229.07730910677708
163.67966685154914 112.76711253955204
99.13205541509151 183.4849715027715
84.12599689711308 113.35177397493123
246.43174430698912 148.18380348623035
248.55771315530325 23.690914028669326
202.4284686358844 169.7327190546983
222.09086996291904 196.70495851434308
147.8110981468535 94.83953757254892
63.8429526088235 87.7040950194086
169.28126078584955 181.5230081443962
201.33683188242503 197.4178143462855
233.23926554833997 213.38364573769135
105.50592232393815 107.59916689848207
112.1568510522103 49.7465524925704
128.00683334523896 119.77818164102754
0.9085055542164266 197.3405284428972
31.718702192240016 13.605382489674495
137.7657102773487 58.375392196672564
135.48442086268318 86.30824608479267
236.32695624409462 61.721352361559234
78.8684962709001 171.5774636129088
231.226594257272 102.62864711587203
134.66757636614236 40.75420908429969
237.0746507672982 78.52185035505704
7.352715534209242 33.53262964257642
186.12774990908312 113.5071154850808
194.53579135470855 143.1934361313911
197.05919214297901 150.69092734937504
10.378316192848402 206.106578303923
93.18874130400906 132.00307407099106
43.635619521212035 40.30388874196214
3.588967811020999 98.95521419701203
169.92259986266902 161.98334367606108
203.32668962643396 122.37452225632306
157.73611752637942 192.03026058794185
141.20608767648287 56.13237763421258
161.10960187256387 75.69855368894049
226.11819219106323 107.32168926631842
134.89561588541707 225.01315618295084
199.23832412937332 222.29073040929586
79.62916899019892 193.06591186543722

233.20559088671533 110.30729809270265
93.94207148630815 35.89440341271868
15.434557235566803 68.26308322724806
25.809365829857462 52.95181970408883
6.9949242952847825 1.4240720385380323
216.58715367217945 51.81955688703255
186.9461319670443 91.92105574263063
248.9917980185578 106.88050291378929
82.80566531792493 115.74507863525938
66.58340909771013 122.41835331106599
165.64002719915945 179.99903314069726
212.4850507996339 247.01371265706968
28.665584412900042 43.33669920901964
125.026552340288 47.160123696109224
195.4074791483904 87.93398015934942
222.5314767424924 218.24285739873417
210.78254944533373 26.685608983416515
140.0292105680728 12.470019324430371
43.25887406836684 57.18479072836469
213.76709517642558 191.53483670022564
127.51543259846163 100.61346121210086
113.41306919323327 74.6576452387005
62.94759099911573 234.59796462273292
168.6757292265846 108.22774093496285
106.06297064712238 188.21748707011102
87.50878336971896 110.09113486630237
247.8356767707879 155.18900520260462
249.9987717388157 23.94470202650073
207.19663786505103 173.4579852554371
224.14787614224787 201.46517601943674
145.9573553845656 100.58329833555774
65.40853607177338 85.98616885818855
174.81780419126085 179.5893651252715
203.55696385931844 193.7053632262989
229.7945445606725 219.00876544277403
107.5332776991501 104.7903147898448
109.73340970320747 49.13500264119014
123.1195543083514 123.56934570576067
3.4605879516165228 190.05773380222533
35.12352724892393 10.343538702877103
139.81648598034613 50.15985156044056
132.03706653056994 90.20427421986643
237.98993559152638 62.34516192963224
81.09124079298893 177.42887750414303
230.52191272299862 105.45137073872834
135.9125879594499 32.648053918095385
232.32770033457112 82.12206131728514
4.119811867475814 31.997586328903093
180.62970507871884 109.94007324576455
195.87028980088164 146.14741268241178
199.0515254818567 148.106719113324
17.378016546735488 208.68322329715863
91.83736090342958 128.91393088681497
47.46744509135342 46.82017862943225
10.798718720972767 98.41027343863048
170.31803179708567 167.54216877265958
200.41097381769825 115.23394939663073
155.21183093278526 191.87043137238194
136.83264481213732 61.33137393387983
164.84838711407895 82.80493217828955
224.0586308201278 113.97340538615968
132.51490701090438 220.34483271571864
200.73784850857894 217.19049174034092
76.31588760933012 198.11128869228537

793.9759429509031
1148.1659081809673
108.4002330404039
331.40646202147667
745.4869142277422
233.29262396478666
858.6130068496462
729.2774397792559
919.168516294388
721.5085312280202
266.81094084578297
426.7924735543563
881.5721378382974
456.39006999260664
248.91455527690215
985.810327691691
921.0688982577605
632.8673506209007
1138.2159992287707
597.5344557976334
516.1381646959958
130.50984009035415
412.22086674240876
1154.543316820225
657.6375142506158
141.23620259689298
950.8219905743344
609.6966454541409
154.4711935946664
152.91618253639456
769.1216640823503
966.3677759917952
523.5249580623724
555.3357887141399
712.6643534764789
1165.7625127218903
1044.469606500251
520.5734761385038
812.8341384505216
73.34297497388162
122.21496520090558
85.36113929367919
501.8412460529253
824.0742211321896
373.731425878489
156.3762865515826
570.5375118952697
1006.5375280692414
179.89853145322252
67.35180831990507
21.81623705439669
436.63604667108353
1057.4441491404214
88.55498100129178
608.2691461097234
49.77314448715263
1036.6010786720897
771.8356260013556
316.97311661892815
842.0600940735158
548.5165227107227
509.1372284198475
123.25574902570912
981.9890785342835

8.6 17.2 36.0 72.1
17.2 34.4 72.1 144.1
25.8 51.6 108.1 216.2
34.4 68.8 144.1 288.2
51.6 103.2 216.2 432.4
68.8 137.6 288.2 576.5
77.4 154.9 324.3 648.5
86.0 172.1 360.3 720.6
103.2 206.5 432.4 864.7
114.7 229.4 480.4 960.8
129.0 258.1 540.4 1080.9
143.4 286.8 600.5 1201.0

2 5 8 11
5 8 11 14
7 10 13 16
10 13 16 19
14 17 20 23
18 21 24 27
19 22 25 28
20 23 26 29
25 19 31 34
27 30 33 36
30 33 36 39
32 35 38 41

