64 3.0 0.0 1000.0 3 160 240 100

186.34065872175725 126.01891965766254
192.9650487423529 242.434137720977
111.54397037758528 8.258225565861615
124.5538613593665 88.31690092824485
245.3537320701285 124.61960271974034
239.92661330094157 55.11560929306841
154.3344461915824 24.82940396164604
24.452462757300452 235.3798333150043
58.98046470031007 171.55952658263877
100.90060112626188 168.29815741728606
245.6580006562406 58.10191875566886
189.81719134269864 48.76207250762163
201.68385188394475 134.38841619595377
168.5517705505545 206.71890000854768
26.484543186922753 65.06311611521912
112.84385186027512 210.42353938411904
196.2313841040459 197.88821168396757
84.49014743614366 21.954329218649317
87.90864979826476 164.36407665732554
248.09430119866354 152.51655670008762
40.18911137398473 140.44023933188154
91.88400088872555 197.95292036574222
175.29362320913435 126.6910967388954
189.73258289565746 32.67048109297308
243.237123722209 78.71255988801107
196.26587490707024 164.09904760065533
63.845017464709855 217.53809710250408
0.8962363546756169 23.820916873825592
244.90596391190192 125.04746969847422
232.87405454622234 179.96427019263064
130.55771367897643 122.84937519902428
43.01481980474381 39.98415773927164
56.56681672713093 164.1897969462527
46.61710284892942 56.18123855416798
134.43232797752466 204.25288250956547
34.92810514542663 87.68706750241215
225.32675253835734 52.258900428587665
64.57555982781781 186.81451465727716
175.5793288059654 169.04046458371633
187.50305723974145 136.3975138095739
137.89763752668034 109.19428998861058
52.283455382129056 174.93631199001322
210.45126897974612 158.2542256870795
37.09958411453257 110.30630788527523
82.95218233907914 216.42913962218026
73.10906353158097 97.25077612984906
187.19661127914705 236.65891792831653
112.99613589288674 223.16193230990726
187.10415002121047 109.9873514600526
77.95987090009551 34.33795343181181
78.59505770947007 222.7758669101411
69.68241526370313 111.57416594004161
138.7244991349239 205.6236697675968
68.91023550155123 58.85239776044532
173.21315404953674 221.25545973198422
16.468285729645483 116.49164579406299
1.4690726510295238 156.82709192444773
246.90792604975024 39.973074051703996
72.4175900676321 237.76391137950185
113.54960426430796 226.32067021534382
66.56308126269919 78.84324524091882
218.09692804907021 44.00366300293548
18.678128795113825 84.03798415051239
134.41928415044146 53.59174882645079

187.02520532878026 123.5439705646977
184.65716245986064 244.02205594211452
115.91893091673292 8.525299142652626
126.59307566726585 95.56862108080024
244.86647233414337 128.21828990423788
238.8492253775354 63.143694281010994
159.60346201886162 21.375826285263994
18.439727895117773 237.32401764267246
50.96937539461038 170.99639295648151
100.57609473259122 165.4722660006058
241.06196085962927 60.30941037986512
197.1989690735665 51.57070791903629
199.21849579526102 131.69763124227097
172.4707361269937 213.66292283585963
19.967269368769138 66.17513712899961
106.53584181480718 210.2150889603582
198.26892291405704 198.9401799335039
90.08221692918184 26.258358851762782
86.08996422673195 164.59350392107828
248.3147438741264 151.53905489126223
48.525633730993526 138.96142532049242
84.82647593623793 198.49732136647498
175.8153201902606 130.08799178884493
195.01230242662936 37.689325141791436
241.30648410386218 85.48385199843695
201.59059513853924 166.58877821261757
63.5791186090861 214.0069456304587
6.437272406056016 25.39625477237395
243.80204191613683 126.87263331511318
229.94915703492222 182.86253233353744
122.65273038804469 124.2420035241453
42.49178885429905 41.14859762942752
49.06051948743495 167.80112321015986
43.37980956853318 53.650320973081925
131.09880454284271 206.3367188844829
33.68002450697386 83.04140010225905
228.73967495485542 53.90657530337386
65.26478727776441 178.9304732395441
176.60226774541175 165.65478669582762
192.23543174553822 134.75478259200662
142.45364909421795 107.93019212898355
45.601803465340595 175.4280835156416
206.9261140490608 153.01806780514906
31.087920510635886 109.72497657507016
77.34475841422892 222.23820904078903
78.13182728995454 99.40777530817196
182.62680459236054 240.074187942434
118.33302558041368 216.7637566612771
189.29539534202883 116.6989205611158
85.91357891257204 36.07734567595294
71.03191462106443 225.67573877827903
68.10452259583369 108.80098104083477
134.59138143410846 210.88173882784923
67.62172720011043 51.36943160722304
167.85997791286414 223.18521273324689
23.677438771386562 112.19241315501304
9.07378044181284 154.23424158984201
245.80136878388572 39.58591641335646
72.11630600187898 246.0984651083773
115.15128048489373 230.17862739588242
59.79089399834322 75.0193912445721
214.89553594859413 44.3996876819831
17.17318998245332 88.8459655796125
141.8765270349309 52.15573023079625

516.5054465594079
887.9379384639908
687.0515498446402
985.6048121325355
63.38638652648041
990.2391761111953
27.92299497202357
1027.0689210010967
399.6720332677156
695.4634317097131
162.5300131684065
648.8303930643079
548.744241893564
377.3790760990571
772.2834341700947
885.9943879947281
672.9565339106185
918.9849926069656
240.30349430918508
858.9539714272786
898.7590035442861
284.9053559020105
865.0029569632386
993.869418726152
1128.8751064889977
224.93452658012532
54.170626069120445
1173.717484503279
732.7060904040578
1105.051832519536
678.1531568533641
210.3621866973011
1002.3721616065847
161.92198319511235
232.87331587352602
292.7846838033175
182.93479133144635
488.67112788558074
791.4663187385748
1068.1147649010156
621.8501397211099
73.10191257549495
1028.0149996364537
453.39760086212294
179.8234377027526
52.959767317981346
60.79930317313873
4.751124219142708
404.9522243913911
343.515265991868
603.1472096348222
260.99575661965804
196.04177353030605
580.7590797614363
27.187468181621785
1017.9403377061103
293.85903862041084
300.9011370272074
817.6497158998768
293.90100190699377
1165.470791013329
1029.1993492654747
1132.1277898929445
573.811589423818

8.6 17.2 36.0 72.1
17.2 34.4 72.1 144.1
25.8 51.6 108.1 216.2
34.4 68.8 144.1 288.2
51.6 103.2 216.2 432.4
68.8 137.6 288.2 576.5
77.4 154.9 324.3 648.5
86.0 172.1 360.3 720.6
103.2 206.5 432.4 864.7
114.7 229.4 480.4 960.8
129.0 258.1 540.4 1080.9
143.4 286.8 600.5 1201.0

2 5 8 11
5 8 11 14
7 10 13 16
10 13 16 19
14 17 20 23
18 21 24 27
19 22 25 28
20 23 26 29
25 19 31 34
27 30 33 36
30 33 36 39
32 35 38 41

