64 3.0 0.0 1000.0 3 160 240 100

215.89551641187265 227.82493058331525
165.6030567331393 197.2704905829852
8.068803996001128 134.2754799490694
133.6419909643762 232.46243860698902
149.01703887263906 137.32584913041669
184.62354125064414 90.28477664006168
87.74208502580672 137.52124360183137
200.01172978305905 15.76295586007967
14.742847890878819 100.2178692250589
223.14061355272855 101.72993924115362
1.6833583833310017 77.13125616914266
228.523208453584 212.0482145922331
27.935971868396024 202.41203953600228
79.3816034536726 235.8120422703289
188.3338994466529 136.7316874889051
108.13308055661986 175.27839005653598
199.74709765289967 192.7819654183909
99.11503441904668 225.78081612304675
130.59539514847566 211.55245436065633
201.9074658052204 23.49275737483844
186.0497386103026 68.06195954676977
114.51429879439343 123.40699368100705
116.58329590124622 221.57331036011942
230.270128689459 54.44034844560003
209.39317962784523 175.8696067164509
224.75238404308885 151.7237445485308
208.0882502141825 3.710242459027846
28.699239739191334 56.44130866720387
108.41445902262126 171.57003861554455
131.86590628753228 142.82481408397348
35.37039384608418 27.888526607244167
68.4713726446356 246.28649753791058
183.55659307360935 89.42337654546151
138.04989870991005 103.93772649982849
98.39424093852361 106.25477828353414
205.47831879863764 123.32282169000783
155.8467737659739 71.6546575102501
222.44710464283222 35.82254614628646
145.40099844597393 85.31479505545062
182.96363144778076 172.92095347561272
146.3746756262615 206.9567882559949
154.14566171356873 196.04544218813862
45.58991321529676 227.72995771051765
88.3452768337156 15.60656018103121
65.97341994045507 92.65682517056864
97.48924208809709 41.97062156662126
37.589123289611585 189.54065439377086
52.12814246248224 171.8855899238534
55.76282480430331 93.17528713632214
222.74673874218982 26.917205354776318
129.95986234984795 135.01751265768314
0.24858324097590256 162.07660941644713
5.85376235704932 52.28417635220753
98.32504213664636 123.42840512985781
47.853420684752955 113.54551749386965
187.37582835150866 25.3907286066353
7.466247600541931 87.39136499162262
113.32510623699754 132.93130354453154
89.77213628095362 223.41918189335857
135.33614623921153 128.3480430733943
224.58652533245996 83.69844607929033
150.71758413516758 188.45101821633037
205.69849680913504 0.11013170303114661
160.06345580340076 184.75033381100255

213.69811447636386 226.85566144300725
165.97878020442602 193.77666127859848
6.877857709031099 136.21347105098454
132.44138103511906 227.20136538494802
146.9691091344074 143.92128456178972
187.36154632813407 87.02251723477947
91.57566913655138 140.94858906225886
196.0307751651929 13.676082156453607
14.774446005471036 102.40491208297922
217.48331689533296 101.20819578007156
1.2895626652491554 77.5028138987398
233.83598354516388 213.18055429688195
26.063244521395855 195.56882839407652
84.20538577453438 231.98553571317717
193.7311927379419 134.25281303320838
102.43022295879436 172.02231398769575
200.6188656770657 191.4780515133134
99.83358554127092 226.90314760036068
135.18140199937946 207.79493886444766
209.45817675794504 20.773454267409562
187.47121388574132 74.36185565310741
111.12160092099404 124.64617553062388
111.83155042906789 218.87449297706718
226.4899755712157 56.262718932906964
204.81859862065357 172.49272996657172
219.1502475567848 153.08862090334958
206.6005556366317 3.3413732232207005
34.43904171812512 61.72538813532877
107.68521734783084 164.73369287533242
128.9882523793391 139.72371344400213
33.759190747565334 31.371002423677268
63.97987822857948 239.18799765227902
178.17442079468404 91.22346623075475
141.85037069205907 108.38700654709244
101.56708933262468 101.70765737160137
207.62486267219253 129.80829847831197
153.84467095695095 73.61917977360424
224.07221268727383 40.70191830952688
147.58447688369554 89.46693119000118
185.47945145355442 177.40193201195544
145.9692902940478 211.88529877150853
157.23148718028943 199.63736492375517
46.67721822126261 234.09085330769926
85.9479488790275 11.264626583608688
64.40242301775106 89.91914936831446
96.59640898985303 34.37241876572747
39.228579111387 197.18345126764962
56.12557021372469 171.20419493983516
58.723995382833266 86.48312430348764
223.1669786582515 22.225948264176647
132.65148432760313 128.20988421233912
1.7576962598622736 166.39709209449768
10.221277823958207 52.71099804093096
97.07359154534245 123.15623559635758
46.28995189734286 105.43566720376928
185.46860959161663 31.719310507291986
1.0851805739147125 90.1822513434136
107.33859226028176 132.40939515616208
89.2944664470283 229.28503657368432
140.06711895203622 129.0809018061837
226.53855829253231 89.56205133050751
148.65887999080257 182.7503521162739
204.6960994156239 1.3978921951550705
160.3945783455045 178.45967276688287

1199.2165645683642
902.2116331213624
597.1915590230062
9.56372427734591
118.65752187692242
727.3682789346334
708.1188849482506
506.8225929272122
302.6636415528824
1140.5591421492115
759.1066808446116
59.13908217267259
34.57001905878178
231.10674984312266
193.9434074571659
207.79069664235953
333.1964925513771
593.9136269316034
418.9258576272688
1097.4923109596652
918.2823060590428
1166.395207244465
658.7591013956009
426.9882602284337
170.56895086460375
74.939939699945
1124.7927555497738
1005.6496717070365
808.7600455712791
486.7129386365452
1065.5766430778463
424.93452706162105
246.7589854411484
1018.3687763344037
988.1050730055134
236.59993350162702
534.9528958370126
219.7375808511905
34.2262814216067
781.4870550901175
667.0579285764898
757.4988491177337
141.44795589111453
409.6426410622902
622.1850918644121
38.84161781884279
587.6856430325538
168.56534324397705
1036.2990298991467
627.1835956952496
471.9285463141153
709.5606597424247
430.30752055728794
536.5212088239365
353.304101753328
281.2069775228814
976.390683084702
49.777573182618646
83.5630107170298
795.418844450137
117.62011063213099
596.855405762644
1006.5741091884624
605.2858987997802

8.6 17.2 36.0 72.1
17.2 34.4 72.1 144.1
25.8 51.6 108.1 216.2
34.4 68.8 144.1 288.2
51.6 103.2 216.2 432.4
68.8 137.6 288.2 576.5
77.4 154.9 324.3 648.5
86.0 172.1 360.3 720.6
103.2 206.5 432.4 864.7
114.7 229.4 480.4 960.8
129.0 258.1 540.4 1080.9
143.4 286.8 600.5 1201.0

2 5 8 11
5 8 11 14
7 10 13 16
10 13 16 19
14 17 20 23
18 21 24 27
19 22 25 28
20 23 26 29
25 19 31 34
27 30 33 36
30 33 36 39
32 35 38 41

