64 3.0 0.0 1000.0 3 160 240 100

115.85668452732281 166.26028717001427
62.38204035421999 115.71345654046
102.26239242231405 202.67543292371775
39.235257750124596 195.6923424813263
96.130184910567 119.70611585687685
148.52064874974087 113.06884548698618
2.706332077473006 197.07262145225837
71.45051332600555 168.9306172340111
109.62316296279542 82.19247370766922
136.5140480914974 173.01993077612065
40.56748777429869 133.57605398025004
58.8594671038761 161.23122249209328
45.778914304322626 176.05353977707523
18.92566944025653 159.32075191266142
187.56617475797177 189.89307841998658
105.3898535661906 0.694491453754692
132.34640928166348 72.47352784735908
54.083735724249514 132.85041861442625
111.8350338282457 239.71103937700474
162.46763003991754 26.303672709928755
21.212549787310465 205.11657476428738
168.31589287305718 75.9767429268395
117.46276845295883 58.077181148291494
10.745002579670814 5.716705245178782
97.33467679112309 91.6574517497042
97.0856611282421 183.55150954458847
25.26114926798198 30.03575896608865
234.27495868491522 239.15627745554423
230.40638755666478 23.329968488506186
41.22105978814633 241.55393867352475
186.05949273802446 234.42044613129877
22.524327124799097 57.34161139426619
168.9285475348299 111.32502021504447
16.918768216483166 50.61663174267367
160.8825616287866 176.24902515098563
134.40328054416412 245.55591973941893
233.0219008831427 75.32696696612578
171.39815665311045 68.21792614208907
129.73321148877775 241.33751423141706
145.93005529853326 109.82358007008744
67.72517718575499 187.20893892171972
35.69566520365522 220.49606244918186
174.25309253586434 138.8498725496358
11.400191396040816 233.66470194402817
1.7168833013478657 229.9896099062416
60.449978302571374 0.19814845886637067
145.7497604320862 16.500456598289
31.353916385035514 241.7196882391457
62.61864648480131 122.55634684017458
204.3601642401573 187.25459622033415
187.62519259213724 196.3506349044968
221.76706126280132 69.71854050317461
122.27748934676333 46.59709068856854
121.90003362225077 81.22941284426385
91.25399424062103 183.70173088810563
76.94682408954878 72.88943702171785
88.62882709377986 39.415247376350464
99.66695804472944 63.90106957251812
51.72046520623519 75.96537432126482
163.51770860314429 182.27790460911706
44.90837523005817 43.05585542819601
47.9122652882705 241.4625634916523
19.912602587714932 239.73062096078613
185.60348547184887 163.7630489119524

123.11550293884912 167.93080934379287
67.23011739690224 112.85326110402674
101.58572511582628 204.48511369312254
39.82634085469394 192.42653271879135
102.44656162155455 124.32600537214924
146.63471754591146 118.1994913206405
5.078426564401884 198.180268870852
73.38588899459047 167.48072438529857
114.31650056154055 86.55881024278581
129.4947598754183 174.47425352084844
40.61562706342908 129.04116783306822
62.86327574935399 155.95964669821578
51.9557982100822 170.35728182235883
21.16543303931176 155.7331383973696
186.9659065982614 196.63695267499392
98.11612881388979 3.5045728879419813
136.1360221891006 79.4028387764403
55.41281674600157 126.82591221954978
117.5339917760444 237.18851861317088
159.9465123875458 19.41788655956017
20.913437119842506 199.8018353928897
162.11799057685008 72.86659184529768
117.6404979226951 61.04999113865742
11.124752952747812 14.128448291057861
95.67363955102876 88.2207336885264
93.31070224187995 176.72032792527762
27.753484940898744 29.01360235536338
240.30558705053744 235.8811746579178
231.75647702588017 31.196785758287437
38.04069926805154 247.2909057024975
190.83473389593408 228.7528916592919
25.90807347021845 59.53334577170863
167.45847190985253 112.82051479110835
17.72051714716297 46.33862953108023
153.94251070673772 178.00684449015748
129.74618443138934 247.33617105409198
232.29962093526242 73.74866668605182
170.1031434754809 76.58448837035687
135.1753342166977 244.72062324544916
147.11886743250673 108.02283360697254
66.94520148414837 189.14670656451727
33.138551045671264 212.81292248664965
170.57195044568425 138.59410164567288
15.170845895549096 228.25173758528894
3.9032937311728464 234.50737717527105
60.13473555821155 4.685048053536867
146.7010075580288 22.112311427207707
34.14140427771065 245.26398854969534
56.43066354762832 127.54863854506615
207.56614693381584 188.80159313622318
188.3425228181559 191.1931315471766
221.93542611189707 64.88954984545542
125.65367529703614 39.51297280320606
115.36860340445246 77.61674402281818
87.44024297587882 182.0073546700733
71.68442260359429 76.95155769548171
95.21467293252836 37.86432844031004
95.00404460674005 58.48060602915206
52.22970589823026 67.8449096576999
171.28445963569408 184.87951075669116
40.531367665972176 39.548955338433004
45.42276837291773 236.047803926959
25.983080660734238 244.58167853685887
186.12474577338548 155.69378713175962

258.1
600.5
600.5
68.8
206.5
51.6
51.6
51.6
154.9
432.4
72.1
36.0
103.2
129.0
216.2
172.1
108.1
540.4
206.5
8.6
36.0
143.4
154.9
172.1
34.4
17.2
34.4
154.9
103.2
51.6
77.4
288.2
432.4
34.4
260.3
36.0
17.2
68.8
216.2
17.2
216.2
34.4
36.0
34.4
206.5
17.2
206.5
229.4
72.1
480.4
137.6
540.4
324.3
129.0
86.0
25.8
77.4
172.1
154.9
137.6
77.4
114.7
137.6
17.2

8.6 17.2 36.0 72.1
17.2 34.4 72.1 144.1
25.8 51.6 108.1 216.2
34.4 68.8 144.1 288.2
51.6 103.2 216.2 432.4
68.8 137.6 288.2 576.5
77.4 154.9 324.3 648.5
86.0 172.1 360.3 720.6
103.2 206.5 432.4 864.7
114.7 229.4 480.4 960.8
129.0 258.1 540.4 1080.9
143.4 286.8 600.5 1201.0

2 5 8 11
5 8 11 14
7 10 13 16
10 13 16 19
14 17 20 23
18 21 24 27
19 22 25 28
20 23 26 29
25 19 31 34
27 30 33 36
30 33 36 39
32 35 38 41

