64 3.0 0.0 1000.0 3 160 240 100

233.21416688451845 202.994886163624
219.78984881656422 122.80394380666704
78.95230549773983 204.095200167838
246.4617121436268 232.38150635951285
160.96643289118973 221.1995000247946
82.5252209855678 220.75157343663855
223.43498085953635 200.74652152604412
14.53807023266021 54.4324958125747
132.01625747858904 87.54293626156526
231.4360458134112 229.38668002857668
101.03903725124833 129.17684819576814
72.67973440784428 173.62887446303733
36.48950847320898 87.54617331821618
135.22323637330015 218.05633799106474
189.73617518694948 9.812692430916536
145.12481299657776 57.73996445226084
103.69390805538536 12.695264164260395
90.47355464783125 202.84580435974124
116.81615721168812 126.27910590124553
123.53412644593237 247.8653403119563
130.07729647021998 127.95469836911808
160.49235314058564 36.19382612043179
206.62911403554878 161.8866011063908
62.89248104554954 133.12674993990902
176.02544268967875 189.7480466671245
175.67569019280566 96.04946110573879
141.97814461694006 127.12282225528146
180.25780358495493 105.39311622270125
105.53199539845521 20.909385873974923
137.7377448071829 236.916858983802
231.1253837468614 99.26209858980079
243.82766656372053 7.678516674758468
141.80458358079187 180.15885569664363
35.90319710652001 231.3091328872619
241.98188860497203 187.15707473177446
46.480904579295796 73.0825506659943
32.43732069066166 154.5790859382012
4.842526851883466 65.85786861514379
36.15960529693879 177.63633345904066
141.80402672380723 176.9463053375774
196.66738996302314 33.34870978555096
126.46055768070522 66.71741174620726
101.40217272842888 38.494733625761
215.04077776886433 22.785733608710224
101.22853864002973 246.6199473839619
192.97108174352675 214.39131946535463
91.96250485583246 79.00077068944636
109.11941236740361 100.71334139458749
149.90910432019854 8.358186877504114
226.16444009740556 95.56418992336529
213.02392061792605 56.15331223696654
136.0460269045298 184.03332973501452
185.95366769399968 33.26282315955728
43.4946987805154 84.4561856502368
145.89817027816238 40.45931842788528
92.45673639705842 226.77072010452773
140.7708553173624 180.84330145436687
32.97173549517793 140.1594438796512
124.20307722344423 194.36690253954043
69.90144733827186 124.5543609045271
151.49351028477238 147.8732932370909
4.484824990700326 19.95498739968954
96.68020417839085 8.627962076655699
121.37343258375694 175.93635700929715

239.57712038497144 205.1753389345651
217.0313850390698 119.1285160201191
85.03353762346904 204.41464913945356
248.31317314738735 227.36058057581357
159.70438843548317 220.73190364150545
78.65532736605851 221.56028167475574
218.25104942579313 198.3370193681107
14.056194206884475 48.846216232455
139.87568433369293 85.59229519741046
234.5800494895085 226.7202607970788
99.34718071874101 131.7068656819134
73.79319985979141 178.28693801505423
35.45856606815115 94.131756916817
130.93869967830898 216.4027686284233
189.60215312765814 10.987152435264601
140.205970563384 64.42794785163497
102.47976037924624 12.944259074677444
85.73820584108857 204.62597126654993
110.95226868962594 126.65496299063791
130.71987584316759 245.22128066481733
127.79170595713444 124.29122943841413
160.58933297289815 38.12350054564165
208.25085836312454 169.29951210645166
65.65705419602358 134.27660916839193
181.3812792447463 192.51269655717854
171.4862826090094 92.26802708758098
145.67510304932708 128.55748993963698
178.68373085014937 100.05643693258082
102.06440586607738 23.313650654595925
142.00279595028366 230.89868664732734
236.99363663226384 101.85377184515792
238.4133478667446 2.3916315034397395
148.1728977879931 180.0344363501293
43.503486670520175 234.09594980845188
234.68124721223683 189.4120977359208
40.510738862159116 67.41320517704446
33.34258325014544 148.44990036339325
7.732283152617731 68.53533566927506
39.44143749833942 173.1163695819595
145.39994670084042 174.26316937589505
193.10130328932098 27.515743467045855
124.13501927404819 71.77988425914431
107.2693070588926 39.70945085246316
221.7615762869978 25.523222301543523
103.30157204832618 247.23521334459966
193.35711113053964 215.25569885006362
90.55883531692133 70.79367227250715
105.23640615612787 97.17660295949243
144.8688648652134 8.208350061618603
220.20509796999917 94.71889938002187
207.97647626673347 61.63073262805213
134.4494085849189 175.81981288999745
185.07154669068748 28.656398039474535
50.13171951834502 82.09103732006345
148.95727728550332 37.0834830584523
85.40250667849699 222.74974471159027
138.8010345231878 187.71261810058968
26.730550490458167 139.42352001390293
122.02382171717677 195.12964738432063
68.42044226303825 123.1635206470778
159.2150873440361 148.22664230826084
6.625726883045358 23.354089165804893
88.75518179236158 11.380955552311
118.36747679463666 172.8994544323626

34.4
286.8
36.0
25.8
68.8
103.2
72.1
258.1
229.4
480.4
137.6
36.0
36.0
480.4
206.5
25.8
51.6
51.6
34.4
172.1
17.2
77.4
36.0
288.2
36.0
51.6
154.9
480.4
480.4
86.0
17.2
36.0
114.7
216.2
260.3
77.4
103.2
137.6
17.2
129.0
143.4
172.1
68.8
108.1
137.6
216.2
86.0
432.4
286.8
260.3
286.8
108.1
17.2
68.8
51.6
143.4
86.0
154.9
206.5
260.3
324.3
143.4
25.8
172.1

8.6 17.2 36.0 72.1
17.2 34.4 72.1 144.1
25.8 51.6 108.1 216.2
34.4 68.8 144.1 288.2
51.6 103.2 216.2 432.4
68.8 137.6 288.2 576.5
77.4 154.9 324.3 648.5
86.0 172.1 360.3 720.6
103.2 206.5 432.4 864.7
114.7 229.4 480.4 960.8
129.0 258.1 540.4 1080.9
143.4 286.8 600.5 1201.0

2 5 8 11
5 8 11 14
7 10 13 16
10 13 16 19
14 17 20 23
18 21 24 27
19 22 25 28
20 23 26 29
25 19 31 34
27 30 33 36
30 33 36 39
32 35 38 41

