64 3.0 0.0 1000.0 3 160 240 100

15.160397204753734 102.27487594532595
96.70374066063926 139.34912445418692
55.97158903573465 56.87804630382332
21.3509626636558 150.77132169362804
104.92071940398215 29.934548033976714
32.622726633164454 128.75987080602468
120.52183843937483 110.3557834770088
18.78671831503728 224.60857170101593
127.23896245292465 180.65237234966193
197.5876480426808 237.39431369269982
181.69806414472458 20.135501111940375
48.88108369608651 54.110638943664746
175.2961534218341 232.45060468676598
82.60180831213634 111.71839743403889
210.2217986061014 214.30895530836145
45.4195551226877 15.068290386144739
219.73437410796137 103.10637876482696
40.292679986261795 80.79151428280213
217.4688278153295 211.31489922300082
113.55210177666581 58.97077685256535
40.602313724212166 185.628579588222
171.4538235879918 201.76999352372954
10.283918794807112 78.86978443905312
97.40714666795085 104.40378941606404
95.1864684343568 112.05918049658237
190.52799341501103 63.54739185127742
19.36212840214993 127.44034905941795
126.06056008690692 4.492021569369148
51.735732065087554 98.70215944735095
116.03360233035772 237.32559699350918
223.23497311488174 30.948191695257478
164.8473297897811 182.21277213798118
99.8283295320351 167.6293803198203
134.81436335176232 178.49209202178594
81.48892201470795 233.19381448811387
9.192906632599474 231.24735812232555
105.9702438365577 120.99086523660024
52.21689882265984 223.0538318935964
80.25286361852262 179.60823134332145
109.77615950934918 192.5079432740087
153.70782478759264 211.40901428236378
168.3476964540022 140.7959573628022
134.71108897396934 160.3119881829492
53.316489401493996 241.93864832450404
200.3929035575004 168.54053317799506
168.64379571743564 213.55712244001188
125.10457080612467 93.21628800022685
236.83159724284374 70.69680422177582
117.8473140747538 45.517371984724356
209.21276549145497 232.39869470845807
152.7149344240684 189.5394279628385
64.31956513409601 125.80193994135492
214.11226621437896 105.0615485975813
101.68683750855656 191.86105142211508
205.69529918210938 8.16675543297421
61.65496829937309 85.21378151449538
98.80033399789265 232.65875924049897
103.34036147741324 148.55560557565332
15.482364146041094 193.81821354593976
87.28737987478888 1.5793818016708872
73.57088969461337 212.898815999932
0.5419216920857506 236.26861959653988
234.8729398689965 147.02998811321152
16.407670558578253 249.15500384117578

21.033204202914046 101.32568195405581
98.65897765808113 145.38433819862388
55.641694620473245 51.14967873924744
27.52620350025528 151.58597079194217
104.71246101183462 22.18273925768233
34.658056866373855 134.47242775704018
113.73800648585139 105.66617487664628
20.370218648680467 218.14369000031274
123.40563368228835 181.2796278500013
193.68618971287492 236.2604840313912
177.15900750038756 26.20819380238609
49.85560622710941 60.51703765713384
175.88238294260785 228.43796721868284
83.74309077799668 110.45889413628629
211.56669844496207 215.35522584812279
48.047359973226925 20.445684149749038
227.94635348066052 104.57721332914812
36.03188166472695 82.95654428218118
221.242742030359 210.49657213353757
108.9594865085104 57.845017494839446
44.544397296709754 185.9165761042672
173.80249164518168 198.47162447467093
5.36814744619743 80.11956795608921
101.70576152827867 107.23867301387286
99.04330270551945 107.21505608114454
195.72338241428739 68.36897115192328
17.77603391671295 127.11931682065511
122.26284960440378 2.756353073935541
51.302262316297394 100.56883779628924
115.27106263208043 239.88890377308795
221.0853603724605 29.135942175422176
167.01336360847793 186.31590238455604
93.97071092912043 161.97825411063744
138.2070723265595 181.70106582997624
81.97585200634656 240.78283533732548
7.618593688923536 227.37947781967475
107.13433438183503 118.65601744132509
46.07139167864938 227.97540632861663
79.90132577683679 181.36775278459655
110.25929055567546 199.7143464798332
160.5435367536703 211.14770019784154
168.52365837897545 146.79411186490987
135.01782945201006 168.41413104433892
50.69973885076351 239.24947559259223
206.18949298806498 170.1422159038501
174.5014525560848 216.67752479345413
128.22382104330435 89.84541942786747
238.40732505233257 65.16635980355973
125.39052792522328 46.17941101371548
211.17904650943098 240.4589443286226
147.2170515083869 191.76969400649787
62.16906536609365 127.3778620606546
213.9717163083804 110.8010788579504
101.90142298031726 185.10249147955375
204.2733115982142 5.428999094131415
62.359587642460745 90.02140610204978
93.25393952932201 236.15205847963512
105.11594319950116 144.9892275995553
14.828637033210857 196.3553474320308
84.44133869182929 6.12838355327372
79.51576791748097 208.63080345938903
1.2858105308935497 242.60546915270265
235.2234561098965 144.0635020612423
11.34288266875394 244.04344733317842

144.1
114.7
17.2
324.3
480.4
17.2
17.2
229.4
51.6
288.2
143.4
86.0
144.1
8.6
68.8
432.4
17.2
108.1
432.4
286.8
137.6
540.4
540.4
229.4
600.5
286.8
324.3
154.9
108.1
137.6
8.6
288.2
17.2
144.1
34.4
540.4
86.0
114.7
103.2
72.1
229.4
258.1
258.1
172.1
51.6
114.7
143.4
129.0
25.8
143.4
143.4
129.0
600.5
129.0
480.4
36.0
229.4
17.2
8.6
34.4
51.6
108.1
25.8
114.7

8.6 17.2 36.0 72.1
17.2 34.4 72.1 144.1
25.8 51.6 108.1 216.2
34.4 68.8 144.1 288.2
51.6 103.2 216.2 432.4
68.8 137.6 288.2 576.5
77.4 154.9 324.3 648.5
86.0 172.1 360.3 720.6
103.2 206.5 432.4 864.7
114.7 229.4 480.4 960.8
129.0 258.1 540.4 1080.9
143.4 286.8 600.5 1201.0

2 5 8 11
5 8 11 14
7 10 13 16
10 13 16 19
14 17 20 23
18 21 24 27
19 22 25 28
20 23 26 29
25 19 31 34
27 30 33 36
30 33 36 39
32 35 38 41

