64 3.0 0.0 1000.0 3 160 240 100

195.6361084595373 82.08905746375353
187.40694425873855 123.66924207528035
20.66804124468824 128.7088537961437
32.46422411963637 158.44746350438885
105.16746150630144 89.1949466182648
241.19465718953225 225.6304735003866
240.9051351134566 173.6467941609626
115.47472258538244 139.86145199087105
40.27136689990862 15.035100230940902
139.9473250094452 140.0827061822953
41.396854267099656 218.54680661616143
98.19215732338523 127.12702201633824
20.928037931174675 146.6586269757884
117.3447066431503 111.20567095972963
130.63573423215536 53.38398016662602
188.54447056591022 124.70895199437703
230.38584631912573 42.5353664520286
193.07858945199632 223.31875068192718
116.34059910420744 88.83483273562015
63.161799025880484 201.91659319827158
232.1315728865985 151.14253028633374
114.51609535519158 249.70090565443252
102.25346287830354 124.51586214134
124.74502613745084 115.56368819768583
163.8004045361981 100.72653681741225
188.90952596636782 10.057198382221161
194.88036878024235 155.06667691696168
143.9704084474401 114.30980329665583
68.16340716158895 55.17246199250894
39.06979239810149 34.239648712985044
84.70871988130857 233.399494035461
202.29168327888084 136.98903393503812
39.064926333175734 169.7920665533293
9.061574406727724 240.37937691977808
158.06052594181176 182.3878522562118
166.6974628840548 135.53816319561818
207.21725507355782 193.0312973742262
170.9531248188534 96.97901113610979
62.63412742749475 114.19179256351927
149.91563847725217 56.581586426096926
91.58716050500743 16.21190383415688
187.797045490338 37.64476594417104
11.506060958369119 60.25917928571928
217.78643248885012 56.47786915061936
54.693373398028214 32.104179387398766
193.84812007260888 61.85993708240359
1.7512790512857757 67.60503662429431
130.69005418711598 132.42703276143564
244.4775612059453 99.35482528278655
247.88961721059871 189.62769735605283
130.40642709450765 234.29646101840677
137.15332355851947 175.69521102029367
106.7225629399744 183.76533766358455
149.60990393559263 81.32106817091048
195.15636837085643 179.60444189536352
160.3926138164611 152.3384026724991
145.88682687082286 169.57061072953366
64.38503419549144 105.8044653538481
223.41992705422732 225.73455880309808
182.43854824425387 217.8915055626965
178.95366126709868 76.13968118428107
204.7907979446929 92.13279381302553
100.69893744530059 87.31269423079641
210.73762785665838 46.06929895190886

198.04636871815393 77.5125985711614
186.64528513660642 116.86548265569837
22.176996544737925 133.29750490780233
40.50862453580045 157.337085132947
112.96725945473618 89.44987403103654
247.21528144213505 223.61704693054256
233.62995982415728 175.66565518486388
118.38888607261653 146.16029862992204
35.467558361946814 19.683111599027193
140.1856765688469 135.4742222478638
39.13524569022941 226.19901873631292
95.99721252152091 131.5808005431893
27.690856480390657 143.8024103041764
125.57639390323955 110.66871353043867
124.12222138204085 50.95776440011271
184.58147991143122 124.43449191435313
227.7694196660852 40.24831797279727
188.1471910164446 229.61799372865136
124.19990975521617 87.02747060844457
58.44759400486138 201.38593375075266
229.98932851924772 155.4321984904356
121.79357058921828 248.49431451278144
96.06364769094402 130.22081184938727
129.65578130331053 118.0818794939795
161.46322913510383 93.86809386668237
197.1752715061326 9.738521014504897
188.58266694842976 152.25879231244025
136.38258824404718 112.62141647665844
65.59327346065807 54.74277017201534
40.82043602004578 28.178735676684358
84.97449667753371 225.41090355920286
200.2681325983073 130.40275926310204
36.827992546244 169.44615235190918
10.213203177620839 232.14526954530186
151.60174060083784 187.36297387876235
169.22377530943865 134.23904324880556
203.00840841775718 195.86154198403747
168.04530336832173 104.26291875457952
56.33933793126417 114.18757443234617
143.59583069762277 55.34434672887542
89.91412652041569 11.89062766434376
184.8897573449436 44.62897423852918
11.443452576715307 59.88942729074853
222.90006424280685 57.444745126353034
51.28408476006965 26.018662693716582
198.28794091520905 54.915950251850695
2.347987805232765 68.56877687654051
129.20322898088645 128.7001880020996
242.2546343365567 95.21203216227356
245.18500761213673 184.55848390844267
124.99550437736198 237.8956722766555
143.15103455653266 176.27236810959127
114.30061785704088 186.6335316156827
153.08087823849834 88.41835217815569
198.93272861799267 183.62900283492039
163.92158116214938 155.43281139022153
149.28893385326182 167.6053501347731
61.914818108202816 102.5005481109848
215.9828777159276 225.4255483488803
181.29443816948105 222.32892293294304
173.20257486470024 69.9132952746487
200.50042646083966 97.05522977261893
95.92088240485144 83.00096959177446
211.002953817478 38.1741158968946

34.4
324.3
206.5
288.2
103.2
17.2
286.8
8.6
17.2
34.4
260.3
34.4
77.4
540.4
600.5
540.4
72.1
34.4
540.4
286.8
25.8
258.1
72.1
34.4
143.4
25.8
72.1
480.4
86.0
17.2
129.0
17.2
172.1
68.8
68.8
286.8
129.0
229.4
432.4
68.8
480.4
34.4
108.1
17.2
216.2
114.7
143.4
216.2
216.2
154.9
72.1
137.6
103.2
114.7
129.0
288.2
229.4
129.0
206.5
260.3
72.1
206.5
540.4
34.4

8.6 17.2 36.0 72.1
17.2 34.4 72.1 144.1
25.8 51.6 108.1 216.2
34.4 68.8 144.1 288.2
51.6 103.2 216.2 432.4
68.8 137.6 288.2 576.5
77.4 154.9 324.3 648.5
86.0 172.1 360.3 720.6
103.2 206.5 432.4 864.7
114.7 229.4 480.4 960.8
129.0 258.1 540.4 1080.9
143.4 286.8 600.5 1201.0

2 5 8 11
5 8 11 14
7 10 13 16
10 13 16 19
14 17 20 23
18 21 24 27
19 22 25 28
20 23 26 29
25 19 31 34
27 30 33 36
30 33 36 39
32 35 38 41

