512 3.0 0.0 1000.0 3 160 240 100

76.74880097478237 214.6367195941813
128.088888356952 241.65133940855213
115.39935284438188 208.58523301523448
68.36953445712243 125.55348838796179
178.89845492268742 15.369956831739168
216.45907183341677 239.9810717877281
59.85891010177599 232.56617837187449
241.73760216561396 62.36567026467518
179.6411936259658 63.60665487791897
102.2272737503957 63.857783142832915
6.998376237592197 7.9932786171210966
31.011444584629842 26.275959226084556
71.78992397296524 17.367405637456674
49.354144064641645 230.4725912385054
99.58562671635099 124.66027529141938
29.020917728300592 36.2024189394459
41.77289401275217 68.91336225818745
1.2544232456165871 185.84148368747415
212.109815066444 33.78057398180781
40.28957495707616 225.2493864841441
212.70452235131785 157.60043701444184
204.31288558916663 45.16326517909644
169.51151314040587 145.62272335653319
223.8765161633402 39.28069859465128
65.89382364785143 187.28017371974667
198.92898974399756 208.10328231424378
122.5420449861299 19.730867333715402
69.96852375357213 129.70830065318876
112.75736876349373 162.02380067987872
1.5412907528659925 12.997131641941827
115.53811168301165 201.37220269926277
16.749336929733154 65.04572164941821
34.647642076460706 179.91376326556306
69.66555771763458 74.37094744980475
78.74770479546972 136.54497780571066
109.46340973967914 169.5029621453349
60.565461199112434 231.93898477973227
113.14089765995591 63.84472992365692
66.6255735017783 194.411340641208
47.83936921069168 214.80277467378426
213.6651488165051 75.60876636351321
214.37424002568156 219.57557558942037
126.79080530264078 229.53737914521707
244.80493534230712 160.74207385392353
228.3314178312536 101.21429120146303
193.9613629165856 28.892843155353955
194.02250176341892 205.08105354093357
12.031075409977998 114.45900611967505
19.566324038145815 18.405791004854095
181.15743761307667 215.1407254629898
127.58777509117874 33.14391037431991
12.688156141580698 57.36798565743509
201.5670379768172 213.17940909560272
142.8576930589323 231.34377048888894
215.79949849605833 89.52695783433126
60.29006986406687 223.48004488539488
239.96172908760505 151.67294215804066
29.900417601040342 7.647348261767828
60.034735030086466 63.90129768407077
172.65362525726513 181.7651387164374
146.5581174398769 239.70919565369206
172.3214992289927 159.36564828699048
88.45152719994051 55.66897988414981
36.167609230890434 192.88960872212826
233.18795908497657 23.07995109379174
52.12053659962615 133.8619842031869
64.47072051765454 217.17854879697248
81.15054802737534 32.549533108013954
9.868152044103933 4.001875852772757
155.34639078279736 46.41666695344887
109.98294906905865 230.67909098199576
79.22011972630455 241.74080974219441
62.148544409245694 194.38873890739103
241.14507110968586 176.91643860786627
182.76535081779994 131.39160578697394
61.587705699040654 187.50190934591072
135.6436833083413 40.87042208460212
173.48285937448657 243.97259703408807
134.67781516516658 31.93076066865219
20.436754355837195 121.89053770636565
61.63855069612012 142.4033318852213
148.2871880855245 223.87533206661686
164.0682900581744 232.26272574396938
227.0846779663499 47.28694520266535
11.35690320632468 126.33812908939198
220.59258291268705 64.32067010225506
16.3565474335933 235.44290522933173
97.62705585318763 64.96750349462052
184.0550001204978 124.20168660328912
117.61163197586998 36.195153046661545
225.8147911857169 116.44730917582855
121.30487196345908 125.78182639837907
104.97389391261177 194.32848581680335
9.568036955009546 148.49916698841702
40.38278917670476 222.15255711179248
166.18534066509167 226.4708993179404
199.67795537011008 157.95647406807925
194.31643942596213 132.49210101992813
211.027314776035 100.67396294395783
98.240965813234 240.2280552842277
181.02289668689698 144.09037504354444
160.47536013853306 25.936344235120394
162.7941203395282 230.5872397492681
59.99818466273577 42.55814431408067
108.5593066866527 63.29248065621185
134.59858855992178 19.224766986940782
117.85737015144262 42.84814837693801
217.1244740758965 171.4695075563293
58.06251757937861 139.2494832337076
35.63625489611544 206.3722574473363
50.058836817559765 149.92479719859512
212.2018470020004 145.72256549017524
93.51414900613413 158.5642853049518
97.63718839404737 245.74032552092513
80.49608445373349 236.36342687627422
156.03233245601476 114.44245974649104
223.15429876771714 181.70782781093592
148.83380026264717 222.652724714978
240.41445871896323 126.59497335810391
145.44661783523958 70.1157034691868
95.18402175612283 240.2987119616966
40.15990471761508 107.88068234536152
60.284284764008014 53.54295102989651
129.148021156018 163.77167257361265
200.88499548952385 18.955475663738675
203.32089108439965 143.70879548190769
82.79329947159498 71.53700957254743
168.39486542877066 70.45258365681758
162.3918223326087 12.68459300723898
215.19168780970531 230.1556579316027
21.25235372823786 30.225277380033166
65.97509154094583 5.385632766311571
48.105260405052974 14.142368735822059
130.5034979327836 184.94765941263435
149.46007242973369 190.33991000488626
62.068609541248016 202.96045678306274
49.411996607807815 150.87185536094015
155.18505926258453 145.11615419462876
59.33195017768084 185.24092051873671
188.73985772698376 145.50168270980018
138.2197220709026 103.43305888603815
202.93020782958186 204.84149182442357
215.35324497177663 189.46686939730938
156.64760475803996 127.26534901582586
246.52682935053772 195.47624142107185
35.41056126680617 111.32864820622935
65.59991030043518 91.54941544554838
5.749216005303953 39.376104638865456
78.478175000572 157.94794398358502
130.87175981460865 173.08815161726565
34.49329569287815 13.331958977250952
188.06478982472171 58.41391199499949
241.420221686438 84.15668792346686
12.780910464012308 82.86746849125932
170.93501764419105 69.71676445855582
195.29208812587177 203.97780110403758
29.395529572552036 228.58396239731732
65.84176991469481 212.6914878146931
130.19773196885643 43.63281850080436
123.95268456544753 42.19793170838565
76.48297573211799 248.81668391815353
79.97069647147426 1.985132337995854
156.73380750792484 77.92841236658377
74.25586920950134 109.24165019730629
14.975173992141293 210.54979135757475
177.1326341486091 91.52010926121959
138.7969960181669 55.23928487057714
134.3424190193149 212.92533572544005
169.89160085642456 146.685867907391
32.90305502664223 74.2080732461359
170.1572244488711 243.2329069361789
110.87624151819064 64.9581410581196
103.61987398815334 86.43314487324413
170.12101176738346 135.3255356428668
73.55847511691587 148.61359921419384
226.74407834715828 154.14024638419193
211.43666805660303 146.0181058984645
82.17336056101574 220.2144901515605
195.10917958023614 122.61840624285894
60.36322708336384 125.44526628600872
134.2319789957704 69.88420789762736
87.29203457681378 112.90652285177816
212.83438881365154 43.196098791736944
141.74945075929497 162.91401796165096
56.03425878266169 59.93098002803393
21.310956199082217 134.14383063551858
1.4659645466381377 220.58544308552732
41.47655443216339 156.85785068556083
9.161223313625205 9.230466321570486
107.16896880646561 190.74669436844556
119.59853338992818 150.8972086691068
45.135438266164314 190.15980588032144
233.6845802883256 228.81082127578134
195.75642373973628 1.6817700796015744
145.3533887653657 99.58636340931015
119.98782336774342 5.477435893933236
63.346586585747545 205.72533872726973
156.2027811980154 210.14564376356043
144.85119051591698 248.37614204709723
112.61444170381269 123.58694673004858
35.13796346811507 16.137478109187114
129.97608545909551 142.74613691881953
176.41987759661845 90.27384022245307
228.84748138955092 147.67187487249754
112.54125204424956 86.24292297698163
183.5261260403336 73.10384121188129
100.02319584446157 193.2351597250216
86.45141842429194 140.27394778988472
44.65605739299616 6.938895201278855
90.64409289966838 185.8503795271965
180.25681669621534 26.157901056459682
126.46551882403628 204.15890077401815
248.560744824847 153.7681591186411
237.90360365523082 149.70047451741237
31.333145656707583 134.6261020110361
180.8512504407234 136.6732924223399
188.44690838729386 104.23986931727302
25.55813783052488 197.80667755069746
39.338859871307335 95.22375026254618
173.43849800796644 188.41498719842772
28.02193754182425 79.68189648841981
5.697365079869759 34.070618114102615
122.04304582011386 3.2303865235028537
23.43641768773508 160.9790867103362
89.70401312347803 246.1104367494387
101.13264234887656 78.4325368939874
181.98121199165064 179.43122148432207
236.61314656023282 183.6382957758727
73.59212160047718 72.40453527641903
207.99808517417537 77.76171957402225
173.4146118097741 178.3477813395149
245.0302990065621 223.97128523175414
117.64991637672736 88.00710683253251
190.12063508418217 78.15844636106026
97.09141014523331 113.33575009646421
199.60576403235328 149.7477814261472
247.47592781437748 133.94751145653336
47.11199057351578 90.41565603021209
129.30033720218816 124.59880694147243
235.2301997455933 77.6021030924317
143.02466553065474 218.5182705869695
174.02066382770911 240.41938926330414
210.11539554638665 239.17535387319526
77.7485149261554 89.51522004545102
14.609715281745373 218.46091151307564
41.34528599554713 9.123022459027158
168.6691210410599 44.062430187065154
128.37265966361204 98.14662193540103
45.89403518753196 38.70204145897768
201.65310442366822 67.97383935275394
177.30807953772342 50.70650188810541
249.4014451325796 244.41153971647316
63.47677682986613 7.760560290056756
100.28712989434018 32.07643130841886
5.988513149173591 101.16505976012444
152.96837914836564 241.64483715790698
189.32473196835357 223.91737395791188
10.796735020961068 74.97274685793178
220.71087836699192 138.70806819530566
185.1329240635117 55.035045863488314
124.42013184495973 108.28279298342392
107.34003105167992 31.37651247724732
205.55875789744155 234.01399190091269
235.81797335025323 217.33215471229948
155.938125539597 244.9285065266915
166.02526875013461 114.27305800984035
155.32989796199882 205.08832201034733
3.602066222746114 74.13878154686104
82.13213146565488 37.60839131103499
203.73842393665916 29.032663324282836
162.11319891352366 244.3381460219898
156.8595579187034 118.96999985486877
3.807092555144748 158.44669436395017
53.31018408091936 62.93604434547406
141.78885327371614 83.4096960930561
41.07557368843473 130.09540332876534
74.90654650075554 104.98983545339446
99.63544297052596 87.24366381256115
211.42601956684194 77.26685090699104
78.0402936807566 17.0426726996922
147.21541038766853 148.8856528750297
245.42857810483181 122.69992103228547
182.40121902728228 73.34262601262762
37.8790698567153 90.62596578629318
175.65305538780808 58.96390849947086
19.630009186638098 94.78772136099947
131.37207251548523 199.06347570802063
239.02291746203807 212.77222228874174
1.376163625463972 93.05749020479298
197.27108711293624 233.13889551671065
246.9906699517623 21.73227525790239
203.42511729803533 177.2822752872024
25.928761480260132 53.712783212432505
118.26516077437532 59.366658761193236
20.904763111870533 70.28212738119099
229.46813922647115 208.23011018627273
209.38007182994704 149.03664995293545
238.88591322787593 165.52985853971632
245.55696138835356 20.585807760019115
40.993036986568896 88.80452579260533
230.9001148551777 197.3466119089354
82.15933319434379 78.93686177966327
225.72796713812943 115.07969328015442
131.98688751783487 103.27283516344582
230.1724062222402 7.330518891290605
177.51457840128947 155.7097306943605
199.63346565357 168.55438028782763
24.42333776482275 52.80846293018116
184.7127357652242 184.9036326227711
3.4627604121417743 163.74171278606605
88.77514782871197 161.23000286714853
95.50152045829286 238.7196740697425
114.46076713791939 228.75482499403287
188.78629257998438 202.01747929042148
94.7560107624614 111.09175836630247
84.41786774610999 64.27121014305557
176.88690098532348 74.43467822717764
218.39441589508382 39.89571516141974
3.668566078189106 62.265499069526804
241.48188685658783 50.21908116017562
24.596563294735418 29.283547361208527
174.85873637259584 156.4041746665234
60.997316551035574 160.01580323244525
10.677418517731407 57.005680729102394
54.89571915571431 241.23020909393904
26.56454990573176 225.918330814186
141.52945508542618 17.483114635919588
181.390974532141 214.82539473537759
69.80872664372428 23.449690324696515
18.781399079819572 42.020633862040526
73.17271463690925 40.87115956845344
175.81594779152178 36.853811331768156
53.725661512408315 35.484738031927755
248.3624759729666 92.77977389466629
133.1031023570665 27.685500670113576
24.913853886842475 169.82659889949582
150.91632631967653 65.64919739592479
84.9466942129431 179.72510948846846
57.00959205461653 12.46315162399253
96.21563830049965 44.23485776846403
211.77258894800596 16.474052609061317
141.55585802672906 79.1452810037462
149.72855409159945 16.812595012137887
106.54367643388629 90.4136512599446
128.73523186676158 110.65742398499003
17.65828763660296 231.20778215579426
233.32974222164526 4.321690031121456
20.655840387222153 92.36120427961964
30.03199848010768 111.63020747552488
86.09939076623351 124.472934126444
235.06664559720758 105.12252293762042
171.3948035657502 60.56116150038929
22.120049296569217 38.83669393550709
214.97031661686208 37.214482451584985
80.60752009494831 236.4906742579664
47.375497205274094 24.58510667656155
220.3922962050963 12.866616110767504
52.06319493239864 10.27347830539399
236.97149464702426 27.306500114755384
119.60546252274825 138.5218735222092
184.57684995501018 234.3335904492459
135.83791130113315 20.13803491371846
21.009338428157832 205.61765096577489
234.07304865416054 191.83410811901544
190.05480795602003 70.68600385208124
115.6279327882804 64.46721900870247
76.10074504579217 66.39520783466155
92.83159787365378 55.43482367997144
17.91085766728284 8.753038234411454
76.18033634967294 42.377456491034884
18.36690787284423 72.3944905568308
228.73436797003328 240.41973120097794
26.457310320054354 28.620545337339514
95.57475122546887 74.92888549799531
63.86366678195996 249.66126300118472
96.65476561479488 24.254236566398884
154.44197797579142 168.8207830057762
142.88365715686646 175.77255710329936
107.92546991048007 235.91085804265072
138.2074773400616 249.59713787280103
21.245677494512922 40.10067371258258
218.06417738524337 229.0733302135509
222.39290618665026 156.93514766296514
59.60404365171878 215.85119089360427
103.1659397887048 246.51609102010917
221.34081733144143 61.59600704272658
101.40748478658584 73.41500160649478
68.96428609370837 220.80011343969596
118.10272954677409 195.27028646181958
108.35407429671181 244.289087360087
220.77178843384942 23.753040077707816
239.30681073114079 113.72749841770055
161.23015012788883 120.53763856829408
67.10256863671354 18.275381767697468
50.98260254262033 183.85199961552985
159.87517141087133 147.8941117576094
121.28085574315654 131.38368433624828
21.42058403583408 74.12889814961662
132.56953573605298 33.21362163045635
220.59784742016814 174.92703662215288
51.324295750084765 83.81042219858662
229.65894071129898 45.24465461592239
185.32298119732573 22.81385322008192
83.22064333656331 10.946563706612706
13.392417294334047 62.85309188849389
164.84625617869068 137.7165081001331
111.51937137703105 108.00745297919568
163.81202653013915 210.58086392678925
59.60784978938233 242.26161790915162
208.5285543131839 189.72894895870914
37.422704438280384 12.187830765276825
1.790870373667125 45.20270309298716
46.61531466167004 93.2561374616005
10.940704542284685 136.50118906581002
223.42431335124263 107.72240941016761
81.28791758513552 86.09775628409693
161.7629466829716 144.4885364839135
247.83012365744978 155.79459064708712
172.1660449296926 55.082003686726694
232.60959523894027 93.82323947334115
13.502768876890226 52.0151748013371
108.8427735683653 239.08488074582903
120.29010895245872 208.15360029984421
54.81545105054872 197.30178888783908
22.72359256797918 57.17268883260076
74.78766560205291 244.52159104316354
85.26423608560832 0.8132961862640786
81.76307961226235 226.05039817549513
245.59698245300888 11.273960767336222
25.322397812956865 82.15554180672233
73.09425266297221 101.32454788383471
50.21533091119351 215.20372382648117
155.1306683827001 64.56396612753699
136.884439431201 119.88962103400347
162.879203095714 99.37594879433625
63.45420643217639 154.28304465275914
1.4302264695853495 141.20107789788145
66.11759572722426 13.692243479647786
142.6050478169633 216.20100198686026
206.56683795254642 130.6590565898871
243.7203939464959 123.39833375120173
232.97672665337205 157.7023765822771
193.04600197345547 93.57918727342005
209.0499196873064 160.95677908569306
189.03287599582617 0.7901401833749488
214.55203720472758 7.242199438569575
236.16428671686938 48.61371571315306
67.79635560897923 134.7142799233114
9.67722365029655 174.85760166454875
123.34461152890552 127.7633515772264
23.70827063301295 168.4142802863916
33.318289596028336 128.08626498946708
194.06830889517778 53.801926801466976
169.6908677448665 36.02055263309922
76.21155962061232 203.10592665764665
128.41983786990392 200.03499308326388
90.85602985874303 107.32340095110693
79.86594686975693 219.26646214655688
105.75317531553429 96.47220985430774
164.35266793638203 118.8541260109463
152.12799668626278 116.54527048017835
165.66559370103542 75.65858033051722
33.57718172420282 204.8496999680767
154.57722586701775 190.7495798450879
226.16812438132834 161.38404956588764
181.44865571624868 210.82035528062613
219.13731857832028 175.50728797203067
241.37433135894858 247.04445311584772
121.1696255021639 213.91553617824096
34.48331641825503 74.1518513107143
137.33387216275673 119.53309574332918
13.444476219543422 194.3751675126743
134.7508893521012 130.83530535321998
211.62200996886256 17.92620683469645
18.992509790528107 112.99590352575694
249.6389140488887 244.53849128535603
80.59766344157806 183.38305852266166
178.77335321305327 131.91828907449502
192.11379140621767 182.35465881038337
96.73827085316084 64.6109505554329
154.11296842692164 10.719108401583632
147.43559207906694 177.41728243461867
150.8538592516137 35.51389351239342
170.32745135767655 84.44134635029585
202.44500090029103 196.8234882488471
24.35286411495463 93.82138340410826
39.13345708235627 53.93867568361793
152.28941254959483 16.794299089566394
114.53171242697927 237.87871163435838
69.0144150336095 190.6926661323964
219.7593003513063 212.72390067744104
87.23928351148064 237.16745681395713
135.24271504415015 145.5475677317161
36.31503009935122 159.966210586286
234.39561207166886 240.40772439240934
224.8775281354566 166.9152739491438
146.66516167356536 63.535995408253335
193.26919410572643 186.32884312860443
21.716381589119205 225.31883509560203
9.192224949600952 151.54742379209938
89.04831743514765 244.33450365536856
192.61240451424382 159.6458310429728
29.058386781995072 5.320601739271597
155.54303343690742 9.705884748345884
241.0775240964385 68.89657386907314
11.58031946875146 19.00739276816618
136.8173266564578 239.92793265574156
148.514006371823 172.48875949158838
187.87137505491162 247.04787845529924
208.52897237310316 218.65531731726014
74.492274732372 22.50318942709992
79.51943322969402 176.7729151241954

75.3672188846866 208.2620439472144
129.9550688725643 245.14184537562932
110.64318496047704 203.16792439053492
70.57021203810484 129.32639873999503
172.09969490972824 19.126082397773274
224.08908670465158 242.42681561147555
61.19841471320292 229.96293413487598
243.5449273905329 59.96338944679111
174.18906859476618 65.02175445872044
98.02771704290974 66.3583379779012
13.788748920117028 3.0448583472728052
35.53448920005456 20.991183185757766
78.25741488648849 18.079337524634838
44.00409507776109 225.52374683285242
98.31609873413471 116.5170367379244
23.50347248094678 39.31774199495752
47.274701922728646 68.34000123194345
8.434681873491945 189.29045451777222
212.19045303806308 37.11737788996983
35.25868414169753 229.03679983364668
213.03168004974935 160.50015546226498
200.30614604948082 47.22671295279407
174.00259520532202 150.15145970233417
219.6173840140867 34.28900160242099
58.115809653996905 185.45026208753887
194.86582440357898 211.36161098007764
125.9379910543299 17.504812248986312
69.84823322760391 132.00142015173324
115.00039890137448 168.18148790489738
0.9780215494213373 12.788721494666838
120.31346795793289 195.41854344685947
13.220602626148075 70.32705095669498
35.15980272061323 174.25920723109826
70.34918075820701 75.29995620049657
80.63167236582025 137.06176545177252
103.69223177030909 169.1326566416438
55.46748235052762 233.6056748902699
110.61477954372882 59.677565944561834
62.203371461846515 201.15875729346635
42.0257664353913 210.93530690420081
207.46807318996963 78.29528942346562
213.13431973981417 222.77499456986104
128.31064953101915 222.686289737084
247.8521190487851 155.14930803623795
226.44531758540452 96.58045680599182
193.54423529241916 35.61372961417633
186.28394825201363 204.9116407567626
9.15625591345362 113.52416688442595
15.966842258340192 14.6491320205476
176.64618080576463 208.36859885080364
122.29044850332271 27.3159648898805
15.573114815903121 64.38651600355722
207.44413009433535 213.4265100199881
139.13285069990903 235.4433171808353
212.83848474708617 96.38058462600353
61.53305811946305 230.0192614591839
239.92845457559392 148.8105906409829
31.918435135871228 3.2306405295613736
60.723828166822344 70.11449169400882
177.50536489999928 180.74485932861998
151.7876730011546 242.48875513438367
177.92935246902172 156.80171390001232
88.19448657906773 56.8936471428485
37.368631908791 199.39342345614523
230.78255598684316 21.585358101960633
48.97944081363334 130.93610318810474
60.514075346568994 210.9998886153702
82.60168889603835 35.632132433566554
14.571096928607114 9.798761513440251
155.4862232735982 51.934419784781056
117.0026268730644 226.37231652022
80.30458900333109 241.78387947689936
59.74365744339188 189.6809689762876
240.63970979839593 178.22637585645379
181.41739837777257 134.59839968504065
59.19652671873568 186.68481204429813
132.39976604470507 41.35340736631265
173.11563314867976 243.0598858103483
130.4224515741167 35.44009985182719
18.152480768057337 118.30892621448643
61.38240799231137 147.75017311776978
151.80638158115744 230.11977127623047
165.47133074843217 226.7695855634302
222.76177466264463 50.74672805086447
5.750814382935593 130.11916763651323
213.83246752843928 66.51186423315686
22.460897260354773 232.3969377797508
100.96606701838847 61.86664037517883
188.30889541181477 119.4938243271457
118.57568561903523 42.43730007055413
225.08722628153365 108.83314138046381
120.63533878497473 123.26490558045455
107.43280936752114 199.6908306356041
3.073671483215079 145.32791617453543
38.54605674967188 222.8116370145691
160.806439944542 228.24565953418912
203.81185994098394 157.84227256132405
197.7863055129487 133.2340573292775
207.36635260236605 99.7389682035961
98.00384293456355 236.68761195138345
181.56963732956925 152.46996408071655
157.95496986284698 26.258677584099665
154.48038913892566 229.10267334460505
60.35851003106904 40.9963820710969
103.19774297841111 68.33150682360173
134.03946157895982 25.259554223157178
124.76436183570542 47.07936963253642
212.59379636900542 172.9890063312479
52.77807731319234 134.7388042522663
38.70514314141596 208.2666195371439
44.24317570850303 145.49386062165482
218.63825139407922 142.95289577752013
91.61409091533393 163.82926678259582
100.49846402002503 239.42815851515778
73.86558452526812 231.32545039336026
150.3051728503296 108.4281953730999
230.80031108599292 182.01803503262434
149.5879098532072 223.7421018478087
242.25018485171944 129.85376255447912
147.29276872339153 62.16698065136883
94.77338550753578 247.02360309754047
44.79815776998483 101.40267061096209
59.04883562603425 60.047146247888676
121.16566352621122 164.2539980570008
196.70083243915607 16.60711742860893
198.28487319197433 137.6236282681314
85.61688325485791 67.76941844608305
170.65238482776363 67.45713679707576
162.8160345027832 10.434428247815763
219.73403988008346 223.26790468447393
24.74753996970211 28.752638504146443
70.57899698017597 4.559910964781699
55.50767806842438 17.549138332850738
135.67202563898823 190.07376476440993
147.09686728918794 184.05353492525347
64.10360300856208 201.0981710337465
46.5519896469265 150.3512694743927
160.72170536218476 143.38926904775587
60.37840994757976 177.88107593206703
186.51384536995417 149.0556202260922
136.73706907159928 97.24619202884944
206.78249706219728 209.25732066629877
208.6805862089743 194.5144692665443
160.67491266354696 132.51120767873175
247.8587833327836 195.2310874722089
36.64615836151139 111.11495572452817
59.33705422226584 92.73568881759186
0.6591158750785808 35.2233803910415
72.87434806713433 153.42359820782997
132.70460392268743 176.03809130441036
39.27474993536029 8.208649957922615
193.86847685382367 55.79089480123434
246.13966077782626 79.43271525537942
14.15696733737376 80.66966333836432
173.9850082871203 68.36757233005657
195.09685357166163 207.78168420753641
28.388670123922072 222.7140480354289
70.95434463493852 214.05653463570886
131.10548384028442 42.06140500904712
130.62999633789872 40.94933285396571
75.00045774822989 246.65785928868152
72.82444025147872 1.0274630852698807
152.987801274781 73.61657623277043
77.1747113953416 107.5162241101047
17.041716038643766 211.68283873440896
181.53602522525975 93.03555233335545
137.41400422649633 47.5840219683962
140.99941459108655 209.8245690446264
168.28002495177807 150.00493367409535
33.06309869561139 69.5727844798121
170.25760678296646 239.06477994612132
104.92732207718944 64.14743731752817
96.73130116639852 90.65576106121587
174.55552074365605 137.40263299775864
71.58544799942399 145.33481615271626
223.48735900501265 146.49203651456943
214.53676062985144 140.3978293748889
77.20266041509457 213.72595859006861
194.48105470202012 123.70041655100508
56.681257635758485 122.8341946124607
136.78423230410428 61.85091500474352
83.3890695236972 111.07530875388383
208.55434100984917 40.52242142159976
146.59622810694154 165.31752439786914
63.148933764339525 58.83412678594308
14.046458238764131 136.24113760648413
5.779079164199175 227.17928146096645
46.93048587443169 154.78572986467995
12.042406917798065 1.5557188007163658
109.66805542340327 189.97984328868648
120.27953137028605 146.3964092437979
43.69555928140911 189.3909438258187
233.33342955710955 233.10448825870893
193.46694349678688 9.124910409807397
150.45725478841075 94.1533551951714
128.10440997183008 3.9463335762903173
61.19591053434165 199.188248828371
153.365409142915 214.86308311286976
147.69553337891716 242.33965398427932
109.14142436698265 120.1387320240223
39.85296405403032 18.845416910092673
128.75048573655351 137.68257189779132
182.71879514749335 91.37650545475879
226.53629089301305 145.34635486334642
106.29982183808362 85.30798837451259
176.1115439994701 73.2727311631684
106.4846102478758 193.31411994045845
91.32669335604612 145.87608858216
49.68725901330079 3.1129320429683363
86.25267123326996 192.36806831339615
185.18074939458563 20.287807261056113
121.62549217943341 203.69879399266733
249.62583519694627 161.68033611375571
234.26825120957162 150.8916926475471
23.64419669150858 132.08190166056144
177.9539176246783 128.91785226995898
191.72164016971254 105.2139672977494
28.50291084391779 197.0708416125317
37.35301192568449 99.99011428670993
175.29394174323102 182.01148152725108
25.50471095713891 78.61283905101988
1.1908485038554517 27.594030499269785
122.50066090176237 6.271908311233698
24.268711311180134 159.08001293005347
92.00199101203756 245.25945034822723
105.71150505629687 76.26134287759051
182.3910609803291 181.63344889090334
236.22536073361232 180.95944711513127
77.0395918068392 68.57177090020225
205.10523997444898 85.163301186739
173.3708982657333 173.34756869305292
236.93299355444276 225.87331793089086
123.68922588671641 92.21156757837268
192.44122787769447 70.05031889076024
97.58113749282629 117.74240649123006
194.78588246369765 148.98520480213068
243.1784394015329 127.20027813491552
50.99642119966361 88.64873624831193
135.34793060280631 126.15481716434724
232.70871763552603 71.69674689353627
149.5456971020412 223.28052857664585
177.69743342284173 241.65848994027058
211.00346823030273 238.95249503953883
78.26414079546934 89.194171452003
11.016893846624937 224.57267239060005
38.477310798555266 3.6202006578456567
168.66418508547113 46.16358186015121
125.54907567802468 101.59566124953281
53.44767171852099 36.92878272678604
203.56231263525822 70.6358717287639
180.20195461278212 47.38739062910721
244.2572588544946 238.2762665864803
61.4652272353137 0.039305178347520675
98.75898145928055 32.45900725847997
2.4870405793523123 107.20075066432693
155.68249848316873 236.7317732566506
182.12027077590415 223.1562591077702
12.421633775129726 68.47312688664795
222.34550310316783 134.64611701653138
181.88543914415985 53.922676104207035
127.74683155170047 115.78998978364244
105.16408008326738 30.221658489124557
211.6464529031113 236.6871233653283
235.77199167837352 211.11558432043614
150.9449890189904 242.49251875403118
170.2231198019043 110.2205479939152
159.79211865751057 199.45266005131685
6.878585902776013 77.34446609190054
79.42094613326883 37.82196621069936
206.66407011784622 32.225345067437935
166.7055401094749 237.23032744110643
154.04786194285958 114.77958755342766
0.8084847311686238 160.9787599769996
53.12743425002253 56.15796261520883
144.35427024658242 76.36819307338119
41.860956725649324 127.62540963592956
74.67107942398727 107.04441123741665
98.2490547703861 83.77237773134169
206.7516575350969 75.43467315076657
73.92164793764763 20.813212699081372
148.10921514612352 153.8762708361288
245.99163103734662 119.8634361440119
180.4191802112847 72.47241396777129
30.143326485589373 90.17798149024334
180.8698030070651 60.93759069989174
23.897667059593424 88.76703374682491
134.53384356920787 196.67955983029154
240.36378499120173 216.58410258448131
3.841337814457529 97.69472129419357
203.00308452567185 227.4899931896265
246.51021118347447 22.460840933633403
198.85196341493645 172.76745471422254
29.92388239083499 48.03727103453159
117.6501329445159 64.2066028391502
19.407544490710414 65.11877202786891
227.7534622949074 205.3683944291328
206.17496278348406 143.5694477005448
240.52587843750266 160.36127989364405
247.96196674759372 16.027396785154302
37.34025335071725 95.7245137659054
227.9651381094485 189.7172382342348
78.86206752526392 75.24050406408675
223.94403044439858 114.56265289982277
124.68660587513334 103.81730421452845
231.91452276727605 4.128160738708086
182.09305854266876 162.09301861330133
193.99383331406878 174.06315422581386
31.37001277880841 55.791392508570844
187.9825996324973 179.1792090725644
1.7792493080375227 170.1740102240332
94.81366792747012 160.58444059809153
94.95572456024445 234.03654450630194
113.07810319438354 236.8837964034108
194.9738536844604 200.6142239838748
87.55262409401102 111.33862963429026
77.63317003170081 61.083430859532214
179.4285985323579 69.70011051812806
217.0964186504201 40.23676673148272
2.663010843160146 57.88217011050248
242.0514457403077 51.03519430595046
21.287596963697947 34.30954909454498
175.05249941715303 164.5273904085672
53.240101107926456 162.8608588393508
7.224519827871006 51.89004763800861
59.05346978518808 238.89779630033735
20.730561791013653 232.04174239558054
139.93583682912745 13.565667339758058
177.11860873596495 213.70158778675582
70.43748244838768 24.761822609384865
18.49007349416659 40.15320437310038
67.20232372808441 39.81220784464523
173.91563326284796 35.48202822580643
57.11777249742803 37.714816028275365
249.64240276728066 88.0925204267062
137.9610074651898 33.65008217726381
31.898619839221514 171.51299461070926
145.70408748886084 67.2915840539412
85.99659596493068 187.11974063196416
58.062550997454636 15.67610869181152
94.07813913024121 51.57501316405891
216.65435900759456 10.589118802535685
142.332706225635 76.58899666537172
147.05052153027674 18.036320896206853
107.83659405493165 94.81264294951508
136.51319130561558 113.13406564649573
20.802867337295055 237.89101444567524
231.12184619674338 2.7401593681315726
28.609789918188966 92.54747238015099
30.791503174679242 116.58652042829077
85.56004730688777 129.49320750899557
235.6087836815287 109.47282529551525
167.69224449881622 66.92303696480315
15.411105475003545 42.90925627989789
210.68337916268527 36.02676098202245
74.83834703625303 233.7537013497065
40.104952923845886 24.600208731080098
220.7906643292648 9.95281823279981
57.745779382506996 7.198139450698971
238.43218005535525 23.87287316478931
116.4062198866793 141.69332947374346
186.97608163422814 233.759743009616
142.660527650599 18.78092429054215
24.12942266050358 211.75359782811972
229.04541244694806 197.0158638518469
187.47702504929154 66.0885877101168
122.28595295353107 67.89921935382617
79.44768749823416 60.45969386357258
98.51428167859879 54.84712385957147
22.466890349422396 12.756705234871296
74.81248731957673 40.22869202153895
11.889084941926725 71.22443638289141
229.67669644275145 242.80490804763073
23.8547407438745 25.386791492928438
101.66520223959294 73.29093570273598
58.01750901395686 244.2737981513478
90.63900394426722 19.005585201588264
152.0800341670202 170.60163106898352
143.26906575031563 170.53371945601089
103.44086421502845 229.28368198208113
144.8899943116114 248.37083900097406
15.085494201148714 44.41928242169546
221.69174081548147 222.57333451002702
228.6524231225591 155.99878923964397
66.2755276474302 212.5646614471923
95.88227137752384 246.99539018449647
227.57094783950583 60.31679029276788
101.88757506214472 79.83295858349516
64.43858828566354 221.04261681125993
113.30435957592638 199.33872404106938
107.09475125581106 240.02152879426737
223.47600138812854 31.067994313993125
241.32017321356415 113.7501601951379
159.41645399358364 117.14334876548324
67.71313282970966 22.04085833867217
48.95066728674033 184.17068992901514
167.49975948015717 145.2980424181414
114.55242124584657 132.2269963621966
21.944118902371663 75.79548189147638
135.87810859514457 36.260630597426015
214.30012391131453 174.2561108851051
52.11725779909238 84.08351225549166
230.415861074808 40.292466042950586
189.58452491196 29.396266686061352
78.02905138329166 6.904958803051864
8.532065879023081 65.15572660098535
162.92015704260453 131.71615542713303
109.32682427729729 105.15053048319068
169.21838113325168 205.25585707889923
64.73847990704154 245.55486800693137
208.92785939035812 190.69665469443274
36.53803542648099 16.665630273162673
9.318122056769601 43.54893319366407
46.94929475994558 85.5295293916841
9.141796537344204 142.280601085766
220.6051340097381 115.1155385370744
80.39195613389069 90.8028005131663
161.3383912959301 137.7308056593564
248.2067796821105 157.8321694775935
178.87864318587845 56.93620277037559
231.68360057544064 97.69626116015742
18.070995421990197 57.34326865515846
108.98790532063506 239.35436318602027
128.43026131686364 207.12823583187807
50.26241394586667 196.32236906181552
26.794279035747827 59.90030714377589
76.91171275380287 239.4015319911502
82.58874470582 2.104783881583805
88.64336816142173 222.75418132151043
241.3694137332578 13.891858361856274
28.115254537080524 77.0827304589278
72.05450670637714 98.8460497030213
56.380105135775096 211.18659894855605
163.39744944996198 63.853775352300666
136.69934956345162 127.44739898033197
170.71594094393603 102.05021028483758
63.754104474433916 150.04365131932073
3.4675813021494415 145.21141348623013
71.36604281447273 8.321684184438766
139.183416039473 210.66603421532858
207.22648348237482 124.35852170162428
247.49234546275383 120.86658431796141
228.68845235335493 164.59036645993353
197.13956494275885 96.63182887101298
213.48004904357913 164.02403585866048
189.6660828923821 3.4589132399933664
220.9333647522918 9.454730049719585
231.86421192467222 51.373583092732126
70.01500970970423 142.58639942328836
13.478237370803726 176.17363022868054
127.96990127244715 130.8373843579146
20.130629753936034 168.8187591650219
30.476985538468977 127.92009352177344
188.3079438047009 58.430013757715
169.33129236070252 44.10318092574772
70.39114456578497 197.08139023873233
122.36625726531642 201.63137371901595
92.04637044663721 113.99983437341388
81.29437771196774 214.5490145161617
106.38313573756808 97.92651551539849
163.38444113571157 117.09749361105867
148.53177873230928 121.06230026615275
163.02935712098565 69.03024567503896
36.47058999691616 205.27990794312282
155.4077891440673 197.2682949657149
228.70604146766237 166.44980052591518
182.90819280677087 208.25835196267454
223.55275109703135 181.83286848316635
246.2970002263469 247.822838999333
125.3510049855259 207.4616704445801
38.651772681319144 79.19213221489157
138.13744259832816 116.58696593890899
14.752849960899429 195.20885046443604
129.9030040732955 134.2997756013931
215.57848192246828 19.486827014335574
18.53311620105891 112.32217560834309
246.7304786893226 236.9112155611113
82.19263533877688 180.49618551293014
179.0210034717071 129.46002646159954
192.45037913245093 190.28777219237034
89.38729780877502 63.08362669097253
153.4433094320213 16.52226013156055
143.79176721917 176.30200139754783
150.70067312956738 43.410359438787125
177.22605632979918 80.22322484158245
196.88721340157622 194.79132688224882
30.99857231901501 93.48721406590089
35.62487050490165 56.27687711085341
150.1005000715111 17.39126419228429
114.72978854777979 231.5800779546147
67.22169035717154 183.41951684749185
221.8461571054006 207.1831742925394
86.13008429668245 230.45261243499152
130.50234539344405 140.51466475066397
39.17505261801624 164.0041234483994
236.59186538137712 241.02940601960503
222.10133135219468 160.89839664214915
146.39132944337837 66.40402486380012
193.81141344626948 186.8829805639404
21.881423736907575 231.73113607221865
6.989134008864917 150.90420073649258
91.58301003334982 241.84832008462936
198.67387011586015 155.9220041384144
32.84396792155819 12.374819444390756
163.62857399238104 10.861692150160668
235.75590266083873 67.29458222703514
17.647290340107368 18.232650414862995
133.4432451889963 234.25115120400935
148.53181361267374 176.0722664159669
187.3193909785377 239.10279480161932
212.2161557143928 211.96852087637978
73.2126712773506 16.54589278262536
83.69700761576453 177.88570098690937

898.1331173270686
340.0253943630327
1062.1838761428949
768.9652032767855
464.9466504601025
755.4287285224029
111.11183532090705
1047.6823789070418
642.0697289697963
660.133619904134
497.70931235969255
195.07581449164948
503.2226992594245
777.6759422207472
7.648240349066525
1098.0413390192266
1123.4897975462059
860.9444819307639
498.93492397699225
521.7860999147588
834.2822851752146
26.548398954717502
546.5507624921942
876.6419580324439
704.4882241602103
81.78966954025944
940.1456550511218
723.9890527683423
402.10714267341586
572.9745284804154
433.78176162716755
271.1028213980513
257.7960642416254
186.64298363111666
610.5331977257798
343.36740220397985
445.4778211638414
558.1010212495271
279.4655559258597
807.752172411331
1044.049138194558
694.2801792292769
320.0020280269456
579.53550477562
999.0144715179424
10.556572787474398
330.09287734467534
143.57990323241683
300.1746653862546
367.6773876718373
385.0191043146701
821.3100998700318
308.0185037042304
754.0326598540768
1021.0793067817624
233.03930931014844
455.03356714740846
81.48973145969286
981.1854233835419
39.92506038174537
374.47260444439956
1005.5933780982155
214.29908862953857
424.29859765947197
550.3436801814177
445.0954397407155
81.255554116497
538.6376314495361
228.00338802103536
197.5771430152067
382.35899041902337
58.67655993749817
386.9568312120291
431.7216234537207
272.89118772983346
95.45203107127647
306.070498377074
1096.2392842497575
224.48930367471493
613.7191098683294
724.3065101242421
588.039462911504
701.1602149971288
1173.4638125646404
536.9104784193926
904.0368517800231
20.456083894797327
696.6988892936103
1001.5825000713139
604.8529196125197
884.0445582783509
504.9568214870091
1117.4968772857496
917.2155692692343
147.55752251356253
1040.9040937582738
548.2820139186447
700.6855277634854
578.6904969869635
317.24069478949633
1080.7069820216652
102.76649143915328
808.285942425511
816.8477108174357
524.120769464599
431.5960628948527
262.11260204383245
224.6938966146015
1065.909973284668
1061.4524578250991
722.7897780222097
609.2356855639846
876.9134313358682
1166.2627077340294
1176.6323439901412
984.7477403665772
602.1397940497601
80.55027612705481
613.9489425351279
84.69604576695656
614.3015348568869
1131.6629159857716
1163.3956501964979
987.0252924863158
1199.76700142728
193.03740748690498
916.7811310152885
670.8237114644985
222.42697440707983
179.05888974341926
346.49248148560577
1166.11659605059
296.75270973211957
1109.6596499978878
1079.2389697353271
1183.260008557194
908.6066613037683
155.09435711193208
113.85711230575772
700.0503461444318
624.5652547909482
229.64796159239845
1132.304625236491
29.258836806309382
44.122018588889055
55.786896522328085
272.9008722539365
43.155369171607106
554.7826723478712
906.3111604376857
229.32866919769526
673.1097307692115
340.74610721551807
1070.6382406361952
70.90426399412621
1108.4493875978485
947.4211220889143
187.89419254342317
48.61174101812106
789.4212671203701
1156.7808500625888
706.5773983095287
756.0011933168598
892.1385928327786
449.3192759048775
769.2606142442518
694.2012558709506
778.5969672521123
879.3508046555314
243.37987768118228
542.7198332137931
847.4372046889953
311.0426422806116
1039.3937937486044
638.2926472158957
49.18058969192837
564.0456741304982
2.715842313875511
314.4813299419111
727.0505256196312
381.33468285858925
910.8004877177739
785.6642831758988
813.9543017610908
468.70134662596473
637.002734503802
790.1946386661214
137.35876945959885
124.24533898303335
286.62450785777736
450.2825010390252
802.5084986014054
221.35675119460086
169.25402817803746
557.4356848846943
484.17438147144975
169.40259335803842
1192.4838799042159
363.1680748840965
941.7252010762197
1154.0435811030695
880.0598382265399
537.79575709872
698.7387420315499
40.99365646356294
566.1219097653124
603.9954595768916
1166.0220328864254
48.16363866381299
735.4028131594788
301.36479502950186
987.4075612281604
1063.185012534394
100.21404671950152
296.7668819735174
1180.6291104491286
1037.310217189802
470.59961948197525
742.8303468552692
371.42024140052627
1196.3961495041187
1168.3721313141934
945.2317339731624
647.1918032337746
324.34923661231977
70.85472806312995
748.0354883425272
982.8935262160549
429.5513797576701
336.70121697879387
207.7712309757565
1026.9886819023386
627.594383913249
749.5584257359378
112.71213812947485
78.53827458236125
365.87284856830325
1042.22754456985
437.1121265679293
849.6623554044083
1192.4367550868892
707.0374155165052
385.10194716151096
81.2396343719938
905.9862792717813
429.96363335489957
1157.5918419205661
1031.9294736516579
217.35986331856625
320.3432172940053
839.8065776997493
282.54772559494614
151.60015320649399
1042.652242068945
160.10007771728948
462.1783836692901
203.60691971707493
887.1159591262303
174.31230388169575
1105.423506741762
1184.5202182086912
348.06126744284705
667.672220383708
820.2140021326622
306.0239858605996
346.0285351980435
281.1923100984255
78.48701761959276
606.6657349269942
86.6917813609046
520.9456027959612
776.9551745441981
855.8175466930195
277.7324702589898
117.95952388856735
161.91324233041814
523.0024151030925
367.6308449292606
334.9575394439018
426.8360938311869
878.1781531595043
1014.6888439072518
156.04583946878716
991.5439786852957
923.5538836447819
930.5602960593027
410.26366613220375
883.9278782743711
269.58509529362897
991.2890410146446
863.6987153902678
396.0980150157191
1121.4188895959842
428.0965568889841
673.7812103446813
373.72665383201644
573.8354227238053
782.5194106807803
1163.148089637864
103.17197300168753
137.5710222305023
63.275004264786226
911.8267841078682
586.048903405649
227.2542082584486
738.787263541167
1185.6968567709298
1011.4893936950253
268.36210397690314
33.794859363346696
53.61559969446403
1050.6897330470147
111.0338897061758
1141.4643955565443
215.62176222910372
821.0156298016018
497.2569851722434
102.02483754285481
550.6389798409391
140.89731320134558
491.09724322676703
480.16597448712326
18.505686343487387
1094.2188182687419
265.0392002811326
279.40607876896024
416.1916826614852
285.3915248820718
346.38517299915515
1061.480896109537
597.5944470214887
1113.9230218456742
176.40229554312478
48.061609299101356
739.5496528179654
985.4979889225017
982.9592825869373
48.17540556841172
491.6063783125426
822.1961869406746
649.8109322953967
281.1609163186327
1088.7433813673733
147.5680390342028
870.131232603619
863.4541887874926
197.0807360711305
969.2300281207033
912.6299872266022
1107.5604913686157
30.963501601876484
84.69986709760555
157.0822262601049
427.7662938593095
1044.145260076398
714.1890654338384
1094.6809892132674
681.9577228655464
352.46021190310233
838.0641482659177
875.247168752833
410.6914937367507
865.6564474987215
868.9073488104725
404.64211087004793
1052.4184311587042
1148.0838659358506
570.9124730176525
176.22393809428
1182.1055779388475
846.2030311763788
81.49534073710733
280.64953297521885
1127.7941308918867
227.02701052466108
405.0594205269456
1127.2117328689824
709.4391382330938
190.75581718137275
1069.049374078893
1182.4922005842996
1019.2714067031244
397.47304136215234
346.1505261886861
310.3465586037676
550.996300640654
1183.8289050736937
716.7001140805131
820.7567208395941
844.403424787228
405.42528138074573
451.2402369061411
1045.6859684261735
1195.4059164795415
734.5322949834542
335.6351589801701
128.0312629653938
1147.5722828668272
1008.0082049985257
615.3956223272264
1025.6258164890653
73.03882850691758
46.65645260652913
808.8200334828763
109.18908415667941
838.298611832255
716.6574575153705
633.7964886689488
1146.2040426526926
1023.2809826791402
474.11865306931304
574.6582857001819
767.7171023644053
699.5353666009064
779.9942050328323
80.36625930868067
486.39692059140754
939.2826968936599
172.89972294428608
994.4224767164557
1038.2600257252036
959.390834251269
907.5142269441125
930.9360759252978
1189.418840619005
907.6074147793315
397.1973903005011
727.7984568149291
1168.7241488033917
205.27296361857995
212.5766256796164
196.48111752264114
56.16472229142957
653.1808254955388
1130.2182437470508
763.1924698095381
627.1814403583937
1046.0385619450676
783.7530274714059
99.28301560694052
1005.64918575308
821.2519896401184
772.7192396452172
459.5986075056028
404.50372458226053
358.8871021079211
511.5883695476805
644.5196466289398
412.27718028302803
546.0481526338768
1007.4971000891477
1064.1526414340938
163.48842986249662
1083.4395235613665
1030.6017134079882
640.2438654012203
1029.7019669156625
615.2168492215043
1111.7819526357496
682.0304326802079
372.1709440149503
65.41859692461303
959.9100141090117
714.0230571988876
832.8941679581249
1008.2533217467601
484.73393831235745
542.3383277065226
209.48113597069704
919.1900940631195
878.9705274577966
81.0917797976417
682.3222003379607
749.3053356959712
619.3009090541489
613.7166224822186
185.641797668618
1045.9957693772903
1.1835779814328014
319.22624689415176
781.676986228563
36.18568530127971
920.4647978883901
234.99061312536568
71.09769213984086
527.3281850724904
432.99278787217906
175.46515193748886
465.9318070193426
1123.953533030487
682.1373439125534
1123.1090840895488
940.7013162352539
576.653011620658
1032.099205993128
1184.4764241140979
1166.81391208163
636.3791111563734
732.7727420811605
1002.7520427085932
437.5598130119466
739.0310953217703
1131.1211636200492
1175.0017361897674
205.10616691742453
898.3235983565974
1054.7136445587983
862.4481257984759
904.0963748622602
511.6820892459462
950.1541849286592
792.3272864282718

8.6 17.2 36.0 72.1
17.2 34.4 72.1 144.1
25.8 51.6 108.1 216.2
34.4 68.8 144.1 288.2
51.6 103.2 216.2 432.4
68.8 137.6 288.2 576.5
77.4 154.9 324.3 648.5
86.0 172.1 360.3 720.6
103.2 206.5 432.4 864.7
114.7 229.4 480.4 960.8
129.0 258.1 540.4 1080.9
143.4 286.8 600.5 1201.0

2 5 8 11
5 8 11 14
7 10 13 16
10 13 16 19
14 17 20 23
18 21 24 27
19 22 25 28
20 23 26 29
25 19 31 34
27 30 33 36
30 33 36 39
32 35 38 41

