512 3.0 0.0 1000.0 3 160 240 100

129.88499054447297 230.87920850288978
79.5712217632919 33.86005438300629
177.35491644359732 209.64990397024985
127.51891420860976 73.95544856303205
136.73754157985766 82.28607299148472
223.03816901817999 201.25156652651668
225.6139644345787 38.65290621841461
184.2219433399898 64.65994680237277
89.16973029817169 58.04707617820848
28.621338621648647 156.23732056553516
116.89580856050932 37.355211510526374
158.74598325046892 78.38929916734725
4.8464266572650905 33.730615680599485
100.11890389521628 229.7499207425529
146.47722709103763 210.38044524721315
43.61979929373017 49.277593213527595
215.8221794006696 169.47800872377942
207.13142701442771 146.1283805007515
247.95344859548212 157.47200043838507
113.06325550399879 56.733259674133315
124.55921862819189 9.236003387493447
115.83490043588837 121.10994164428057
35.907543927182594 25.17972774444338
175.243541591275 166.00298544607256
225.0357611143126 135.55642022972424
227.69999084251126 14.743462014567555
127.51609407292216 121.2003330212464
151.30688997764355 140.9370093987139
204.08712839411905 179.27029617911543
42.34080860437434 166.92390033130556
169.066680910605 175.71008555083347
133.70471682648548 43.76564370569197
164.7397297786112 141.12846332259693
227.4354701776664 229.22344357957232
3.545993387457119 146.04272619749977
198.87292880833425 195.42105883999287
239.6920899295368 193.5153263165296
49.14266221593988 34.49887003779889
94.99782462035222 217.79928517036123
237.81679970333224 79.09740094655938
68.25860257681013 24.188244154449507
247.3166800794934 102.90822310892811
162.80216904118467 144.65544641300667
57.083879256967954 30.78530062426077
137.04336722063067 12.727465678085109
162.95956881510062 50.80554246325511
88.98921825229694 143.28887026600353
188.44385614929905 5.637309679495606
234.3725821315384 209.55021645541487
86.84825725263693 222.40017642154865
190.32870510620913 175.65027875657412
234.66416129035073 129.94883717635875
164.4142433971136 210.57362974860328
238.59738761671878 234.90243844058855
235.76965164095637 37.07278119432591
31.86129701848858 30.687676686113193
159.1015733784382 222.46355500786817
73.83145547511135 158.52543341909418
75.6168520450185 227.27111728793201
75.41299515786909 189.6424645896529
184.2928410900365 212.5922724126835
127.28035294376654 13.097851710951986
230.7744162597349 112.46480326052371
44.37814204554433 5.087103853640307
69.29614968604963 105.28675657410058
237.33566149272323 214.84996737717518
74.91879346471123 147.7790967000803
223.53893173941276 128.7763694980403
196.17249696271998 202.60666473440264
124.55041323677163 70.23315147320139
234.2781658120616 124.3122447283722
242.02642821035394 123.96722084614967
249.97665680286244 130.61003802527165
63.659543909864254 79.26459739479772
208.7116033370713 119.27342220259938
159.8208666865211 103.35887031477586
3.175485503844222 107.33153999422737
16.370208299875095 158.41226500645064
93.75149233337248 229.88186382221758
191.69926881083953 36.30004985941057
68.66596078925019 221.19789643182997
238.51773170683222 57.08869146777759
77.54710146860411 198.2172047171588
222.08688266992033 0.6293998395328348
88.97771269416042 197.3946755704753
116.97165506044641 99.85099882615297
109.49143132174974 219.33546450353947
187.80664671008614 189.79161227917075
230.92709573255834 138.82935275080857
61.076255688626986 187.13380904461448
80.63623774722429 205.35234886076168
248.65782790834325 157.1816351768422
20.627642813760282 230.6200282460262
39.32724935179832 234.60945507713856
12.892827512097139 51.91934537465431
241.14464857135962 118.61104059638167
152.84738141824786 58.009205483164045
162.659775992847 57.743500537042856
243.9550907059518 232.5441872424411
3.7860784707357267 106.04432156299568
131.46479302173535 188.13171907274918
226.19470129646197 12.23036710406053
195.0100135080922 35.86912216490948
103.74545737216326 155.70745966023165
113.16091212607537 72.44733177595924
88.6022903784236 179.3008567600659
28.542309435645702 54.35537932205292
22.037213862828253 76.26858066034647
49.71526350356936 123.73648059850909
92.36689396646602 197.66288796845623
76.71015715959365 9.871618514956909
99.1406662111218 219.21391596777573
119.61153960440082 55.111112521319754
62.385917635069646 33.59571025539726
116.61292901246028 53.82117258118899
13.818597682705935 164.23132569735745
151.55213218873413 63.296390978634456
210.295143102655 182.1708426459153
108.38387481080564 25.778564579780728
50.613188047067794 215.74463642125224
68.31694855093478 67.8298636092716
71.45059259581494 161.07840061749206
229.53637261978255 18.07672638272484
183.46747330825588 40.00202254883261
3.8756570709158056 217.18201408980994
151.28413937823652 102.88665422797335
177.40226810686045 165.92871428668812
127.05838943412489 54.41040829593371
167.378996100391 67.40581703685838
231.65758537630964 69.88389303555006
77.2669199108289 53.551943746622754
185.4088886193192 165.67255080814897
183.8083449052378 20.468236178556253
230.54781281705297 112.50961827706787
180.40316766163895 33.03928964504305
217.37751577376403 66.92691781643163
158.82576470109896 196.46183369039892
176.66752697762414 241.48136343692207
161.56723976310022 183.69600886808485
99.55077767679032 228.52490970902156
74.48137910432193 113.511214667459
106.05285179543975 78.31008382248002
191.11210453531982 124.19605711228776
44.773109535275665 97.51936136542355
221.7190357135445 175.72137934895562
216.55007911322636 63.67381291553381
24.569182407810946 209.36505355744183
126.94688225691078 8.322662256395718
189.547403455197 199.85484529829242
142.89237545084464 76.35419768044987
19.70029108370874 241.11285459203475
57.35977406467804 94.19619086049327
45.43194349734214 34.927967901145166
107.60678983330665 17.581042607434398
156.81390388060805 25.955257680803424
76.47360148450089 168.1521583620543
185.8771905887249 190.58172075312825
88.91864031388225 132.4299664476963
13.93398549870206 122.53414032705976
175.2844640083559 81.03338342720595
50.75803315558233 95.43476624666997
40.743080149489934 117.94425896893404
212.7806704226909 34.26206158485595
176.5362074418094 185.7084231769856
77.52064865374805 70.34667948007845
130.61110090137913 68.85530953096558
200.06448557745588 122.74239937140885
184.42361434488342 109.07495912975688
220.22630221265754 115.7269311381621
230.90858612684804 164.1508847761583
201.40152124406424 92.05954617070897
71.73232290440338 179.59529403489645
239.9557536682109 11.078495608722566
165.79976287369195 174.69304934786607
180.04802493342697 206.30545580366152
95.79524632073608 193.1862029598593
56.31410118076124 124.06352959571515
193.20733201487883 23.814859913102115
196.7371404862819 173.8776324291324
236.33349391557965 184.28499480062553
201.88021102348185 26.755905580417988
212.19501323641657 175.95966650220586
198.8308827423833 153.16692580633588
160.5304874851231 65.86393812073658
32.090026288341036 132.27315507054524
115.97985031373389 44.44646957134354
184.9081914865689 191.89145919404442
89.29030920469508 17.031340795463617
19.431240546988498 6.345504115557649
83.44672359996402 17.143415791792904
177.40583126744832 196.16582868236316
249.37670596484716 144.89234335053615
43.21225127681846 90.31247051755378
42.68890844220591 210.08177789411414
220.6677508777303 216.924665449155
195.88394940002678 144.5554717811658
50.48485095441155 29.72270431938895
186.94231686003303 51.14855532233153
57.62028612704373 217.84513265908006
109.79341754627988 203.31910924493803
206.75160918616206 5.480744844314045
96.87242001598729 23.217492932261248
31.07162099316321 140.5076031968502
101.71672240564637 37.200662571447104
224.29294137375334 82.3770159458706
167.05036371077327 200.6895418562046
84.62254920636234 208.61237771511028
87.81343164191793 31.435065085832605
177.94893541916215 82.25982994614756
11.745588529310874 182.28510882232797
157.14540330832145 44.98647278819237
100.52104973314538 35.90797996732589
96.11165673530711 174.11344958368514
54.89997623809462 131.83818298937683
100.24933831394425 87.03390761743738
46.30124262567803 83.04875420964059
142.15770431026687 133.51581240081856
75.67703684126626 211.24097910738342
0.5586302889861727 46.63519686694287
226.6782609794079 232.79900449044146
8.693537259756079 114.24344640251263
60.647491585244765 52.000022996361054
206.1112096086714 113.18879373538071
6.375607223886054 125.7824211181669
106.69283519237693 53.55987984896418
160.04745430879223 155.80170399179258
44.36654931553338 177.67364022164375
230.19228913231703 89.9248706718882
148.67347675938862 15.666262134980984
153.1752373765251 161.80683740038438
74.00929401472456 136.1738978039718
160.85203391461164 1.25508302397756
36.04473607390069 34.08783613241423
225.55059423300153 61.125418125827615
92.56310035425572 232.27162742192445
33.454645726029106 170.08995043398326
115.58467951667045 51.67304089399399
232.84630838432378 40.582566069663564
177.8425899701128 19.047806672352703
132.69395530411958 197.2046611016924
124.20142644552196 183.38479380445432
157.87745612683042 201.5515204507682
177.8278566324768 141.19403865440557
16.335336316530196 19.852099963841074
52.82850408243186 53.58634011267691
147.9216860486108 46.10017127287808
230.94912909886455 64.47724868496465
167.010224908238 91.1733645686335
158.93680792833183 184.53503078926133
219.09626044084226 21.14942019105717
202.86131101018586 6.094223368966173
110.61550378148335 156.88488642232505
67.66811705369014 178.503422058206
168.44141563510377 127.74728032347807
117.669113044713 195.90367009741996
210.7463235804952 117.96895395355695
225.39050694717184 228.57405504349828
15.013943534999713 237.23271375990825
100.06662341613756 33.13264610062702
6.096453617521758 28.422698194770142
95.0736841787942 13.098478788196422
35.34829538227183 223.1899726338568
243.53823118526017 172.05897809905323
43.27372107338701 212.8431243846122
20.77224449203857 163.19682245205482
113.9561171410248 103.69912092822672
95.72675950297663 67.2208732698665
222.78150074463628 69.56220689477303
198.2641322128054 46.24136627384026
113.68762101951677 45.15828415822229
214.44191697719728 55.08646444165327
238.11092949601985 14.955561187399823
18.758891851289622 231.5699839166388
78.90997132815325 158.22392734943998
55.180217225552745 207.55294699697424
28.225527809360273 130.3267441853348
17.49413520541823 203.5896028752862
202.7995696250952 225.19195857814108
195.47190201834454 23.806555066168826
111.33872270393833 244.3070715230188
33.63397419483039 18.093650257984677
68.85990873856518 118.73089264182279
171.40970965149023 129.8271155763349
209.9820414244048 178.7117328002991
159.7046854967641 24.60296352094138
239.17923207599225 75.610437856127
41.8716000233397 85.54416583451385
34.59939714293722 25.220647347790003
97.54957430358971 185.13510048005747
163.85910683140244 67.86510358088296
15.829609175386617 221.60675341502966
100.84607891892519 53.7200562307239
189.0762149832102 168.43991042696388
156.59383945082325 236.2689736105842
1.862568300543599 59.15427426534228
224.80225953999485 225.76644548709157
140.73867078837424 17.682922317922735
101.09230625472021 209.93676400447293
165.33761400454816 247.64521445424467
125.84923613710852 100.50641688965989
49.62530231672332 186.19647615264458
2.094047840760227 179.9391159703
208.12457942740957 126.75926080855382
113.18609049420323 247.84489769429504
108.1065685796792 59.27350700057066
135.73754279920513 233.3696271027399
41.99063294736977 122.56895199344409
86.91789359478766 52.688436262210644
143.9808225017776 145.26908400873148
157.11792625447833 200.1765053731544
3.429867303208961 50.911297193930366
225.3787816975943 203.28844144621678
114.92200363574386 89.9209565214317
58.498236606887716 60.073042399239135
102.77089418277441 84.01719872502497
12.206555801794972 147.9604877786745
1.7424776016877752 33.48249352200505
232.3035475091572 8.965412122434236
28.026290523181146 221.1241967384405
207.54147719960935 132.3082194592387
108.64830964180017 79.31237874580022
15.201350793421275 205.08234429151221
37.97366573059083 80.66793741162603
163.18584198235772 215.14466360196977
197.1149370848633 131.5086850879582
197.85052594764824 153.2329459445184
23.764480467414305 16.11809218854909
46.80964649941777 31.377475163516966
139.83904887384585 155.17181168900743
71.14869383798728 12.671667387037456
106.27460295718575 73.03870457659289
122.66933749081736 97.8285485589005
162.08184604564505 54.37884071590282
6.4894303457378735 118.98007301484293
125.61750035404005 189.37953503743742
209.8617046567627 34.44873155712322
239.88504367578065 193.62704676848924
178.34774101506406 180.61046413845287
224.06391978894672 68.57265334264697
224.88800523088668 70.56632206545851
145.46646123110148 5.060840497609853
96.99859261387567 129.7378467478603
215.94755750245045 101.62656642244175
72.81497201075848 249.9647036717852
214.1749320165542 242.0646942741601
11.59107993162148 210.34771192718145
189.98804821991826 99.72630972370777
120.06149383411194 125.9834476889688
110.46856772478317 172.5954489900367
149.4076705704901 21.414426788140233
185.27591748937277 176.53230756747575
79.78584321084777 146.8135071110469
160.23740151416115 113.30712358383165
12.944607123589247 24.628626273610344
14.852530080897125 108.11776986948382
166.81581315247846 208.62814755937765
153.54597475688797 18.46491983628773
65.7077107846937 188.4741992605226
238.41644218102937 87.93909789157453
241.0936536016167 155.97330232223942
183.6651552112073 105.78909353447655
82.1914511560064 218.99328418297895
176.57466612298307 64.79148832250847
90.72634907636218 191.4410755434858
64.99596254742102 197.03965135095137
131.9606919343236 55.39038168162194
179.4399148197183 248.8870071594204
143.04126091465187 159.53061435858027
227.70125810972294 228.53135623748372
61.65924132261505 32.461231146938
55.76616399302883 242.31043187248594
116.63420588271508 140.00957577761778
53.434506930810564 243.066838940998
24.313113991227347 131.55924593902154
34.89894810857591 24.22941549937374
17.43230343894897 121.83438264740364
26.218472029431005 128.06161982787455
145.0353740030351 0.3906343780215593
195.9326902363736 125.03078452110248
46.413417198391286 224.92160841409694
118.86030611627663 75.98882585456343
97.33143040509256 47.02667216746711
107.63177444566624 239.84658725878893
148.14267159295537 162.15403666385754
76.63335009037606 192.09729225683623
143.26982699461888 79.04307780769828
30.55020374786674 231.99463184159933
147.70982930130955 205.98749228315177
242.4994910017744 198.10748079023017
9.860840451896113 72.66402382778838
125.05082114989615 94.70514538136982
222.24972165463976 151.2611747458059
3.167018917133557 75.92413178045321
173.61298136072006 104.13501471302497
21.371132343863785 124.4283817351243
214.6490892119052 112.61704305564999
60.239960443201845 49.606973534290944
70.68535571899162 77.23519389674932
79.51385531501481 184.31893696527325
16.378149220571764 27.543833999571664
218.02513910119953 122.55292887742993
16.509616894587325 146.69133830899798
125.36828988353577 197.7147742167843
98.67577402171376 61.97551730321263
21.740989002889926 209.90215347816374
142.6403759436366 114.85374818984592
101.91047386697372 115.33064338804964
22.51053751918977 6.4590688363230235
190.77646689914965 184.8233793621149
155.35937549027534 144.399169153659
232.67941259995632 67.62379700367299
208.2363695884683 161.2014735686743
77.00517283118852 157.0701109156188
2.719403065098158 94.75931376043408
231.4745888193917 146.0436909958823
226.84115867434488 92.78825378146207
31.135560141584 112.19391127350359
34.45819302716943 139.2295284616938
90.51808348813046 174.5530456871099
114.53501371464428 41.70493247395601
170.31333396641972 51.892093158974525
198.32362139935216 66.95533068327356
82.35370410268195 179.35268817582246
133.07545613340426 66.43615680961452
9.829363949163284 144.3706869681575
126.38960974851408 15.421961953882985
75.61033043307958 107.19057104281995
95.13877712717553 229.22774080025005
166.64551783575007 214.36884322216707
202.43345153467382 246.18521763200084
151.79199601065338 101.44997380420415
19.077244844284856 108.99682184175641
69.62080748337604 12.479927328174211
90.91505230207584 147.95660589045488
249.17952463030707 47.006621713186895
203.04136058180978 224.02667407105596
40.356286530213644 219.79699824828444
94.83387703367977 29.31048968870553
152.3828841339644 235.10442669171076
43.75902709996765 134.30774605959147
110.2383570556206 242.53235261530858
185.33654143962673 159.65601435395328
193.68631953061626 223.17596537879476
137.6089417790149 8.544861609315197
2.206745913985869 96.24067215934306
0.5523928961706503 221.79179726193806
169.9197328288167 70.94894075103403
24.657438143294545 69.6116422623527
131.34215823534953 31.822310587590998
88.83766466126991 158.0899184872359
59.25184577020737 242.92387364660803
195.0158025635287 217.39147387191807
61.9521357220697 26.367471911585117
130.38281860959722 133.8559790468821
134.59735777656434 23.124049043415834
67.38436005162582 64.88738759207843
103.10635318219921 243.73907825566457
2.011037686539291 8.418364282443719
14.209540145394161 225.2425659234085
18.819863726519504 117.65378712803826
214.48070758155626 208.37793097306138
164.06829501322048 48.19055554773849
128.041383877434 6.874517701786043
52.979139069142036 214.19605281812932
201.62065212927226 124.8737840711768
177.05122360619848 125.45915635008012
179.49913876845625 79.35002164920782
2.8978955487733438 76.59364283787046
144.57724678442372 98.18396239408894
232.11031128463574 99.64208088509172
198.00322578273335 57.00286871004398
60.93192583973242 179.7214919375201
208.8460602551417 249.9205014026475
206.92195861420967 213.40600425239768
178.29572333764102 233.09257092335992
11.620976130670007 122.58944953847845
86.52564597390275 230.93039203585613
246.58519057381753 96.46018579347617
218.87539436614935 74.88921151177472
70.85863018483562 111.98772295127529
236.74461577618808 38.60677094669046
209.50442348422237 152.44076273131643
195.14693616174975 210.47218492393156
1.3147156539845828 35.73140888392037
99.48007714969845 63.88787875090485
211.56782968322528 162.3374301198258
0.17052819651894313 127.57981310775271
171.098057057901 111.31254805764252
172.96486370580882 69.18742428660116
241.8663658586666 174.2620235615733
161.45644606092574 112.70334297599672
7.70359726544248 65.752990237644
26.613933070469027 186.0335844078915
36.80023550153355 56.39097562422057
48.90489193871081 45.56152581766687
157.82257481161793 78.00250161468419
99.71281332065365 73.96048980425549
92.92716554479388 211.82920414525077
9.028236153918678 190.65028774339908
131.17388941060895 234.9296421793518
95.42396619345689 212.5276182986479
189.4260021787651 98.32386024205297
229.88609706037388 240.3623296440668
84.5149780920125 208.82446645224775
10.96312161210361 185.59786028614278
175.72635212652625 20.295869034253567
199.29304851292534 97.80222772937414
218.47663628235918 184.1465282114121
221.92680921818268 43.39407906029844
47.26694632695913 124.17919022516801
54.25047191911603 59.87679645664798
31.492172446133505 221.169968556613

131.2734064449098 235.69961192414556
73.851270623394 29.05912129905555
170.59400758452477 213.53509110546977
124.19361640494608 76.29639759676895
141.83464901610913 83.26335848812208
216.79413643389503 195.9648872379428
225.47346264926585 43.68347073118048
178.41686205482742 64.42324331568217
86.9278526373011 52.948383249485005
33.54547624566517 161.48479673729915
111.26207251711439 33.711902999886576
158.82780072427624 86.03545124411386
5.399714397842981 28.785765917471785
94.07497438765589 228.79021175537753
139.60484719495628 206.9080283763932
39.01927472094766 52.540483330097224
216.28042224537316 175.07742437080816
201.4643007586404 145.53950413056958
249.61260215666982 160.57267317365648
113.98493992722852 64.07180033343751
123.4583228486402 7.275121574573995
116.22012021099148 125.08940153620168
42.36716946759125 27.81908194203353
182.67152672157363 167.05909769538857
227.7885605146017 141.36174758417548
229.89744040106828 16.089273192998494
133.69380261276288 116.34841057226176
143.96358844780943 140.85778698816927
211.0843983091439 176.50975667610828
39.72519546063924 170.93946584985315
163.0519447760857 171.20807649856033
132.32207991978635 49.4963758820641
170.26446289929626 138.5275804420705
222.54831138111768 227.28054892495905
5.5233907291423465 137.9383518027861
201.3250757015569 191.52445909340935
233.12339413104078 191.80437035719544
49.83107991249558 28.577974989819232
92.12138300742595 220.22008702849467
244.9057034318321 78.15824977264052
63.09081878957923 26.657841655484514
244.19485070006053 108.03552050221666
169.80024835776456 145.4753316125054
55.474668479291886 34.13961701632762
144.84646247092658 10.949718127794439
160.81909614253175 55.74301588016359
82.31653042426932 142.31112897787645
191.94525184965437 3.762947426956126
230.13368736249035 210.57501464927097
86.17513962896203 226.59748041509795
183.46484562346288 174.16954447915444
239.17600585643714 131.22923581028405
167.51262879908722 204.56196929659671
232.41025166117632 235.76373049812457
230.2660056020621 39.262153191819195
38.03183330495083 33.73610699026489
162.95605187223057 223.7950648335596
67.53201556779523 158.8196451893849
80.0405145361737 230.96515935789415
80.19493198266942 183.58382798217713
186.46229256980766 220.2623404157451
128.48130632802568 15.488132057618314
230.1371622820198 117.03061443307556
50.693704855023974 5.754347140633303
69.2017817119695 111.43379747246462
229.79583095551064 216.79463753337188
81.01433742773384 146.34864603978667
223.48206986954855 124.86209310561324
193.82172426767616 196.1781204633271
126.26860469946763 76.22884717592227
231.24454994130716 130.33979619560992
249.46691433703631 126.62228488382648
244.62932469699768 127.20195745878915
59.83862647077812 74.01722032008401
214.70429802146796 114.63433537810782
154.71938990034968 106.88912570690051
1.2156595274086246 101.48657292041119
22.014353261016 158.1636890641139
90.96577131276035 225.24396280483418
196.1214504233873 36.72851339106217
70.68450504866291 228.55970155646014
233.2202320688401 63.372043414137266
73.26295131446666 194.58704490984823
230.0642555629753 2.0230093942721075
95.34258683336428 191.9662285986058
115.5371884948923 107.69184457852398
101.60904376137961 219.8425494940529
194.3497852656951 185.7611396911891
231.73355369665856 137.08346529627406
57.23087901045687 185.00392813661773
77.99233712745581 197.49134582003788
246.53269987272427 163.60595584440304
12.388634796051873 232.21459968349996
39.08062534464807 232.56039058608533
8.660086414669587 48.370598096076996
245.96338121931487 124.05776732732518
153.93317210512407 55.04579434065235
155.22780879684757 60.76418078095377
235.52034670208562 232.31427190982083
5.213269974740475 110.72868876836586
130.449968075975 183.752550827678
222.8637728526766 10.891108756703877
198.19917121595876 28.648067354256874
103.85168916335056 150.86359284585512
119.27963746357673 71.46846832882895
88.63829065681117 171.00763857403774
36.42496245719734 55.51139736432967
16.734446652458296 71.60920410721727
47.253856388928675 120.60498954233474
98.56425925254314 194.31024256563356
70.46698855793946 10.216911093766878
96.411716592594 226.56790704152732
118.55919143669807 54.95286873557259
58.53862830920764 33.77770449610038
122.92299791699234 54.30372539020048
18.737392491643025 167.18725818289244
150.82692659192261 66.19304768748505
208.7647482488747 187.25900542575104
103.94036541731458 31.828316625149455
49.04098613677707 218.2415513648518
72.93244491779849 66.75155619840339
71.88451928147394 157.6571064560777
232.3143162267037 22.61195562675053
185.3538299012501 35.22656341456673
0.0024796587953512805 213.84268830490097
149.6650226688426 100.56256637402109
178.6780626686708 171.4441017429596
125.60913703236318 49.163177680459164
165.47131025041114 63.16315737141082
226.57125436780623 65.21088146221324
81.28148658080636 59.69571247425437
186.8012893383044 164.22003512145582
180.3502192108749 17.1213824591491
236.7535463179561 115.92172034963913
176.47770251922466 35.38584201130154
221.3497676176891 71.82855864142948
162.51723493464846 193.90313639776727
181.93587917794449 235.39602970677433
155.11669657579355 183.83173772133267
96.00936756325554 222.8036462155912
72.18931050019408 107.9280465055245
105.2373676875803 82.5704563409079
188.39050849625536 120.80164266010554
45.46772574310917 93.45703424289987
228.78309972753203 176.34740541593413
217.96052364126544 60.35113727996491
31.46847244296899 213.00551750920633
125.99404035408165 13.989677182737692
189.10735900958184 205.13590300929994
143.97381222698232 78.56178052913837
22.647885280920487 240.19223762666465
57.16556805825201 88.78852051484584
42.366740516037396 37.201094367228436
107.65893295279888 18.420029364497353
150.58001384189413 30.00490092547581
72.95736424892918 165.13320368292375
179.8865462153961 185.07495677368016
82.07503964328005 130.6314030576865
14.608106282166911 115.43144474476519
176.3415769598098 75.4834476156235
49.48323416231199 98.89375537524889
43.75526954027581 114.70139955690831
219.34499997016343 33.164712428292084
177.31511872893478 185.0873198517109
78.18487250826955 73.34298815669655
134.08245034569325 68.32717691428081
203.64988801741757 121.00209271593978
188.6498120761533 114.20111331629232
217.18865507938781 122.18021281329794
227.02197564381262 161.16175114260903
208.9063930313729 93.03777571478003
71.5055819694787 186.6715573771278
242.87367132265445 14.164601501629653
158.67443241724416 176.1181116319697
183.92706561490272 211.4089197599154
96.42170872665278 200.2107581453207
57.26341196497201 124.40312684985929
192.1444497046163 31.606397741306747
198.15146118708992 168.37820577921954
242.5287698022325 185.40881687518058
205.1006815594936 28.712011857241706
219.25312155682647 178.4261524491617
192.9580582459573 153.34493366335943
159.46221042507187 65.40771060018194
30.605100479122182 139.7383055645439
122.85444526247721 48.04885382881263
191.58779785914024 197.06009478024285
89.70931759009598 11.1733809419248
23.480971765685865 10.797959031157738
75.17005609288633 17.001051647782234
180.36645516887563 200.35195750214933
249.7049492824603 145.17682963614428
45.05531113029754 94.4700576766133
46.085077538231985 212.46874468220688
217.72296631605565 211.60057951723388
195.18456042410818 152.50139392964198
42.60148987508997 27.46098938660202
186.70092092187775 51.55739650506253
60.33211491691168 220.18716166032664
108.42592959636407 209.56084655033825
203.8687839075018 6.0333385665138906
99.99162957894193 29.818167549831937
31.205954364946304 137.21187798861544
97.08893860915572 36.14281803151562
223.4831293935463 79.96540972926971
171.68704042449832 197.6052762873348
83.320162657362 212.2131487911964
87.16801593784099 39.485343014258625
171.4825680891674 85.17927184494297
14.440873234028484 180.36093936988982
154.6803592692789 48.46820582121564
102.45566661573798 28.66594665145175
97.39207340447732 168.93509725500567
60.028150583662594 128.55133709505827
100.77719856989512 83.07247843281229
46.18640043133998 88.30295808166863
143.55281963931537 126.04763817020643
79.77998003967896 214.51102474356512
1.0975972263462253 54.52295395986231
234.409326442351 229.79661341350516
4.8489042502415645 116.60994870993736
52.67394823962271 49.81576923580322
203.00957426437645 118.98397446829873
7.936910763695293 130.6693853517709
112.05549691024267 59.39141845514398
157.56451858372844 160.85451917673552
37.28994925538598 174.18659773592978
229.24797411592218 83.0283401012418
142.80633239555004 16.352207587296526
152.98152002218706 153.63454160111337
74.11034703062766 134.03978262364225
164.65711574976945 1.1092904048742303
31.046412390300677 31.955384008708094
229.4450872174483 67.74412939746793
87.62850723999047 233.2552154629555
35.157025482216056 165.55806527706827
114.08423339622473 47.97833026995374
235.31385457275792 47.6229802870482
179.8521910723721 17.714476992020558
138.06216052118356 202.5149865062398
121.6215335549855 178.59587256889662
154.58086380339353 197.20334901977742
176.40644316855827 147.52322851258535
23.884871631502907 23.19236031175195
51.12631014584743 51.10200559930736
153.24738341307477 49.899433629996246
223.71706233516863 65.02032433902774
170.4759066995498 94.60928748424921
166.3621340218149 182.0744059889577
219.149181505566 22.996177234055697
205.05721298122813 4.178992782959801
107.41359865922972 162.95770137745941
63.19348805331429 184.97545993686904
168.02587448354305 130.06495484698897
119.82863643712 198.8963182176781
203.82084150923325 121.75167702599008
217.79107077057432 229.6653713182093
19.239712938711907 232.59118677740494
98.54360720221014 34.24399471659806
4.6646706812513985 25.486050803604055
101.36848688124498 12.411340130519505
37.80794868740736 225.47482263320865
243.54653198903102 177.80862614482638
45.32543719783344 215.0352846019137
24.652288419368258 168.71309290808327
106.59468394022662 101.98914425787022
88.55878494837363 66.38268211239972
228.73642003934214 67.76333228764724
202.46092927087554 39.1724660180465
113.04388322024805 45.83137846184665
214.48767236475553 62.86459775925734
235.41791920598763 17.801068508554202
20.974593260055325 239.26689071899858
84.00837254787247 164.0822970557961
50.71203116623413 204.85873585089092
28.016781062503714 137.41203057156963
15.110519501517844 208.84741539522244
208.92490620754975 219.4033308289344
198.1723724993013 20.432814053259364
108.7233319142811 245.99159131222652
36.07521533620817 15.812304084854373
74.3129433245136 113.98469544991993
165.2288989255859 124.83484463375503
210.10570656680738 177.6937240128669
159.7234293052369 27.312346738558396
245.4331061933843 80.53239194250617
36.91303692278086 89.2016307299322
29.132895631347246 26.009602450170394
102.92495446537289 186.0906580280259
157.87795255208795 69.08471731026813
20.116654238767655 226.9762862712622
101.01334331524441 45.807230557680654
188.2756439815686 176.0785855258513
164.0305689791562 235.5524126509853
2.579626025425524 61.58360565889334
222.0425348303734 227.70295843041006
134.55559890396887 18.488823910515013
102.25720437199156 214.66389419461672
158.42909036552686 244.67973351820874
120.87356137754816 95.85086608467786
42.884887491480534 183.12099430400988
7.29865047368547 178.3558411921212
216.2664395959428 125.70750360381602
115.43701237605075 241.28773373586574
114.010759811552 61.90235084752252
136.92853852623057 235.56964811865208
37.62167411045775 124.99402918397337
89.94032846966584 48.29815238166829
137.7348139710026 139.72858295629055
163.85376604308382 205.30174156582177
5.257776438601369 58.77300202656669
229.2579270629163 196.1803428629818
122.4839438456797 88.46138733257658
62.2436740979391 56.28099337313344
99.41612465988628 77.11774127908355
11.300272204769229 146.421530225547
0.0531913611827306 27.03565938738914
229.39625659690023 7.055897903779417
33.754602327814744 218.54123756552744
203.70942385921455 129.26987892420567
100.51811201015786 77.87601353220965
12.804747250057535 210.17359891801098
44.68823507295744 77.86511742601674
169.59065621983956 220.40844966009902
189.22221342278516 133.160274805185
199.1246304626577 145.12058508300223
21.265094118671197 20.03438590925441
40.411878026900744 33.42247848369487
137.50751629328488 161.81123727372398
74.2803572176752 8.806040256981785
103.46354805416289 70.22778891606116
119.24975174976812 102.43952297528242
156.24049952166297 56.351682058813694
2.6779372658066736 111.90866124638448
126.46439717599053 190.72646620006952
206.33184055504282 31.484025533261324
242.4342365145026 191.49855802243397
176.8246254442513 186.15288279616982
223.8411973252709 70.24277205537317
227.49540029365696 76.25551692971932
150.65337498614988 4.40220439896949
97.80157308343642 125.27105736426367
217.05892786904053 108.55601360085836
70.82981527202712 242.98028891315192
217.57919067012918 249.6813852462953
17.85921082572392 213.62314125722622
185.34261227170612 94.39688715156689
121.69349573648253 128.07152596714482
115.4728441683186 172.481523111007
155.92037671255838 22.64802352041598
191.87729333013988 173.15469882688456
84.94752465127245 150.84357078628182
166.1751835135293 111.52837364701995
10.745863970461873 17.31520049037269
16.767878965656873 114.49752782568397
168.77166576583105 212.99813063277523
148.3047835745825 17.215113160989365
65.5125896414269 192.80474940043032
240.556077885992 88.43154157108756
247.56372803168088 156.18920947769746
186.28392149438042 99.82036462527059
86.54715194488963 218.02856495993697
173.66946648419426 67.00121296217851
95.26497075173084 187.2776572368104
70.02727831472406 199.67026675617612
136.98511817573385 55.84825246871569
184.6659876536426 244.95031564643804
138.37359269482454 157.81603313190794
228.5706699612317 226.49446176476712
68.15100274303887 29.2950208906263
53.49318605743852 238.19942364708166
117.01691299903929 145.54678488201543
59.88603627191966 243.41213803997275
31.64137392268393 133.9151845614695
41.83938842419913 20.597835499671064
17.583113835168863 121.34760269836234
25.228571202318804 120.03239870535768
141.48705623714685 0.4027145734265547
190.35344216485998 125.72539966957282
47.05692933742209 229.18932820446523
117.67392318344305 71.89658682520344
98.62982411435291 39.589916487736105
114.27979899100299 234.71567772462797
150.3584712298732 169.43045255439495
75.36107946425227 190.9938483068381
141.13389525504127 73.75253222652611
23.269838303867196 228.8458611037299
145.9730167447824 202.30615191448163
241.99961234758837 203.535913871149
10.757385778596557 75.34477949438265
117.06603177390487 94.28213019657144
230.52291525036767 152.86178495530322
1.1323091858951306 84.05440654020363
180.38640667060557 102.70974587479894
21.491795445795823 118.83299505131986
208.29520438991895 118.01515179889068
52.67939039513117 47.307392298038906
77.05851738921368 79.87383849972169
81.9463744449862 183.21526589819186
18.002760863735784 20.95249135963381
221.00778064332385 115.06299696199996
21.449159030323766 144.65923963051753
127.7639603999555 190.54669898241656
97.891029385129 67.81984455162262
15.882460083526368 204.11200154832284
148.9437319649587 117.79756667531322
93.97827890103957 117.96693017922752
25.029703246175426 10.77849634304373
186.05612119507595 180.84361178824457
159.4351458904001 147.468984093992
232.31465217377078 71.70045594117688
205.02208897341075 160.9693613513498
78.28109611093123 157.12161968998402
6.28875784341007 89.14042283117482
234.46779418086285 151.99654161101716
226.01661779541783 94.6248142468695
24.489682082948438 111.21239076897268
38.0607098723337 140.19844815384909
85.20488429768596 172.51495691005172
109.70312027946838 45.13055749237566
174.39485836675996 48.788871361046844
201.85427867752747 72.99979307471477
83.30829582206611 176.82928143800675
134.85261175861757 63.4409787025502
16.70949740563113 139.7870426178184
129.4261514668287 16.01695426064395
75.89591253814551 101.6153149233878
100.29406211915718 224.5219301177529
164.1937517416378 220.84097187098865
204.9677149721866 244.4826431354301
151.59148067974374 105.24573394679523
26.124923175731425 112.01910571975831
72.051732767098 9.975709786878479
98.8792442289663 148.70515388098087
245.75128921623437 47.17912071947697
203.3605657876353 222.87044278971658
37.33357915953172 213.14730099864138
89.75658277766874 26.058214801604752
151.67090550670224 236.61492649068666
41.05198121966919 127.77987461338489
114.8208570320887 245.22862918553673
185.8613718554642 164.61162311203861
196.78182712313756 216.5861591610281
140.44226703544757 10.604652392796094
1.192707867998355 97.87593086605925
7.30025099816714 219.42426065582293
173.79930071294078 72.98698548668419
19.67041484003565 64.5015857596303
129.86217579450303 24.555233752612427
83.96639109175233 156.86551784301932
52.93577159035956 248.43044036911556
195.44442522939104 223.10240807252828
65.30954140040143 19.086622777589685
134.07751134298644 132.91552142971435
134.99226465309397 30.676289206179902
73.51569366857107 60.65099050243114
96.84237315097147 249.2860631895194
10.198286243020826 8.351337838776729
15.222223404626895 220.20835539791167
22.747687209725697 119.68464040225349
218.7936844396709 204.46408108450845
171.79248315086437 47.86910767508893
130.92439061320772 13.833956690111894
48.36318992987271 213.89307422036845
203.7970012639472 124.28703174306705
180.99853497460117 127.80739511803557
178.1121106527166 71.03641299762664
3.971055087276132 81.64378430084612
147.8607347415342 93.08046011095874
234.02481223180058 93.6501485800604
202.3233359700465 54.89594583343632
56.08980112012502 177.0555622486915
210.03322760535852 245.92641321087248
210.1661689435878 220.69538806445445
181.3911548533887 226.74861358159075
4.961442402614702 123.82570767083517
85.06849199647135 226.0620377644277
239.73367298073396 91.80063003486194
224.44943131386034 79.36035584561243
76.2575543744105 110.85082984535651
241.46997314189537 35.07729207769822
210.59009982957 144.9984581511666
194.22172047570908 212.88271893919847
8.104800233633746 35.927367139253704
96.41538423917204 56.16216606436311
211.3307268355303 154.45390028478508
1.9126217912565635 127.81126562760636
175.31909159648674 107.00377584311768
168.57398601143257 66.67778561600818
241.57596741572723 181.1381015881365
161.80785203506176 120.34384415962809
7.916081173653194 63.13597987933081
18.861361519210334 185.48625534489005
39.34026089480081 62.0182151607275
42.222913973240075 46.36400100706234
157.69894385200186 76.44444150994326
96.01070816706603 72.54266354146458
100.6534901469675 209.1631486967664
16.87607616982009 188.4643927517977
137.50990258920567 239.86105493342967
93.38516925077151 209.029906789522
183.0155569493329 99.39066465026886
224.17365995910427 236.27530222974508
78.79574076762141 209.71182049074264
5.313792222683467 180.78545807494456
178.09773311082486 18.33199072229738
205.7599922553386 99.51445807564929
216.03188482277923 182.81390711374058
213.69176632170633 42.216636767638704
47.80350237748726 117.3874803464203
60.30575734565155 64.8508361466122
38.751498461144564 223.96134457851966

165.66073830859582
1098.9220708026517
1170.3687240657089
1054.1361899014948
969.2347863429075
478.3015310476034
1035.0901386947385
112.5263708460899
195.44568713773276
964.8215720034729
308.8677185571728
683.5781684064816
567.2209566627074
206.43330331070672
52.027472420091215
601.1437176171763
705.5961800165541
1165.6346720488432
1151.218550582184
823.1980526194554
603.2088419069839
286.81494988290916
1084.0017097099792
467.73083918318247
690.1249875215583
232.37826564296648
535.5087674348367
857.9299424720674
581.2520496369385
740.1877578801765
869.72079611372
379.3645823651263
309.5848490694633
242.2267554294794
67.86071811943576
192.35881327561896
188.60630020337723
85.14034790569195
432.29973887636623
563.1165391860802
64.47841068937576
319.726542300924
89.80476730251691
460.75481914493975
672.4440118449558
176.23375397337406
864.8618503741973
259.906838298417
1039.738667206811
40.80629767606555
666.0130464243392
406.38718300975984
848.120160943735
891.4050805124461
1092.1497281651582
941.0950282455245
1115.60943582836
109.66113315356037
1023.4067950946167
1018.4119827052589
718.5257058877228
526.976207665553
757.7961400618673
1174.7512576478794
1070.0339295061324
336.33328854661477
194.15570132483336
868.9787523930063
390.3406667594305
580.1646554772185
997.8795488891943
1124.0055091432696
1122.9801509433164
225.2138071779308
110.23049994823113
81.411387988264
434.6946735022485
898.0674231386804
381.3533425812386
968.1588951248194
670.7953692810596
415.42372898600604
1080.0641889306637
810.6631900667869
766.460784140029
1185.2962355943087
237.5490701406888
430.7236672138547
435.1082719811108
907.0704740204691
354.7458816214856
240.19043098737072
666.7236082766394
77.49747127808786
897.4254801950044
608.3549284792527
1154.0401762113274
140.8354041912313
762.1979699330021
874.5292659968484
209.0500003890844
1143.9322297490976
201.04768189161
1066.3168129641133
699.533848565063
243.30844813486624
683.0365013538644
845.9088914983231
534.2002220418453
1130.63708893896
213.32120960298207
320.7366954598461
310.17217394907135
532.0069534486513
700.434715880397
394.2537904351879
1168.3345637536834
213.1785430646847
985.4735966769697
609.4265459586226
909.8628534209421
987.6582716018017
826.397515882039
495.29520208112433
981.3809641005686
990.19686879369
228.6212337300413
435.09871904707217
770.5878599505012
571.9704165402745
225.19880472228377
1130.6170104171115
265.49209779180006
578.720264551977
333.42930968643776
311.3394116879667
476.991310614692
626.1695241795221
772.3025285455799
649.7761708309223
1197.13826353042
658.6535353124292
1039.1053920145396
732.7387104765917
642.7323942797681
617.6499948978911
934.7180038244303
1037.0248515987184
15.308164335192552
493.4220345173051
421.234565255668
502.2570690480244
80.76551813001902
816.5217019734262
596.1358466770373
846.0112858228395
296.883258285471
468.8189023915143
840.2200177560884
954.3272216143666
449.717336672046
1103.6481951683465
373.12454104500665
868.3148646404294
835.8766432750793
366.9358236090661
654.4899306496052
69.66586210616322
777.1448206639658
701.0365931528225
317.8038418819132
789.4881021853187
660.4797696996968
568.1386440719668
1144.8560400399276
503.8290376499806
614.4395157561992
197.33162453072936
628.1534636484134
478.079491322329
185.52777604327738
756.4588512505243
697.8848852219015
60.869601738987214
784.8047706786201
1164.3537465527995
546.2474873329417
1024.3129954272467
675.9151770864868
1067.8325806602359
1157.0117213041567
527.9238507658579
64.62018085887408
334.7718400520772
180.83404558514144
550.439685933642
624.0103574608326
42.671266178142304
528.3318566450894
167.98404781460073
385.4791344587152
912.1593729285177
472.3450327245154
846.069902323236
654.6773179167565
127.95234267240836
547.3243703488419
732.534759125963
1002.2271702262108
1169.029400769327
90.1534884038488
557.2061794754313
76.58900430769545
685.5854790974471
107.00889975138851
549.9991081208967
1075.196872388761
35.72940786018779
483.1307941798577
1086.7598027863062
201.34048952487214
636.2977415801513
89.9026802931312
826.8537636163151
872.4393874426415
180.91250865639836
1056.6358063298778
811.2710593230207
850.8216877595154
470.02236723713406
1131.5768923544792
906.3134611735692
180.23264669190286
251.42180403131232
327.8643015734522
228.74272070297786
756.9700706871324
107.85302963595556
288.8991889354268
1081.658816901624
513.7668618156864
174.1831565060275
612.2662014180927
367.7588277881932
847.5395502440963
1118.3318382897241
490.74290713305066
704.7137715706405
372.75078686632804
751.6408505437611
1180.8309221814486
100.27026265080269
82.98747712809177
465.15747318606475
202.25642182979578
750.3858914701194
411.4340278986999
669.4365675783026
159.78602958588098
423.19784570996995
936.1710732110057
491.0454528551053
835.9897688709617
533.7428653975919
100.1505520275968
431.7609327822129
1050.9204208324168
292.0889614402506
1062.911318268937
227.06152971874192
1124.33457430627
196.65229571704566
1134.4470387753358
618.5963506833585
421.78947645637186
1130.801073050734
664.0193859136779
361.9893353593108
1172.4362924108907
85.64853710260013
377.8127511401612
1019.8432210402491
786.5218618925126
117.98155164722006
3.620165449268786
508.610895105691
962.9727620418906
809.0181263090791
27.34052455412636
1053.9597781043258
646.1587244419077
217.33698583473773
336.1218096537351
641.058272553771
633.4280297711636
407.51661956423834
381.02124414852756
739.2664020710343
125.27470830804049
130.4725238067593
1015.7346782512628
339.08329347231916
500.06888536514106
997.4814796735529
659.1460496101059
378.82861406530304
1128.400066587819
642.9909381186707
1178.911857051249
95.96273933499339
1128.3641314514991
866.9904837354744
847.8265210214853
1000.32185494325
634.678447368697
859.5017401873127
912.4047536747905
666.0263770289116
613.7848521876318
275.29172966187986
1141.2284176189955
1087.5361732357428
30.206694147338887
840.7400585712671
258.40068634020423
1144.6483680624726
522.5882855876631
851.5020064592469
948.5291867807663
871.4518533046023
506.6840318881367
249.24661867280932
380.3864107025795
883.1625368942373
1014.0753048369425
231.69767275200937
442.69694666652373
624.6512804487361
1181.8010720248526
739.8371612493876
1075.112384511314
625.030118268401
147.5432983299538
1105.8980164984628
716.8623923188812
593.3710952089313
800.7941071330393
1190.2829344353115
846.7744362940049
840.4587279332683
930.4644071145345
839.1736318441252
1020.7525774438126
345.4652059696404
553.8190100997358
1193.479649370168
1076.5868949300257
126.86418168443751
1134.8601428481
1076.4593077925865
628.0950760340661
588.1349703922733
712.2532828585148
299.4021517204699
850.2539650994329
1156.4283789150866
665.1191598551717
555.7842794011327
129.39995100872082
129.96741420895765
947.2359408954646
384.0727870717926
1194.3695944580463
678.324488297737
510.7630806970337
1133.8861036420465
401.1963166927006
1003.3392869522432
876.6293300588005
1131.82778252659
263.6059440026193
1091.3675763247873
914.6776264290357
1173.0563363939884
805.2777895120216
716.6919353335113
925.8308491906776
104.52373974911953
919.0157649385484
820.7450546300352
972.6549447328867
231.7282890226635
1012.2016721894099
168.63395154616487
442.7598821781441
1150.9218317273496
332.80502278918436
584.0124051709872
440.9241301542897
754.1864913056996
847.7914967394831
290.45765123657077
768.3285000533876
624.7802050752231
379.36192176772
876.0107051639898
192.54990665933238
10.815437910779144
948.0951458698972
78.3459324507564
881.3111122337856
300.487184337497
617.4311537656055
566.2666588327811
792.897283051131
280.0524772049628
551.6773628113151
312.7202598672012
123.94856864256909
465.49109805228113
818.1104108519115
775.5985921522124
651.6171357151778
1124.852260607851
569.6921165578035
1158.8303177137157
450.7479595589089
7.92771620972029
730.4932651364883
385.05685868267403
1194.7774691122183
1152.506439575194
1172.8887856304307
183.6894602339057
917.1784065753831
786.9113832978687
1004.4557188832789
650.9096810309334
124.40245148171275
532.8853985772059
1125.7028209140972
1128.4056248449633
1133.9247328932763
467.0845449981787
24.962547668617034
745.7592778481014
473.7914232229314
565.2623722919421
439.83345171882337
526.6013411621569
856.5864778714606
57.009711137124945
758.7221328982716
2.9146290115953155
934.5203918381144
551.8927589904846
242.4004197864563
796.5468625002143
355.533318308937
1125.3013229875603
145.6381845386029
1107.689193076184
775.5433643966039
811.9958472517751
327.78529599265863
957.437028342894
1164.6952420661996
345.58548976610865
549.6349294268731
1088.29777189795
708.2270198589539
102.37745328639319
976.1228584342598
971.6756904755159
548.5504741620451
713.4671118710318
285.7611815681918
51.45494916963051
31.023940522952966
725.6231058554574
850.0960258173255
929.137023478245
1063.349160164978
977.4189603805781
801.3312208231265
249.6503437954826
884.754234723504
94.01720645300003
382.8029991334636
316.80283720691233
547.5819103978947
1136.281506955309
21.503393353107978
163.28940519898646
1105.799379363683
252.43850352778014
511.6976151642338
683.8920626992407
167.7666408218853
127.7766714612752
494.327212538414
610.872506527867
272.98795914534185
266.8599727535798
351.8110356359695
701.9348802663931
120.83334971710067
783.184685196107
672.6596648523662
992.7352480835606
104.27631715334151
1041.6868761755732

8.6 17.2 36.0 72.1
17.2 34.4 72.1 144.1
25.8 51.6 108.1 216.2
34.4 68.8 144.1 288.2
51.6 103.2 216.2 432.4
68.8 137.6 288.2 576.5
77.4 154.9 324.3 648.5
86.0 172.1 360.3 720.6
103.2 206.5 432.4 864.7
114.7 229.4 480.4 960.8
129.0 258.1 540.4 1080.9
143.4 286.8 600.5 1201.0

2 5 8 11
5 8 11 14
7 10 13 16
10 13 16 19
14 17 20 23
18 21 24 27
19 22 25 28
20 23 26 29
25 19 31 34
27 30 33 36
30 33 36 39
32 35 38 41

