512 3.0 0.0 1000.0 3 160 240 100

148.55662533672873 25.258715829321517
42.691628675851106 57.57809194087849
13.564934711712967 213.40660331444764
139.7827259901758 242.84423554871677
35.930514746959766 151.26266814216024
231.59204574283822 147.1850767845084
18.905193758939788 147.99338636763093
20.79397733824773 21.786035442369595
88.51702935056935 129.9465951924112
246.76544759551447 43.63371702009008
79.5093900326659 154.0288894771476
2.2042349545086104 56.04741139293245
249.86787963011525 126.50248614588455
149.1869995549906 69.34295418923963
44.54855059269161 203.8205561763047
224.69105433398298 28.395623131453245
218.14987580023964 179.51669611013367
4.272476434914408 203.62180034564946
212.19407959970513 162.4121063104812
235.12827627632447 75.58892149768356
6.510485363000418 65.36249187956922
224.735962264957 128.74852461099084
220.8932955278069 39.63381658990844
42.13023465514559 214.28707458888184
43.07007680172411 206.86093351603742
21.846521749896457 186.31931861954064
118.87940899720975 218.63644951664295
246.91596804549187 109.18272074347706
64.45646292868612 237.03165656887833
171.58634490867925 175.2539721537603
123.54672161766328 208.4062736892371
84.71702077056418 120.12838867523573
146.86545762770504 109.68815841028265
116.89528601169452 43.511158313543575
46.485302498271125 108.96679293598277
184.95057925830966 43.080467798509794
116.35692862099472 228.7747244013016
2.960633783425343 222.3566955334291
27.885898554269318 186.1539984606054
188.99663662916845 142.31124660671384
174.30659248066934 140.3605868124927
224.37908045617903 55.03399166350492
93.19214274887311 134.97579256518793
121.45004840412005 12.834492208569943
131.0358186486603 25.92903545539496
170.15996453341793 241.87500482113967
230.66414450422684 58.750221981117484
208.1439848058558 103.71367247281232
61.70341456528314 18.850437069815122
80.84511505992172 211.3816100060985
138.85155676687697 63.58011975736563
148.41565539776937 6.935443681739095
146.12624007849968 172.83693593713357
62.53432567730396 121.52823906117735
39.87020419471199 135.82513018461572
192.584134151326 234.13109901475235
45.61034705071654 10.149655970882188
190.7747086414832 86.85307758357327
90.76074024140371 109.36711850606507
32.17547837121551 227.93956151832606
153.64647048555946 86.70087380066418
153.07248661366913 98.15513781596106
125.93856641578418 127.5488780426165
24.380445943516126 31.509084601514274
242.84433698188624 213.98125237259973
226.95076962550027 122.81633577645448
196.40165837461944 117.8984058363527
135.7924552865142 91.73606453485944
121.99224405530302 11.003401973679411
15.438464790566902 220.75722871473383
154.08182195508078 216.96653445995108
22.295374920152796 229.3156244538183
51.303817504407625 121.3357001080065
147.5509225163004 237.9940222291257
211.91983661657133 21.914858855856146
92.18488645555112 224.238576795619
2.401613317257051 88.43633960160258
25.572750854259667 6.211274706797471
180.32494471849066 134.12833702868383
246.72526045811895 197.33987638042197
242.2299784600794 148.4936349279911
133.1302980353189 114.48587689504234
199.47236363133524 58.56675059526961
179.65471900188518 148.29484996410105
100.48932454660597 227.10543357068852
61.239805237847776 143.73484243674596
72.11505304819221 38.37664509736968
4.915662454011454 55.74296861060549
41.08065500030908 36.67169009098436
49.77756719795923 177.7500777118035
208.82083305720005 30.941411578082306
136.6967444738479 140.71131913268067
227.3097178110384 139.4869746635776
216.49845841926756 217.12177658444705
245.83730541897057 30.77119494583172
151.11331890428673 77.82146458308017
243.4992930993755 210.41976643569953
11.243406054798315 84.98618191873156
80.23066179292384 72.37315559692777
124.61402127639198 1.5544994124399025
170.36470559191835 92.90043715683451
107.91239451887438 249.64270525037747
145.52698665030954 81.22621630757554
194.59663745559243 47.35968428913753
124.56401118687488 57.30078217398993
76.68451100871553 138.97147355120504
16.462612214696442 21.98878365165599
194.57838433923544 107.25063420890885
238.79587771025365 142.8415686437905
36.89182777834121 102.2575260142746
34.58472775912172 216.39567877690715
54.958242482657184 221.75768550551751
95.14258424060552 183.58384080692574
202.67998074251307 154.47615082229808
90.88112245722671 85.46266012744785
188.04813423624688 227.9389673212541
202.37989986472607 179.69249058816794
152.4796368373207 192.16694927893639
54.46023156731816 37.78695198281429
83.1874437370629 236.88946751582137
202.83502884546675 115.44123922665925
241.98128512023584 211.12629966278828
49.82031084673433 120.9180201962527
105.45265676804672 52.93832602320328
217.60197769665524 226.88317373422504
28.002831812495465 23.332838604418093
54.07163981969651 55.01099606987253
247.07477671884115 126.02099239108993
57.31150792068493 55.96256727982901
112.59539080964551 113.5787784479018
178.35301064768785 61.00330337060389
1.2987915247522075 20.782536945464948
90.36514854224755 194.54972854792052
178.27314264167154 100.95512799716607
76.60959090366052 189.56572402255307
151.18455541784314 168.28465371521452
71.21019031364948 104.11772395617757
25.908898635369464 180.07908481866437
102.30011292531957 91.83285221027262
118.54118815534918 243.52005124068384
183.0248808760921 18.97066920907814
72.4121516343797 153.44373140731798
17.123506730350595 186.92014804799723
162.68886047707164 96.02584337750672
147.6120043138028 42.06619551316501
174.70635822667555 161.26764548892118
228.19225561526392 31.523984970621004
233.037234804799 216.06753834820296
143.22971995097313 237.90803025036695
229.50649871969256 235.23561503982236
36.65824507313914 112.01533083448703
97.88066298436569 230.12674640884418
100.2228293667012 224.60430098157133
225.32448034945207 20.340210971840023
207.60226357645223 144.28325819765945
125.83721452488103 78.63154181893411
30.807270646860868 244.2295257247449
119.2430582358761 190.23819482062905
187.22283219508262 35.13401295359214
249.40176585204125 117.59826933788537
21.7677278486825 248.71179143735841
146.41876231440784 247.17374405206243
89.9469558201875 234.51095285372793
140.07003941349527 151.7532910866113
181.58985387156343 158.64703175830041
4.347569533554196 148.82163155878118
190.8191543047413 15.97193428066565
142.12041548734493 49.35734365107791
134.96408712331367 44.234241524722606
10.108591159882247 203.7520023232731
149.30855618890652 126.89602226337584
114.42746833449763 195.88496942876932
71.35222890151691 39.24764325537872
166.07146246162455 150.3001570081937
244.6072002834748 132.7966052503115
186.77923084596029 102.68718249325676
180.3342758817646 124.50688847281752
22.78905430453851 115.1844157309424
201.72103619657918 132.21403612015735
37.73677810507697 26.633018722819006
50.942327861502015 215.53202561331716
218.29478469663047 73.1119807604764
225.94579016714107 168.57597569893508
53.2704803576591 179.10364347711436
102.45572478327308 25.879727908388688
187.2522499301138 226.7924750688482
181.8008760211337 171.2870098023155
135.72575324940775 59.75927939191311
164.87325528237346 201.17805291412643
212.53465729908183 98.41740754209904
210.35432985174845 49.89589967538491
45.92748378996442 12.720864920036323
8.575028236953191 130.32206433938757
209.15981022116347 195.20913928832624
249.23988233770362 57.332512504678526
91.81691565838565 153.28353464827092
146.0856400880611 95.42417764301156
237.36972672949585 240.22431013772143
25.669432758726852 72.50819360687768
243.38073957808135 30.466560250125312
133.51859324851017 25.488591264956312
20.645333357871888 84.71648980285066
78.40111355258043 245.75744669203263
154.4606823912707 120.20936803630724
144.4458796407928 112.88611802604414
12.428544455115848 105.94499816590583
55.80632889961154 229.55608810042855
86.53792810212407 128.41755855729335
32.195456085357485 64.32625637839814
156.76711232778555 72.0458670104254
7.686774722941409 103.62336936428865
132.8306481324279 206.33017988512077
11.491329834939279 44.44513321640914
47.43159964206803 158.16770628077663
83.1187205264745 213.88626484562417
183.05447051708876 206.1810144325057
39.425894999961905 81.2342473821061
208.28507291594386 6.589165869183872
32.702133847976434 32.989312328604306
20.071344267144465 210.79297437408218
167.3592073407472 138.50901276411102
177.71424182602755 247.7537690450259
173.87396181257992 96.22289198591913
212.1000891143943 24.886767642027962
221.0019531284589 128.81510790941155
156.9321750692673 200.51575564021522
106.13186631518568 133.0412825065987
6.071773478632831 239.33652119605927
178.19866579612201 136.7323815603803
26.849513325393758 51.02467460176302
43.9181418664274 4.995231184273336
236.1388865162291 236.98486520281247
236.7441385823948 239.6406128183652
142.73680007968355 38.831869682438096
136.033731022662 220.79107031419727
32.71019975020986 156.51959544324424
204.2338770264269 138.12676304874765
213.88448341938107 182.93984744175026
89.58407203011475 4.041083538097956
27.77631587809623 167.22699008670395
237.99980413243514 114.26177216341648
158.49169480513726 55.820559064295786
133.12574986689862 107.22046630283467
124.14725933007728 205.81710097797898
94.18573976990253 9.001490625281743
113.14027830831469 61.68068353517142
82.56413087260192 222.64228522597267
170.00095105806747 80.91982984780118
175.93187095935468 168.13632727508892
110.5112185173125 108.4048956183376
204.36415071366233 160.82419697084435
189.1567887560524 188.23987353903715
205.28830863977143 207.87231829787643
16.85263044303581 28.789730074408464
166.65618389905893 177.3976484046852
56.494942307022896 45.24944923648158
212.83259851211622 39.90004576003536
107.70866888246042 229.59877675112992
126.01109049788504 216.7041303783608
183.30410064702116 156.11406119369036
194.3825033601699 75.29155757700364
21.03223608851032 55.291160108213475
221.89820869590832 170.44010762395706
69.67390992590886 201.58887681534458
249.66405667573864 157.3599941487628
84.50332627990042 138.69195209249332
242.80704879220116 203.35612867668874
171.4895488310907 234.6258889535075
226.32077862862798 241.47946912042252
164.5531957642215 61.01965745376073
7.924524545549206 127.78177312093794
215.30177230739136 74.75222264438428
33.93359145089889 234.7836757900843
146.181580829677 205.27654520447095
36.22115114190902 46.52174832165484
119.85382755786567 107.94782540743486
113.12200891416097 232.42603676703408
225.69834172865905 190.87051336603434
168.9712447842922 6.539935006409397
188.75459755023658 242.48739498048346
87.79356099419877 209.8834312938198
120.83129304490456 173.95143011285677
55.809226159022536 169.67393640418368
72.77061992018571 85.8455972071071
126.75718897017147 139.50597318482335
212.71862112583023 201.6906746756101
133.4332396919415 83.15892554879132
6.958749459538504 109.09445767258235
243.19984712713105 12.695461502232053
60.53120981560109 89.03126646179504
105.65248440069588 109.11281079966723
205.8509711189161 240.066712030429
53.71376242247053 77.88035412384814
100.00167860659707 17.333832710677843
16.51717843464334 236.37179279391907
110.21646069697843 59.14027340451042
21.40565178877221 105.88408586832097
204.73440392025688 245.7196371914915
17.55166482832507 184.50876342692396
28.27281819313121 171.46134546037766
241.9812348879156 51.63177150519646
194.28893853605723 228.79326025506708
247.06330183484502 113.0888279087243
70.3514245528795 162.86340986488946
48.71850205369629 109.60429007617407
51.10820027516613 117.01142364989705
228.45442156007593 81.60604249589029
76.81650821608366 35.12676232030984
76.15517507784683 95.34412719087875
163.89843445099385 111.74251768282875
227.1199464583346 123.47625792809008
69.24276752979574 16.161839605942806
100.8257020862107 229.88164925483207
208.7309548597856 55.572264146645985
113.32764692506456 227.2303634047949
36.278307776814486 242.1908593961384
243.74137708190403 240.7933052428539
126.322108036684 227.18231824364977
123.48614921634996 71.95271350979756
177.37170313894433 184.094003245209
84.14942469299946 27.79683748125769
161.29977625162948 138.6604426536701
89.58831188868282 20.583674933134873
198.3490486389138 63.35414672572051
75.70731867800454 54.88813667425413
216.32096104278747 223.33140797672422
22.718853520310084 183.07506449558747
45.78758693089924 8.752557782669395
158.36608143604576 49.065472416270154
134.30370606817624 173.63773292132896
69.37500009888132 2.174933223662329
38.31019216041173 231.9463088670402
42.99641823495351 60.37630132849273
90.15798279620694 54.83056746358489
193.00933791299246 236.7930403920017
63.994454674575486 14.35313152356793
7.909056031408984 37.78458999760831
120.78872193889362 80.17200904578178
130.2726331946697 15.085897746714426
217.5052735103547 180.68422426025157
235.40859136137396 105.9872737433159
12.689506043555705 31.17728251528737
204.56874650125872 22.038258186511143
102.52484185670308 96.37873289922568
46.37379077841219 211.19129010246638
146.22656775189125 134.9130534287859
137.90415779524943 134.53125268643308
143.9216283839624 6.879518729666217
13.559638316540113 113.44140370892781
239.07630467580623 51.8677000491721
48.23617257740437 103.84988575424508
110.15701855449936 176.8537585248651
55.85250226750385 100.67125226013415
236.55708679854547 132.18076646514731
225.62775726786444 148.56500235674005
189.74680809538307 221.65444203294268
154.11231191296633 101.08775328274405
98.37919641289663 198.7535214142547
103.64463078873808 127.00904773377219
240.38831841080835 48.6551460326142
232.31149678383716 192.31097950637363
179.2550913379598 55.65007870270347
122.95372958875284 248.03372240250843
3.7236565545384073 118.35118025640689
241.0421456928996 17.63736160679302
131.46895498238092 227.93643700238005
1.9256665444151166 42.24484515665711
30.369654774483028 248.0256977829721
214.75420543183128 148.13473691362742
74.01234071290708 125.43818565369544
150.5729989984624 206.8775193631805
78.2095468414127 39.81270521320812
239.6070202784608 141.16966730104164
32.68110931724047 85.58133539369777
212.88773628308869 147.23510061226386
196.61164244533174 190.25583985939866
117.64662703195789 158.21608160779616
36.292493020104374 196.44118107174288
12.271546065933281 105.73996523341486
118.26309617061733 196.30638969783757
220.47567399828026 177.31103753739941
88.64917653515627 132.95770992227668
177.95782249998356 248.86994398371746
135.5689331493243 248.8275367260339
203.4643128972744 178.7743121286682
14.76117113536196 38.32423048424818
85.7850663598819 19.370028625650683
236.49792359359574 150.19167197870988
195.8408299561659 154.06032157238224
114.58137123770456 87.2330498456148
22.223555758148773 30.80297934252657
119.37288386429634 12.10946430878912
228.3964631992027 209.30470775791318
76.30083841884758 237.06834965059858
130.55748309696102 115.49487515034728
83.64614925516666 47.065936594107846
136.46539392560973 240.41240014439947
191.41906787671857 143.79769009495126
4.073182476263037 25.883526174653866
18.591099606532573 35.56372637978919
103.14572769600419 53.733738452732965
64.43344869493167 248.15825356784674
37.88192125487344 61.55272510933607
249.01193568577156 71.40834761553755
129.3230400501111 130.30540744056594
28.71675326450296 248.30527754183797
212.50249138930678 105.92768869697005
113.21511940003562 228.98531861190008
23.652507289109753 96.71683958712885
24.523705353515947 151.2462264960626
181.66099017590457 116.18507195656564
120.42124109989865 167.90373200796162
144.586560242272 149.12069420346867
209.87044091878874 2.7926804614121226
164.88496078358 127.54219320272628
233.0210806285406 187.37514697874164
194.17108198246987 50.71857712789099
205.67412713875137 15.188872791813274
183.91094953060795 6.548568072982902
89.17025418172558 179.30950615907574
240.93115103343874 42.69732517800448
229.3405293495144 114.75556161901996
60.11228408393618 196.38629054341928
163.30677653776908 190.09564907977963
54.57022391753935 0.5258720167846676
216.97824619396152 149.22554206501317
133.112686137111 89.11564115878937
114.88660896883978 85.51583178165808
226.45542066825658 245.87565672404511
248.24685589422182 208.67256033613577
127.8195822183797 27.872737177085522
73.78321585354794 25.885121617619273
183.73945545366348 146.89573840201658
92.78052568856712 193.28514578784123
166.20845576341642 38.22810629363854
65.2330779599341 61.23984668255303
87.40001560159635 211.05124511673267
219.0692406380346 79.39707805013319
155.5537085328966 16.758985167782736
244.70737197850286 20.705414243655103
12.297363498658036 247.07408241083598
63.453677154519326 1.3602711161153358
0.5965277167004901 152.85638039081516
95.67560191992777 216.5454738841292
106.1496632501584 135.63202693646284
153.0266328204032 123.046323231909
235.0231205787748 183.68032384040035
147.46849596028355 219.81586750177
75.15342717029618 39.57593690024044
201.56690907235682 203.63400441868836
87.35142430938048 147.1945684932227
242.77554476327967 240.2979713337759
185.5037287407218 72.23012520971311
3.1477951839263274 1.1456589595359445
221.0209050373367 110.70984380620169
73.11379658108605 75.32961378994563
148.60187692168475 219.01356356093925
107.09463312165785 187.28630033465674
243.71936518503264 26.70761479889966
133.25082392690257 20.459755225866378
166.86788930458835 72.56377588875098
161.1121313474094 200.02921096899271
176.86280086885276 132.14270254726895
20.95914487166234 79.04544385528509
48.176565683382464 210.25146719193083
104.3456112978256 139.92806748900057
207.98634820530438 72.84470778710484
101.01208705485062 26.63719414580029
227.2226801597685 62.997858794025504
13.988199432682396 8.163731930935004
21.72371717526872 243.767728213032
239.57025208151254 115.66168664489024
144.40652789196903 175.7592204972891
75.81910864633524 125.28737777062096
109.41312178609382 189.00891846024538
240.24066572410857 162.63977147720652
169.0502742689478 64.0697824074791
105.225094227481 34.31060404086014
235.3361412383491 71.92648494177526
163.5762254263885 76.88257228918042
249.41611302520775 242.92734161816566
54.08169813269289 132.7518750920174
220.68100966040225 233.73996985404767
13.40991472584191 74.48891223158458
23.030093650446837 235.30973298816434
197.30434267697086 48.86400145835895
51.50308131821665 99.3744912469996
232.46656086928064 29.23923946305279
44.4144026173805 26.795636098676272
183.1630251740754 103.75250635668048
37.28978260503765 121.61254385494539
37.393644832554195 129.73505179161322
50.05445464148772 248.93128898595836
133.76664048094088 135.76946264630487
32.22107055142687 230.29178832713367
187.4777829307428 219.1080094364515
35.61127920474902 166.2737246614
32.69700558536259 233.34704804579567
39.18834637296664 184.4097051786442
221.5344707767421 249.77922759858654
156.89132805930404 69.92413508104559
78.75620074275209 137.82394694446398
189.7819857837948 227.50669973136795
215.9846318030435 4.836170862290795
149.34005378000097 58.06509619436695
0.16278607320105443 203.97818930791067
5.730814577324689 231.37741496636102
187.79029278532693 21.478837941384306
194.27774380711674 72.07783766584411
186.97685296486847 18.474371419401947
185.86737774905004 120.44478799769776
171.59074739452845 151.13884601100335

151.48498354610945 31.073979895148874
38.77847016341579 57.408160593413804
18.26393432908699 209.8620848534716
137.0599822900295 243.94838473774354
35.75434661013721 156.86601524696863
234.94736629067665 143.8626449049794
17.08701737032764 152.3043474288975
22.345874411762974 18.654602826799344
91.7133434723591 128.65408991609797
244.24302591351145 44.383770810477564
87.17351966798229 156.85014837396193
2.2786396362935446 52.21539630020222
249.7861145194814 129.0946127980706
149.80050839942828 76.41314368844974
43.50690258826997 209.2700915857014
231.30642153093834 23.90544592770441
213.885988699774 185.04027384443972
2.8092446555111064 205.73606687829195
208.20593077137272 162.25065860476516
237.95092136147943 68.28427085791047
2.045241130735648 65.14598295662094
222.96539214900395 123.8678485009756
226.77746705895908 42.85741194507012
44.60244656977089 219.74688377721142
48.267231278628394 201.16271314582167
16.594472878237564 181.9883293840071
120.11504818734889 225.11203679748368
245.2471326744956 103.6300129881258
66.00615350371173 245.06428307833548
169.96832274018115 168.19820132059553
130.75664365936473 211.45925705633553
78.50730322600283 114.88491876199753
152.72623054584233 112.94962143622523
122.99288984949999 38.582561340752775
50.44077716434123 114.56630480363769
176.78998473250147 43.00238754396091
113.6327780406474 230.04083894763485
5.904399225529988 224.5532635447637
21.303905022906577 182.32492869987564
185.28840978867413 149.46306480123857
176.61188900381083 136.84772763728935
228.23747665435005 58.52955881511227
90.9033014623864 126.84420545064842
126.40171265800993 13.140225806443528
135.8292155849867 25.04830509652259
168.7315503808875 235.31741751181409
231.87814002281263 65.6857952608737
203.17403395182808 109.83828689423305
63.32224949908707 10.697830011957594
80.89336605288148 218.4044993272253
145.65347246876954 62.672170946545286
151.8447604023739 13.334041777614352
150.91682708434033 176.9350147939729
61.58448821225115 115.5433550390387
33.265691680302886 137.19375845751046
189.34345332514536 234.10657933105222
41.938701873594084 4.531891386827608
190.98428917089822 92.76008915687916
92.57223027977557 116.71610526715062
29.41934836286525 228.06905470167987
160.0254458814605 84.09792804406793
155.48576524065146 99.66387379564298
119.51638151832216 132.47923959071514
30.05056140355214 28.630361150057542
245.03302282611256 217.8936494873881
226.17959079783492 128.31575474021096
199.18317265716172 113.77020272616214
129.58232738224098 90.99170680381538
123.7563084886571 7.889097322986732
18.18935002871075 227.9177261817387
160.68729800349334 215.91037417845482
17.44102071099571 225.72253186532134
58.926289011320605 124.66375856639495
141.13288280658145 237.25091283386936
211.09329650388284 19.511202206061423
88.36116525048041 222.3445073154226
6.6782842063995425 91.70716833882986
28.298620647289525 6.79524666646239
185.82342788757938 135.63556392048469
247.4672242440871 194.54739091688253
236.4946142637865 150.1291990217629
132.50741899587362 106.8194262042724
203.77330293720053 60.86658930809211
178.07441109772688 140.59923360617208
95.99368899332772 227.54701016133043
56.11753725187022 147.41397432946937
74.96847734230785 30.470036354648233
4.720410986277567 61.17186560383528
38.90410983937548 33.8414613984053
50.98234303087337 172.23483150077803
206.44865194521788 27.355995529975946
136.596886633631 140.2154339710394
226.24166290132513 135.49801762815838
217.58289300938335 208.7698895839721
242.34484171939087 34.75105139437115
151.87971803646604 74.69561266842645
247.6170358693559 206.0468799634444
16.05922044298458 84.8128498879481
81.20469916177464 66.2186879146801
120.58508942994791 6.7180739653934225
170.77392030028767 89.26823129448869
102.81014399910617 244.10714066528286
149.92062940018363 84.12120914683338
191.01062937796394 54.505257285778654
131.91017135776653 56.15841727996551
68.38339710074243 138.5189013738396
19.501838926529512 24.775429401761308
198.83184239282568 114.46117465505203
246.54012498220902 141.5103555691182
39.1480135090945 106.36767011515231
30.243956774237997 222.57395852926015
55.77637610498293 226.17024361535417
91.83204487448913 188.23952229125402
196.87491182252649 158.26390068414634
93.10729803113001 79.72554216688691
192.22116464361181 228.3552809528108
200.27970655850103 171.9194814851112
152.24109536439053 193.22847665657017
61.70682850729936 37.97151920517572
78.78781824015365 235.09865706446462
203.02706697506426 115.72123773659351
236.84787146393302 207.39609351060304
46.676288158151806 124.2880599673609
100.57386054904885 55.206665882885666
211.9157398005535 222.1418505816042
34.113056372876926 28.2885215284292
58.09856032984001 51.23539868374441
240.8357100745182 120.63509617931776
49.68744850132612 54.792265218905925
110.16387259023905 114.02355564086022
172.66883565099593 62.24574335984406
1.200787327503422 18.88338973687559
90.4291662929903 201.99832286205512
175.71775937065885 101.01134722699648
77.04209578567885 197.2131347652776
159.22927199524293 168.9766258906983
68.24942948719423 99.9944078746817
21.205286148677448 177.0408383451761
106.75214707109888 93.21935698670589
119.16936015435095 238.93557799909104
179.19462482027745 25.912758411227088
80.7142647637302 154.43195712259356
22.66097894892316 191.415222244986
162.14748484157758 95.9931557499555
143.1914801608692 45.2406790746504
169.34765522777977 160.33273733099944
236.06162812478541 30.410431845850017
231.8705717059277 217.19909388315926
144.4730708506494 232.45773562762798
224.2154027644523 237.20328905980645
36.675401115871395 103.87819288148759
101.04625037569492 227.81596587763283
104.56354783248625 229.84979364602654
232.13546531982817 16.20467524033245
202.2532169694823 148.0720044881109
132.37961499114226 73.26025237801329
29.318934620616716 245.90660310912932
122.88037576547269 188.8961372367613
187.48664352642444 42.47692021136937
249.15791714982205 122.80850284987912
14.294318928215283 245.56794989201978
144.01708207979513 245.7900888433872
89.16860831740792 234.20085755543744
141.3559294008127 149.51604156663223
175.8702619175287 160.75791130258153
1.4217826338983885 143.06429613049696
193.27400963722678 12.07504086734873
143.48208506162445 53.25916015413054
128.22670813084443 44.08511569483939
10.082410082246419 202.4969309212138
145.8748840976055 128.75562800284877
110.58811975119198 201.10035247616833
66.91886944344496 36.94388481224642
160.91214211170626 150.0682247560293
243.59029810081338 133.47536957597103
188.9161249865147 109.3459417630843
187.41390286238453 126.236372865407
24.225840929745583 119.23100185414951
200.03372534557863 132.53437818700078
43.918643685851464 23.011989536618536
53.82290765625025 217.39398297585836
222.38446774169833 75.85006591354527
225.7737598226995 160.4219992238446
50.04280065397001 182.8010544775252
95.84203773863706 20.69258851260575
191.8733825017552 222.91483499107937
186.4814931891006 169.4794115605395
140.3733375305101 53.76522083755622
170.0226313489946 202.24107439533512
220.84722469141045 97.36031694808823
210.1172201484006 52.483028350916115
51.5071458144874 10.914672187873231
6.751363386288734 128.44554184736032
211.49756764666273 193.08134226793
243.48626627786652 62.7622076956984
86.91362640287187 153.96151661588036
150.8927968096234 98.93966109969566
243.55476874912864 241.6825741937028
32.365089755376054 74.18707298445732
242.92822682873532 31.865372473423996
133.47526001521334 18.196449732564957
20.864586053189694 89.54911854356487
84.20518123402435 248.58216236557766
156.58342290604955 115.32921174773142
140.297839198439 108.0815469859005
13.930724118000837 102.29144678826671
50.18747156636005 224.16028727303419
86.7894224642306 131.5610518503399
28.903860285447003 63.97588039959726
164.4142994243054 71.93778139321
0.664153975904247 107.51232632639007
133.20533188178416 204.60299106353463
10.511006814357627 41.275412198884474
43.49855972489347 154.14638593876901
81.22406637430663 212.0498155252858
188.9811309224108 208.9219018873316
41.86562539747074 82.38057538933391
205.9066738147446 11.653908088713417
31.519915680858627 26.40356183246717
25.32138285801741 207.09792310524944
160.67893363585247 134.59446225494324
178.3638170209691 247.33282539360007
171.89431778766692 102.89500119862998
218.6709515210556 25.25534638543417
219.27189891419397 120.9818399325622
162.37377747852236 203.69786525841366
100.49450110316555 137.3585316247437
10.399405658103683 245.35454640303158
175.68233640796677 141.1914121555228
29.81498881188785 51.03499071940875
42.223869114278585 11.127021010553657
237.57040397566934 235.2004878537236
244.60657532194205 237.28345631518764
138.23787958424325 41.16359659739424
137.11208243263016 213.34142797321107
25.844090615483207 154.40576281902094
202.2422958371872 146.096975619017
219.46423679320176 181.04635695278057
83.46732423250796 0.6302333344269662
26.439411181286786 171.1317152499957
238.06071320229609 120.15511741034962
158.88439799884898 51.554579050608204
135.466834745567 99.14720991246337
129.28317649336023 199.06856578270185
95.87747038080872 1.0108710214653538
111.08680769714921 62.776867094957275
75.12873810804588 223.52575051958001
169.8658341768335 83.02323226225141
183.01963584953103 167.95787526451065
106.01459381737774 114.88747262732807
198.38810602331384 165.9168147601388
188.01461487663997 184.42503525624116
207.37145201945316 200.3134229109418
9.221335478904052 29.475999837587334
161.04307140167515 173.7053898732179
57.505339751669325 45.59810240043743
212.58939684243467 45.77769175876229
105.55408091671961 226.45196928262678
127.39653468329637 220.57373770363193
183.6351122145905 161.58613307861646
194.34880419470377 82.87926141382435
23.70163397412861 51.86695144572495
218.04227169449317 177.39963410319265
73.18020543555303 195.07971784690267
241.77763540883126 157.86551233114332
84.01541347348001 135.7671553131483
244.29785558744598 210.66577877778175
164.37760029032762 235.9726321538976
218.25078553898598 241.0820893660593
159.19818068677262 60.76359537586401
9.951984889438158 134.63297507145023
219.60815431780566 72.27397536427993
31.34193395877577 231.481404141642
139.35830400382568 201.39306412308022
38.676144612809466 46.25063138476834
112.30194958276401 109.63531463222203
116.91626197596747 227.65296312581276
219.3435263401072 191.57785471746897
171.6681413367683 0.7707178275762061
191.736051646675 239.3946109511581
88.57022088683625 217.9459265984655
126.65204285491333 177.75533742594394
55.78702273065694 176.19677826575685
80.40468872149049 88.74742150210143
133.44635220166995 143.19980001816515
208.94109573790558 200.36194589201432
127.31699318432607 82.14934914770406
1.2272466621928435 103.7198013186833
243.031855865998 16.624144800957115
57.515043174348826 93.01316994964535
108.18597270715196 105.57830918866442
205.65020921310182 240.14984084469245
46.37430081109786 79.41694918180545
105.93946625773637 22.668658659205086
18.194438726431088 231.62490564065328
109.26250307376145 58.4129804904171
19.38468924131753 97.6849996047974
207.6232378958091 249.3762519903723
18.295459701656192 188.78183144459263
20.145478555372133 173.61306391575246
234.28167287792252 52.34825882823163
187.17945085424958 225.67902072006498
243.3825411476932 114.32015669469439
71.20770297446924 159.40115771552985
50.59476664706206 105.01777023334589
53.58820493004713 119.0271103261323
228.56584886146422 89.0661688232734
82.36212238801552 40.66081606385536
76.1091820122115 103.33974661754341
160.66241823992414 115.30105330678045
224.7947978993889 117.07186988470744
69.10870660882514 15.29111016960666
106.4001736586605 225.97369635050106
210.36190968225318 61.41788811181184
116.24424541009243 229.99806827464775
30.358478783362703 245.31703977072277
239.07984557582728 240.209957920399
123.35211837151525 225.33165923093136
119.97071423637887 72.27910654740177
169.49263386557683 183.47634834832218
89.3603598047559 33.47951850860567
160.55737597210342 136.8574930959667
91.4823859118484 27.59894438074592
203.23224873467544 64.78489510259259
81.71928354214039 53.24087514008713
215.87590953967262 230.6850651018228
18.749888735965282 182.81339951395006
51.24136683503383 4.514391657365696
158.8852566902291 50.34031088112281
140.59654054260952 167.9839472852244
69.41006038848083 4.732986185716436
41.155106771983725 235.73712385019374
47.89895875151276 58.764707609225475
96.4937478510164 57.910940167909956
200.91742922011625 237.11899373601454
60.41567560653119 8.72682172340547
2.184802875710712 42.16592997983251
120.98297917217037 86.27904641474524
126.98672448731737 22.658971882657447
212.0809160389351 184.0397432315452
231.6829193519686 99.77823048716269
7.067163929115717 36.81494303449242
207.7625859995371 21.740014201381967
101.28621365864221 96.44312039197847
46.66055894103754 208.10800189689027
144.47726923700986 132.51518447135783
136.50435072366517 131.38796740440088
142.4854502419788 3.8183218955992473
19.689394835217865 107.72303003656924
245.92345637153298 55.661186804939064
40.66599257744119 106.7057905898624
104.98456503318468 176.6043655332619
58.2521138807702 105.75913236694223
241.2798249577264 126.49334655237473
221.23179511953728 149.92700125579196
186.67423124208452 228.3778662872812
155.9858324628817 105.68921457821584
93.6132604867089 204.84209363793437
97.25633889849402 126.74722035172728
236.59702490293478 49.76139696845463
230.49702429474846 192.74360473297128
180.0377475864332 50.897958179849404
121.66317555018335 242.13872502211228
4.677530853116785 119.77471662249373
234.22523874061767 14.626340686226424
128.8219352832733 234.2645491657018
5.22445203774613 44.06908945898866
24.309834150671893 248.24191538833466
220.00788114682618 152.4030253052105
71.107011911443 127.82698862861346
148.58249672422218 208.50229212512312
78.91658844987649 40.50451290585708
242.93186765317313 139.59661500428032
34.75186844421824 88.12283628617723
213.66082885744538 148.77980427093473
191.28688753867988 191.64461890209864
117.6212194419769 166.4830674591687
31.323975263024302 199.41082875306637
9.531580605534579 111.8191528376408
116.58223503850296 189.10512506356477
224.86854560821868 175.5254113986497
87.15204281808445 125.65875390633333
180.034725740328 241.93417702808597
132.9023801467836 242.88610472687728
203.91369000476118 185.379443661828
11.451568685463071 33.09789099105287
89.141400706818 21.933935154121453
237.88531753313504 158.56181688118653
198.03407304751255 152.4467522928726
113.54320678347487 85.63400079854314
18.02951597376684 33.23005215629116
116.14840566385237 14.099087160007324
232.59727578228197 214.21083022922943
76.37265290864423 235.3071811711455
130.41350230968598 114.82481965318928
89.21240700609131 49.4559358934609
133.85727755750426 232.81960949364057
186.6205555613314 143.1617175622923
8.725955220027116 25.255746331308256
11.62488911111373 33.88149193804912
105.98762157089412 54.09700454699756
58.42273419609686 244.6274160425025
39.77526287496744 66.92213080137336
249.38873866746434 69.3446688682889
122.19732379431599 132.03489228060528
21.827321193083865 248.0858541125825
213.04701798334958 98.0615888849948
115.26646764086482 229.05508809854422
16.515114662047026 98.00365283831994
18.7194423434737 149.79375492132735
188.278735112539 119.41437133325749
120.2917397439768 170.18490728942552
144.1836590067172 143.63781878693788
202.58712402851663 1.999665213260643
167.57005941875033 122.9587984768806
236.89290702517513 189.72126697612256
194.1819574669374 47.26692299063606
203.2978840625252 20.43760006882084
186.66332981724415 7.683244689132923
86.36380275258689 186.55706992797104
243.43214800077018 49.46730470359767
227.16589894720232 117.36487309301516
54.61110270694128 190.7574251992885
162.49736805864495 185.62736351659407
50.16602791817054 1.6341323390567375
212.1939374058538 147.2114868792353
125.5359677258307 85.510461721848
117.07286811736009 81.75330305811049
225.84557911262428 249.90777443309844
248.95599443967453 203.41228585799013
130.72775786967088 24.849136123758193
72.05868423724368 26.257265527103833
190.04849744698726 145.03097461179115
93.18059989594619 185.9225864577208
170.2517740167433 36.26515403614744
70.15937245343912 64.92171643618308
94.16359176627445 210.89952193735712
218.67049017337428 78.68150358258369
162.7271613164426 12.839320059284592
248.1824305779219 22.93502412195536
19.057648304477453 247.46231043839413
59.688329248296704 2.6445120502967265
4.85468249461829 152.0547980104936
90.08408690087718 220.6917141908888
102.76624780800711 128.62974640128033
153.84523971879824 124.20045836036218
230.33928449708424 180.62808304821988
149.1770875137969 212.8009454554722
80.04162489690388 44.915163575444254
196.35111819032812 197.64252968868348
85.51858432130777 146.94405584363435
248.26247116227674 234.19089336916048
185.524167268636 73.80600906877032
2.8092311008582618 9.119196454215162
222.65725405889228 112.44186893803104
73.21413152999726 83.05812794010964
150.11198231115915 212.01873883215777
108.78856307864609 181.4009411149193
243.12024840320723 22.16093900812499
138.24513637092227 15.519143430539478
164.8352437885533 69.3135599272113
156.6406877437807 206.8625741798595
174.3439998735613 135.66147259648852
28.090814467686297 77.18862443351041
53.69540316562202 209.8757551050999
98.62168949591457 137.248883577207
206.5464064888097 71.35240229198867
96.61650321042039 22.265512419247678
228.00649839054878 58.00813997244536
19.074750991508072 1.4556543360951246
18.22825377420731 246.10479259466118
236.79451167802202 120.33803546947014
150.2523851111341 173.68623294918544
78.88621857665271 124.66170230543256
115.65551460498577 188.16438904055792
242.55494666614715 162.0862519551649
161.40966625511948 61.21683754584806
107.77545085510565 40.9485498017417
233.49628217907255 66.72327623349605
169.56913147207132 76.53132221706738
248.31115504665124 236.86675884450798
61.1439728532604 131.58534609431837
219.07560577320422 240.0932008254162
13.228146746378677 73.44566241793602
17.819926674673358 230.1221384326549
191.10832281427523 47.66871214953211
56.10722948206623 96.816803545068
237.40990441173548 22.7968107656715
44.72250776084821 20.021686644278613
184.24406688265356 95.44953663188605
34.593839461634666 114.37592424315906
39.589402282178554 128.04211017153435
44.821065139649285 243.10014502492746
128.69923751130327 129.59116195947107
33.42749892276439 237.71954765338043
190.88453182184205 214.0743490654411
41.026760719470786 161.64118643052663
30.74138400522275 238.47932165492077
38.320427003763506 179.194798616007
213.51714498713343 248.57770174681576
153.59811836372506 66.39309717406732
78.63540352789039 130.88374852995898
183.46530413301625 226.43053604441334
208.8638628069875 6.541106321623358
150.62636209010725 65.7065298371515
3.6213781737299557 203.57169186922198
6.18561232784029 236.37793761705726
188.10226615977015 23.357872300107108
194.9958627736791 71.65629761903399
183.39498112239895 13.25358829974324
181.8632936233089 126.89787719424106
172.84506461027644 146.89589081305377

648.9305201744085
617.0928715549563
399.47636771827877
278.68529290532183
102.19621141380195
547.8576711111925
331.9016074854555
413.59051149615277
440.1429013486327
173.15135603129823
104.48169402372248
151.7483504759965
226.1557231024548
1083.1592047799993
1040.7935474644228
2.2123290346371522
256.79689650947995
667.254560849119
304.4861792425606
1007.5426250039679
104.53324801076211
255.9377479486058
512.6787701837065
341.37131452825145
1104.8545771692652
51.275465417766235
53.767855048783154
263.60117945531255
176.79055726934223
903.5305858042874
81.50246432532954
692.2308813668645
521.6010514377541
807.5805974973822
985.850185680821
123.03239180405996
956.676101875905
230.541163683656
166.2072180659604
149.99016584802163
938.1115459018996
730.0095881830844
55.89623931136291
344.77176954232124
205.94876007949486
460.1329499654102
481.01039679423246
918.6122194024446
120.02318387480288
299.018482124355
647.4537805095424
383.6442310962427
1053.5387191564403
382.9720480151482
1087.7795892460858
943.2440856698939
948.7574970718636
500.0042333658203
827.3623400806183
278.3504466216034
489.41582413199046
330.9347467332025
148.35105022679508
1160.2247233442492
1060.0557822693647
286.3446616552908
994.7285987541381
831.0619957246093
551.9620900280472
396.27783164014346
592.1319868430103
157.4042514906246
522.8711346190647
263.7970633832119
899.5415433879563
735.4857576497647
47.81304439939173
685.484422518165
34.995267471541624
1122.5895814886724
339.5343488298394
1017.9852180838559
346.2264386670382
612.7088703098042
360.6776436517252
988.5093548650142
498.2436382811344
392.7655564162179
849.2830601065209
749.2385181027654
362.951648854611
537.8199829837727
886.5486112332502
202.15131377900042
905.033347264711
913.0593612456801
440.2837502781029
160.94939068074478
843.1242388129745
791.9936391768127
218.52101083107468
222.6893936813149
873.7919578382404
697.2982786831577
481.8481501170579
95.82432964032779
529.3188751714466
507.98133850453127
327.62782316577193
627.7555255020294
305.07636339563186
467.22949660513723
51.21072963507278
754.87397392289
202.8349717018103
148.4853197551907
990.6244413468672
56.482101706716136
545.7935139167469
69.26585807721871
575.7768872732628
332.48029779899764
959.8937804579524
12.6652292104484
1097.7297503092122
993.3915560721903
986.6182789031897
181.329768842479
441.1121781801249
528.0953992047588
1078.0948713864882
17.351494263027806
1169.959769466261
642.0241616052764
625.5263318071198
904.8886611169473
703.8041929502522
1015.4321358435068
788.7664988501176
326.97878013626894
940.646222127225
77.79070465661906
473.1330590081017
1007.1797812320358
167.22030300739647
1126.8141166029898
733.4281904051807
93.69923893141345
401.0917209645423
954.0785120584865
806.6162604388934
38.787221933218696
802.7567752726512
359.2601794856074
478.2954087599496
218.36129278680076
481.2751543537581
933.4946994888975
1048.8792740066829
743.6767296877343
92.31172929912339
328.21412363765995
1095.681364431536
915.086072189682
438.93168293901425
743.6866921327161
354.1818155466943
165.95357613145035
822.3141013502485
109.24239652212553
1047.9551152304
1026.5059777947663
925.026546507121
826.9329547488568
212.54863849619292
1049.0984740298509
403.078127847376
438.29688949057953
128.8478513798794
837.5926304452739
67.05167340306689
203.13223241797232
268.863854197397
313.50547864145483
1113.295798978689
1047.225920772728
925.1630370726309
9.595155298344647
121.69994169946776
92.5398805645588
87.77572503992914
606.7106396563711
550.7231613550794
329.88854187995264
85.22984876331303
103.1867595612564
249.09936243477813
606.8821016975675
363.21278582614343
1150.7892349234635
736.9585192940882
1009.2226470046287
935.4429047769501
585.0398675393983
656.3341853367882
103.0262888820358
1058.7194580426278
944.5009431254792
353.2174506546758
59.2613948138344
51.845550486910966
801.9681293180664
260.5133112334385
1087.5718404140969
1135.4045529143946
986.3373309394012
505.958267227267
463.1876642294252
1088.3362322553676
358.879756857382
1113.9453731906556
306.02129854545285
188.92851543395392
660.6843553469785
568.6157836732808
635.5779850787034
684.455056885802
316.61618265153794
480.70201417483844
54.00945554522455
849.5422555613718
188.5187619657802
1058.6532790988986
611.6897454217575
199.2964745741874
1118.3320345727311
257.422058445628
976.2721830947092
1099.6865479269024
617.5208565238387
884.0720379034317
901.5324927657324
1008.2277285090983
902.6273627770117
57.203932455094005
543.6963347454484
126.23499068141943
666.900944193717
495.4982192973639
793.304444830006
23.514276265432414
140.88682314830876
801.7697923923466
997.7552196341899
996.5852234122758
949.8713040408707
1004.3116031165339
408.54927388274217
727.0897719065986
952.4384728309377
691.0995395820536
606.989809077005
1030.9583251921658
638.7273495510025
11.994925261094526
932.797604892646
169.8418588326026
185.08034865043462
876.8044782493881
678.4035282452534
203.26493019895352
302.6048684611585
266.9864323155718
461.8063175161522
847.1084249092115
535.6894077730351
18.29308321497942
923.6079556100942
657.7475253368984
651.200636212001
482.301634988686
507.4421718400663
585.4167584770183
923.2896312789092
385.2961777788108
19.04094277552977
527.7078067132593
67.08550193170916
206.32894086902516
1095.3962297037663
257.90898693332946
102.2945116751039
226.43107553016833
249.85791380057984
1162.201323517589
263.0229170424514
119.12931409103236
83.09736703557155
1008.5830624201757
655.8114287894925
716.5779837441041
653.7331463508975
45.05311262148818
382.28063840566625
441.9660582291451
224.2900581016467
479.86060377847224
1128.3233281372818
1063.5339341077467
826.5651108191697
715.637198808295
157.28257915118513
333.61879794899835
700.8733091340814
648.9229659563091
22.894486202680163
422.88902442861854
33.070198543710845
714.4917296560301
1117.4670454340057
772.7586870974394
228.0893432553451
1063.4129244417577
499.25562764284246
854.7810119999511
162.61990024464154
1047.4542583646773
189.27426190690252
90.04230643359254
256.810556303448
103.73257551193306
737.2382137605089
87.94567825585153
551.4735842876102
702.5916587526323
49.13211366823809
830.4246367377306
555.6340024535998
314.3823576931122
91.62479630402873
166.31345944145826
666.9223144182076
545.9637054468299
774.8253363919582
1140.2630387872339
920.2508734151382
577.8198724318281
958.4052925961735
209.8864589349713
1144.0610333792285
128.28774784118343
111.99430540333981
519.0631095435615
732.5712723743568
1194.3465558355465
1176.2010263188315
807.6895348156511
573.6186749748996
809.8935744471588
235.0091568992516
436.4715139780109
515.3521583124987
912.8315880617331
669.9757914594342
385.952954083379
872.8875458288222
792.9801075707877
784.1768847045528
1083.946979013205
481.71064423857655
847.3701504415357
620.3739053022184
21.04365333126005
44.94359175782481
683.4024218403732
248.03955962007427
867.8495952963391
218.87455603151992
792.0382785662721
4.551198121369854
614.4187583377926
343.70538121634576
629.6346328860645
920.3356609097036
856.8231537028804
425.24858565227726
954.1110182193868
1193.1076846377982
610.03899398487
801.6237311927704
579.4376961960583
697.9936052269417
862.9356481441006
417.7720908909874
303.50419865717123
24.914996778756617
299.14727315846557
413.5300672599347
862.948698196826
375.0730506449132
243.24082090358488
655.3540920059894
704.6258712548441
235.12945112113073
1157.9085297072427
332.61650232510067
1109.4457504264424
549.076949552117
448.49018321561704
634.9694962445209
309.4998377348925
225.07328553876823
288.36460391448065
917.1665685252387
1104.1605640915786
1015.3760283965345
587.3370516018534
1002.8153619409723
818.3474035602745
1079.6884699794675
984.1402173370599
1077.2368451332932
13.625115539394756
101.24217614764099
747.3097206291343
310.73366547389276
896.7704887827844
587.3428596246117
157.61743212767968
386.79895363110904
707.7247328235603
153.42380994074836
465.73848312638785
817.4773820460355
415.5553990682798
747.0474255611174
85.55503351944625
56.684019050360405
189.78212654341803
581.8609592415135
1094.054903925588
574.2591707203255
817.0269393179946
572.4943231927259
216.8801047423721
932.8171499219782
551.6493875261351
444.8724815329398
957.7243992833729
448.76175721711036
192.48400307718646
369.1831130331638
200.93128132960098
562.0290342556322
1129.6593144896458
548.7721413808138
877.7134766342849
350.26343525056996
109.6107389604379
173.13443016974156
994.438381396384
1009.4211049077172
863.8918618576104
219.36853205475134
355.76773051968473
886.8192480407276
747.8878892894058
858.6080603146572
980.998467240836
1107.0366838286702
50.52787279468261
526.1710265262393
1127.1960505018515
281.74366785246
507.97689561786007
582.377150752126
420.028237461626
820.2087919629882
399.3097603294315
484.65394443724654
658.1758354128173
82.63260112469125
521.3014157881772
1155.572047574865
974.0819423002343
275.3038960711719
598.8462905900132
846.3601302433733
640.9282350141111
431.0938958936535
471.5584711068415
1041.7090395390856
418.98847855289955
1184.0143212931202
808.9822125337868
1000.7037780358219
546.5678744361567
811.8416470022011
1138.2208889740384
294.84288785909905
520.4442636814033
525.3956036303009
1020.3985556162052
606.4045668257032
1055.8262470276914
305.4535140016644
799.6808834499692
645.9433245295044
456.41759482884606
327.60842278141365
866.1618290415859
449.95755298666626

8.6 17.2 36.0 72.1
17.2 34.4 72.1 144.1
25.8 51.6 108.1 216.2
34.4 68.8 144.1 288.2
51.6 103.2 216.2 432.4
68.8 137.6 288.2 576.5
77.4 154.9 324.3 648.5
86.0 172.1 360.3 720.6
103.2 206.5 432.4 864.7
114.7 229.4 480.4 960.8
129.0 258.1 540.4 1080.9
143.4 286.8 600.5 1201.0

2 5 8 11
5 8 11 14
7 10 13 16
10 13 16 19
14 17 20 23
18 21 24 27
19 22 25 28
20 23 26 29
25 19 31 34
27 30 33 36
30 33 36 39
32 35 38 41

