512 3.0 0.0 1000.0 3 160 240 100

12.896204663281313 163.87535800199532
114.61220454723525 202.30649990308385
48.70474131211733 108.69105368091923
64.80293924127558 189.26017784372786
174.54919754549087 207.32141581696797
196.47575711873512 123.04183546209043
165.01304029463535 106.87152204011252
74.05329769474092 96.81199551123399
163.6704247068757 180.49294047610493
151.03221607139204 200.94243136092382
163.00503017607176 140.68677703955345
128.85446694316514 180.0547390269887
122.24365390684433 11.558613559085746
112.85173689829512 117.63149214460495
204.45089119011027 12.571903951385938
240.33327784488984 31.961964910131506
117.56289845171283 78.3638446195771
1.4868544377550919 140.0563924072743
230.27911250578137 242.0594864162388
103.26569840725425 121.46711451491063
56.78535920834249 180.51557768438119
140.89777389306298 98.91198080037431
106.20891543570923 130.6464054500114
154.25913115769194 225.60545658115717
102.93889668845041 65.4828419936363
103.6557123360132 138.5288679511495
229.7671209340636 138.45438456468943
69.11641411366737 151.83249856379834
147.4340970991861 84.00400854861176
35.875456305995954 165.54512706511738
234.4146154359226 17.68261883276262
63.01500442880642 46.02162576865887
112.22307586078628 126.74678140322266
169.79851935142523 210.6742880277974
101.9911268760659 24.03053965943622
146.00743658757014 168.18209437401788
146.30507913002157 38.35259755009957
149.69945996292154 69.78923543832346
130.4386952381954 179.01975214689057
53.136092106408405 229.57504467296062
130.0036952776421 52.93057283447627
21.424782663005903 246.48157076655224
150.57665834362726 48.38716600435497
54.1845411658676 170.1216950194016
171.0396764234934 156.0735685456901
218.0678197821257 96.86569079995591
40.38457037160856 183.80658387676036
45.23774171322603 87.89717288212465
211.73790969252425 49.497212183950396
41.41133935745744 8.388364865872605
42.33460261379976 46.51318983769556
149.2515752182045 148.72739908212816
171.69385328497148 208.81635176356602
79.79926346714642 245.09602149302535
169.741119429815 225.34939886602322
87.12124177052353 165.6723909301945
243.1599086814342 162.18047303712908
249.9470909955392 186.9016821593151
184.39518784608074 232.81118879900424
228.523061503136 65.69906414533108
226.06918773346854 135.0874319693972
163.75857392775276 7.6834196603001725
39.555998970439795 165.34263376062913
153.6138620142095 172.20576605958314
200.22017211160468 134.31090418414374
185.47153223824645 149.7870396856461
72.93261387987917 151.00142852303466
122.69336558053232 192.4388433493339
154.83020745588465 230.10703894262417
228.9627473712517 184.19517294016453
88.92296397838729 192.08635706052758
47.943140540051196 244.42256931700544
154.79684189187222 148.92795340429302
249.49613272931103 145.97398500155333
69.58368453552896 83.861644455514
171.51891175637968 234.83321452738014
28.079747003579737 244.84323767410734
54.84259707144681 122.91808901668743
142.74217191800713 110.13953654647987
217.45796833799994 226.45076322068783
12.971133771230964 40.16847611041738
28.406535111340446 235.2473058744887
246.7882446822415 28.356317414633626
181.79780800004738 166.428463355243
64.10525304543587 243.88036469228447
84.42417608243628 143.1523932412619
99.56039183108103 124.65452823565612
9.114991368896513 101.5971682779145
72.74515223922606 125.19377798249378
24.431481724476594 165.84329073678003
215.59317639042231 197.74226058330112
231.4465174394741 206.54625511056233
230.01197761651784 47.307641419743
157.9354688820679 98.04897593332664
113.07342680072163 130.5306082439876
175.62565240867073 110.90709049376024
172.19182966273812 79.37963721181954
51.47833642725039 225.5403299232866
209.1282555850393 169.55359313347284
80.53032802855384 107.18929607429212
205.592427896452 118.10550156013694
92.25968124712087 136.26701347606948
163.74189625695178 23.748610680186022
176.50842475155252 219.09995581858274
54.85654172037977 103.38810805765335
163.09826805872973 233.64219421891497
15.425380337082323 116.66311866222873
137.845457590718 23.17000136104111
201.8653396004114 17.819870916293446
143.9783456022376 19.033323537904156
57.35284755427694 107.82302642450468
29.83620743592988 21.637252237128923
179.94079267621564 241.86479175562465
131.02239986807535 4.359760960529813
66.0606047000426 140.76306236338584
196.42724215961377 82.70590488925178
245.71172674893094 220.52964569106044
242.86188231809885 187.25296242459214
89.71133706551704 170.61744033494847
51.91608008663279 221.74688194285946
7.008775770519643 134.53682930875956
215.67753532944113 134.35589071961672
24.958089238050817 26.31292877479216
61.04907264236384 28.1151609438188
30.08614893592468 72.94401528712905
85.0655840502087 97.70272962733664
199.10311328448347 46.14654495236387
70.21685933670574 206.45116188349846
180.73549749195908 29.303877685292495
101.99860397052579 178.60560524058732
47.22562749951667 53.418365509054546
98.99844571767285 71.59601797109272
225.29424892180677 160.477151240497
45.873283326578225 14.545068050992843
1.2058944959907614 157.68137200405994
83.8852865974963 109.1130171219113
224.9659737267624 177.25370921451534
37.3392115564227 81.28995556447552
142.72473400260768 95.40591346193995
193.18324714577773 147.28061441124453
111.95161622454373 241.74806246947335
1.5067955267455413 182.35915684964084
24.97356742196 212.3411991538369
91.7929245424333 19.099725094646193
214.71819709817484 192.74712681747368
217.8953396183898 35.50416225690664
153.6259036130657 100.3651566428066
188.20111638987618 150.89483758475032
24.122032865691313 159.838503702639
6.697909038441585 229.87299664291882
144.86694854379147 64.71721770586775
84.12567506561832 118.1056207678334
36.64252474306118 1.325385533526402
106.3282851501966 153.1905228750994
48.28144642640658 198.11330764835154
27.173545564249224 222.81769681062448
14.941168134007254 98.97127236286518
19.31883499083653 124.3379969269442
192.35189735459204 147.27209205957217
125.85706411762112 103.97901791071817
127.95635121810486 53.649454611533834
214.9656651485273 90.06843573631049
69.60742860196501 174.62642042771841
174.3564421640463 142.9481723356865
24.971326086763085 16.964281733114454
161.2821634469852 198.84714159220576
127.17243998414565 117.62618553513497
167.75803219092012 7.588503579570416
99.05257809142046 174.54791048473155
248.7640332770436 32.63296131279744
71.3756938090597 12.948308517647083
235.7093260184837 15.409022614108814
182.03493492727432 130.31254495147869
179.600646041044 28.474201151137883
17.35811185798783 212.681189306208
166.99063581095663 61.520519649570645
159.0616281981319 239.41436999951227
17.399258273788938 113.54544916893039
48.60766321895477 169.11801602620992
28.117969521312652 44.56805114154314
35.28747119376904 224.16684818954394
190.43968212142028 84.11018978226336
177.30631379723857 143.10086371815044
207.42798234730634 192.25965503351443
110.22994028620292 130.01536545732768
173.59504328851008 61.84065501306729
222.6995541745286 195.34606038764235
119.56062011565751 233.12476552676284
181.5069865148616 164.44313936186995
29.562803961686978 240.49127068802375
141.09696352128498 14.781595860777653
204.65383207480855 109.67533731189944
6.314904155964113 125.11902285293617
199.55970489700059 100.74684608608428
245.11146608173482 14.474030705444813
136.13735667677267 13.807497452086759
213.47263265815363 70.55808525130966
135.15309055033183 205.2664915894247
20.709641811180763 110.93594934266254
54.57031428710138 146.74451290722374
161.36627009708528 90.80829372860461
171.9303291222903 66.96537955452905
152.34005009700292 47.00199802848146
89.81008919563283 174.94167633864615
45.22641461014187 216.75728764944924
86.15387589076171 134.35871927646545
128.3544520081846 216.93491286966542
141.37057100121189 201.3642348064964
90.66587150379878 54.15211533484457
54.9750644292358 222.5828617522392
220.917328952735 203.4004133858006
77.27131218407659 23.51721323981862
64.73760742623755 248.59091663589015
169.46320781361158 42.41437534185413
43.00201327608175 86.64766486905783
81.91042764728718 235.82636247676163
198.8860123326487 116.02743772608626
120.85472358870389 142.0148962614666
121.19975693627005 180.53590310082097
171.67701180291803 175.71253420156683
155.99376527025947 156.05423220682198
32.29309797697541 12.417909879663346
66.4733240186815 68.87995618432613
189.9957337116395 47.18744204113815
72.3469646964943 204.70336985633233
200.42538687316903 195.4325309766218
45.27464311799761 75.34361101839241
125.59192261764512 0.5215735689479417
65.90230282114985 55.64378359187486
226.78189594862698 155.11103378634797
5.685562942555011 202.27782796109656
155.3098837226046 35.33258909530429
73.22196200477521 51.70119753619734
91.90894539281044 197.8891704429799
237.63207437642572 76.8867743208384
52.670582332892096 125.4277504180234
5.13223569764415 69.69885406102382
210.36826934021366 69.33178590457537
245.10926513581063 130.78690916927948
118.65655744706619 96.34839689647343
139.41718803147117 103.0367936162325
15.373190776130613 171.8833271275304
65.87860880974769 79.70225765134067
243.54655313694735 166.7591670147052
186.19168028218306 12.229032722811173
146.59348522956373 16.8804001907249
231.0633734208529 67.06179924644532
200.72629227438668 123.83724649278372
144.18121768134017 106.90247435712791
120.1480451670943 114.33889291466176
155.74520231080106 211.31261122159387
114.8397375022222 186.83360007720304
223.18967591142047 226.7379283496585
92.31118628802807 99.84039743332993
92.67071841609467 207.39786277923608
119.24418708028949 177.88899369341794
120.31945467161722 238.45415425958836
170.05501669000805 182.17125345723431
244.89817693602052 214.6738594159583
218.44184716695548 130.11858652729495
9.058073509331882 88.16958646657683
230.04061431217283 111.85627131106277
242.27827773143855 206.3894536889859
112.19510504411828 220.74927994840453
145.5981165422396 73.3912489952302
148.22585241380128 243.90202962977597
77.14170237639736 34.5265544573691
52.85160139606474 237.9618396583539
159.38598603394303 17.136946238192785
110.36934917100066 116.4961944683042
121.34749303056022 182.98975271845592
98.22757648175967 147.00964608497642
71.7795663759635 16.834326820310828
155.85643482879075 232.4752902802289
169.19208611293408 219.933129830172
36.866284436113006 46.21239810522165
227.01670896684658 39.84089695634677
215.74005654456016 103.33675206343598
170.61002007373878 140.12648068677493
158.82330601327436 200.52514170259386
39.685256133848625 61.024972351309295
163.497431517046 118.6989084249509
123.43521840133407 6.80546307318905
113.213290553345 125.24539849790592
204.0387853455915 246.7350093996775
201.3136514964835 49.413689781632186
212.39161236810386 245.1086687574035
25.384000933340868 244.85314083687018
184.7943800916486 150.4529455012223
127.88283400475076 131.0041060143018
232.4736983555085 15.221663747731068
117.19049830600225 18.140590891750048
154.45729056445126 15.684453257181985
110.14192877049287 50.72313289890126
222.9048604179183 180.52577343791359
25.192764851637573 185.05099353359532
109.41933310959907 155.00286055877177
8.862423289470566 245.1218102399808
211.98821544665114 194.70446099113227
245.7045177605376 187.85418963867937
195.2489940145385 191.06473320104436
27.03699743821919 42.5156818501225
3.2101895429832994 210.42781788481227
24.366751794424076 47.91163306044913
80.20196937045448 139.68840963502856
147.22550875372872 194.7492692440393
237.48454266622528 192.43681122233417
54.02357304178634 84.75933297125998
210.7425627554849 167.04277893636726
4.831509043772275 92.53401942626948
189.96985113575533 211.46731197179804
168.88855444322945 184.80185896654532
236.69380032874395 181.57497079356995
104.24154757365936 80.53929786478975
50.59120509243103 211.29802976779987
110.92286724037781 120.89799284867478
81.7626688935601 208.97655075774196
26.630975065939115 122.730818864541
5.364573882017249 178.87718707546634
172.8647704807847 208.4596462211642
131.49822599387892 110.17092947148707
154.29941042319575 87.93848795203546
220.0675544258432 199.83996384455565
83.28763673118728 10.526484472909935
62.60867186371147 79.30412980536666
112.84321900243418 229.97861768983523
145.75552938144168 178.21236766645558
141.06505671363084 209.69120460785228
160.75406987349038 87.72670116472028
144.48795750696712 75.74404619934596
105.96696809307366 233.89161881147405
103.21865500829125 202.53146795379485
247.99966794469725 88.46414533656058
64.42162864525602 142.39004120032115
114.70397208717714 118.45427197162448
50.17476749736244 64.22782853618287
9.900099474962232 56.91233431184764
194.67317321667247 104.86329379463818
137.0283630901728 41.88443644125442
161.886315440016 77.12803792300859
193.00671768404197 26.991765788172444
200.85433336909608 209.5396818661099
96.92574215189481 35.188992336511795
0.992498632002875 209.1627017979037
106.33961339526036 233.61988256740563
185.6878782002693 124.24609427013212
136.9389244717988 152.05625220610506
131.9478277035319 125.67840213402842
189.16157275076776 90.182407524247
100.74186815905314 24.02229808354389
80.93487811418242 46.412613046946326
170.89936552157965 179.93290927913915
53.42467549140567 191.2445343887952
229.57749747663115 55.687200761944084
167.59271259319434 138.05233869683497
13.244007892599608 34.826138360080776
185.04467062204938 36.74360075848482
146.67989921103728 10.130741926693165
221.35119635312628 48.823939939213524
233.41454465376265 94.20625656258704
144.2504643491428 248.09268322641344
149.29979791829098 11.716866366144801
59.901604041867174 129.4194131057695
110.12498964160785 248.23515329551793
74.12216184769457 199.81544572912148
244.15850746946924 1.6065277659740307
41.60835848001532 28.94152009610476
153.72891347215102 85.03420251622101
209.79857960276036 126.90445257502134
57.054291637949255 153.3041326275085
232.4500559220104 45.891354537521245
144.51529911567403 159.65464501252472
192.62473403940038 131.78888599389174
120.10984922573579 5.25698956578352
45.71279846450096 142.75181834244742
101.79991537235261 21.30528553677974
45.548035786453276 160.88960970311385
45.47356050053991 97.21366559074276
65.97737854768637 111.25882759906752
246.45413270436106 90.74378549571283
74.2127130738191 144.16799931012017
58.93502327741631 86.33010752069114
166.23962510548822 31.196208491510003
181.45377145635032 105.36809355705142
196.8409228726488 188.16064128969825
237.25843477413267 11.567932663263225
59.39142677687406 65.39534312037625
188.56765842592785 23.31800478192031
188.81335384403718 116.61872674186074
85.13310376098981 143.81644733451645
139.16961552948106 152.5869429439616
38.102809997395184 219.43971496696636
74.59946957291235 222.33804115913864
220.66698841148758 224.9594888075497
70.42432898310064 18.87642748659088
246.45017084003206 207.6690289683954
11.291147244112675 156.9658614111416
186.04203144568538 3.156660494497837
58.10083290261739 137.83524724282864
7.7954429958877745 15.64873981402365
129.1088233414555 132.6375108779023
150.89544442372397 147.68708946250376
84.57677116544707 155.7958817388116
16.34642213923321 68.73658754616282
105.26400668169306 64.59960812248764
117.3594778503213 97.28328412682774
210.07186468025293 0.2515158599844525
64.39851043940669 4.302007835775029
48.253031426658325 156.10680289656366
52.92599974751649 163.07657233863188
103.83884033463609 1.3389224627350094
107.47205360152734 211.42975357417902
68.81166476312683 34.79022892869099
112.65258867329636 240.85035218194554
201.39257470511788 44.0295485245914
111.50840803337702 194.51880846383574
203.69858705462252 200.15529546011246
143.82462626041018 154.26060490127
143.99157793047664 98.3444921066772
144.81481932328558 24.451005185404274
21.535526491091723 183.09728273724724
137.49373296427555 73.75464259767361
68.65400551968712 173.78038169326584
41.05898879102654 211.10181944738156
202.55838112606688 162.7969343638164
80.0143568510788 134.34874928041108
59.5102308553791 10.887442768143906
238.1831389820857 72.46759802228509
135.19905610428845 236.55977981967663
76.0207436265446 164.88565006276662
137.49556519526897 144.16504859867473
197.8874997792675 74.07060530694287
106.23723349107964 4.231569399458069
75.87446030225733 67.52375563538257
177.67332477652135 209.25495797061188
39.436373552153874 178.08603359012534
22.532629045876913 51.25255072686915
111.68354175159823 212.07943270641067
46.996391065744966 58.16228282749131
39.03635486394313 125.05414311419483
238.64784356080727 30.69301400204835
59.35852535911212 168.98916363383188
235.3718222261642 29.556863531556232
3.904548677913705 73.50324835706081
40.47757737757504 149.4644653191739
33.82179151223377 21.84992742288752
70.2535534089937 237.61791235694977
221.18639301237448 114.57793987704571
235.51571822374018 90.5131607308362
47.432898108815515 189.33845544552793
192.76434319416472 146.6327159716252
53.05420523424703 116.86198042061623
29.809688241618005 2.771788567133421
122.31006894911894 210.6313560727281
21.534889611320303 166.83199657006898
164.1915409289483 149.23960262521678
67.8363573997344 203.03745647373444
48.323180765094705 125.35410853797566
244.68951073278373 195.39239031892967
12.601354093691008 174.5815715967021
222.2804370006018 199.38655554811555
82.75507920732375 177.97732077402443
115.02056731679595 124.17947507527155
215.97257642415894 86.9762871858393
84.25476100460722 149.1076820795363
56.17376372107072 8.523431412088806
132.66412787165473 207.59697808039144
167.56677865338492 143.91314874637175
179.8685539273864 159.65562336568718
163.9627773943916 35.605074080612006
214.32778213449464 233.12788581108435
191.60869021484316 50.23514643705809
41.206841258597386 2.292371248585945
74.27756372830463 141.9064351957725
71.11361013781872 19.8203924536528
187.05774015157422 32.246932503089326
57.913309874036365 248.1651064702522
29.739854520469677 80.83357714353345
32.19382378836383 11.167238497267086
192.7608105687137 183.56480333371977
1.8578236696693284 207.53347985733413
156.94463444912148 5.2978436914739575
2.920968182834743 203.02332812733025
3.7703769944113508 199.44009242618563
136.64560891002134 165.616458772355
121.69848295362945 218.55759484029662
4.565519513249905 148.42682181903996
240.5496937304984 122.19202100296533
102.74443495424057 152.9370260842183
145.17802411664866 185.94736664811288
144.75580387335143 111.50123617302468
124.3910884618786 196.15906212082365
133.27413247764187 213.84962882435107
66.64576607276071 86.14828719024744
241.55226032887455 165.82260008418714
218.22723228610448 190.2666269613906
158.743543697427 105.27460007144538
243.2510178924459 167.68035426079118
240.5608755219009 3.0984406737875894
98.54672544215964 166.5727461805337
179.26020090288313 26.67985548238286
100.08735460601639 76.94556350204049
101.28896772488363 159.37563764822687
211.23011052167772 63.54550489818669
97.05061527318453 59.24192921820492
131.21671536605922 142.8212361015913
243.61618674151154 186.50869656750203
48.176590899430856 161.72004804624282
180.24347251250325 179.77343881453896
168.56817184085156 137.20822859125497
24.458589189403856 20.675196481841823
74.59470280878975 79.85282672852468

11.157057326514924 156.58412933213586
119.21066949678257 202.29154087692874
45.23789560126967 106.65240121493221
64.68109638832259 184.0858599495929
171.18126263815117 214.36331337810273
202.7213557318835 124.15443142439709
164.57877404788258 105.60687844226373
70.46988614080779 99.28065796105487
166.44591901651773 172.60349792158578
145.0686219365357 200.0239184701474
157.74979364017494 138.6161519573298
131.50259229935355 181.53476120371704
124.32430211203155 14.02359318120766
119.89844829654189 114.07615168011357
206.89632449157673 5.342866002840063
242.3727080897503 25.038005841080402
119.99838779113914 82.98325059564718
4.337502864191601 145.13249791915888
236.17992266425193 240.29886311918074
106.355291111146 125.50147959204996
62.1500412455358 178.94803144917856
135.5426181806987 105.38528073863351
109.16804317673814 135.18221586764056
159.7558820351223 226.42061007250132
104.55012167000311 73.24555113290651
98.53620417019512 139.23930024005082
223.67934973632714 144.25966234978267
73.44224095101562 145.86219154542187
145.42912641270365 78.25329655223062
39.28731017240772 166.11525488519487
239.79949427758444 11.696718452055165
58.27580299268839 48.68030758943312
115.7633273894095 121.58606486126632
172.6286248923604 216.1006687593914
108.3659775071823 21.130673243218517
151.98910551546598 163.29003439154823
141.4754739610087 33.06506971100226
151.90928795555854 66.69283434889478
124.00466297392707 180.90955985032002
52.02273345453623 226.77872814067058
124.1234809030709 50.99183967184956
22.413601168670056 238.24623383978565
155.63074759372574 47.30870845022009
54.857929712370165 165.56703817552318
169.91960690028648 161.89264953617752
218.9852337270489 95.89001574274502
41.961778975875916 177.29102267512212
41.850942465569865 86.15066155498086
207.95157715858718 42.073699978440324
43.29172172641832 15.722745736540922
49.91551291428031 48.13473868276535
151.08546083421976 152.25359545431803
175.2696827884437 206.5525363656695
74.89840612872864 244.63546982945903
162.50398703868586 227.49492383939747
91.10824304100312 162.29294342513515
244.8009474547829 168.39258930625195
245.77830028100556 188.52321981849835
179.1864430795063 230.54740936592782
233.19819255485174 62.322183139403634
228.32937210711881 140.33955866148884
162.21126064439613 15.83326794450221
45.01593246623711 162.77057814445897
157.05065356561235 174.9272276122
196.60905099950457 134.79657272588835
183.59897086765918 143.9327997802827
72.56213413297618 149.37306856625284
128.54501836708224 190.79782657246517
147.688801087323 232.4044293932777
226.32215535786446 188.6374361505751
91.75811491376959 185.69273178932357
52.97844122824341 247.29639615407132
156.0913708786203 155.73368441705506
245.78745102434644 146.92554261671762
73.7442275218542 80.26436850988975
169.02246623096522 234.608595162024
26.422866093691212 244.89336084513585
56.920500913414244 117.71392065459723
141.27044382336484 102.88249833921998
209.34709899710398 225.81079704613703
19.13232292786729 44.30226995068312
24.399054390451564 228.6645032194703
248.36360425631287 33.73877818347324
184.59885896539026 170.6725081442109
59.11141004942536 238.56538092308642
87.86860538881203 141.36071934365546
104.98685216404974 129.02554875593387
7.850913122298881 93.58181807070793
71.2050242532061 118.49088419717155
18.78563030419167 167.8206792706286
216.34149371763874 193.48208189502537
225.0130728293283 208.88725348707598
221.58194415977496 48.09974821067037
151.3333365219352 94.44326193019623
108.26378080662872 127.29432698130292
182.32636782086993 113.60636635383453
178.59793577417818 82.37541664495134
58.65718449096197 227.52826403810255
212.32442751923764 167.19166682658152
73.31608438647751 102.85207311067856
205.168990706667 118.97793124538497
91.07360554783104 135.03188657541958
157.0486424422118 26.383242420888575
174.8500309263211 223.32300396799712
48.163533511911105 100.19237376248297
162.9022603142536 235.34702366021375
19.63237750246857 120.48592474661096
140.39525350596315 26.05413214583846
198.00322193751094 22.654948721199386
141.090910483402 13.191397111463388
55.114839488835386 115.82449829766436
24.967954604791174 23.62923275374512
185.22333916179767 236.59199797471715
129.40987606403192 2.537808560363508
64.40148887665458 139.72863964298782
197.3722541899454 82.58691769198917
237.31552737970753 219.48662536663744
237.1649308835197 191.6274832552846
97.52307135043678 167.49040160376057
53.493405930375076 227.56562755560898
13.5316519283534 137.90883547963784
213.85010997281788 140.16152566290904
19.46411706200185 22.640053114209692
62.50578341897056 31.051000057098044
22.810902717811416 77.01917591267366
90.90705040898054 99.82712953066397
204.94380451771656 42.323924629366076
67.37299060106466 206.9582081196253
183.0674942054939 23.609764751316874
106.28161571196729 179.25626542679547
52.09678033051804 50.843766730521935
100.79238107048347 72.57827631832257
227.3484642289589 168.33855144996045
44.6353545371383 15.020126415343032
8.739060463748727 158.85338958997224
88.7396905267109 113.59238475243555
226.4247186470326 184.54918639392145
31.301194190537313 80.97268353906553
143.78721182504927 96.06735713023384
198.41699869972717 149.49469106675326
115.62006172265771 242.398872442037
2.6282649205111586 179.5409751190953
23.005808964226077 213.5031789063591
88.06581606841638 20.511785847247747
220.06045353084843 189.80495732813466
216.98975187535322 41.138303673911054
146.87480354511644 102.71575878407407
190.56523258757633 151.19566082786383
22.005178981992973 160.90684717867578
0.5265474085943411 225.13377495585715
147.82874592634005 60.964068592634504
84.70771371817968 119.62469238152876
31.950415073493193 3.8223287444718865
110.43876640374803 148.63054674393487
43.11324493854707 194.51840520784592
23.302084675665053 217.8647012974287
19.98278614105928 105.62129211606214
17.656435539415956 122.91854141881306
193.41501160029688 144.07403854633614
119.86588669161353 106.06997192335888
122.91704710015908 58.001220474385995
210.36054162540415 84.23356238496204
69.15372689608913 168.7988160685892
170.1258669400281 140.1520487023307
25.8065966579753 19.658375849807065
164.74685268816987 194.43972400202642
127.99499204851325 114.40705780645358
162.97094575569318 11.774140774798243
99.23874854886041 173.8597229388217
248.8089346142046 40.30550017902495
72.67269756802189 14.968168359233452
237.5778826223779 18.63802704843101
177.1779153464368 133.1939745625245
176.84575262402038 34.237882531748724
11.001915240642312 214.44025226971624
170.98196276922422 67.38851096884576
152.7370411469827 239.83350766733147
15.798879829974439 112.74444068109976
50.64266478591739 165.62532610131552
30.6126008036908 41.621353073041156
34.92569890413203 218.1645723964069
193.48639994390666 82.54218569744035
181.237054212294 146.4563325632214
211.81978354446824 193.34929525346922
110.52554303296161 128.87665428588718
175.5922310556152 64.28323149814672
221.80100330359272 201.7212676907052
117.29939460493414 235.97881032545232
182.48436552993775 162.7242532814814
26.168441577076013 247.22662946887198
134.17044623690614 14.701038331625977
200.02339362863606 105.4987602140905
0.8322035931995209 125.00025313567379
201.97787532851854 103.73591266866444
237.91564466415898 10.69644538072495
140.78549833030755 18.57609762873555
214.78891434615593 69.3751958818484
127.26773821655473 203.5767651413965
28.83494490117086 112.1452870105521
57.440321427846996 145.83139199822463
161.6367182398823 88.57811324498749
173.69802040028992 67.65053531161352
157.0715220259768 45.672560439745105
90.02932083807822 178.9646201565288
42.86986836961334 223.12507735699523
85.28917640073865 130.68578430246112
134.8991744459373 212.5544206792013
142.48409420973223 198.9664866028222
93.60908577484165 52.20661879809646
56.450558446441676 219.27184604982003
216.0099766750494 210.2886638042058
78.02495131969675 17.912432420142206
70.24211177910577 247.09931204084663
162.32180359121213 44.487032897358056
44.69621168906004 78.41136013545888
83.59969987881547 236.5089797908392
196.44818912976265 123.48278042756047
126.85329836609333 138.3994278707574
120.30580337058483 188.64087254988803
175.1190434606369 175.7275962850412
160.96180175245297 153.94078999350518
33.88733544464534 14.713764254404266
65.2899440121317 66.9195874785665
192.92047389941996 39.36255505223729
67.54285067481891 197.86691683116143
201.44321171573435 191.02081731443576
46.39476877647877 77.40012924128506
121.61776523027562 1.3257426806417838
68.07403091030275 53.376327468560554
226.29271481872982 158.90057504646919
6.280099547841644 203.51423126005278
152.4667650354262 34.7975587351714
78.05146235023416 51.71995619207992
95.15212281053768 200.34999070641706
238.97082145726873 70.68119808088355
47.26212103807942 127.63219552445636
9.456748972174662 64.44877634229896
207.25832722726534 69.96882586472519
242.74444624066868 136.46504717266652
119.45377144720517 95.22978006524025
136.46798693371693 110.9304895443693
15.522432474197768 167.16102950928695
70.47807136421727 80.48872718097758
243.1562520924315 173.978909916547
177.95984204066377 10.220478639110048
148.12592954038823 25.057418456556015
224.11711536148937 63.34379409934032
192.3191587559799 124.05132468020494
140.06011741620094 111.36038306448928
122.36343769983854 120.93644643617094
162.15671181164058 206.02030579302323
119.15153717914309 192.2018368404444
224.05609576684714 234.643344078411
97.30522522504334 103.661907226055
93.99904908098038 202.1982786676698
117.05502549421834 170.42233564082005
112.96168005012419 240.67670727721546
172.10040065378178 179.3203263110607
246.1841191820399 221.95776492296054
218.79138536729374 136.91111571227066
12.42486085134828 86.79551377639488
235.9949036605225 111.5989422348129
238.4004032189203 201.78609197817636
105.38268571571541 219.20345370011694
143.53464656746505 66.15305465532253
151.74057557342547 238.5663369102271
73.03813684479194 38.35790967856861
54.192027962559344 233.04277983795973
163.98229786170356 20.943560460607856
106.73813371403998 112.69418594126532
115.32210429894334 179.89234952750348
104.43810823886055 150.51012388736433
64.51019673637693 14.513755670635426
160.8676996975765 226.20226323920758
175.30440718196337 221.01925184645788
36.29336974276248 43.50063773484636
223.6386133133006 38.845063165033054
207.9094726770797 105.5303720538738
171.59299590972773 145.94696718823
156.9610941383721 200.3920635685556
35.965836982706584 53.543498780274284
159.69335687794174 118.58222842382499
121.39495923074492 5.918561088572166
110.57882993890352 119.93878275531858
207.1875841937777 245.52194732093085
208.14563926386643 46.73365069440594
216.4855354952942 239.638831755568
26.002703698572716 246.44480922719504
180.47774038655123 146.48330844887425
131.8369043223435 132.87636454354313
236.5634210418202 15.998796075791134
117.9860206854609 12.329981182275906
158.6536816476255 10.658887091274188
111.79363491645591 51.564410464676804
223.5768887884965 175.59543198505733
22.222121155932612 190.78719972958604
101.33122772433501 153.21124978722855
10.330195582615776 238.11320350059313
211.55167181041753 186.4299241610006
239.73831743070488 187.63252478503824
198.86735764605797 195.23986796752524
26.077069227755658 36.77683968903197
4.268091834555343 204.07501401216848
22.015868929802924 41.31749150922265
73.98593636142597 134.01146542114708
153.40794156810833 199.22386373946264
231.9285619088034 187.9988788727555
59.160938867902495 82.52175143125045
215.89105034995006 169.99289966517708
2.9355466745507597 92.47946626563794
191.49510976503743 213.18970243733344
164.47759844702617 178.30122810462012
232.0059369478907 185.51229523451795
107.73498461287437 75.79404118172548
42.945613503951456 213.016213080914
116.25081084891481 116.55027316979525
81.57162211473926 201.9719915010054
29.78769356135713 122.67045708192431
5.0496313821662415 176.36194936514204
169.80080086658907 205.45865013434323
127.25644426608915 103.4316104902885
157.43858007667131 94.72902432819158
218.94050304706118 197.1789730428055
86.45818331100017 17.499587286388895
60.00150946711671 79.73784174106355
112.64376133677656 235.71415901820225
151.5340670197395 180.1869298284042
149.4071926486677 211.1690810559593
155.68364765313382 85.84339088965878
146.41124187164576 72.37660819956257
103.47102095380284 226.77764679653973
100.76385078435288 202.75506680727605
246.7908936857343 82.7707269465116
62.40313093496491 137.60900669890412
118.1348237217171 123.3726488026145
43.89553776654287 65.98025526246407
3.5259639208302107 57.43337238521029
200.6771899696855 103.57921285479705
137.68871276800294 48.250103528068635
164.0340133842998 71.30045798601401
188.31259347642393 33.63089677780809
201.13655121377263 205.5466360312951
96.35236949505838 35.913306361952195
5.828143220489357 211.03080039472826
107.32790204535122 229.4080089210845
186.57129234145518 128.14812758894945
143.41126211266456 154.71245843055948
136.48663005618093 126.45382052877684
189.38449058234735 88.43137046798158
102.18248374793659 17.11562579502618
74.95928976390975 41.37024415705215
172.11250953889433 180.32305194930757
57.192337353770604 191.97493311581385
222.39561036511475 52.11077636881478
173.80894723282327 132.28381334526765
7.467488630211933 36.26773411543177
189.64851320099677 33.57521174582562
151.08493366403164 11.844962149349408
213.75160006968576 46.28400067536795
238.70195610880188 90.07731903965619
150.19802706796855 243.26912463785447
144.51599868657024 15.615699505881514
65.75774402901999 125.69121830266916
113.38601466373619 247.82590304266205
69.01415815674231 206.49100152408434
242.9437505693402 2.7393618657616803
39.53170279051399 21.922432777902955
161.19854195105768 87.6213679546723
214.7001359122959 132.98425614571417
61.069214659481844 156.61755822351918
228.09805363701236 46.63760045185472
143.64311857287086 151.74276111762512
195.0935707819507 139.00011093005634
122.60268149037687 3.780086982955233
42.60835547870692 148.2039827073284
94.02902248726652 20.777288531527716
50.516864813036385 158.38481910609514
37.64128396124533 96.04483426564866
57.74008469368982 109.26683790423691
247.59659563834913 85.70399941666207
70.67208548541062 137.46923628440817
57.82777438462786 80.06662743849738
163.88273348173306 26.958465544384914
183.71962773822966 108.5568729912685
202.37510885938383 193.67570752999117
236.68514454564982 12.397095316200673
55.60358690944245 72.24721235680545
187.4045971466666 27.414895689235497
181.43448630339878 114.33202084525243
86.37085638726886 135.77358516367
145.55437126083814 149.19922854253943
42.04632280143642 214.39369167970807
69.03437895936648 220.84251782880685
221.19201016480554 221.03656656714017
71.22387183072811 14.91601696606723
240.87591175400908 202.86786980320048
15.679056174366519 149.72255524132547
190.60813489142544 3.2005429000031005
61.65856869788217 139.1898476849179
3.7872428416407256 17.75621987149395
127.76714428629063 127.31206963130587
146.43256285665015 145.89706610532136
81.25635947945057 162.41187973548534
17.53077386679522 73.30289423628192
112.93187222701178 65.67719872097291
120.24545380595642 100.5661933726285
211.936036684545 2.1419983882386138
65.77514335479646 9.819443149407665
45.177908044701425 151.4183316530242
48.00360294137196 166.1234991575431
105.18564424780394 3.993385148964718
105.39792918155874 206.81438948605032
72.18942282933146 31.666872399271544
107.77501044287155 243.0942112210217
202.55827253850742 37.68740530267134
114.17777556009548 202.2890478462459
205.96313745573033 207.87990858896126
149.40637558042104 150.36007699243473
148.94191396442795 92.62922227116144
140.72806422249317 25.23815344930483
21.939078271480284 186.13986150703948
135.92252344286638 69.7861951329732
69.74068621065518 180.3097900834536
45.680607103961215 213.4434605619393
198.87533884937514 164.30317171433828
82.63528096494987 126.6856057927706
54.77735766845654 11.67655396273351
237.0899154281444 73.70754559674722
134.85781937625842 241.4603069268191
81.20446609747043 169.87354451090303
139.4165365539063 142.27756902761848
202.84915765677403 71.27416151960381
110.87200333562144 6.354947357751106
70.69191771224004 62.732246571616244
177.89198402276094 211.18068863893697
38.18371153209046 179.9567405233686
23.20337092743613 43.149718611038864
108.82680898374187 216.2912794395911
45.01162300537984 59.82761757618207
35.98705383230929 130.24963780435445
245.1435394776684 34.82646251563729
58.34113121988207 166.0936031781112
237.70333440336057 27.403099699009893
7.62695716338857 72.89481691545457
45.847356756899714 147.75269884692338
32.81661789422374 17.89687164371892
75.39496203692292 235.80373406614376
221.07882746819558 111.38772264091595
232.07365598911852 92.50080102078314
42.25599046486017 194.74145025314942
188.27515575077467 141.0657919156877
56.745483006267996 113.70539462850407
34.29172852555307 3.0463028166514694
127.8997793788092 207.0982861588445
20.382358881694486 164.65361985306757
168.01008942746395 147.86505010507153
72.6315064484577 196.90010456834392
52.84401374035977 125.40292730128722
245.99428326806054 201.5587036199118
19.560722201880655 174.53995497720774
214.90394893447265 200.33042146453394
83.37802220989965 176.9410049749791
113.25448859322678 120.99989078571357
210.62571427948856 91.22170298175652
77.9008014272931 147.66597312871042
52.77011163677137 16.004340753282108
128.51016716505785 207.1110872910734
162.1320643776883 139.45191070022665
178.93059102631946 163.86816204515387
166.3074036001489 35.00021452556767
217.65060782643366 235.19108411282073
194.28130367202058 50.43941331724858
36.67795708583227 6.549010195223859
71.82334729626311 144.54348637393423
63.05113890287819 21.269500327255468
190.45869167090652 29.931439505014147
58.86850679311628 244.74248255312034
35.62372840225156 76.73576261747148
29.385352238953278 9.171010037448967
193.07528968435017 181.3626654978158
0.6205501982790573 211.82995709394544
153.73317964156055 8.869602102043627
3.9721312624404206 207.35324129997855
0.733586647972434 196.60010019276888
137.73020295446673 165.7601216455643
123.47441443400601 223.24741215964497
5.805612151828537 151.80775273561554
238.23679643770797 127.45649139234577
94.79644504825977 155.8624652305368
150.72935925478436 191.99228888649066
139.34695015470655 115.83920296232061
118.6926504146496 195.63996580702985
126.18550696864331 210.07196255523039
60.51513424868152 81.56508380568047
247.81676196218575 164.02715035181146
215.08439497074767 193.71036089598812
162.09855428149916 102.1870203173423
240.7627988223137 175.3979478350628
244.9038938975286 7.6687886056968075
94.86102392900072 159.48344120893677
184.67878473410684 27.687633664574857
102.33955079827867 75.72927806956453
96.40392434054185 164.13864423986237
210.25280441886508 67.04062657464598
97.09391027403785 66.75702027896799
136.59678568017893 148.98445887723997
238.13390239690094 187.54093955887507
47.76829311012818 160.34667914639292
178.60975707026472 177.54364494311332
173.08951751119827 133.68244426350552
22.500904458532617 14.59996078639339
72.37510588682267 83.4926852269374

466.15035436476154
148.76564812894443
83.09193698697898
1097.3123802732916
472.06133432409564
262.55820948744247
113.90263796013214
495.29149721359425
106.481512057793
21.71862683361377
959.7224851149708
989.9200351516789
32.44671177013738
275.0282803386697
1156.6746128301036
914.0100717887123
48.75012131360614
481.3354636580083
393.98081591705636
544.3099716211174
66.38728178592143
556.8270995899849
253.95888025150094
563.2514385429567
630.8545465319988
1139.7030601233662
1062.477299970242
159.48767280164353
215.41095408662198
638.9680962677301
216.52070445595473
0.39082810905452126
273.9925624230537
848.5773732036438
325.01999419122984
1103.4848615226956
92.86131871761351
1057.1135994104536
1072.899728269622
325.35041366479146
0.971348867356414
217.71345929991406
426.31488809712266
93.2745593165892
1084.7359134303138
787.6676615601764
574.9319583701941
414.61779655441654
1185.861884540004
1156.9237740902333
337.26520805470017
167.10053238430794
513.8736567666937
353.2422202766175
846.7009893201038
923.3066284519273
435.4288687947029
887.4726545606363
1010.9200853418218
8.08345028710079
567.3290750358321
747.8408796286328
923.8134330870794
588.0621591975233
509.1571393358715
183.45747544888832
80.27186966534887
876.1675968111733
599.9880692149393
597.3388034448908
234.29373112196026
658.0350118154969
827.648232628991
237.78576723420488
1145.4207523362857
583.5105170819087
88.46508851812553
658.7922841121899
48.333156042690185
235.79180625186774
201.7773523334547
691.0082999305548
7.403406428953761
1097.9595388505024
920.3652451619052
740.8147653342545
907.4816485974974
207.25193745990128
937.1725948057293
372.8568572167331
1030.2457067704154
284.2205039490624
383.45101196164285
629.0500582977088
926.9253736805152
1025.4013125711883
1063.945574776847
684.7502213519728
1167.4885324913005
25.20751378666993
916.9309008406458
353.1070886001964
1092.9078479064824
962.576462976921
744.8140163672638
597.7844311599887
775.4748994305284
322.2762271947327
584.203307982969
264.5189853170255
581.8750906106909
979.102974856624
46.87829163513532
706.8708000615676
60.7457556163933
6.962132925125644
1050.4820287725756
1146.5306875423307
524.1237351301954
370.34154560945774
804.3976587974507
355.5051323531798
580.0726983892756
328.7329563212065
761.5849870855873
197.24926359225628
87.66135948552544
110.3424301138961
646.113328046276
1096.7406590330127
1052.7251539732215
348.5826225323722
70.66142917449805
996.2940998041203
557.8273304537998
291.63094132041783
34.14784625169097
1076.6495396130254
833.3181633618285
462.4842914177107
1119.381450175941
795.3046507520846
805.9774575684011
1114.1259093202418
677.1470037990106
1093.189609094786
218.89545549490902
373.99743681816295
124.2460316003288
1099.4080097824979
203.14645051700296
343.1725937679236
55.03904756472788
544.5043867300225
718.2594700924527
185.1403550628458
805.4355184194593
1090.288749598093
583.3188500393015
231.88477300478593
835.8686718252269
383.3166013016571
401.9527559857934
592.3088413652303
756.8748883028386
1178.5262928327559
66.44284444119214
583.6036994581318
804.045246226449
916.4909164548646
952.5671198650579
882.0634109236797
295.720685379077
547.0350060933508
294.73125331817346
991.4588416588755
338.39544474190683
1111.5206661612885
176.3556627123139
803.7443649223261
482.3717465502171
322.5428409761054
539.1108396662761
58.902071833475745
319.8086210132616
415.71553175123745
637.9971904774993
160.77316971870863
900.3857302194723
748.3087477392535
621.6599279178412
246.3894509785177
3.6396835531715457
824.3183175357229
326.4746557625374
878.5514088110979
870.9854515907026
226.39778166984186
1036.046580487423
10.188419662389679
947.5197742781354
610.8276877539938
1177.952660032391
1107.3964252260585
215.87646224017067
214.25220203250643
521.8981415142889
1004.8783536627593
725.1955334553711
713.7917856271865
3.475407349619302
1051.2805352651394
466.3695718664415
860.3659840207166
1097.8479452200443
1197.4170397460541
164.08625554969373
1185.9227435982898
418.29675508859316
816.6241885385416
917.636650442963
302.8684261917212
444.7965234906659
232.3582249857092
1196.79660285368
1179.1078961754838
884.4068977943441
178.625232212183
108.64629172324064
805.7195506038811
963.2761881677818
421.03781467479854
1015.8806637574871
827.6961337724247
971.07239798398
192.03137168348687
702.5651604632551
473.24523161293814
82.53840123606278
170.1686441998086
120.97697773145359
681.334787626314
1120.100092266992
323.8495103362848
172.24826727158523
331.2390720400033
842.5455584147488
58.71352276382204
1179.8360475806342
917.0224491591745
643.2943072547818
512.479239258019
860.7226240000771
235.7388241492464
382.1432710937115
697.3553025026846
47.61674665553791
413.47020226697964
76.29623254599473
574.6522077996771
778.2242418822447
405.13336090214017
873.6680912171469
998.4483824572209
1097.8606726070373
437.28612756833905
595.9787310204135
520.6859201682505
479.8060763630443
76.27944289210939
950.6902956838347
605.6356912708935
952.286794097615
736.3266511824003
156.38410221680638
498.46016591502297
994.8022084743011
427.0288377550123
735.6130346062513
70.78233014591525
1102.0496397409531
691.8748046508434
709.8165559423763
700.105132573768
605.6271755949606
834.6150864556781
309.62485422179316
114.02347177015947
213.6366617586764
648.8183032585875
511.6879717214535
155.0174506465355
905.4057098137866
658.4824804904474
976.3322249085014
1041.6325450826414
750.2938230107678
788.6802039707155
1113.094387883563
1198.4675722774814
415.4738209769846
702.2165230997774
1033.9642781474054
881.9748476816206
263.2116629490144
633.5924884144681
53.8068936693003
75.78229900359253
275.3869987730164
517.5249899365092
869.8044825645412
1183.4793118041691
615.7089030849129
220.41254269506723
507.7798299346814
503.51015779610077
527.2150963427504
56.98661563975424
167.34042074664606
557.4157174644548
219.73288544581442
120.27991027908475
404.45063350281436
961.9530361415294
1119.4756584029892
753.8155246396195
158.63876306749455
750.8312596012285
578.2082285751143
1098.0042435433597
798.6788065289493
97.57085529792646
303.3146086575473
348.9250793015748
1165.8689122705487
1145.400582596004
1126.6996941411987
806.1966161067056
693.4619831846526
47.46063040258174
451.5734246195152
976.306831372553
1133.3465271525579
915.6139367674923
872.7557928509121
692.0328396136683
1057.2875639760036
1093.2296465377722
69.36687156275131
382.3700205504469
209.76112368088755
798.5276833329923
618.1393763378509
641.954914019958
825.1152744298308
555.7490513099667
47.742184452781686
193.91354993608073
1087.7417369488326
1106.9815996726995
418.42216708452736
779.0251373190704
406.61515438067084
92.42219948473235
1140.4584791774248
799.7714205856287
849.036570813794
390.6752945713327
1174.48416354266
991.7610369503993
12.461443548970678
612.5228117831862
680.944529091225
472.619095783737
83.32226447329248
1187.0117430402383
158.39543186159128
207.42756155616817
637.0504855078854
1197.5011691599398
473.02918278779055
655.5301712199883
1180.4418736693315
976.074099641071
834.7648927951067
773.5237168811312
19.39978254567498
254.47298297895662
954.9810103093603
1098.149074110962
1129.7835850138122
208.46321111728008
822.7270134614772
86.20686213619042
33.07113027328746
425.59299047030544
612.5453315258661
298.09577898664395
527.0303998147289
664.0102989404147
392.5100685261865
74.86866599060119
455.91788498529144
816.4232494320755
317.9500164931969
743.7009483295435
59.0097177373339
271.72104035653257
449.0462237856911
1055.138256425537
18.26570417841509
1089.6439835559067
402.1295236408232
911.0815724715073
1073.203142294768
487.62276991705863
1040.591854919076
838.3076458293773
118.55538412553047
111.60308745180323
438.86802597378045
329.7823814137425
1092.759725429351
1123.821645623044
1174.0808417397
899.0772099685786
862.6950463472581
932.1929339407297
995.6265647468177
113.01318844354809
863.2232206344139
552.5825950291331
557.3858485888114
849.7953338484168
323.5147353484811
180.83491981027956
1003.3677047094587
880.8074781013003
1136.1635775951095
1056.9514036254548
369.4505286316481
572.7125779556524
586.9012917073346
974.0511423547619
1028.0647127144298
1035.2962863229538
334.03070201401397
842.2283857661118
1095.050338835213
1141.3450773896393
199.0107489923721
54.99661839536829
1165.705865070984
497.3768871664361
757.7771709887534
1025.7422142357827
571.866596071106
737.0273830751875
717.297161176936
539.0356490762256
85.29168556295926
129.6599232202651
1117.8154443078122
425.28376401891967
662.4553647926376
868.0382754138576
1177.5354209350644
898.9320011551504
574.2055377413859
464.33029017872923
425.13324331967965
473.0697357996236
957.812096070018
583.1394627133982
156.522221179306
728.9092144299437
649.8849102782062
232.182173638185
213.80392448869563
459.34115515481545
912.9108660830054
1109.1769225572154
475.4627738592127
248.15592715343413
355.7753723206367
450.87116646511646
336.26130049590705
819.661140373711
609.0044024593925
425.70993883151726
1188.7998545930707
327.8550781370905
1060.7536073677613
245.64943860679844
499.8958196122423
1052.9222618942395
196.41555885139604
107.60001195856479
1179.1861284804986
441.1423822705765
585.2674288669446
1017.5132285929097
693.4662160495034
1100.441834588033
144.26596025242628
214.3966173030289
322.2219179694154
941.9052845549551
433.28128344718806
704.7505670804557
409.4268549497509
999.271147722768

8.6 17.2 36.0 72.1
17.2 34.4 72.1 144.1
25.8 51.6 108.1 216.2
34.4 68.8 144.1 288.2
51.6 103.2 216.2 432.4
68.8 137.6 288.2 576.5
77.4 154.9 324.3 648.5
86.0 172.1 360.3 720.6
103.2 206.5 432.4 864.7
114.7 229.4 480.4 960.8
129.0 258.1 540.4 1080.9
143.4 286.8 600.5 1201.0

2 5 8 11
5 8 11 14
7 10 13 16
10 13 16 19
14 17 20 23
18 21 24 27
19 22 25 28
20 23 26 29
25 19 31 34
27 30 33 36
30 33 36 39
32 35 38 41

