512 3.0 0.0 1000.0 3 160 240 100

132.7136425269291 201.43756224497517
104.78364935415068 177.943606304754
123.79174520765729 23.62216370942144
185.35636141158827 181.92433006720955
42.96715000667192 91.5775172289939
108.32369513171642 96.79924743017693
84.54858365822545 91.67539130682756
83.88244782797629 216.79141979265285
71.99993660586101 214.83219778261264
212.97649521654165 101.66719884587228
221.12572779802278 24.09471346521125
0.5453279303294645 73.21238381979495
116.57038663374034 46.03197725850311
32.01643134261739 153.48618193021863
174.6642706032845 204.1050929155407
91.59801942094262 184.86361462608355
52.77907385517816 248.03511360364908
75.88769757618005 99.82173577120773
44.09001806660176 88.34097949125575
236.4037202843906 246.24903088301758
29.108018374152472 10.323992334027754
0.08775483297940312 217.14052309602351
23.245886987279444 166.54585413452162
96.99903997802872 214.10068516309036
246.35716607449146 2.1397102749086407
146.01745923971876 47.10943059771927
138.57045601279526 90.01553092843156
146.39860657140144 183.77721045700213
233.14740109799072 137.81438424571604
201.69624403806583 242.75246003275734
146.76606751264367 63.34309362075466
186.09337170413755 180.57810679460718
106.44045144073999 15.731275354166602
4.594952311685413 131.72354190566435
134.4027385178054 170.17996826373871
196.8958003317279 181.14659496138478
166.58870795993772 233.8714642642892
43.920235623928214 218.08471388828966
99.57417899051273 192.52267348575197
135.80742910422768 179.92977776040303
171.9422505314449 165.99678656281515
169.43737442399498 196.61520021386104
137.6310927748874 168.74133270595257
175.90241584561716 48.347851722313095
193.85042702595223 205.97527638185397
102.56624802115249 247.06750216185176
179.63012921687064 249.07565693866064
197.6464500298572 66.04841787629844
221.88859382776957 240.07450462996016
3.1256137774265946 83.82531010273101
103.07666826835619 25.674250810359762
12.039529927760807 230.0388791361107
210.12481661046053 243.3328664294183
89.56019248307612 60.653471442429385
37.917755161570085 57.246271110908744
224.52325653144504 185.08866485715095
87.20143676143688 44.86718007072973
1.223168865436608 188.16994619364675
127.18633059536639 246.90135199431978
106.10052630481862 17.383884243051067
217.78864792691223 191.07144439701713
38.68808620994102 146.15619747003328
72.77888624081919 146.72158945885226
249.36787699752998 116.91790560208156
105.43087224280323 101.04087160288944
140.78269145098807 72.82049188964149
229.72513193304152 189.9303050338027
239.8050470705465 86.08146193737282
191.0291752262333 16.592128408982553
245.0964653895191 85.89609447188693
18.131051168560674 131.4855095201864
4.302547067785794 106.21346811575589
51.18475723750182 176.50639868608502
20.669599965516067 230.43179708785297
7.8044424718843874 158.7353658487225
15.937208215508674 239.7113273643682
126.45633243108357 24.83984904847275
60.3484756545323 21.384408126754796
103.22114283611924 5.934614414098871
178.29799266820976 52.17454312624159
126.17436281447722 111.3729393400596
10.925594067832222 75.73734253207925
47.605909050275955 10.231747657624856
9.849196567968066 46.269212396946564
29.845893193546523 147.65045429998779
134.60914679782212 89.58864302122865
196.8834537833899 241.08615039516175
245.7862019126061 82.43139117551374
54.72327370091731 227.17511663992428
136.72266416722695 215.6774329731176
27.214067515615532 91.60901206984937
55.197197258436 16.57808856821022
145.4003815291469 112.52187759139109
71.45287110394372 165.4477481070403
218.12673027230187 140.15747748135365
9.019936878900292 197.05563207635078
196.12883757578007 140.14362201443976
157.80287931927612 3.7245143426630767
138.66825614781368 122.8417402799204
242.39775979679158 202.0538076863876
47.66970333305012 91.99317676541807
221.9602106257269 104.44273402940829
142.42213389641012 47.28973198228425
120.14548050121607 209.62598790124605
40.15036657731305 84.00937366737537
131.8337871611118 192.18097784905208
164.39977357082196 185.71885413736598
126.237341093586 188.98984273016254
227.97836258785767 100.60640483943855
224.7292354768809 60.37749723211816
197.98244350701142 60.03560469867311
160.12059473597776 64.48016011446947
159.11568548920525 158.93881761334094
56.83583697654412 103.41697727649235
163.96768849022206 228.58902480541
176.64058196511553 121.85212363390092
72.32128908584959 205.80709136112716
52.979547339525254 213.71773382915228
40.49254337572453 241.7025625450358
19.851965671171506 232.50747525368814
152.92306907351593 109.12353909114181
94.77352431847456 147.3100896404376
71.74871260196069 27.61744282633091
69.49932483902788 144.1764271689117
248.4012376156428 193.76468777908119
183.7541334268471 223.95485303455268
65.79841905482567 203.84549982446728
67.347749782448 31.668585309010954
190.19106206137937 242.82998914125466
86.8812887429014 147.1935215801258
230.8108222491203 117.82444932830383
95.01586333287412 143.110045979086
32.98842276027375 184.48010956055668
169.46945200552642 14.037524015952874
243.09594870978512 186.3516749004604
158.546258003631 197.82307344945423
41.98363065929023 181.80985333931133
74.22614616676864 18.949222424745948
236.651043686848 239.542343178894
227.85389525227487 198.2621206393405
207.86359083628986 205.2191306257123
133.73474797506518 55.132951849760445
67.05730685432488 127.70076337241024
92.83483577829644 5.962655805567679
197.2106804339042 199.95957811588494
245.81908388560032 186.82063092696714
28.404355138123645 209.07242812826962
35.85337425016247 134.69101227128613
153.11259833436878 24.716978272827177
212.22091906602893 240.57023336702406
220.62948316429132 173.32396977599214
142.30000423886446 62.44492548976774
198.59872707068325 41.04599003138792
43.712824884764 22.60875652903749
57.662891828071935 62.59952275939043
98.16554093183946 133.24755707114264
24.05703029090353 70.69244359839075
124.48840528043961 151.8305642692114
79.11601988391551 93.31023926325958
248.15992950132528 233.24453780355213
137.28811372063964 201.9770679766939
91.62583199581276 173.6067811219196
196.61935272184706 44.44395876116033
167.1258547061849 123.04165757195676
41.3894003816834 230.50137137907032
172.98008894448668 237.04858270574817
175.9023740163202 119.94950913155775
233.80366052419768 210.7126681760065
158.01474006191057 67.48051185860909
236.49068109818438 192.6261499799224
136.79783080245883 179.66848181350903
221.54242520381726 8.348987087377191
162.13455231273386 141.42380051406585
209.88985725471196 74.13303287319401
166.42871601306047 128.75619307960147
78.79953621715651 59.4084655981896
210.84651200988887 194.35245251290834
23.590828690597725 0.19557676226353293
152.80556701757703 97.64854321307217
136.10180622405207 91.66542190836532
56.21814411463427 231.25565203052068
234.41448536837493 169.03963455937418
53.40176674689106 39.348263429627245
3.9707826181018815 63.60680437478705
118.62060765744265 124.24924847061669
168.6672929803357 220.26042733591302
92.1341828449613 55.33650188676859
31.18335744675585 30.94925538473095
159.27013293385127 80.76785017907856
14.37346052400662 218.9708857835143
68.78164670042422 196.29337055563624
140.98220159311242 0.9012604071484964
43.346068636603505 125.53642042948954
25.034226479283106 180.76078465423132
37.38745037847091 201.33229301951806
97.09996495669157 124.29060048169596
190.6067437163959 17.80436344770206
39.108154571599165 100.2266102894864
188.5804333930714 241.68616162153975
27.21444985867344 40.03548807975804
194.2088181054043 170.49839569115554
225.86260503333767 8.990380346315247
160.34892990633983 198.28027986703736
117.93766334713268 52.914606554760965
116.22137429066576 151.08161835439137
39.90135710056647 115.30979442080272
90.41849608528932 167.58124225287662
202.866980949492 19.228373344530343
163.83108941852547 50.365189844693155
173.1715623953455 93.07230456888024
117.68590856984015 116.25547118302477
117.97602638745994 34.88361366140511
164.61962176507677 231.87438732715665
152.72991511696563 110.37861112050881
185.94422996294918 52.324455258665694
135.03009022991392 121.10547197065455
204.97540170630535 224.39301428280586
179.24887143412377 204.94195418409683
142.9591992309919 47.47362728475951
73.84577801062359 170.63064385692013
228.79711821930175 21.27745042902804
14.480163948605519 244.48742776749398
174.62045484124863 3.24423889350009
241.13125238333492 129.79550397240058
65.46995883808087 8.450032738178153
0.7115914816042401 141.54011077790295
31.5461309761651 5.085212963900881
154.08469353706448 172.99039631266274
87.25786034788774 237.96782924340823
245.09413098841293 49.51188600685588
184.64948115425202 67.31266977647444
234.9519215537307 160.06802742752143
68.24574995112937 50.079424438575685
190.38036262605047 86.97972017657973
154.58082257328027 42.25771699563932
140.94348833967433 6.870697436326206
45.207418363106875 0.9054520569515834
46.080106325410014 249.47416240054477
99.60228258968048 242.66877247728013
64.26621387809395 215.7418141074725
76.48912137791966 85.52045435245698
102.04164895949633 201.4571553553368
84.0430523916752 193.82177489452232
130.74346474714042 119.73582446605226
25.94989095480507 195.1634377882405
52.39112647974822 240.54509218991964
95.47279169651826 39.94631712011626
179.21071029311832 36.53025672055765
244.4825460909758 72.55002199396937
67.34428612244633 169.11373780181768
17.58481202700998 92.85752733811817
102.7259846471558 179.67885490166336
213.88525039818737 113.25090942667535
72.68363522765905 30.26395864729281
3.833759423206323 176.3856156405207
25.166598012892226 148.46321949563554
21.71726352322412 238.62188217039957
225.1967046715444 13.594235612172046
160.01791535570138 206.826830131512
233.21969542714578 164.31745190958162
93.1268820709005 229.23675735689253
183.0304358468238 99.49011447491837
43.14539557657526 216.43524930347488
136.3461192139097 13.187639195292643
124.0755382418921 43.554293328255554
107.26501089843518 80.1346462611337
24.41933553977854 188.79306198692154
80.17238196725582 149.49972414773455
33.95904535751734 109.05260042034246
54.17850154290474 128.60094405475496
232.2310604706862 22.633015810492402
58.69365312909422 20.653442815021737
226.06679785211742 196.61496047528678
150.0497007644955 99.54645875094123
182.21011513559108 55.56103857441697
239.87254306522325 105.30582711638407
47.77100626655037 19.614467276699298
237.869493042345 27.879127848332352
54.758173624105595 179.87994053599647
174.30118628269244 33.8206000587519
12.458719464183337 228.61396234222482
146.61584033712595 165.97797867485065
172.69104324774145 120.39186499185072
27.37731930406709 155.37637242889326
236.9708657587865 185.3086431641121
178.50192836711196 54.53163494560162
247.69235421028512 137.67129165675874
180.2688284477217 169.3423209952793
237.92215531771018 83.42116057933605
244.20862549515746 235.89787029427808
95.506380029451 213.82518157413645
25.1889391001425 203.43838974343618
169.55924849229032 152.46317170853183
248.4930826827299 86.07341730335041
31.591413471691144 112.45422460233686
185.61961220680413 197.8413174737522
75.23456837728013 26.635411496630486
161.64355303152414 125.6793455386383
150.01730089378407 224.73165514561722
94.47375443053546 139.1113103410741
63.4578402681463 209.34045680612928
25.724540546555986 109.0610228272646
54.062723141009045 127.42831867829734
25.49344720567115 129.49008734018147
246.91367099064064 69.8350146832191
76.22282685194051 245.2715135972253
31.951870476718963 165.92398184276178
248.94678117343784 142.27323697307045
43.067385329448456 105.23385795603029
241.2135013316932 196.19850068889264
139.89160334842975 182.20876229432565
161.74340061256717 221.7077380833717
142.8856348958274 222.4340605891783
67.93969071009711 223.59477685559594
191.95938606812712 45.76103247926475
83.16266835719146 92.65941581305812
33.62037503444462 171.13880270381102
34.8611842461426 165.05511243616556
236.64470657783727 12.552248589687592
67.82283680099351 34.7909857225687
127.52443651866268 247.63648161935438
84.82558682615385 46.13472919550684
30.2743780649391 67.71620766772097
9.91317808870862 79.4769910152656
78.65584541957472 234.78309606981713
176.69105538026997 42.99431578123125
102.71648479035505 200.1318701724928
203.83069915076385 177.39459217986297
156.5203507403392 207.78385496191473
206.9818827942147 21.802503454762423
28.643165444770858 108.51377750954653
243.72326537734676 126.06839481160311
37.800918367574184 108.42794319954635
48.102617279681766 137.12299225226155
99.29116361847645 92.81066275943512
246.9737024791438 129.78378239754392
115.44456944211787 25.85664984025976
126.0135049246603 199.1773349142092
178.2552466258956 160.4779674092879
239.6524195050122 54.23179798313674
154.24058366420496 125.2965159151623
129.03392007088152 186.04847216361986
73.30284829985578 34.784190473880734
85.88927058703155 150.70618102420295
13.315759821133227 225.43004049743624
173.26450859944512 155.48185432625084
237.6670425203641 159.67428847097543
12.501261164255013 108.14003202698116
169.06687900533512 142.19063167351652
218.5229523963303 16.579387632106645
173.5376939329519 130.39759401714744
200.189640766102 189.07935040016767
203.07955558808138 132.6034479657304
140.27601540756834 12.862015341731482
213.62391878058529 235.42658661054062
178.78975111397946 112.46803368701886
182.72071040304297 167.82232837384603
71.05615662939569 129.52358280007158
47.274544146948564 114.44877045954183
169.71423364596833 11.959883893885943
171.99196660642633 178.36565667281016
3.750413657909013 170.8133178913505
160.30226534139638 49.20450386311204
247.99249565387026 8.685784803852654
185.2783368429459 208.78072412591456
173.8406733902842 169.87350774633788
231.29771709030726 5.5206410670474995
220.78790289761199 109.30247995561027
9.91999821170278 200.32936385661972
135.95086160449083 50.220024109147275
90.75357972760686 7.891375623810509
222.73564862728375 36.18284494911084
22.42278456084909 55.5333634624805
236.63538225586095 52.455339316831605
195.86963064885242 157.30872773999025
10.053638182144109 27.140077253771572
153.60099723705105 133.66785014443275
186.94717539706875 209.86789344276212
158.87195994707096 36.58472392917775
225.85021632917116 223.01265896029037
198.08768868245323 138.57740262307593
53.8045055827345 47.30847425559137
20.92165286680181 25.19492957266212
219.6363531134246 132.55247805759072
217.0286155949602 130.34940552823116
110.09689045960499 222.6449003843012
163.5873760495136 107.79910611459061
40.02589027624434 167.79334261240433
0.8528117536594215 212.70853039590406
69.47919315515539 133.35674294991378
239.12309785661105 174.35529627695797
140.23379448021618 41.7279501190729
47.84846250968516 230.1921654334887
21.00919027989742 208.68805624502673
95.98316985853006 79.41191484521534
62.55443991570675 40.39479084373576
140.75951469624223 185.79244586052806
85.19794820728421 165.26973890386128
163.61829774402855 229.46466012028844
178.9624457203078 45.00175158947034
50.1062570629511 105.01517378447033
1.6921168337961368 222.70108929118433
60.65130247526807 193.67493338202001
141.18430958932439 190.2114698264221
169.22388036655363 36.16515030365386
181.65323948727345 236.1455363213254
186.27476111093532 4.984718195690185
132.80732396433737 114.96411179150329
202.83833943418162 145.00821608783465
237.46418122681877 69.62749679316849
214.16485230229276 78.97876254711511
43.65510447722715 115.1706105312847
48.6925200444632 112.56297863305976
71.93066250957814 86.56512841888114
96.338398248344 207.91526583588916
67.37479594104003 222.58229226757658
187.8006096873236 181.0898592690768
72.6832489551071 176.5895120897484
194.00812604711254 134.49126497062247
125.3037215820934 51.23733298397426
49.14892184534467 238.9259588404756
52.00014022281596 90.63249849116586
139.75218818726134 108.17750018416142
104.62361589965826 131.01765851249993
23.699843582183966 43.87168936082295
38.01967703067285 126.08505497127206
228.53505461639085 150.94077651664327
80.50445149724986 232.06539399104145
114.43083241228457 103.03126545806896
2.686094435340264 60.92390022973348
180.4855123996672 222.33892777520907
76.00237059077739 36.33404890972247
77.78895267290073 103.16529487055648
234.62401724570535 165.01382715516039
225.17360421094938 36.21384616641177
227.16584292518536 56.84888798254673
189.06293802895894 147.45162670007096
193.30919386715902 43.61193456904328
69.99485311451976 115.01839849436035
11.38442388732866 197.69772348113628
33.57462275628756 18.93106768808031
161.82485772232116 172.33803822818376
85.49365044253577 188.66335871528537
2.7783546787229776 201.28966208421141
224.01288799253396 167.5215984634756
221.36523242880114 184.4014583279094
235.14084212745735 134.7774612378554
123.69109603167813 189.11065650009851
61.03553623905966 209.6872615888307
69.9966570738102 120.65289068070695
27.247201585873043 116.65951695962181
191.74663858887166 89.99896680174443
242.91808014395065 158.82489399340125
100.5087575094292 179.8586087882529
48.02837450020017 77.94994192688497
54.069860014278795 53.85639355558766
88.3545670982897 155.13390791507348
12.289108024089751 249.06262753460976
242.14024459783298 244.10899894092202
228.34864112937083 133.40673658393086
224.02658762860716 106.03058351425761
198.72501758766828 128.611284100483
166.9390954410672 179.92852559828813
9.643383264696908 189.23053133460724
150.19736396390704 172.1160587022236
234.70979023899548 188.02156616342518
36.946581957134796 52.55394244260625
31.18518370470441 152.38886376924773
101.75275718410889 182.82532955162245
74.71306960596722 54.92702082515971
61.52405279204107 230.3887053957042
70.41157936939207 12.132281917759835
84.95270060190965 130.31812947091177
170.70910279721943 28.448516059323108
105.34426448735476 197.79899797077596
85.77968490924431 97.5066363960879
156.9980787375806 65.000900547803
9.85350516164929 201.811441343699
111.93673206539972 14.760789714169775
50.336558607249174 54.573581491584115
71.74621868793413 19.65214873160481
136.97963284633659 122.34428412207122
74.85406646150541 156.11571802833151
215.68615450893694 144.59116090146966
4.75618392814689 115.37730435555565
13.583856068722838 93.97133743234306
214.13483622558428 221.93750895793534
25.425085720883672 26.493881598000925
199.9081380587269 118.56003565838671
48.92636735678743 62.8415492944083
177.88348004659306 106.99591036058811
108.05136428076187 21.744094483088837
84.05473158624 47.92289595623869
236.41793785713185 151.97572413365708
40.297212981494 38.67752577997122
33.89535609309091 117.2575850787504
35.04387236808127 55.44205009780226
140.95153845143332 162.90651773166783
244.65790589098654 77.78296257829444
38.790035265961784 103.63740674954094
215.78782827644034 227.3141961531102
102.97741783470804 57.81332100300052
99.17739828182143 79.06225173263326
204.75713660415613 188.08533565882544
165.38861424346868 45.50735376913603
220.06101871741643 20.740601636449917
219.5494557634742 68.55709320715897
227.1250243252583 187.32581711858094
9.45041126112997 178.06767565117414
147.99711252392044 81.4598376772332
247.82937477903985 113.94078111808082
165.05686858615428 77.97322227585032

125.17896588607152 203.7146076097266
105.76818257106801 176.23192530101315
127.13192728512517 20.205020868062306
186.81874236544724 183.77897566045095
48.78154847255608 95.16616353800458
104.98746752576044 97.8059331220523
87.31711329037772 93.01007250870971
86.26764079276691 212.3123481581777
68.12382879861612 217.73107868060785
221.22902901937638 102.86363713098179
226.24668871303282 29.50999969809595
0.1889257115467724 67.89798006411854
108.39114893816043 45.737403883496455
29.54569627814363 149.66449247102963
174.60381597704435 210.99682702120325
88.19850782809927 187.29989782705866
53.633857251546985 240.99761932365746
77.84165506751783 92.9605325375991
47.097171366509315 91.33531288972237
235.5076168164299 243.52874498564336
24.049916079990936 4.696518180334952
0.6634151500186092 217.28342275476825
20.504511343624355 169.00053828314077
96.22647864398473 215.8373335410785
241.06124143437987 5.092025478180384
144.87580210407702 40.72317512553816
132.4082600582018 84.79944935644973
143.0842367085873 176.08502774287945
235.07107088652333 136.60485082971456
205.23883770212083 241.46270897943072
149.1773765235152 55.697862809506894
190.33925058198344 182.9460626935219
104.89435297764851 14.832180190585131
7.477425000080307 139.44944738886642
136.5885709642672 171.4942710296678
192.94080953308517 181.4301988094386
161.98972191937438 231.29950959341824
49.53565065152016 223.45688195725884
101.4123664837304 192.70142563681483
133.20351007279226 172.91878487667285
168.7983248478279 166.04972064825876
166.03818078413215 203.292287864399
141.13094946754055 176.10448546271425
170.13701300681095 45.039668946063536
199.6156294931266 210.13971277775954
110.81524794515751 248.85713650543747
175.0971789591475 247.04171115013102
200.87259512054865 73.57109405383639
228.43684552964848 243.59950907660573
5.966569440965019 79.33628268084775
106.54523987635913 30.106019406212326
5.412603439572644 231.0239598899581
208.95033054795542 245.92390720088255
92.79524086954291 66.67692373547435
36.92566182034432 53.62087488811596
223.75379577202398 192.7051990337693
92.96971771272617 41.78427608931257
0.5170876990810425 192.3992837833646
131.78677850333227 248.08718780962795
105.31483901490068 11.217829803221807
217.19161606655837 191.60927255503435
39.25967090077295 148.0072154337209
79.29087721849032 151.85934565865898
248.75169288516196 120.52825620306443
102.26377344106896 100.93307570662785
140.03606613979545 64.44857967852666
228.62880052548996 184.45079038514012
244.88242283544446 91.10158117747052
183.0921366076287 14.195324410410437
239.08362871145167 80.3080629878996
16.841569950384773 123.28534066954589
2.171675928628547 114.1239131469198
48.38993759383092 182.0793387376069
17.279764229834292 236.03715780901717
6.297158048445856 153.54343795620082
12.673072831444115 234.65509265740698
122.19653051202864 25.70455086071871
68.57842779320761 20.081537963430208
100.34702671668418 6.452282189063741
178.45781590298725 50.11214610868301
131.1439967713323 116.29092901642154
12.502410525800395 70.09094213517211
50.69884508770589 10.485330760509836
7.875065982139661 51.68678912874827
22.00170237073676 147.37938240451427
131.11134608540988 84.17273966118019
192.72269633414297 248.23124649347216
246.33358314799787 85.06822708793116
60.08749021129256 225.58119569760152
134.20394216035416 212.08540750573684
21.741434225379162 90.81003920484446
53.706273078074105 10.703042853490247
143.41927142604743 114.18761329165145
78.55933455836619 167.35794287388177
218.74349832880222 133.04320386269004
15.973207041676957 199.92616952675675
198.92379170280006 140.71568972770473
162.67084579122888 7.778172640280079
133.62977869125282 120.44274520186102
239.48649811068432 208.99272169613133
52.58582935015988 92.42489702966172
226.01048538616712 103.04394752518265
136.19520470051665 46.106567226751274
118.9472476278915 209.73784190794967
41.75632561975382 76.04623735407537
129.25825566731243 186.65049806911662
161.50371236760165 178.8556127367412
128.86289023234488 191.0183651637547
235.24963322495313 99.72421763913437
218.07949566272976 56.245047325994946
197.75194724417346 51.7342013436399
157.0575941778331 68.3151664804556
166.07258740208923 158.49108638348804
55.412319740711254 96.19346325648121
167.7282943834433 225.68425035268388
174.93507405832494 121.24673160180689
74.7045521370589 200.53367166395495
52.03896282677903 209.26983496759465
36.832395847496755 249.07569485088104
16.238301695146173 233.68375493874646
155.77883917735647 110.26097363849429
89.78988330975207 148.29320426476016
69.71301132798583 23.237891784227028
73.90230885616927 143.90234529602557
249.94482027829812 189.88219745637863
175.59301969891848 223.26237688932986
66.81040554075746 196.31312525559864
67.06584726945557 30.733599509486563
195.2440061349673 242.68221296919702
89.79121258268313 149.47481819026012
235.54064340785158 117.70652837850601
92.71311870112939 138.7736640162369
33.19775131462474 189.91295083331417
165.64874194712303 11.016925341516881
238.24684904724865 181.2560410081577
156.38766182203787 198.73220312673106
34.89696524535294 180.66343034391602
75.83802292950928 12.324208717347545
242.3438148567771 243.55714216144304
226.22385754400327 201.19842475124807
205.7848685171551 208.57155049561703
132.7905782576379 56.80450526615069
67.70077647208755 123.98009649970496
97.15687529089828 4.541063389690375
194.5712612252483 201.7331792669318
249.50294416268014 181.61704707194437
22.80606220850931 204.15616711377243
35.64787519479523 140.24559467691674
157.512118987436 24.336785107504923
213.42679597394624 232.55088402257806
217.0332128145659 170.96140032450575
137.9976087897983 55.1573509483973
195.9527558664285 33.65742966396629
45.540456150899026 28.226055958757406
64.5688062048116 57.71132156968595
95.50530343614638 137.01531278603818
27.34461232815974 68.11627931441167
121.50085669175273 156.57716022611046
78.84135248670057 93.25004933804642
244.16997197030412 231.82322296577746
141.4431243282648 208.03533937224677
99.6949386535613 175.38142843277734
192.95014740803225 42.057750578063576
161.16143073180623 126.6126943793143
36.397111452903694 227.7813356454789
178.04921506667947 237.76398665117648
175.76150992689003 127.17779752676186
231.0755921969766 212.46090006590964
151.6072634544271 70.0860529074176
238.1217570944072 200.79149667012675
131.39890438373624 173.57425668535234
214.02952301291134 6.966138048679904
155.4142321032301 143.63361672649006
214.1639315026446 79.01983828681688
167.5826913064918 129.64854230353504
80.77858594701858 67.50542602196663
217.89125297347235 193.86224808006872
27.00815900167547 1.9534720860126253
151.71950524180556 100.12586277149818
133.99710324893715 99.8006881016039
55.53970143599779 226.75420285444463
233.93693103635104 174.4064332142372
53.63766440625447 46.65481080523154
4.8305362300651025 67.28096763542399
115.05443028837122 121.52829341308544
167.8517006623668 214.04606941674598
87.10782428539132 62.06484452567235
30.92357861970352 36.01512426537959
164.84637777447216 77.18544165925931
9.151555580068166 218.35345465417333
63.47593596679424 199.42357436575926
149.13018100204133 2.9932574244828922
41.96887067036556 119.07495660492661
22.17945136634858 179.32385200759754
33.458234485106594 198.94874921318365
99.05417406097422 121.96370843067695
192.7315564619764 12.944557537994422
37.072851716387966 95.92917693231342
187.87326946887336 237.35065230701113
29.449154692616634 47.52766947804085
191.39701074486877 166.2008730825559
220.61190011811536 4.369099928973025
152.23151722037642 200.26082474015126
114.7389096858373 59.31694278655705
111.981857593842 150.52946532136525
34.41408870163396 116.39982189977033
90.40249484143852 174.04089833446895
207.63269941935042 19.29005852204646
170.5497500838765 53.82765719164858
175.6769720309024 93.09380354441305
112.55386118908278 118.16859586481782
118.94738370541639 31.972372496641725
161.1656057648137 234.3585489571309
161.08974885629232 111.70968799506475
188.14874203323578 58.169146440249314
132.62478267032205 120.80376993303408
205.90629418810317 220.96538719023775
179.24727737650565 210.49318244085765
146.90352747500285 52.77238954820737
72.39810641687805 164.55068748590935
229.63540957538092 27.345618708829235
15.204086508181614 245.9135449620808
170.06968874871365 4.7805936207790385
242.69794496395335 130.1532150391586
63.076277782871394 15.873317417793464
6.6909456504678495 136.04746926471626
27.12713331501454 1.4956373231741205
156.14919487984562 170.37013114103712
88.09222314574517 230.3524918573739
245.35750337350694 57.87530373936953
189.736770242993 70.30987037009504
227.7564451851824 163.3301561250047
70.36220007795276 43.880487847948565
191.53514948716622 84.42504108439198
151.31396501597956 37.0140732478032
134.39401265805807 8.37004001824962
40.39796648540877 7.226600169794373
40.9413317470671 245.00994391363804
105.43003850558166 243.32616181321595
67.49303886036182 215.96665123588318
75.30676542260737 90.12143290189326
97.50949856197488 199.94008334330312
84.85874384218472 188.9160334794211
126.64264167765383 126.41885324430253
31.68425806199618 198.34020457407271
51.05050060488567 238.56762768739426
97.42081285604704 31.933791845745517
180.66219941940787 36.74167012723917
243.73367808908066 79.7085299510796
68.7568776471835 165.6895806927858
14.085722597082517 93.36829424955081
102.80506133754727 171.4642152984949
209.9473713093773 111.09009616739624
77.8974983341934 30.73011764345712
3.965401785104489 183.92199460147773
20.152500860911942 150.94951043375227
19.88313103588074 230.82238373944892
230.07653001207044 11.484171451406983
163.85786249020117 211.30390019215102
231.55727337963032 167.46439112632916
95.12580948819951 224.90747853997144
188.99607999933662 96.8591199812043
47.30050185227358 211.532145746545
134.68668729824626 10.019072079703983
126.4045169128217 48.04005345320827
103.60502962066107 75.1453169908851
28.64571393582513 188.07417590875465
75.52919816346962 145.3917381734059
32.67932994586989 102.38277566055667
55.697311183014634 126.05598090737288
228.58252359969572 17.92844758349191
59.89529823100731 20.073284014603733
230.2712328445567 193.39889195106326
151.20277910107123 102.87940038419974
182.65648729957692 63.80622664644029
239.9156240032866 103.49243670720482
45.589222624384306 20.17792449629266
234.03463514618036 30.223578344782066
60.563334947426995 182.83208993749508
168.80429294668642 38.75842121841641
13.153635594070344 220.6508996302589
151.40054792259338 172.44725595749097
167.14046942963378 120.47787344588635
35.084802165346765 151.8815947241759
236.84001806071626 186.6474967418449
177.1052657864806 61.79807572429433
249.47026116130755 130.61804446547345
175.62524344270136 172.76659512240423
245.77650150799872 82.88335462975621
237.7876155827415 236.35913550527485
101.42812646253743 209.9459872279735
30.204372004936836 198.0014494744663
175.7130771252504 152.64158057464797
244.18609158960427 79.19374184957648
27.282065520578076 118.43413067609718
190.350135820196 193.43751590996476
71.09610363033916 21.33131734670085
164.9154153893082 125.29008172434999
148.06510058885664 227.61215014388847
96.50895348063109 139.72055598779812
65.9473494913427 206.53079891331996
18.225088193073447 107.65559305834904
53.707187761693476 133.01666694047478
29.28523578248615 126.07976778240213
243.37836596065097 62.77337244947614
77.94519148645634 246.28710715139883
36.178559028058665 167.07519959233773
242.9787567378561 147.0571835750716
39.0125546856514 99.15237168792557
237.09107509894906 190.580567453827
139.98751960357808 181.24709089605525
164.03650465211203 219.69976502524847
139.90772471077042 217.41550778697382
67.83775608227954 220.23428545103553
189.4877998144342 47.51133531258594
84.51376692948817 99.90955713182207
36.39978776796493 163.96136068516495
30.014362443667288 158.9232830628623
243.04463713780018 7.9595628888463335
70.94855340592306 38.554928230978305
130.10732556960815 247.40557672538242
79.46901447841998 42.15936211053536
24.186877916471673 63.2725427159099
5.396636691157308 82.14288569133427
81.59843575547961 236.36005397927178
173.8198182582736 47.84548325919008
104.14234164298419 203.8491579006884
210.11991008134603 174.83070806925042
154.65477931369276 210.5083206578593
200.40475727846507 23.457276394039717
29.62750397501332 111.65235406903093
246.807398189556 118.28163979059434
43.67972027844472 112.44574773136368
51.783727134108005 141.39940395654142
99.26053407871768 91.36245260735859
244.04283993734333 136.10820619058163
115.29378516885849 31.561685662809897
123.45132921829871 204.63061595997416
185.4784843065527 160.28831280281983
244.80187448515355 60.706899082224595
153.04887683753404 117.57981501334739
127.58966160837487 179.58837358244955
69.99196664492032 32.480087874364514
84.09216380598825 150.16083791473454
15.81762649835211 224.2713529090842
178.77919202722484 151.20018680399852
238.30029965759556 160.70935650296343
11.821098370837142 103.46041583007306
172.81858789652352 135.19443733157146
220.616965480504 24.759792776320566
175.6348217155283 131.70524467962105
200.44438937144082 191.88702244304667
199.64382152339576 130.26550544238276
142.9365238838333 5.042085030239924
212.03454510687234 236.81972793125166
182.1302456730544 116.88604710580888
183.4537608281725 174.59310736478693
75.68867965816517 133.4410470206488
48.39487079099391 116.83516049640352
175.26074907384447 11.540092186192119
170.20697258095862 181.7035882726257
11.717881710580608 173.29833760213728
159.19015376826167 50.74420346989989
248.3621541210967 5.12807911064253
181.92016824845052 204.8813696081274
170.08293509365558 169.0691578540569
224.77684365454135 0.25708547765340706
225.76404138649326 111.94131307038514
12.7481503908837 197.35446685470495
137.40481152618364 55.995969256778714
94.48074415274898 1.8633672558493186
227.8142381780202 42.21847591958788
22.094891199130164 57.7809033101718
237.57437042506538 49.49795352609482
194.905953865348 158.10228784987174
11.323598536749996 20.54354130215394
147.93136835503216 136.25790639677933
192.8783043910179 211.7535947885063
164.20155136662564 30.147267646452452
226.55220918530125 217.1503390481198
196.13722761966082 137.95513113402282
60.16420238612547 44.57470852536666
22.73501646283596 25.623047928421876
213.71626896010218 137.64727712685527
219.50707076055465 127.46296781797828
113.26202924295079 228.63426568268562
166.71736143151688 110.18172522845585
46.723859494553736 170.24420443213074
0.25089905118474976 217.96443336224738
62.85079994799855 136.36223625861058
239.7928982824736 167.64080491766532
144.61795813771923 48.20132796177862
44.98864891776519 223.51360205636587
23.57730004405048 214.85447121209052
99.31222076489688 75.63301781312029
65.57799819415922 45.86241771283633
140.09558375699635 192.6702410324694
91.6370422579712 166.2265844832202
164.47484777689274 224.81111334659568
176.27521324423952 48.67560180854996
47.650594695754805 103.42862502448519
9.437698695869024 223.5902133050534
64.14578072011514 189.32856558831708
146.7268693630736 190.301708836441
167.01971775978427 38.38748602542094
184.99522067307845 229.57392613524408
190.5436454664733 12.096110471054855
132.3237612619647 109.8436392608333
196.13908423159424 149.27455323886835
238.35572176057656 61.60710707784481
220.38455271172654 83.92301081696715
48.11437420594869 112.0897209914637
51.64980128751187 105.0344485125734
78.56627588585546 88.33191029470872
102.30503567166735 203.70293097243044
63.68024783057402 227.82299857408717
190.7885656693102 174.89914833833646
73.73361461510459 169.93452971268724
190.9975616338547 133.45797792157796
129.72506112362268 44.521309667407664
42.66481117858278 242.08438319514087
55.694304912985686 87.92118619231931
138.7382664079725 108.67900353388305
106.9379683901859 135.95443081012982
25.53917350389226 38.42307033615916
37.53341741026142 121.2127130718973
229.4301670833751 145.4450553808197
85.97819068552137 226.00057680227567
117.63008351612397 95.70548401213239
3.914131078201044 68.53848369779459
181.1647204219984 227.2983282412973
81.32891038067902 35.27043897065593
71.51210207342382 101.0750638264897
233.86065230559407 162.73381861066534
230.6181834892103 32.05768690227415
226.51965535508768 63.68495000691154
186.12468386519856 140.43081997153354
192.59767349804798 39.85160445367575
77.6178517649832 115.77558277438236
6.244439420450276 194.64744571913263
32.29864264970514 12.176582216317094
159.35458026159384 165.6597348480889
83.51467761391734 196.70246961555148
4.276636766845004 207.0128271621012
232.3518242502898 167.4170662274637
223.2658055172638 183.06212812104866
227.82295135114816 135.9793892235397
122.11148534470495 187.21520388612493
64.62304453354464 213.95858115282584
63.87490970337117 121.23747896505074
31.525961725185848 122.16043494735237
187.17000166210792 85.25596698540753
235.5247231110776 162.4058194146951
100.57149151289643 180.74039272025402
52.76119314197908 71.87508335470066
51.28733477084202 53.390065486144664
92.85199261440715 157.5805755701901
10.68419338972576 248.73315760310766
249.12595057948351 248.21726330149076
227.1834861007773 125.78196899366777
223.2151918767823 100.42353308601027
192.57167826631903 130.3838299753404
167.5247585198397 185.61386390228392
8.439628084492723 194.498128104867
144.33735168302422 168.60548370150872
231.73525930472022 195.69710650137233
37.63491387488385 59.32224831968272
38.958462764125315 151.56015106246556
98.66830459530095 178.0995317243431
82.63254119538693 51.95640971065363
64.25741843503779 234.93715627059782
72.57795776005469 8.923125436691077
78.57699854762606 134.24340344693482
163.77931672227973 24.666514306767613
112.0877457604303 199.6845312937272
84.20158580169063 103.23197378272755
156.08908435350324 61.46347943845507
14.911245083283426 199.8869149915285
111.7250916128078 18.2012395779767
43.52590579109633 57.72585517055165
76.15862572040746 14.038281240592532
134.94920336243155 121.87978379284226
74.93362409937906 151.56810749552685
212.07613104760173 141.8598012174419
2.186336144615053 122.3174081350547
17.915681841795678 94.39050448839578
213.16812469088913 226.8886642698186
26.240648772835858 24.0629274418139
205.76938262674358 119.1229334594677
55.97064893709508 59.04906848802913
172.65723391623555 111.0805061363192
107.20894110473984 24.831263347253053
86.0610698279633 42.080940163807064
238.51013661317333 159.96635243407752
39.06680475711061 41.77494450844499
34.5077927702871 115.02906039934615
32.47757677256338 52.28359494517326
136.27933391414717 158.89906157815494
240.91390116298797 75.64599278004286
39.99321792263605 108.46772863579451
214.8664461988525 226.26821988679546
104.6642625043307 64.52387664153969
99.73954551588216 76.1608398961841
212.87773825672156 189.580704596785
164.36478796673924 40.33797977827286
220.8250662764071 28.006951760317726
219.10815760168637 74.20786591451625
230.46776319504855 186.29317788511597
12.304521716143574 183.58632470872055
148.0302196430021 79.34383640470769
247.90471686416012 118.57152501961072
161.14122882386738 79.46627265174236

474.9433403401442
712.8767791703165
68.10970692168866
523.4943745500135
159.70495501374927
123.6548222614332
727.7039029133077
516.0797800984678
114.40695840544868
128.55730739280511
293.23107746341566
332.4705755059948
624.5631404162381
1090.6022606323486
816.6882134062344
367.82667427759225
456.789397086828
230.1623740406529
665.8796254702294
732.2975371848207
1190.9314496424522
892.8206035275363
608.1164129518404
978.807831683071
1111.30128533349
1156.873367401516
346.53186749917654
1200.283768479116
1194.37471813134
849.359301929406
837.2649457242776
176.36731920583418
842.0122905485864
404.3169780796523
104.00685352829943
35.53248041107837
696.6526389744383
157.4618009468958
1078.24894612681
83.25333775475859
600.2843032526517
64.66133256561496
1044.3704892512644
754.8780618413119
840.4562382602305
1037.6168748309915
433.9824572977091
1186.9401656945442
71.33406524181382
1179.4396392913359
942.2879994552128
745.8748219159493
1128.733645744753
903.2207583739046
1110.735120526914
1140.520067762846
354.36286450723446
131.4910286379585
1117.88169377947
918.0811143011175
300.1808137480583
169.64994858171937
775.6966010540608
418.4578475264024
131.47240699065705
892.0974490210083
839.4215856023824
949.2500815610591
345.8407438952564
15.472792459638043
385.0414664962226
190.45959183138987
1011.0925655020158
1158.248410808237
975.0187026413095
532.0734729302725
794.6820387905883
845.7054528144407
66.23054155087702
670.5666664725965
387.32004576762415
29.049563386531585
424.7114704832257
138.12123912974096
904.3968652467507
308.58771726796544
496.53350154450624
645.9735869938663
902.8444881816522
961.3415911516726
563.2312161101618
1170.8944491731963
431.75301299498415
895.1998932507212
172.1468129474891
417.26272769298305
572.0658293055452
886.8020170371794
1094.9646295162604
774.8046378034385
720.2822465462418
689.6907160431
5.439394217125363
1166.6015775371302
1086.4290707367156
555.683413188526
342.0728815414478
519.3035755008299
722.893111739004
985.0333075666307
524.9313061773537
615.9712463516989
743.7926654969882
109.5995278318424
1173.9925102608165
169.48276979688285
934.6959249535286
497.34410444291234
52.566617972386105
467.9879314375772
590.38076080525
435.7520254881984
406.7764596677459
306.4039615465746
134.2455727834506
227.05546890540504
109.6553680531715
256.5074062456968
62.33753038331922
261.1839784930735
618.1000925912575
395.29847534270215
1075.1705513145155
527.1116683099655
429.2462790131111
1188.3873485800893
1049.7614713764635
344.99677922256285
675.2601065801584
502.61534570028255
835.2535959626414
628.0291341965948
966.0751899776996
391.5429068060245
852.5334598037617
446.65913931550296
201.11628041115267
768.4744155324952
249.33450920051817
248.9441815545746
907.3839632944225
651.178141189722
233.62365010674367
1017.1001161223745
722.3349893859444
351.05349551064836
1148.8539595228278
478.93468208831797
617.1123392707566
444.02813214637877
467.22892791910385
1045.9962761962918
876.4171164260821
17.49035451639
208.12198982823682
622.7013965899741
479.9752955711246
458.49040095619984
330.8031836505392
134.09790132169633
1141.7784053844969
222.39046068087106
784.4031328080259
755.3896970398862
391.58874247001245
368.0454911318303
534.5960146024211
814.4148920160288
572.008785484718
221.2070119817657
867.3835928065878
763.8916243622443
997.0457450922552
920.8924042016434
410.36812546811564
640.6923164674125
411.2410366322705
842.5432917641758
273.87949446650856
884.0029352532994
486.9267050555965
348.3247050154738
36.855093243950634
690.586153187026
477.3857588818242
783.6816282812516
1019.8311661144987
115.32846324637657
315.25688499730074
834.8210110536985
316.47588675190514
102.76011436150499
636.2051286872487
562.0312319875861
218.3592478302107
344.4070687312119
1068.8994720150367
254.3194599566858
610.8081926432222
595.839229827208
429.5416667621656
630.3521205259722
811.1415994364181
979.0198238479679
468.254081476967
264.42541978238546
870.5413515718552
1195.7636146788004
306.82130136139085
1044.6011294738978
233.86204958321545
558.2730149091456
164.40211255746834
994.8510380841126
673.4368846777903
351.04795869609677
710.0533572704303
371.1957887652751
1128.7653401113057
243.16057898058082
538.7288506325112
845.6865270977146
999.8243414493736
98.87997427807302
897.9367297693587
1041.1801749218735
1154.842940682869
714.6108875889787
909.0850151815064
477.50771006490555
64.3277460970415
1150.2478128209234
1023.864361859847
665.3820970202255
136.7023998426354
61.187654766474694
923.7408353296839
570.6795270203636
811.8447607468125
1200.6663877949961
27.328702289865262
1044.9594145479125
173.13648635304847
588.2706785086298
352.3092839849594
213.00917619756282
616.0123672036652
195.37035555114085
119.05197712735776
1182.3785681628083
1113.238875008029
669.1025147790256
853.6262020001773
930.0193677219721
947.278358586132
31.83134252694885
99.2329969233913
464.51664930822295
938.1484766903935
148.62691915178482
481.8537933787247
774.3056272275343
277.37886916591
658.2293401200589
374.7985863669112
1112.0684056122147
34.56113382177322
347.91984267629545
1140.8669814100738
703.9667778750547
216.37745750298163
713.9964613206304
1163.5190387222458
181.0175720765512
340.8605929407833
501.88728581055284
761.3742497461849
199.88912683305793
282.9556034191683
50.382007907180274
348.5006983387062
831.9657953667233
862.1863183359864
840.2103389746819
954.2491708719836
1175.8677865661473
1095.5016352287641
922.7904556708665
855.10995005785
614.8629669962871
696.366758644005
376.0195240298329
1180.3556366685275
1151.1750404853663
829.242905646458
426.8563167546038
1190.1535816933076
267.03210883573814
470.4739447634061
1064.5994817117196
685.8009193419185
684.1109884912138
238.2361348863277
120.57922267747963
807.0326599611066
696.6988873766492
426.58386687413275
1143.8634031852307
657.0858932850581
657.7100086918206
297.98750006600915
900.5508386846616
1.799016186083037
600.6841495511767
1076.245406261862
944.2937031734557
573.45591409778
693.4693762387358
1072.581682524572
1065.3279614018486
157.63253669475773
259.3679915953583
304.96893118429415
904.9660515310983
87.25615505955376
369.4796041012692
988.1380030341322
1015.1780339168981
1170.0990619499678
219.15465402327624
679.3588596679057
1029.4795899711735
417.03159398565214
998.8921076554012
268.7079212186059
883.420749437039
733.4440685635127
381.1399103522448
451.2375445955014
649.3491263430282
963.1783563719208
42.82462099304551
121.0326940433533
997.6682391872172
978.0691688784582
399.1567684305724
429.4312916313636
940.70492416786
718.4355334220211
723.289117937288
615.0350263706863
27.468981775540833
766.1275131173012
334.03541314292306
5.636809117823175
1034.6930839929364
683.8932388462326
884.2655406505364
696.6693378619262
404.96828494958953
683.9445689914542
104.62541802015593
496.280088732621
611.8459144217804
129.08342931459146
1162.3401477493246
1173.213034754019
873.6148251057169
1029.4494114432102
617.5988299561751
642.4411452580388
966.7775038361715
1007.7324945948191
948.7218356103581
657.508770329212
1010.1286068499429
831.4150203852028
33.52065748748707
232.51785675451026
1126.8544912621028
222.55601090781173
80.49139071585181
294.3925629411502
916.4350755234317
769.9586541730982
847.8003207810985
716.838632994001
614.6177192358592
208.7287489111666
329.162134450826
678.2968548173588
374.43546504363667
215.0250566069786
229.13017778159735
372.9787351816212
846.2989018535364
279.1199369282997
733.4225954947048
209.63242614731877
834.421919070046
295.424809803021
1121.662874993227
1005.6005519592009
962.9994877115472
3.7842805735317966
61.97084235763877
537.1431645393499
772.7318285521312
119.59793642847877
105.40150757170001
1026.76002063386
706.3169607173693
1003.1845161562585
21.52731096347565
857.3318842463785
819.083381638211
0.094193823853717
587.4996135363784
275.3535558782608
381.14738316157064
10.764946447943814
730.6506899542634
244.03096015400075
88.15915097092059
133.0553535420512
488.7562061061089
331.62595398182316
798.613184279169
590.694266223524
1134.8354364635366
1007.7191013272895
497.0028239339363
633.2827415857529
116.26568789116439
323.78243884210815
216.9661826561907
1166.294526986093
1147.9567669490846
1173.6955453627088
92.734162920169
746.2417112614344
343.88375580417426
835.5464618823622
879.5619530812755
977.5852382931681
285.8075513944779
319.66557220571394
873.9890941748256
972.9229416163846
1162.2398538610837
1039.5392585505408
226.89337231389797
1097.7341283016272
1079.9633014539286
664.6256659352808
828.7311513208596
753.2554807855277
804.0209268588333
639.7251472088047
481.14642894046636
334.6366881433504
989.1319276408157
851.063880503654
135.71083874738406
330.8104871272376
287.4975282762827
132.952915019097
1058.5248219187827
971.3371654985524
756.829002848282
568.0457883535852
1056.181385818641
912.3058534026641
463.52947361206844
706.9126319205233
873.9322425614472
755.5259417873947
269.5127262528572
159.95801784471564
848.6671722737855
286.52668915261046
588.2940565661376
590.8137974420706
767.3985964423106
1028.4153398913672
571.8788785076935
656.0229219605641
794.9289097467235
317.6575094653386
98.55615127355533
764.7765371103477
166.46265658753282
272.2886208446145
241.324078961532
128.3391582921641
582.6820270787117
42.54574379495394
820.2468032571594
838.7299984754931
1074.200197253538
737.016776309235
1042.668658440021

8.6 17.2 36.0 72.1
17.2 34.4 72.1 144.1
25.8 51.6 108.1 216.2
34.4 68.8 144.1 288.2
51.6 103.2 216.2 432.4
68.8 137.6 288.2 576.5
77.4 154.9 324.3 648.5
86.0 172.1 360.3 720.6
103.2 206.5 432.4 864.7
114.7 229.4 480.4 960.8
129.0 258.1 540.4 1080.9
143.4 286.8 600.5 1201.0

2 5 8 11
5 8 11 14
7 10 13 16
10 13 16 19
14 17 20 23
18 21 24 27
19 22 25 28
20 23 26 29
25 19 31 34
27 30 33 36
30 33 36 39
32 35 38 41

