512 3.0 0.0 1000.0 3 160 240 100

117.64488565621801 193.6036220785154
119.61632509053732 239.30168647323254
124.7822476591782 29.08342905737901
12.6319549508786 157.8187442924669
113.25859670536883 236.22846997981839
115.61510166500516 222.6876763818835
65.57083160223317 51.18390746914153
235.4718880890368 36.64845548404111
16.129882056942296 80.52610963257142
75.74096062207181 182.8601783813844
106.251170717894 175.1343165764571
86.45335492675005 225.99934492910216
65.30421474804946 229.6678160449132
122.09199401820165 18.944398802133026
189.23741275950542 67.7383181074579
173.47072540671823 159.56485674597508
179.19300298657953 19.758334766155794
163.90043373259485 172.251287111446
65.22878343910735 130.06336101673446
106.1635741454929 238.94706747891271
137.9481727362523 72.98214182057156
198.84345366654748 22.05614299083447
171.2122467194215 15.50183876776634
192.37362515944855 160.7241627434757
164.04321495348074 27.86980507775219
212.7385750897243 192.3822745472282
58.15041478568303 27.993944706498187
243.87471576052405 135.8739292409984
121.81237970077663 246.7030423679391
35.22799189440581 234.64932617402062
191.4415483219255 229.3482456506288
36.86656521366599 209.80777776734118
127.38251074740225 245.56016534752567
168.83208191298672 16.98512633578611
207.15782384588908 40.81509618217369
154.62564594321051 145.31969544769507
211.6085701080863 27.767642553234857
80.73348618635157 190.24925074266173
168.53936876828823 81.00975463586124
249.14812341510157 110.15814133998958
143.41392002782908 192.7930863206832
89.28970567133321 164.8573380067616
51.854796320689175 189.8047472485537
101.01551852703783 4.98762405171621
157.30852314022792 221.06359136810167
71.2962456465234 219.14951714892388
133.6841503348615 242.99259780811008
153.22764360592345 32.95778471431224
34.1069918205216 103.13668269573606
210.30737699895906 72.42247895999884
235.97065412096453 77.71161954649888
87.63912417953784 100.61262877393817
104.13263813392709 235.63347756183367
194.58970612012556 83.07883590843416
123.53381370685734 35.7172238288751
48.63911436840348 152.41246920655286
104.57132977069539 178.25463218983296
116.20505537163866 94.45202936220312
0.4641745631899785 176.5524715919886
160.1179598276321 46.31311461939425
199.63465659605717 192.83759681019674
140.6974304329251 230.70556431643683
8.564436648920593 41.73934040671348
240.62872296224876 53.45464936796348
145.80990707713698 156.0616660132986
1.2828362039689345 36.239212465837
0.41621329521487893 9.421278890996227
147.70061670360192 90.29676797890382
216.47407249425348 226.92390477213837
29.594653241188094 145.75214705095976
175.64155639617076 111.70203016414432
215.73517086269584 19.749484853288006
121.14090280604422 31.071275942369304
32.418423507289404 210.86172639061695
220.51326500220927 129.7526586541184
242.88560519472935 166.28422800628334
189.34453368880034 66.92490668134928
184.89894774009974 183.7232996439537
121.7864639460814 196.60939530554592
45.2975587650018 13.62756365726739
90.38248922614741 2.4433384414689896
235.62276049294738 136.84602617950875
176.222733413444 214.93100129564192
137.70085684676457 2.1383510651240556
145.10992513204158 209.28702604932295
186.15106953529335 203.46007441017187
211.4353981031088 117.2110768424332
61.59875701128625 232.3747474050212
97.89129394632658 151.10867174885297
36.86377589733242 76.57333530016203
3.0884645016096 127.35072692226288
209.59324850156207 203.8681749982572
88.16234419021957 31.043389152212274
53.13649587036712 220.5726697525958
81.67066125176625 36.22973759449058
197.5034697851525 212.9856131704779
141.08699455478032 107.82481743659552
195.4519862964737 64.1914968182762
197.32346391598105 79.29630649060829
185.37759193972968 43.21681460976332
174.77151844519244 22.904143271209488
117.02630280570536 122.28538165632003
211.30654649546506 139.4775426133273
81.42691720254541 30.61738138583628
180.43992001913608 15.778573500418641
102.05101300663735 161.30556991459596
230.77472503928664 104.23012392161732
101.5740673239146 170.43460772854155
76.41176925113533 54.01598805411301
219.5681082107368 43.820311775925184
187.92251483617275 160.8263876639193
103.36055518477366 20.689551331014076
186.31657888083743 216.5862281644019
169.07636528612696 76.7783153393809
145.61853885994117 96.3444856651261
147.50119578687764 138.0778336843197
58.902976046056985 168.10771393791407
45.59307410274352 138.88639673701664
39.5683665731828 185.72967220438758
76.30456266634731 100.21466304723253
222.0585224835001 88.60777845393415
121.06802990674831 102.92797920164321
82.27615384820704 145.77835347544573
39.433210342779965 39.852785035100894
20.159006961102456 124.77822874929475
140.22946941870075 243.83314348993233
57.470290900630076 145.60275488358383
134.4334008555094 28.144421404872638
106.71925821005563 159.75262554681643
242.64556142522824 15.99361160026369
25.496412347282476 127.75209087748918
125.69537879773263 148.28486470413577
187.70731067906164 4.794899710595491
23.822146013004282 122.37208367570965
204.90205043657474 50.69424636293121
237.23057738343857 94.81068842818499
81.7910702162774 143.69945445944913
243.25730825282054 128.27700755726718
240.6910116011404 4.556891733104584
172.39832969841692 169.8343424930689
175.91639599881773 212.95168075308933
18.75170295252071 1.2019775859322124
134.87514313346315 196.08185891159167
179.11605814135834 165.50370941237614
85.14092526878636 121.79036146963546
152.24117073962483 176.41670410787887
85.0691339946541 224.83392005532397
23.247547163660926 187.0953256314098
177.84069140940753 121.18081140827772
99.20001423040392 102.59178637691252
212.4790060990394 222.0493471170217
113.30445139147194 11.823382753857025
143.77382911070333 57.94577406396198
98.45990614660283 9.761783422861908
146.99948572602534 77.97871001087874
190.05503654237637 134.55795829320857
110.1420331958094 226.47890663229947
94.11581492456048 172.45887251111
159.00516602909474 174.42185084178192
17.135663878087072 104.62813233632909
207.72068084183755 232.1110477154767
206.93733260603767 88.90653274794965
247.9075130745001 180.82365880491145
183.26353420659296 47.90193822942515
184.69990056049863 81.95907597468141
194.86612023142987 73.28268448084127
78.97996586573122 9.554154917732344
243.93455633476094 12.193638094764731
22.145021814592546 147.79491586784232
238.58244484377735 58.01169601591716
229.2370695399601 227.7042258972963
153.8676350493337 104.9510881661218
194.32464189478287 224.51675214652766
55.06519440534585 182.10251899545327
233.20121539648986 119.20073619395124
142.85674572036112 131.71929424477594
150.82941154761167 135.13506037727595
1.8508707530475732 122.15927426666076
94.5859166190984 239.58512721037442
112.55430873147334 26.4228424636809
26.253215406981724 124.70755798129603
115.7397193692733 151.76586453849941
217.40678093318422 134.3275113347542
227.92302006403398 171.66477796892644
184.81945949134453 113.59970627814367
111.89439128752011 85.31432153832122
44.86845983847995 229.96867165430248
192.1954466164979 173.52603309653074
240.73195852385498 179.7368676144327
240.52985400978585 237.08254413288972
38.33840708069933 80.49562621746425
167.49420616453037 191.60181403173257
190.54357535227734 11.508127889216235
133.21406204425156 82.99908446253129
16.37504147721838 126.12443522901964
66.28321474469561 35.481722020892754
211.66141500514362 142.0074421829933
139.5659503685917 78.16542674153634
206.67364649720037 201.29822279301297
241.6976905892385 170.63919890600917
91.37792346786183 135.77179060177943
244.55211460140626 247.60152226823868
248.02069146350848 49.192912694509566
82.738840456801 66.53633372614729
228.0917417055353 79.71904651217423
16.64238845323196 41.18711002064662
63.686400604471224 10.988799817023748
192.12854727147013 114.4176979134629
123.74669810519173 207.64239188750614
222.1066882358697 157.08251906532215
197.25828547891138 148.53789634875184
39.837853348909356 228.3828499952113
1.635977379919079 42.75775361211348
243.1411965902435 167.82767410114042
82.6519520383552 137.74087761020624
231.15418528712516 65.66422424940494
195.23275443957627 218.99522202396932
79.66704953489027 86.86759214232751
186.08119522535068 38.029315080997996
162.83697694350997 122.14703729504964
132.72721702864567 225.4772427869032
67.56702108614316 206.82628163021712
137.61132595678401 98.60103987732002
222.56517116028152 31.023481878006603
222.3285566158421 125.81366488344153
121.37284025464822 95.94185341733922
64.7753948703135 51.42909793988015
179.0544343636383 127.67891921494706
75.46811928808292 243.21355670934497
153.65207734175766 31.04664231411028
109.67099902717698 202.11644547569705
54.8549550998505 53.70593522842512
213.78503415153574 62.707507976812074
159.72426527865886 38.43484958280041
94.48874922775887 14.076424492509314
87.20972758287907 79.2785317616446
33.061710049956424 231.74723544585234
203.86115929250576 227.9440952564898
74.16023230468535 236.1977447344151
10.360167849887276 132.8879837312534
104.90253453019588 2.3824945649922324
206.05529791119778 242.75081015423805
72.55575874147299 153.99891178693022
230.84479038502178 179.23850985711059
143.43858455606488 231.99941302146223
206.4562683406696 36.2455025140532
226.8817784021961 5.905574451490786
199.52584015388692 217.1451572886973
143.6087249904191 126.6335400919262
241.0647772599543 110.84592322953088
79.52058297504044 177.6036711979374
126.6924221212542 246.43244822135324
56.10960645052634 188.63257863359087
192.25944278727232 232.58900694487204
151.69339210052257 166.6680571866358
44.895097288394695 86.84548986337184
141.15654736139905 233.2870483210045
70.59076379416592 163.62100851972707
41.24162199762177 79.08956519468624
113.86601676106528 216.02160393452115
126.23994268260122 74.16933886320734
32.32406163443194 111.67307855895908
42.136787546104834 218.78821470871776
187.37355281035622 4.250170389185265
157.158864972147 196.45817903058455
92.9427969889281 233.23429916708534
155.79593420095708 233.45972007914725
240.26619420492645 186.95556950928736
200.38073933468814 153.37428029870995
188.1650171601649 154.60673359777888
46.19536269354657 166.14698919811397
103.4556254032803 35.13164401207752
69.73567347626192 143.0112473745892
36.68433675367175 126.47392687845738
186.78467211734582 117.46500964824739
222.01514868855935 141.32593891481645
38.3049100298245 0.5128711792982132
63.3819622782236 66.40747014967477
126.26964718688058 213.78560491927712
142.2998833014832 52.470526682045325
152.84241521323142 228.13047157022814
156.69522843410613 10.050873113984949
187.65643954379138 96.91362639605721
187.0138240764479 92.70357352349764
127.3365960384569 205.57429884196557
249.4157077345544 196.26948911385634
13.77244076360762 226.3443690705776
44.788981319269226 127.9805255109584
21.58569699316845 96.60334184731637
145.0189789345283 79.79300360763477
94.34567071325287 137.66608661266574
99.57995645398174 34.22646864216
106.13616882753705 6.966236526290414
88.94171121978312 196.96405375141254
109.3993801591393 114.47334409454956
2.9713921202617066 39.185956318341766
176.60250723858982 214.4750954769188
13.26845091830256 217.44366988667394
177.24359291550755 76.38045704207522
186.3660974615406 140.1039390547331
65.931537820807 64.38741306824828
202.85598349280124 238.3746137957399
202.95452210702393 223.5136872219093
100.22268520581854 127.16359664683738
44.0974532614529 173.07197431568756
247.5375546210037 39.56630244524725
222.647773821441 62.41861448036029
92.25894750445923 161.47491647895984
50.24669126048622 7.997859098356957
166.89148410635505 124.07226148679362
216.24120608116695 152.46551774254297
163.2513643163716 164.92033491226402
218.91035161682893 136.0068671502609
2.5184715506236524 73.50093540766095
203.93986691486012 83.20775463521399
71.59713251327696 238.428091981188
158.7420182599257 148.4465788035935
156.7776237804535 103.3468973421863
84.57288296179902 8.945368108693453
226.41153806777223 122.7453078446471
223.41643324051606 25.07875333412915
176.8889998794352 149.33193468052045
169.2539177496965 27.95289198657719
11.893067240109634 223.21242714224934
56.26792668162922 211.81202232511524
0.704427798902868 244.46082449497626
5.384372503176971 14.799407963442091
58.91432384324677 135.46003396490624
24.650290770773882 115.91814995675858
196.69371733940812 67.83637990149403
218.84173143400085 136.41236640787432
56.279972569849235 190.39092338500993
67.08227269033232 217.07683183632824
214.4987334860558 225.47248734504936
171.588718887113 219.5283737262888
178.42791561230462 105.12156504383535
145.8381657148905 81.35100464564377
204.2747027394442 238.78620496629503
228.14756782879672 191.5180631402691
78.1164336734397 100.64687499043626
106.39164015182298 199.0936061304492
139.91255569205921 126.32306915209737
21.618021151746074 118.64414466499562
148.93090419645804 153.42120968141245
137.21275187959017 131.9214925551572
186.48447208566935 155.82197314367687
175.84780082232473 245.3955246419286
222.2458273707643 63.98762761468299
15.399235481479035 206.7892418044064
51.47195215240274 182.40560430730835
64.93455451944455 60.52620833702821
59.932226557033566 18.685630133979558
237.10043689286826 157.87469927825043
78.69690070164944 148.6161182435
199.3106181117941 139.74612178021917
231.22110198188633 48.090509393041714
36.44544057291693 148.50089172990656
39.1870546430263 44.16395231297762
167.96834351825845 8.792308403863913
216.76159113524946 29.101888351027448
65.48825054322106 80.04405147532532
58.18609336230732 115.90655379524713
37.32528286221781 44.85333397959892
128.97743427595827 4.312091034111621
77.1907215233322 64.10395925028712
8.963468139266878 71.43257443315662
199.30305838464778 117.20810487484873
197.47529019298315 75.33993856216331
207.76535376166368 228.2749385583593
201.148332562917 86.1803254439275
92.6913058391777 167.05292633167699
155.5127219735798 238.18281987278303
248.8177738517504 124.79412517788921
23.34552033945686 188.7227886255181
206.0702492144329 67.65403642115928
135.01452215641976 76.21494470789517
246.82669865290256 76.31504771211526
118.78622657179419 136.38815504889664
241.51516067935145 1.4151307616226128
156.66322326814367 166.5492384526786
129.3550346541803 84.07285959866675
60.96989474745473 89.23489314431102
47.86892101636264 35.503219735164016
244.39026675176342 181.7521628596411
160.0897035949398 171.30292219230574
121.93935319182722 1.097838525638828
166.20277829169083 134.23680966961018
117.20665199436006 203.09210612582186
71.8293728657837 185.87157098339244
212.18269543780983 36.98874912246614
109.44198338600236 27.60229466730138
104.17843238015237 220.96896117604027
180.73513156182887 183.3783493705051
169.07134203174334 240.47066870218117
65.91744898396499 67.36303413231892
124.80852049215555 210.95009280705045
134.47512277854636 126.40192858038624
82.86904458827846 248.38618373982916
9.21906339383663 142.6391727451345
104.70181717784897 28.14779562966141
125.12483725917153 65.16997720159978
38.45990377589567 224.25622497771965
38.86084766449238 40.95657589729326
21.65227914825854 79.66041186213162
141.06899993411884 35.451903886070276
185.39157409419823 169.7954678217808
237.77666190319408 194.57402494462912
147.22905723513472 161.83127291801398
18.728257402133853 144.43228528172457
134.40618626342757 154.2947577920602
109.36859495646806 41.79007537102281
127.76633942644378 225.07279165399902
40.719670146152495 237.57754222445038
149.32130405988642 227.19814559550377
2.4768720888797278 205.31911742639863
227.11205353050872 69.3765834229542
66.8998038350773 135.3014900312713
242.27516790109152 79.0141980020952
170.8543100319028 239.36015975802138
172.08772333562757 147.06100792655675
56.03981413025577 71.80135923614037
102.36516945226587 117.39109622863045
81.01031133831849 165.48886481313937
175.91179066985956 68.73882759728939
164.7097462737506 151.91186267904973
54.6012860667317 123.83966009018413
229.14541126286085 192.70454155784492
144.55996477839625 196.01729048473797
163.45880781071907 102.67541301840116
185.75199846101688 115.0363938273132
191.43952048445504 84.74721700514596
215.77786422041527 204.93622886911342
141.5248681586583 7.063527648649814
146.03293234186327 127.21977037788518
144.48396081396177 98.18500115073286
244.89464314388619 232.868128342611
22.281891687118165 125.01212501813716
15.769904573749827 6.948028857073352
194.1864364300075 94.72464201157557
134.94642696691085 193.2526580920754
54.91877458113573 50.69187839445979
224.1889306520837 57.80977529498765
159.04179952536694 95.53524362423208
178.41639774900705 224.56226849035025
52.6734972203993 244.19074955499553
182.85605632736136 203.19851925028357
54.422381195424116 18.9900121615319
228.45479318658198 25.323501707707948
119.06923089966831 121.70369248350383
20.534274862092527 14.019982940307457
182.55781053304347 48.39492190189373
231.46876215907608 17.742412927178318
97.64465116179986 177.90708103628697
106.67804475048386 77.33330424587015
22.802383926348814 108.50812104007393
107.20373976094308 74.75259678744287
43.63466001022695 237.2240588506479
18.985069565624347 72.44982016742394
45.623055364679615 142.41571374955876
167.7208713362959 205.716392535425
74.71964088531169 61.49904377392981
213.2561699166007 56.399617049867594
47.94492829419889 38.79951055945283
12.185281402213672 32.00983086076689
58.68001648533297 183.22679802347375
6.049339253142522 55.441545873381074
26.63385624838352 58.47027940842858
93.22158707395467 193.62409714836312
33.23881229804101 169.44398539027645
221.64872086377966 248.58589860427307
10.666003307631067 16.028526089336413
35.95864638843763 125.85635108749379
142.33778499042705 221.8363597309824
72.3693120489953 174.6948666249972
116.79637296535795 127.95631826205933
177.42452288567696 4.3794555012673095
36.68590850533168 83.88691672305809
75.2231610812821 249.43986863966586
4.227658317805333 168.99604370552146
81.46410088170558 36.73667563047217
136.0530242062622 23.4719000776272
122.84288399398261 151.39263373241778
19.70481710434513 5.145200604969036
62.9257950644741 95.9283469199243
126.70169607189766 98.47040045923173
171.59372964862445 93.04511802058276
246.90211178326146 124.78129778554792
213.52676051639128 218.8221946329808
2.396893527165378 114.29463458657341
1.6567416405436075 102.70854700484844
90.7986979108843 217.20307923065124
213.76293229654132 247.81341737884202
163.72029150021675 101.16481907621014
65.62468361861762 195.28979777221
88.86738476000711 8.481874817108132
186.1130755931295 89.52597262823284
190.85201365983073 4.499495304341017
141.09733907664463 162.30401578226815
144.76640854705315 84.31037547167816
128.42533610330815 191.67659617603988
104.83036519819305 229.28246214331986
113.76988983980702 203.62347920952868
18.784569212329156 89.42252757559844
125.93394767511712 228.83665679654294
43.75907933014442 120.18042142987706
27.324875021715407 186.43589060401624
113.4691838542713 193.82088153161305
167.91913887478165 35.59659826456632
26.380438347930358 190.19447736054406
96.40306390049372 180.28492506120847
157.6487508793032 37.056819080614396
25.31917424863109 46.08854680092475

110.65168623228236 191.95609295822098
126.10896694414706 242.65853922167344
124.57715686220078 24.822721416381505
11.07596933118718 160.70215083581584
115.4737899511904 228.62166667350348
112.90839384615128 224.89827208882534
62.81481739865752 53.428596335132
231.80979080162896 36.73860490895189
9.89085248256713 84.35147566699742
80.38873631265544 184.94324312948712
101.89203094481458 169.93326647454344
85.5504761414072 230.0068044889048
61.479094047536485 227.8688537151511
113.85964350502559 19.20582024182768
191.38230361975093 62.81641464529811
169.31774130785948 160.92819617544407
181.45140902886976 13.392093910811143
169.62563155078294 167.19541772425498
66.05708853169429 124.65231754662805
108.8309559844276 237.45681632772423
135.26650012771407 66.61108473532754
192.53873179234657 25.568407926101518
164.56683451391675 11.505219934780985
196.126647987315 155.40298510814063
162.76175990271938 23.501522153161787
215.22299442212503 196.75399491381214
54.44516850917755 31.690220845867618
240.21284517970187 131.09308751208883
118.78867181297217 244.36696107474236
41.97834972422232 231.67090354403717
195.4361135637318 222.9425652902249
41.424014362538784 213.70830402625296
129.66758513746012 243.0005990065097
169.31245098130296 11.585113608401503
206.84599557682495 42.828660369530006
160.12547242734374 151.4722157324887
214.34597772122743 34.434566167216545
74.62334113237482 186.60221208457477
168.04927590085785 78.75763961645144
245.87450030098415 116.4532300360478
136.666029580558 194.3171280879619
84.33716492463905 171.29767699798217
52.33097336959869 187.58839044071075
106.60897866244653 11.340230486428377
149.74247733816003 221.7008817214478
71.13542950459106 217.1018268799297
128.0646151801174 245.45503241749492
148.6215073993978 26.90202294210148
41.2997898167223 102.82525007755162
213.35106047062584 79.08298342624626
241.31150795381825 77.85213322808288
89.09971269101807 94.88905397767137
105.76758642458661 242.0857350222844
196.91325673499153 76.71313895412248
130.32847319094162 38.51768506299907
49.88527261307496 153.61255835477513
110.22019680139819 172.4987561391507
112.62076287234416 98.1263298866934
3.740235721913093 175.05699232697992
152.43870787542835 49.78289163027855
194.29926066254856 189.25054963794918
144.66284127106493 227.9701327895364
7.2466411806371145 47.941392289480135
236.59394890210268 50.38388014212675
146.56466613325702 159.8033482783723
2.7209080784037774 29.5080369087313
3.988448096209324 5.202637744581934
145.03778716085677 85.19427338554378
210.2667462662359 229.88089006241137
25.850082793157924 146.9435583847735
181.35923052617488 115.25590798551605
217.4641888897347 20.55863252216855
113.66949161671766 33.705770609469944
34.23054624422953 211.53439344289563
220.58107045705145 130.9948757350378
247.09524072301383 161.49594523422718
191.27043250445695 58.92998272254638
176.8613896618814 183.4734669633481
116.23867762881649 190.60425799929092
42.50072265003857 20.344708912621716
83.6062527114044 2.326452154450376
230.40424498198794 138.96738532166458
175.6289996607371 220.22962757231628
141.36140651707777 7.084011560018672
146.62117934713746 213.83112936201314
180.7162356744624 199.80993022151003
210.00613078604837 115.38206547098123
68.20158520435277 228.469052207383
94.80535203019286 154.2964323343648
41.096207461530945 76.45896230656746
4.346276664365101 131.28001494648032
215.07535526713232 199.50594655205947
81.46132429349151 34.0539467910915
55.86880030251004 224.49225581423389
77.89198080165541 37.12813892315067
191.08115147527178 207.72373011769633
146.58067808962278 107.71895403741425
191.71743913794444 57.31997570870104
189.64100119608204 79.54142966066524
179.15210983969416 47.07094612627996
176.9734364931949 18.070588860694127
122.22364867279742 115.61892662864584
210.01934748201717 134.06143741027768
78.23214767943254 33.96414453205215
176.48828996282884 20.621356775071987
99.41706027082941 167.87495496909355
235.64350743431604 110.67360160933478
107.83633179663028 174.48843696054098
69.8397503684938 52.15928768364214
216.226725297939 50.358865784280475
181.31788255386252 157.10899579525542
109.0826251295875 17.40725750746963
187.24776749518924 208.98234899827017
169.9465183473739 70.69091886425153
139.76298801709757 94.27852532973732
155.77238012471267 139.53975270245817
62.698037836919795 163.74025510043904
53.56010863177743 140.7607480539976
46.58610037104655 188.72514757323714
70.21172346215549 99.22837446589334
223.8461247451436 80.35328258720378
125.63670912678302 108.93412771916455
77.2501989118344 140.988004313667
44.22422288679034 40.703782699526045
28.386346163711245 124.67040293842474
148.00367061675993 243.28814619329978
64.76753442287314 148.15844552967144
134.60163563599232 36.226870129698355
114.91760814727847 158.796683558539
247.56493547433593 16.708721420924444
28.292723312546592 125.61307191529289
126.09263126528126 141.59004653504047
192.35765887304237 8.058761715337647
20.99558661035425 121.86341754672084
211.91923616596046 50.22033286205535
235.63754418694734 95.97806439944007
82.54562269089848 145.4955864856836
236.8127144244621 126.47913081903731
238.22078863081617 9.324789395386778
165.74912316539573 168.42458609971843
174.4030771730019 221.1466641015984
25.855743424298165 3.4437184133587486
130.84644711189765 195.3279905304722
177.25800079522963 160.06818519884564
87.00117606024018 121.1055495600258
156.75596338580155 181.7885404171965
81.08579150251121 217.64237482655471
25.398692888643716 186.54774577584914
181.3557504305353 123.01276846588549
97.64100414654817 94.25576382865158
205.05889669509767 225.76742192297155
116.80407844960675 7.589865850755856
136.755194805295 55.32927467622314
102.1605600769942 16.348920739922555
149.08386963031128 80.0945695410687
195.83415023313805 132.8408557234167
110.67845869829688 232.29745095572628
94.21102563508474 179.36678062373477
151.98000219827497 173.10772000708695
25.38420689760454 103.73326825488185
211.0799524856467 226.31784831269906
199.2829912172511 86.4814743946113
248.64338877411666 182.35699056700108
179.62534041209784 40.654183002058474
187.67989249086438 80.83002922288377
201.6184595307199 69.39908868096018
73.63079800865255 5.9255935243320845
245.4987623117764 8.451614038888861
28.946662353250023 150.59636678424056
233.1909410072886 51.86633024401524
227.8034066941424 227.17467318992422
150.68783483203669 97.37138725624771
194.40349182714255 223.18711180972747
50.69748456429199 182.46756009442473
227.32878504920205 116.74506145776526
141.68122952020275 135.06890566927308
155.0006460128172 128.5635685666321
3.9159742079152293 129.1322374635663
101.70111872243109 240.41536424487992
119.43433647347595 22.716104311190254
23.084564260399816 130.47254895853882
109.18021675435674 148.29669326311424
220.19800003095548 138.35401398228302
230.8985215327723 170.12619580270712
180.64592311821315 108.44097515921506
111.5293821721476 79.5631394639893
42.38926127879361 231.41407893093262
199.18959200137883 177.99432251377345
238.1820328670046 184.33959302304172
240.86854463400783 239.56689335584477
38.910566584031386 83.65314004176216
172.6719102148184 189.76987565416945
183.08070534658165 13.905532994253427
132.39264838700404 81.15504993308394
19.159643159552235 133.42094886822517
68.10877301674655 37.74695283195511
218.40915191859762 137.91961186820168
135.8201153576818 73.72488593450099
212.0269115159187 205.41157788434234
239.8670493505462 164.1490425400337
89.80879271568779 134.16811487060775
242.0566448951431 241.42665475527767
245.14073511516747 52.79916244316221
77.48005183949306 71.70779778011627
233.80556441906734 77.7772738721086
9.738754931315373 43.7622508781477
64.48111841365257 5.506922060864422
189.9585980005642 109.6959996619833
120.37536968143594 210.58708886513165
218.66826285453877 161.51457012681757
204.39071139713732 145.24971859977623
37.411339844560295 231.77722816646138
4.6468727723681935 37.76942853219625
239.3973044277996 172.76703411706217
83.23557160208215 141.95211945260314
229.38184061029824 60.93710788088724
201.39131412821783 221.72066221651696
75.04514231488125 83.7582368945495
185.56056346917262 41.101867413524644
165.3257222108931 126.62992344217605
128.9923616443225 228.89304876559825
64.7408338878121 210.4671562606358
142.1418158926379 97.21841532289588
223.95801729049063 27.632625648385005
229.19087524535007 121.37091607948841
129.1982813917111 96.57809630369013
57.57233612474874 54.31066470179033
178.65576297901399 134.9376263672896
82.32979895625398 238.47563520355905
153.3784674399594 22.59054154010562
113.49475284140418 195.14686894900646
60.49905392474622 49.116945996478925
211.36093134398413 68.10673465986689
161.6459133574163 46.2990589172374
89.98570053675952 16.331624670963272
90.08217525605366 76.6345420147585
35.247537903818596 224.21238105835081
207.1926960699415 229.86114827671756
82.08063356127434 238.40152407271074
5.053981970819965 137.72801436179722
99.62438472231331 4.842782184187044
211.70456941257942 248.02398390537167
75.49094214905041 147.42005279384406
224.16801396580138 180.2253727042309
141.08930909951368 227.35068528296023
208.42959751515838 28.69857892515626
223.0721661300232 10.398808084028543
197.44158939927726 225.02877258580378
143.03836495813633 131.28444187669552
241.03988415420844 105.14546478886102
82.835223548996 171.8652540291768
123.08631758573534 241.8138967981591
51.011142954464766 191.7296438317875
188.37604029990428 225.2768574407845
158.10552176459504 164.94106970578125
51.18746947675928 92.43034202673341
143.27324612016432 241.27517195176512
62.372067700007555 162.28546214677968
36.96780301570154 82.011586672439
105.96569653620311 212.95525015064658
131.74925354178194 77.50175839386056
27.04696515676666 118.18634120607257
42.19268760333969 221.2546233773148
186.3240292021421 2.878338395249563
159.75701598441887 199.9105076129011
97.67578743004704 229.09983606380598
162.88150619721083 229.99296986419043
242.6148942081496 186.97722250754046
200.7494733456371 147.23337180392485
191.64659446026005 149.3499753351748
42.05800397544571 160.38032622416964
98.5498745324127 30.6911909293473
65.92961325498223 137.731145582964
43.422255360573814 121.56187862732307
193.30057923715765 121.50480239218057
217.01052158043427 139.4265831775234
45.34874970557251 3.151926340861838
63.47832118483443 59.82348079611913
128.47622759656625 213.55156086804288
140.30377184582036 56.190095464575094
158.76054914893479 227.77564081404884
155.76045656023047 4.085827821597443
179.30797187094262 97.84557662406193
184.00118811247768 100.3362136760905
128.8868654687184 200.59030282336883
245.791663044501 192.1978058569081
13.256953369378156 223.5062905488952
41.571853110759974 129.86201289336776
27.709391296540346 101.57544612446473
150.76322335321422 77.36959483312752
90.38983054679373 137.6866760112003
107.98773780765333 33.3447889310563
102.58850622394053 6.026890379221078
82.22294490168602 199.70892430224026
110.87506804673278 118.99074930769402
2.67781488479224 34.43124088129421
178.01727416531187 222.80435618468283
15.825855428309888 219.0737728464225
175.02360944567363 70.34986501049093
192.13778213074835 135.62876458014787
62.46630577375509 68.65746917124204
205.89699263080024 239.158891805379
209.07590362795202 228.196909838441
107.23365548801314 127.89756546122877
50.71777365742963 170.47594951019644
246.09716116565784 34.19040990518263
229.10412280051 58.886206526156116
91.60411568009796 166.99284604683976
56.90750092009825 9.624337519095944
164.5853588946481 130.30284819790253
212.81247988502244 154.60134776387207
162.86122562181023 160.75454315626473
218.48554860388265 136.15283866293993
7.563898888085063 75.55746687514389
195.72828464502055 81.49470879265122
68.56496642567484 232.59004785918683
163.6757886703038 148.78108933280902
156.18850856389543 109.51886625391028
80.79313956019254 3.635887763059481
227.25165061445423 125.03936366123641
222.65801832688982 29.669642626752506
170.3937954414807 144.19537840120353
168.56042125724792 25.725746096179364
10.996456390826998 222.86890942268042
55.75037189281337 210.25369627438513
0.8672532897206209 238.5491025334982
11.223676888155703 15.619302243082805
53.706489341401124 134.14937360622224
22.15904344498279 108.87903234061206
197.38273347485188 60.600114688259126
214.5988138603408 139.28767743256097
63.04848819942782 193.3646565022374
65.9418462280749 224.69451805284615
213.10714241155708 233.02403249721775
163.44670435028934 217.22803998554022
184.11056732659765 104.68161959193381
152.2969992127973 80.93254692628076
206.43576873564905 233.41409078075338
234.1338605569726 190.28069168950003
75.48790073571998 106.8203837654291
106.28143775597884 206.34177120766262
132.29262196295113 129.50051122175094
23.39363039552217 110.63992001168738
147.62125823534174 155.74702531323965
140.274848783065 128.3148881819632
186.06577717231733 151.86018747076042
173.62256217862597 244.3113579879366
225.6519517360996 57.516109205347085
14.162992189685058 206.40599297738032
47.410143684087444 183.3683001364926
67.8748420769545 56.119685988287344
59.83244963767298 25.607841905822077
237.5577508914841 151.7881045000804
72.23229946375892 150.93324125822676
193.15818368305065 138.4239227878376
235.06097392811213 49.64128500091666
31.24408892369418 144.64039344387274
46.347579165101905 46.11667409669645
167.2826265577671 14.233792851458038
217.0293076039261 22.949567636262103
66.18504073325832 77.73943885233942
51.968666909972896 116.67718059276794
40.39814942474698 52.56335090231945
136.4524732202951 2.5313113876081204
72.53857369907519 69.98425980898043
14.05400131265072 65.5924235041436
201.19720442728243 121.36790459837465
198.032347968523 77.15468614769294
207.78908104842782 232.9369989785087
197.77405007429175 92.51657861684401
90.90327577055419 169.89801335289528
155.085448119758 242.59866814531085
249.35197902720427 125.17327315854749
29.2614196687527 193.33392213158828
204.30325891997333 66.75311740680873
134.56800092166307 78.43921772623335
240.77290405300914 78.18441706809884
124.59984733522869 130.4844017296404
239.44004328281474 5.040471783992722
156.72527360075478 167.9336767178889
133.21508106391525 84.592711664294
57.66769992716303 93.586073603386
42.55530378920949 39.94014649454422
239.972932832846 182.86855913710517
165.53999717086873 171.54344188951268
119.38546949024742 2.624011412066168
162.67082861205256 141.52171459874873
111.05476908713314 207.48206377563417
72.54732868793423 188.50263180105233
214.91771728809843 30.66487156071379
113.98392787233314 31.60469585534814
102.43535629465971 229.20532647659965
178.96746510904265 188.19361267902616
172.990845597788 246.33374405161462
67.16301730212015 67.68612161917625
129.18509253980903 207.1222289348451
128.0631396885711 121.18749555537562
84.71174551648417 240.749113873423
7.889752581758003 135.99673317170016
100.97381930979313 24.29882206298742
131.14663021956625 63.79373439482469
37.3659682510904 221.0630335380255
38.79791591079376 41.817293692885116
26.406548864533892 74.12757911635117
138.2864589084212 31.335374047062658
179.99582531389407 169.97419769103007
238.73807689301836 202.9165695979959
149.7012841586345 160.05604643120574
24.39054868649096 145.72972848189337
128.72635779720795 156.4005481914942
109.02619387149807 47.65364573416217
127.61451966305906 228.4079336530463
35.330136738884576 235.31980294072727
148.80062652887 223.82864900595638
8.926166123225777 207.04075978047317
231.67893281501685 62.82968644902784
61.20229201200325 133.7309173008158
243.2800360090805 73.17021614462413
174.5932168440028 245.04997086544302
174.102610315538 139.04078877745167
57.87854078706156 72.24929998312743
109.22700775704448 116.4251275599148
78.13434603306452 163.33165010700586
172.99558126718938 70.47515535287091
160.50706810911956 155.0630601421572
57.387924611246255 125.63922883133064
233.0377883367958 197.66556691306985
137.42425608908508 193.26013082033344
157.9696159896475 100.44153431394528
179.05285905787917 111.77948180008842
191.4939090913326 87.78067306882448
219.93755193181434 208.24087289024712
143.89135777099398 12.013153441365858
144.39372542315905 123.78867890991826
137.81970322355568 99.74629845832467
237.74847394073657 234.256685799781
21.72200452272871 131.63023088515735
16.286147783976578 12.73318370557161
195.66751497869416 96.50818474812134
130.85987075517872 192.76557054627847
58.931245794547 48.51343678810488
219.33927864914773 57.01499797031689
166.79584907041095 93.2307287320385
180.47032901581002 222.25973281640805
60.16527784642947 244.6413805957346
180.0739890098334 209.9601684807409
57.72993821911637 18.049784051261064
234.86104067790694 29.964876081646217
117.89358414230888 113.69289089238558
16.426816903507113 13.011112585959328
185.04693065720954 44.53140727445745
231.3677074462719 19.32985655519348
92.43313713328283 178.40813772894174
107.31983595594549 74.26918862306061
16.474285932969597 110.67648078174535
107.4698476594596 75.92858248167123
42.92628085939376 235.67149399988634
17.65780556961233 68.33521651238381
37.731398058543725 142.49494045185233
169.70445581549941 205.98899786215836
80.9777065771409 59.56165968484284
213.82045701692962 61.12880032341844
53.27249615077068 34.12355139738332
17.320167583944805 26.346301404428925
59.90484320765543 176.24508732800464
4.315082685859589 61.23016686747631
24.95701158341043 56.13539950260674
96.60538775870528 201.30393524119742
29.0981545492382 172.75859330169712
221.46369190560034 241.24283326637146
4.986251496769678 10.691420123617872
39.385207861947855 124.75445636813079
137.72651701342522 228.45791049931768
73.95478541292033 172.9546011458793
113.42237247449458 129.5742637953912
174.07154069956542 8.620025506196837
32.857190992918035 77.38400574297621
79.05741264940497 244.9038796346122
9.28322347296559 167.1001876011495
76.07800657338396 31.001884768115662
138.9468535492939 21.781370078403363
125.69248024500712 148.37664666031785
18.84960732495114 5.823405429849854
57.49021425876691 98.0180746659472
131.93316907497942 97.97099076877785
170.6535961679063 96.76950817023933
247.79645730031208 132.66058028453466
212.9191516450234 215.18131778995286
7.707033888204235 113.54957041466032
8.92408057144331 101.62406425647526
94.34305176688883 224.87802326362498
211.73968451050598 248.29353880521492
165.99732448287543 96.59465353655966
72.04290478852413 200.03029460043786
86.31479458480709 10.273854484083135
185.0226871057462 93.96914685780341
189.97267869318554 9.750858357825548
143.07533719352156 161.2634890278625
149.94846829874993 80.43018395068624
123.60549237429346 192.59135469202042
111.48801353613955 226.0800502181833
109.15295621078202 205.8946707624273
13.992349371441337 85.60100649706456
127.02882008507405 231.17629861841286
42.85641048068692 111.91745917560169
23.517144002719093 187.30708885790247
109.98668503304307 195.73456712968493
174.75091010847726 39.88105052671651
19.509655853954865 188.34798456044425
90.18602444944956 175.8645963708563
149.54655221678686 35.01717925255468
33.69642066513131 46.633944208665234

17.2
86.0
86.0
143.4
8.6
17.2
143.4
258.1
432.4
172.1
540.4
36.0
34.4
258.1
129.0
258.1
154.9
229.4
86.0
216.2
540.4
77.4
17.2
34.4
68.8
108.1
258.1
86.0
34.4
286.8
8.6
144.1
432.4
286.8
143.4
8.6
206.5
68.8
129.0
25.8
103.2
114.7
86.0
103.2
72.1
103.2
540.4
260.3
108.1
229.4
103.2
17.2
51.6
288.2
68.8
108.1
72.1
103.2
77.4
8.6
34.4
68.8
258.1
25.8
260.3
258.1
108.1
229.4
258.1
172.1
137.6
600.5
103.2
25.8
480.4
137.6
72.1
17.2
206.5
206.5
114.7
143.4
129.0
432.4
172.1
260.3
432.4
324.3
68.8
8.6
229.4
206.5
172.1
172.1
36.0
72.1
154.9
114.7
154.9
480.4
8.6
51.6
77.4
51.6
288.2
172.1
480.4
51.6
258.1
229.4
8.6
34.4
25.8
36.0
72.1
216.2
144.1
51.6
25.8
432.4
51.6
143.4
17.2
72.1
114.7
8.6
540.4
129.0
258.1
432.4
216.2
480.4
137.6
68.8
432.4
137.6
34.4
286.8
137.6
51.6
260.3
17.2
68.8
103.2
540.4
68.8
25.8
17.2
103.2
25.8
480.4
51.6
288.2
36.0
114.7
258.1
258.1
216.2
600.5
288.2
600.5
229.4
51.6
216.2
17.2
137.6
432.4
114.7
172.1
68.8
600.5
114.7
77.4
324.3
77.4
68.8
600.5
216.2
216.2
432.4
103.2
600.5
154.9
154.9
25.8
229.4
51.6
288.2
480.4
143.4
51.6
260.3
36.0
216.2
600.5
51.6
480.4
288.2
34.4
216.2
432.4
129.0
51.6
324.3
229.4
108.1
600.5
540.4
258.1
288.2
108.1
103.2
143.4
260.3
288.2
17.2
68.8
72.1
51.6
260.3
108.1
143.4
600.5
324.3
288.2
229.4
108.1
258.1
34.4
51.6
114.7
286.8
108.1
137.6
129.0
72.1
103.2
86.0
144.1
288.2
288.2
260.3
51.6
114.7
172.1
103.2
51.6
25.8
260.3
8.6
17.2
17.2
480.4
68.8
216.2
86.0
8.6
17.2
144.1
258.1
36.0
324.3
51.6
103.2
154.9
288.2
68.8
51.6
432.4
286.8
103.2
8.6
103.2
480.4
260.3
288.2
324.3
34.4
324.3
216.2
34.4
68.8
103.2
77.4
540.4
114.7
600.5
77.4
154.9
143.4
34.4
600.5
103.2
103.2
154.9
8.6
17.2
17.2
77.4
108.1
129.0
36.0
51.6
143.4
286.8
68.8
480.4
143.4
25.8
86.0
206.5
36.0
86.0
137.6
77.4
34.4
480.4
34.4
103.2
260.3
288.2
17.2
34.4
206.5
51.6
229.4
8.6
77.4
206.5
108.1
103.2
480.4
144.1
34.4
17.2
68.8
114.7
129.0
258.1
86.0
86.0
68.8
25.8
432.4
108.1
34.4
17.2
258.1
17.2
154.9
324.3
8.6
36.0
77.4
68.8
229.4
143.4
114.7
143.4
86.0
324.3
432.4
114.7
51.6
137.6
68.8
25.8
103.2
288.2
288.2
172.1
103.2
68.8
260.3
17.2
86.0
103.2
216.2
324.3
8.6
72.1
68.8
68.8
154.9
137.6
108.1
34.4
229.4
17.2
103.2
17.2
34.4
600.5
68.8
108.1
25.8
144.1
8.6
68.8
154.9
103.2
480.4
17.2
288.2
229.4
540.4
229.4
68.8
432.4
129.0
172.1
51.6
103.2
286.8
108.1
114.7
103.2
51.6
324.3
103.2
206.5
51.6
206.5
286.8
137.6
34.4
480.4
143.4
260.3
480.4
103.2
72.1
25.8
77.4
77.4
114.7
77.4
144.1
286.8
206.5
8.6
108.1
229.4
144.1
8.6
172.1
432.4
144.1
25.8
229.4
114.7
86.0
137.6
17.2
324.3
34.4
17.2
216.2
103.2
600.5
540.4
77.4
114.7
600.5
86.0
17.2
206.5
114.7
86.0
288.2
206.5
260.3
154.9
258.1
8.6
51.6
143.4
324.3
8.6
288.2
108.1
72.1
25.8
72.1
8.6
8.6
86.0
72.1
51.6
68.8
480.4
172.1
288.2
480.4
68.8
540.4
288.2
34.4
432.4
34.4
137.6
34.4
34.4
77.4
51.6
540.4
17.2
600.5
154.9
108.1
86.0
144.1

8.6 17.2 36.0 72.1
17.2 34.4 72.1 144.1
25.8 51.6 108.1 216.2
34.4 68.8 144.1 288.2
51.6 103.2 216.2 432.4
68.8 137.6 288.2 576.5
77.4 154.9 324.3 648.5
86.0 172.1 360.3 720.6
103.2 206.5 432.4 864.7
114.7 229.4 480.4 960.8
129.0 258.1 540.4 1080.9
143.4 286.8 600.5 1201.0

2 5 8 11
5 8 11 14
7 10 13 16
10 13 16 19
14 17 20 23
18 21 24 27
19 22 25 28
20 23 26 29
25 19 31 34
27 30 33 36
30 33 36 39
32 35 38 41

