512 3.0 0.0 1000.0 3 160 240 100

67.89006135694919 103.08380579281811
165.9126030513858 195.65548120613153
25.389002352888046 26.0058823626238
30.761716015055786 83.18462102894256
143.14887802804526 85.68393140384725
77.6135594841473 6.019399306930573
112.15685973434375 229.8860092335249
40.40433173442348 197.03192161863726
162.5609874087872 23.355899086893146
184.50675842500218 176.97701019897053
150.864412536064 113.71077028437348
54.1208934346781 238.54852564678498
85.75235479314428 119.92775141378192
106.3756122797048 128.34845857214432
79.5702715290379 48.89963478518503
124.35438656260919 198.46352610144814
9.123873273273075 42.73650831407597
161.44243752334947 174.76049628025189
128.89284850283724 229.38760605583812
187.3326683008583 70.7974470958877
229.33023463743723 29.30922775958955
87.10884993196039 179.84280226838408
122.49845801152323 126.5760442688052
196.59745136452676 55.535462965306536
168.7637016743813 243.04892756053647
87.64795133377979 116.74472183774317
82.29797280895868 168.42770374497505
58.095011614337636 13.800622675488567
214.86224758263663 189.9739826815589
10.853713375760854 179.63000810197727
46.77383733574334 0.8710030610875885
43.30227165865166 195.35052131177335
197.48458097189618 167.4258839128586
5.014147984315209 147.2341635814517
153.26143789878788 247.1695339795556
198.4087772712432 78.63105939273859
99.8842574591236 100.65816990951306
23.360101758447854 107.28778736269152
218.20531272707518 19.1559049413452
36.608660140213075 126.34964225789395
27.767083147727245 80.44528470743751
24.78038969078683 198.07475742259456
128.86391581739144 102.03274891295754
179.48326106142292 137.9620393781429
158.31284481220456 246.7928214321756
36.10810965458594 136.93573595873838
5.650192698104572 26.576312913068833
110.33935868085956 126.81391277764142
79.75456459049201 207.02194498038895
117.80706596604904 89.70956325618288
198.1284227112181 50.04352615142677
111.15306106050451 137.74072415329204
156.68569027782007 223.32090357275723
56.175025639245675 49.06703828704354
206.98539356309806 87.28024372971855
32.504941785545334 9.83042715510052
199.97419196381375 19.210793311527198
225.10273817187058 126.82049781088176
12.153142243103405 143.9187128857061
147.75012252061632 164.47819391799857
237.00960013555738 212.73499874003141
126.78534502112285 221.98539246181087
110.32906738067396 53.859667244799766
98.82105948517761 107.63880491094807
121.33340665892081 8.496565623817176
42.72371326748142 51.64879638433087
61.24918355768705 219.81213571696716
214.58720227042116 221.5018083417763
218.67955251435856 190.4365580940216
179.96074688483313 202.60585265756603
58.47827764898012 215.9401940626521
165.5107543185093 168.88340141068562
57.75593635778203 134.5691789892786
169.02201547105722 146.23247016620215
26.38669311010175 88.19060886809623
188.7653837694502 86.90673595340587
15.366628915003094 221.7396434146913
32.05000579241357 29.884772311794038
169.78573310627056 181.14473758028876
9.983649528910815 236.24688001274663
164.01794460152874 192.3997196797088
41.85181383005446 42.05440955318418
105.30229868919876 14.632582975454723
169.63052866483218 35.65929835360124
133.68985037857902 133.45279368429564
201.3095839786021 59.976399302246826
121.53538735639391 130.45608370373824
225.47498369172567 76.73741492487827
8.73635165015757 132.16748941248497
172.93376635987659 145.62548143268253
108.96903720224849 50.09369050128612
89.1092564308294 228.38995905540477
138.31703610331522 71.81250012574328
121.78853547778473 116.37158582456009
33.044665056178424 28.489960877168514
172.75695826133523 130.0316269950536
55.08497854816138 221.6760486154497
67.97859297884581 152.77609274370622
144.5403811181202 64.96007746930657
248.94701679444472 72.456001688096
224.59028173352718 64.45312580849141
108.94359400408116 199.87953983931413
148.56082667608823 239.3352526399301
156.32746237192026 208.11734567360293
29.83957178703256 42.00316367399232
157.28655599515602 84.09045774573565
195.17829541878336 101.94622611990242
151.65851925718698 0.24922964461776553
238.51731788171367 105.90169485473547
225.78488255638695 232.85780864604914
45.05047891250141 67.3040106222445
35.207745990926824 182.7499609545712
35.476611232304776 118.65990860644763
152.10466850747406 177.96108956876253
14.638080824103755 90.84528970450195
4.843693751679035 83.07843101003456
99.52289281786528 118.10157067952024
185.310890366624 192.20811832891076
55.276005238196866 99.9534090091016
144.3991813924465 179.41057118438454
169.0793015466642 248.68466679681964
23.16686568615728 97.81584368263313
52.804443617750444 95.66463528987451
232.40421388705968 12.651314276291792
157.50672180659896 34.844277491466066
68.35565755932832 233.57757764200423
120.96409408801966 207.5051581186659
98.22452908933144 180.5169008858541
10.594156919486286 9.542844092039093
76.04964348511278 234.85071754172228
158.5037928704368 33.10118332541112
88.44231996950539 20.152545157845342
64.51183187285892 79.34821898276381
114.82124668799275 64.45538176569326
85.61998420325867 17.23620929475625
0.295254387789462 166.74898232015119
172.61076292180834 231.6467395045174
240.5395988081722 144.7123854803514
25.570660450269234 58.42760095749408
88.6042644523945 179.19477607061322
113.16699259424864 240.03186959372957
180.86160396520262 94.68476935915926
140.5826203751099 139.30904978966254
158.3443518523396 131.197187731624
214.64722292244738 26.419028480734465
228.5388483500007 149.58659316878874
83.57796626340516 28.5257933152743
98.46442378606842 192.68215843077866
212.24641035522424 98.20037853806737
208.24413852444943 164.46222553253236
110.17702601361995 104.12934848532196
10.480109438484458 20.40027177258896
84.00392672993256 148.62749255637604
92.4131451875894 120.1689986033795
155.04117715740887 166.00337180111745
179.0983246983352 41.57424561000819
122.86172709990417 63.61351543096419
27.23048468839448 138.87336373985153
194.90350555131675 174.52869789115988
207.02155313293827 149.45227719870684
40.87527887409545 224.97204684603108
221.7639567405264 218.8503646260862
236.95298950434722 21.913961003785538
181.84150060578423 198.08554615688644
76.53610644101205 205.21744431385827
230.698756104504 28.690201835043645
82.15310112924523 24.119387152955834
228.56559278251672 28.799324962095973
159.91324126427736 126.43284542019981
150.896163105209 46.550785506338926
68.45754120167626 131.56671875511685
43.41187840007349 157.2183309075491
182.19135081599956 21.239606085323576
20.592253332935822 116.48759274223703
2.190098771945509 96.94580235351305
23.763238901751166 9.101377885868928
208.06436519378994 24.799199229935397
157.27812259468374 55.21033175365919
187.37675985223345 203.99255480654756
171.3916257558591 45.60630083887895
235.19022609672498 215.52163514135404
157.6474816282489 223.5608820249402
187.85624449900334 7.58605963138026
207.84176123416194 40.20677732500891
132.61818125302906 52.57012331611896
93.69066694767884 231.1461138407353
149.4485487333608 99.77191478499292
10.733387715112647 117.26246179407087
92.7135834611373 171.503998293299
142.51537176465413 63.27319148814781
81.68984854982622 185.04772147701922
186.43396200034152 141.0531815491442
122.50981174138448 126.31909626386417
234.0057147337912 91.13913311120203
181.65142185457984 76.22994093149879
179.6932856556772 215.23087515246323
9.979000244602299 120.39849684809714
192.26684015299793 181.80012863105088
99.94138087619106 227.37215955902664
179.36106960128282 178.75733747338563
209.00360905494455 19.84219130866932
196.6229450104089 112.85718151553031
90.02544746700025 181.23548298996428
10.158623001783578 137.96980548481503
27.226141142808274 55.53753254289073
64.27323733349016 103.16667409029931
23.506840894467334 97.67332706713125
17.844070124144935 7.670525864572508
125.526176665574 128.77576468445693
40.552547391583786 60.45856789267809
43.85233540922445 203.64400829747203
89.73631832549736 138.89960055353507
17.417672196072708 232.95770778719927
234.8586854301929 127.15841361169628
129.38034111129164 231.5351301495341
148.57658875654505 11.138992338441762
6.701646350351198 192.62026165024236
38.470867269405936 75.85689592446332
193.1221936885034 126.192838149465
18.80887534746753 160.27747289635252
65.36046720468534 214.3250127457173
208.41471767816915 143.0122016098476
27.671191807070063 29.72484743188969
75.53326579741606 124.01777520679246
0.14960452668744129 65.84122557085378
122.34633295204553 195.6495034978682
9.732371008308899 17.717852569919394
154.95079063528175 106.61285920558561
103.89165371456471 144.2955205861288
91.08950045521533 53.804207374569145
111.24712404077256 9.02133873790445
63.816615903336896 64.81568750974128
154.16860790692604 110.86839615007582
225.0632397269876 249.66793123023442
138.36703047414613 231.41780573710568
74.73147103127123 90.11883634745254
129.83533604237522 112.59369392498705
79.15589488003727 180.05702618054553
214.00260376855658 156.24722644273513
114.07137077478552 244.18485154188005
70.63930392141148 153.09856930923556
48.00882196494246 63.16237822677248
241.6742222678597 225.56516255650894
138.58322141231193 36.41823328159635
160.1199313895513 99.5089255968512
14.073951736357865 25.41323152354372
32.77374503695757 200.56573927390187
205.50484994845115 201.1152776462352
195.00538720581304 5.70356849576395
185.82402802935067 198.69771426034546
33.81882981034312 230.59604326559915
53.93451579786329 4.132135819016225
134.20649037578195 110.93170325476756
215.07055851030628 36.1150703227629
70.20722950991224 51.3976643654189
68.2412570350254 128.49389507019117
73.21925424446424 131.3389204955763
52.26338690442228 136.51867568644073
1.3704552575735662 71.71573479150126
9.633896481729131 79.90434655965595
236.48497525168492 181.15337174276888
226.15978561016559 181.55961460611096
222.5339041568705 61.87094448669961
25.146689245729466 135.2043242371841
145.72599633582576 166.03987176039593
69.11312500596658 90.79913629172162
154.97988006407078 148.8807387613924
113.67206913300015 205.5844882102837
85.44891460897938 34.60930060808487
153.179638944667 175.33508061137275
204.26354910218387 157.75052305486628
223.01699466547313 15.09353183314674
168.68281791722782 132.94697718810113
158.96895410915607 124.14394163027399
248.62026549494735 137.5182495887215
40.5514717526394 9.277427840891306
141.8362433597153 134.88472076679398
224.67058858651845 219.85343652013998
156.94105603177942 188.9976072417947
140.72569621982092 46.904727486103084
76.01953181530652 81.23621243644502
30.788644535003073 101.08507683269156
221.15712417358537 227.72059977387255
47.06055735613404 37.297848587643486
172.52240515647622 176.40159997794197
153.57457667737316 191.97770339330438
207.06003686030513 111.87021534670458
109.89042007153691 163.326134034718
33.55986984930826 67.09858856584388
124.3655146303205 161.49218533922746
151.29151929258154 41.70271001501852
36.898720080313005 176.66747362873798
3.082474199790047 142.03917510347426
86.8647188380548 83.37384959288252
205.45220385980406 33.917059832024144
76.25019966176494 227.94374825504786
94.44108503951918 138.46064090658248
136.61611030441384 42.89876230739298
79.75328692862793 168.45746851223606
100.4321722508478 152.85136265940335
224.86550375106515 49.457128909111496
179.71074790812273 104.04454629257891
157.20503981320033 176.7670172638176
91.9242918851452 218.3725103621225
183.13283827365493 1.7828013816895416
163.79018875431004 6.275120514938671
219.80782135789997 201.125340239301
163.30975909561153 6.789595136723614
51.76263180488744 122.25326144184828
220.94785382774964 219.8743689574925
225.17484162856644 58.06524129290946
129.14498645572377 9.05291854523474
229.15200431169586 96.8572085486691
109.96958971281929 220.3266698010131
7.3041436097530665 215.20404530779442
152.85919600488464 142.7120582938476
160.4638388183496 199.00019275112754
70.64072249402354 55.675280686504735
112.87213298593527 15.111157632471645
200.12756502783168 149.13820777251829
50.547189248601356 163.3241109476024
241.57482247493482 239.66360714799683
189.3652872820036 61.14778340943841
41.44973838232316 97.28486844727846
167.62513666013882 38.13606518334364
217.0349589209881 1.8738299127998292
42.80209070208119 27.14715997164166
40.697302173587275 114.99963625086562
69.1406061374201 93.75241717003546
88.751404814251 1.3031736952023587
235.91519547402996 153.37426226845366
234.47346419781374 27.681049998696693
102.23587764037757 162.00052969280352
173.77895845086942 151.97674320772623
189.62333946691766 80.7615273858247
161.68146560043093 236.00601848073558
10.180319980990198 200.18986797862695
96.35915289716374 114.02821606033298
11.198260089969075 8.53009104401037
174.9130533164955 186.48722735479626
138.0568124655919 73.1105695729243
202.60094513816244 174.65572584498452
77.52618530347061 66.59892441526544
119.4921072551994 244.82384509554637
234.1094526981205 109.37678792254901
26.165605275738635 62.16049191819734
87.13885274552116 227.6043081936982
205.82269997200729 99.42920990574453
123.38412972948964 148.66046375387606
111.28694488959314 248.31884568760043
127.5007953395347 129.8522334330383
8.651823071333025 93.3310437787081
148.0510941510205 168.608789044969
39.49689980136192 249.87900466845397
142.29600057880242 223.96882435032438
244.66685900834565 106.97094784213732
227.33489990788354 238.928400419026
136.61330849505953 32.80639170882918
87.68480204061127 248.9464925065364
51.13693571325042 216.34847095475396
100.14234375794793 127.06060623767237
38.84283367669844 221.803497798174
179.83311526311434 149.5832658284815
175.9610678964421 91.13369718541284
132.2859406942948 215.9348581977202
226.65966253595263 242.18472142480783
166.76746182000912 212.7602310003152
186.506927701613 245.3952984793236
248.15072025804741 193.3985695168027
24.393454059360497 17.55307262117431
206.6097702303456 16.630221942651126
61.63573556574595 124.96923090680798
72.67878705972147 238.8521800833201
43.98373944232448 23.329200197078737
148.9401515209699 234.26334388526297
21.826782426412116 71.59542986808698
63.87317917230501 40.54053554851006
151.10018101813262 190.6544509910102
100.01773811494252 181.40301961659733
152.12910585272107 248.45837739017523
54.01983302906754 149.9781623683058
166.62284906401655 158.20932424379748
30.250746872827193 157.82945459618978
213.39842330604657 237.22923296972277
167.39543814063532 52.38805355121917
183.88935026532633 53.030214069660076
202.14730970141935 83.26398296560374
47.84877936677101 216.98562217092763
104.39904683012064 171.2661580059753
102.65623090520134 42.336857584431705
129.02240118089216 105.78434574114803
148.47811161348525 17.343179264005276
3.9614528289884654 103.67004292205134
113.34506323117432 98.08380757898446
4.910225339477325 232.33369920769744
45.746317928083315 185.8892192169488
226.47234218751439 237.7781681814347
154.5206118544066 102.321340707525
27.342600173511283 75.62613003031385
69.13684595945901 96.18584077850537
224.00988451671452 203.81306241322227
157.6580419078923 45.408086020355285
1.5272054361154808 130.10507106819213
112.90869800959929 24.96247059652712
245.44758152228923 182.0355962778301
5.119863733876406 162.4968061547981
228.0458003568102 111.80570430020853
1.8629614025670593 58.06327662232233
175.53215898214376 9.835458440813877
137.63699313740236 65.49662595850977
156.9090935020326 93.04699482961648
43.1916602367631 103.90637284393273
48.25569186253137 227.62960457208868
188.72400760229513 108.92745324208367
194.45595581689386 247.69820386759028
159.78606823074549 1.5758137696691432
217.42408943254026 55.11189746959636
218.1257614052029 125.05848168670852
43.96796765530345 191.14541571059283
186.17922022618407 34.37853858925835
209.57850282014394 182.7365582395592
228.53923920894758 102.7964928084952
194.78546273300176 211.6026563327285
156.97021568680032 178.0951978126402
17.89567925951929 127.66169144772893
247.95361751723428 94.96414266054306
28.564164435147752 160.11558751290292
89.40709872118113 47.54041647522883
241.80165159287333 213.07945633278126
210.35228144964483 17.879278572603184
16.144895006153735 97.26102048136231
175.18034107878313 24.01693590149173
75.60928947448772 197.7859872676681
15.081706446846448 229.61513542089222
82.19097232430208 201.55000203584046
80.56621782463527 18.451140533601695
130.65689974128793 111.69197257478375
95.75897383608317 129.21788497919073
71.7410254020725 233.61269783468057
177.4826404301871 55.73868842146595
141.93609047355366 19.999297810433802
242.4870071302039 113.84571742745183
68.48254488244815 66.41979109845799
93.95007654568089 103.18431684276558
176.0280871283293 181.2861663497994
163.73752750005968 159.67999245421652
35.56046510176045 144.15805125949112
79.63162569055818 242.91909659747228
121.38270457928313 245.6019124966365
183.69302253107787 122.14097029966797
139.82911030090995 195.83603765790815
223.07207700677034 2.372929831019721
84.1888689565945 98.92753937909279
211.13931292769965 182.36727863876064
131.4602110272 246.28072947448848
196.9107212300679 180.64956682852576
209.04681421816468 71.23262289930359
234.8015348982128 175.85933614548009
201.23501238770945 128.14613634324388
245.6688606460093 243.51242300186738
107.38163505829851 42.96720815243363
68.16577670755322 68.70028656635243
59.47745512676919 141.19087413024957
235.41449065721582 232.39017536121128
232.05120756258964 243.20621731977255
107.16095249087118 108.01105716712675
51.298124531613006 184.4935689120983
109.13191189291976 234.97900858770893
235.64580922894876 129.71856981786104
192.25579820964376 166.96402601470473
48.17049806659901 17.523980875618573
105.1245340340233 39.3868337974371
224.13486102639132 67.78653021816145
235.6642220072292 231.7169432706037
96.41111830677853 208.52278269807545
51.09995908410553 137.29743304578983
141.73793098720935 232.40523580075774
48.890123782917186 90.89677818262464
122.39870418958898 152.64651837031093
152.54890271656913 85.18691633831696
81.0416654586196 195.27222467096055
49.6273629215665 84.00528205034067
123.07210513938405 231.4535811600975
149.4798186255317 5.003407366623608
203.7014330542857 20.76646472549276
43.84633651478173 244.57806153918665
54.21652841673216 171.478278691229
3.476583728550281 197.09266377927412
48.578965386785384 149.11607408337565
61.61261574404139 0.35328697244305096
160.16128448934717 50.72600556788059
233.23458657503542 141.6586388091516
172.84203689661948 192.1042607903048
39.1442167318479 63.37670699697909
212.03494081638775 125.13795428371408
75.16129510382186 189.98646228056506
11.285949827026132 180.60806976483448
232.45124476287683 153.0152086473902
127.90705404359612 21.521359937634628
166.1853330625495 173.10338836369016
104.247021609081 59.80470452588721
13.421029626932784 90.66907505441738
191.86928481444951 15.006498093452198
77.53216380888014 202.51588009760135
81.77873564198582 238.25717107778786
40.56701645512281 198.74969351470736
49.32711189496739 85.48973249490382
155.31193197528498 31.443323443923283
31.633932389452195 98.73607187569486
174.2368203909224 55.02972530417705
36.979715079812095 145.8575737826445
197.1032451964178 33.982152256370995

65.42705049427738 106.63365904325627
169.17128442139352 188.51753222785396
23.603539715776613 19.47282560612898
32.49395805186395 80.17676400594779
147.6766196290401 82.59526396697767
74.82069747548891 4.122473235375041
110.9038137444002 238.18369887681294
39.640329196417994 195.63656847690456
160.84662631370034 20.362110813098077
185.83136798409365 170.70690884676588
148.7992507163802 121.44144737824136
50.31046377356452 240.197739746646
86.66861474826837 115.42195068734665
108.81094921281415 128.1702993786193
75.92372248993686 51.12204839306381
121.37106407280146 205.58980244458843
16.358073933844864 42.29550804801621
160.6031328770873 170.0550769465814
121.95275889758054 230.75219071833033
187.6796192320374 78.19059226596752
230.41264573869927 25.385715998817005
84.98502465892052 182.55326554871735
115.66200184456102 129.4083106434316
198.47827296766604 61.37570333710557
173.02037222988542 241.30665222931
87.5617337127131 118.06978500362817
87.07266708744743 169.90358506256896
58.853078629277576 18.739387475804335
215.1896901939004 189.85182512301253
15.532387259556385 182.09081732334323
40.29079768770824 1.0642786142359695
43.48689371191086 188.4387289398107
202.73434157321847 168.42944221889516
10.020973508997722 144.89675213899204
150.9712013327352 239.2229093123304
194.7597686338937 79.2132511955205
98.18311919694905 100.04477331234452
29.1750517153295 104.60486006944546
222.62935817552798 18.273150448754606
35.48910223514515 134.26973599663157
29.62030105181418 78.14768594286761
23.12832182372243 190.8842808265278
132.460322570133 108.41864847556518
180.20951141669912 137.41393754070046
154.07013911110315 246.36496249291085
38.90735691454006 131.62436911707445
2.9260557973158354 31.661119973508928
111.68539915111997 120.58055206264679
86.30619813910847 207.94998291751716
126.19078207810696 89.53480277947776
192.55787596799865 54.61872067983284
110.11147251808518 137.0127846551273
156.41065042458092 228.86186625065804
63.94920016712469 48.52041707858151
212.71746154833576 82.62433262672306
35.516259864914495 8.111897688104774
205.0819964632481 17.37315595610284
218.6783623453401 123.29180306765144
16.301954557275817 145.6561294203875
153.24894201018358 168.72275733719823
239.87517569377215 204.81956900397844
119.9369524534122 223.29286847031216
104.91225082786055 56.22949956104017
91.96300871947497 105.5672818878548
118.45402682846587 7.369882752872925
44.89509719696555 54.51571409868999
68.4602390423576 223.78151919367954
220.50810869249162 222.18900884958535
215.54913556271674 188.75357670761576
183.40145852199055 207.31816563612793
53.05572443955525 213.83425485002982
162.73212617635667 171.65104671525683
65.75516425311994 136.60525058051064
176.29075084834088 148.11063114213437
20.351923928919437 92.83569476532536
193.3225279707612 87.69022574424918
17.977341483410765 216.21259469044864
32.948136715868245 34.19736681399313
168.5392853247027 186.4121729600304
14.196541480487879 234.0150864359165
161.22854631605614 188.7105360657947
39.09368316334269 43.67394368530686
103.67173861968679 10.378778370192244
174.61599491473117 35.711024803346675
130.3360773820213 128.52217609023458
198.13765131697923 53.24565555410743
119.70955092411256 129.04340128368628
225.70303032648255 75.00871718704852
11.434763736773796 138.56536781556923
171.17619971428618 152.35761724038593
104.51249334611742 57.10418200571024
84.4385310903639 222.32117449916217
134.66615185022386 67.30202603413527
119.98803471577965 108.41325980401086
30.40355958629459 21.738891540096922
169.3199979158701 134.82189888374393
51.16708834366621 225.31907969710446
74.75403072573778 157.16900368170505
138.37207630818898 67.20533785920327
242.74082200559624 72.26450307427476
224.835283502022 71.39943243858649
111.02201328040125 206.98872183913554
154.4267326980838 234.23808079036564
154.166024113915 206.1121523918524
36.61524433582178 46.08511519534897
159.9753887815176 82.43517559323033
189.58313645556564 107.75724047401405
157.17862849337843 2.7170490708882666
239.20649662634625 113.95634519159711
224.11541252556245 225.3747212598707
49.81517786521267 68.03970045412294
43.5139086845105 183.3856568332705
37.04237887406234 123.28728675419113
151.95193116784566 179.45821427685001
15.288353805089583 87.5944817654736
11.815972108399297 78.92212266021501
98.85146406127792 111.14782750504817
183.2958147898255 199.61093534549104
55.79046526760792 93.85657577684073
152.13453098933417 180.26072462149287
162.6885056272348 248.75704981129022
26.114331243897727 105.05355585097415
58.86213271713189 94.71966975898994
225.21659798206167 11.387405510014437
156.9127628151031 34.65500595506921
72.77853943763965 233.07933210727433
128.15780598919602 208.88015114617252
105.40724017219135 183.76847419735424
8.31922552111658 10.127856159041299
83.187091120375 238.96586646144445
163.45700110407805 29.20145000875543
85.7699745086468 15.315899942725753
57.347600056188746 82.48977629329963
120.72671045794111 63.04452009984027
79.30627933037987 16.726149660322072
6.9895420919774685 165.0920025143885
173.08261087629987 225.95484355941517
234.81482995872892 144.36849320988736
26.122655574713022 55.882597196735716
87.77995396633686 171.83614635468928
105.68020143630096 239.80350901715235
182.77581171726922 93.43487627863762
138.52541591158365 135.64874901049703
162.30743571849177 132.5623302943386
221.00465642611343 22.344336740188126
235.19868309616473 151.19412018356496
90.35616379684825 33.3473399585007
94.69511372339936 191.78016010252028
211.3116657490443 91.29161622461235
208.44460731160314 163.67226179973804
113.11419499675712 97.31189422446329
4.815318207108843 15.650874941627396
82.59957419000366 155.84130168325865
90.46824254143668 123.0313711589
159.47015829309353 167.25398642452132
182.6494574136612 38.261281559466035
128.98380158578138 60.56181892254411
29.17190737725145 139.35133327938556
189.35875913474737 173.15456176188346
204.86171825306454 144.29728261498272
44.33746094446667 230.84729311885292
226.31614373417048 220.52684444343362
238.11315399190426 17.23449449466033
178.93978872587317 201.75533184864204
82.05768417379528 209.86762829634935
232.79347540470974 30.32961002944695
88.61216131382838 24.764781270272234
228.17787495632368 28.005390980755717
162.40728929563647 127.33205708443856
145.55685764813504 43.281163498673
62.44429394391424 136.79204894627333
42.701589740614224 159.10224360272386
177.4514853006793 16.35937192871248
17.798211020406683 117.59235483475037
5.867838448033568 96.42385993520813
16.08841745657702 10.548270922485365
205.43249194010562 25.497672965461266
161.59898375355095 48.99279228560591
192.58250574004595 204.90916465171532
166.90537562195917 38.70854018332579
230.5939137359719 219.38669199597922
150.9028749441907 223.4580752747449
182.96291857217776 13.699000749967716
212.71667491359196 39.647063308787004
133.6714005133044 49.40767400400755
93.36314478639763 224.98807460925178
153.57585646517177 97.06765090589128
14.312715181671514 122.14089408620035
99.28552435500104 172.155168371893
139.4459496006627 55.66031953952039
87.38965159144216 184.05048412562482
179.5749083903061 145.44309277039312
128.49809967967855 125.43084457459747
238.43498383580493 87.66839346986133
187.08396384536144 76.64061426159965
176.09929467813527 219.54858567752538
4.083218609126221 122.77774986846445
200.41695249968447 182.39134394789966
102.59520014298681 223.80867780618755
173.52138267274816 180.06870447223415
204.99865208962393 13.049429507491716
192.33798710951228 106.58587281824062
89.95630278960648 178.84112550523204
13.246614282601405 132.8051431752626
21.672723863302185 54.223671899456036
66.15708888798041 97.97960011626915
22.83767541863224 102.53008514336898
19.902532255528516 15.31027450251829
119.43190115698243 130.9311532882862
40.16403823134865 67.5348020772501
45.309037158232314 204.08694941616844
86.10227284751757 135.50157534185155
22.283382076344726 236.7818231127006
239.5702545929078 127.67613955641133
128.64340604740713 239.72267341927582
151.7634557389817 8.70350801434236
10.697359547168245 190.7620218652913
39.46690089505853 68.65832097000715
194.54805153241543 129.75946007253054
25.182842752170586 162.7433548491541
63.54875963179404 210.8027392223836
204.37775410415622 143.66045015447384
21.454254551758783 34.96864722283724
73.18808516607372 124.3946225096485
3.1895205406710367 66.63097828645658
125.8802538474817 189.74223046148612
15.979601485667628 20.238775185006276
159.89962217208202 101.68854824335841
111.01032719495504 147.81415668768892
87.2447124723948 60.56952518472231
116.29093305783184 2.3119603899964813
68.18717145225698 59.98349947771139
158.29686242358298 104.48361835026806
223.2636450501173 245.1215689326565
146.24521127062633 229.94368319039577
71.32733734768127 89.90259200264758
124.80034933533416 108.93379572138082
75.81273114800075 184.38614973552953
214.59334086845328 158.966423963014
120.71720651614129 239.4139176310413
73.50626470045454 158.89673872883196
46.97410035081512 57.40005810560542
236.35209814706198 229.20101667368377
145.05484661853424 41.32018983024987
155.386761747453 100.86117566713848
7.989955526312126 24.885576531966684
27.72558022648791 203.71941727393056
208.40548618365992 208.51720348316564
192.98246389004447 3.9526275825329247
179.46717786260083 197.8754128603565
29.70440297944649 224.37875985811965
54.39038241968328 9.159626043449054
141.72161295064748 111.8905870988741
215.5823905462398 30.614920148298612
67.18484802430163 49.78109639784808
69.1195670372225 128.0553094434182
72.75970620411945 138.7167840945637
57.641177109312686 141.0695733801233
1.057831664093234 64.14317245793502
13.585332542479984 80.49182586593886
240.57708640185646 183.85355428094542
226.39584747001524 185.21235247734646
223.34767272017874 63.41111488966097
20.300090995765963 135.08059321623958
152.18203485646342 164.2556904557775
64.70137951179241 87.85640028118367
153.07608822024497 145.8732735031778
121.0668682081397 201.99645698330653
84.31583350463286 30.122066382431534
149.4282674917012 176.42945644529422
202.6819045780684 164.65298865618686
224.22142680992226 7.35019751122537
176.38823287199344 136.17563096501283
160.01263845341774 128.74402271985343
247.33360055809771 140.35303102989099
33.64619206100345 11.974513878811349
142.85447529721267 127.05859347096151
227.89585133737313 212.78611754313033
151.77538005524124 188.34231550916425
146.53618817809493 46.28450893393957
82.23081469343971 83.60268833343385
37.16673164501222 100.84571434190251
225.2399221946861 224.4372769656303
50.97469726240381 36.13758118159166
174.3367342690743 181.8564129207817
150.72054200004644 193.28392590771412
208.78519396730903 107.64013153880236
105.10975453306965 165.8566393737188
39.47955292479163 67.59585363521073
120.24245844364067 160.57716009600222
150.85206457959472 49.22939196587247
37.29053747729566 171.76880074490612
6.155505033451137 142.63121101218604
81.11618031593993 77.54993561122353
211.94720254618446 35.102038261965426
71.50487045753317 230.3757822801062
89.25127031990287 143.56383975533146
139.6386914785031 50.28174882637784
84.95257628105196 171.29029377840612
95.40678033766447 156.59564846600378
230.18351205191672 55.053838089539006
172.75916999467103 108.62244032479008
158.29276371003047 181.55604423754173
87.54507699603175 224.16126069168405
183.01844382003813 8.616757362033656
170.05172841358052 5.328371372031487
225.62531279385948 204.74105054323957
168.38110464730136 5.802426308494063
55.71493893766999 115.84365589549411
219.9598698750132 213.9279206856459
222.75267099714023 63.19841595154851
124.34457911008548 15.318109223698556
224.301357543843 99.90110651129628
117.58348552930778 222.3658487064728
1.9039166361670412 219.1444914018464
155.43228570219455 138.3014542246571
163.51516486654992 195.65924208521548
65.85039218920716 55.954838886459775
108.34957576469509 14.620845751296907
204.29006877633836 152.743702408536
51.40011629949251 169.13363213641307
245.2786970684829 241.62178278677334
197.376428201475 60.677691256823344
37.44446482155725 93.3206766933962
171.9532062103694 40.8357901795727
218.30307642837627 7.582618467371321
38.39472300568497 28.043026209868177
40.88088426207662 121.22584148733812
75.34978130176437 97.87678953277972
95.95717562385883 0.23467015816674985
241.69426439215263 156.98534805174106
229.34570401613084 26.04970743530363
104.21271706040197 168.8896919488168
174.9759714947778 151.87625163712104
186.61931412256425 85.28690486288687
161.29129096389258 236.9354871182514
4.116322625135144 199.75141479006817
99.63200718973312 109.08552740527838
12.472928845606857 14.09984992079319
176.9187808737804 178.97628402686502
133.83035564622122 70.56765848728405
200.85174006450376 169.54859970001658
82.922648263836 64.88047535149057
120.75537061365654 244.5376498368062
235.74186098369654 110.01236722279262
26.805049959304938 57.46148635510842
84.97676130366419 228.63500695166545
199.10892659032476 98.4378270747476
125.63662732061835 153.30512355230624
111.41088415593143 246.90581778914128
130.48234185147172 134.13144928457135
9.105047886739964 91.1697487130663
141.97070042659595 169.79682689505125
43.54830065068443 242.8861272979017
140.49940876707365 232.20455835325416
246.0096961593039 110.5389761118524
228.77709156164602 236.898551180984
142.210825447482 30.059684281342314
80.0175342707054 247.92461102052556
54.811110756734784 212.2118015198925
97.21757532193395 128.76809266888455
33.49712856506773 219.04087158278162
183.87465765941718 156.14669604093294
183.42123620210256 89.88318629215294
134.54611311867745 223.16524286708736
220.4779763652151 240.16356743561647
169.7243131187027 213.70088272912758
186.86984803116923 249.498296461834
242.37974467846604 199.33105328483774
27.470246962137708 11.901211300679282
212.9294279537483 16.649987954279965
55.685118776740346 122.10042273775049
72.18274708759836 234.03072623803072
35.897581368598026 22.69222995730641
150.46777669184584 239.98271981665974
21.683343142100796 68.68843549020917
64.64743266960252 33.980647119202764
152.94504997889248 198.75995681380957
100.61213319253751 175.2580747796946
146.76087481174628 246.93035306354935
57.90735854670589 147.49978576583277
169.01086053218714 150.68798201238613
27.76544722945509 165.34621325262424
209.5222703353289 231.78163594911183
170.9323806006955 56.62994293266033
179.98165129314944 54.946882312210676
206.2894217424039 85.25818275463551
43.5588753507154 217.75695005459923
97.44381855841944 171.14569539670745
106.90404394809794 42.42956750214738
126.99403428496359 100.54872219215693
154.02579019239687 16.299652461210485
3.5314641623775955 100.72912118113994
120.40027079389084 93.41154172710733
3.5286844887262303 230.3431387753005
44.09303905933251 179.88569462314683
232.02805449205513 232.30470644758717
146.43197151894387 100.66044454150136
27.061716774342244 72.34254994547682
69.1535176232857 92.25982937759738
223.50314351007097 206.17995706612336
163.81762983627857 51.1085566562475
0.3155560952237957 131.13944568831346
108.05633231469977 21.164221819943428
240.6143286168684 181.42526681321687
11.980332902677858 167.36217318340067
221.18976803422532 113.25132178871975
6.502266630146774 56.129376062442226
169.31842829740702 13.933590080134978
134.69459165029397 72.25864363273335
154.51155641080118 88.27407090717651
44.08078636201418 96.31354175855125
54.74907432813822 225.33897359393305
190.5690269830657 104.71662647056112
194.3008351333253 245.10416267201649
164.16746129010696 0.06668005853235903
221.15756420455548 50.72042839506627
220.1187404931004 130.18155442168043
40.13752925536515 184.95185076795525
189.49573459935067 31.591622254515727
214.46241472770743 184.143769343216
224.16205979491087 103.00333750334362
202.65947985029982 213.3329091481923
160.3934175665973 183.2142917356422
25.000422675018925 132.29286217576276
247.49285798562977 87.17345033825855
30.19036772482811 153.50085908678108
85.48064974865486 51.01141304222284
244.9853077890436 216.20604619297816
212.5668626718023 14.205513219928994
23.246553310843687 96.75519110603584
173.49818201069826 22.63827348119249
84.02538082836664 197.2986906103464
13.200286361140707 237.41261685769027
76.11594677408984 203.87016650117803
84.60146772642003 21.33812962212031
130.48183276403603 108.32837346428504
96.82990040448148 126.24123987532457
69.3156472885331 241.70288453351375
178.1878743034504 48.07420167238685
141.24387155779934 27.46176068383857
241.13027041419045 106.71681131022737
72.64964080199861 63.181192299216065
96.02503837314552 103.68141409081575
169.85746339781224 180.2949937982676
160.06798798217727 157.62976400851068
41.4485524029328 143.3873205123917
82.90820049078182 242.89206983943203
115.42967850087213 241.92495418224308
184.28998387643324 124.43601378378155
146.8822697696318 199.90220596919724
221.81586285461375 7.220065732907482
78.6304289187382 99.52177414262503
211.9208450977031 182.07632626898166
128.39857556653402 247.2912577771318
195.33839745991443 184.39221555047354
203.6749603300317 65.08420445395255
232.0329205252548 177.11315249184312
207.4972945250014 126.82374683461481
237.76107655798145 245.50433465441589
101.8709345688549 38.256617101534275
69.49961036449817 74.07753407407542
58.248655696375494 142.43157979530935
233.9303889997667 225.2745183192121
230.46720804889776 244.10295859116448
103.92147067428296 110.27188438299387
49.43302944743522 176.88689195550043
111.26289184920829 230.17017334320704
235.42217086789475 130.98873391912713
197.87733049630404 173.30628020126622
48.57899596692714 19.98125522850014
103.9063479983851 31.33488474974766
227.93766976594895 62.92682652041842
228.2785931218343 233.74415159568701
100.68119364972516 212.0522176590781
58.8801949547873 139.61724342781557
140.9794622159492 235.81756017586417
50.3441400247677 94.31834668593348
116.31183707155832 149.06970060925053
155.88021452795982 86.68973240673492
78.24003996768033 201.26255848457038
54.44860586656239 86.80801279023956
128.4276049683674 224.99619878691246
146.91654159014834 8.490946328682302
205.86615349981165 15.86322617686342
37.34818322465064 249.9754809802931
51.93223504826139 174.67959073376312
9.21528455382606 197.60725045990736
52.673501278831694 151.68547518601034
59.82965413914149 0.7412353706040542
162.08779176360264 50.034331959240255
234.04452386049982 145.1970930370266
179.60720911290602 195.1295720208235
40.67425387417495 66.3307549818567
208.27803027441755 126.87507452008579
71.65246483407326 184.1072897016323
7.350073115132055 175.8100139756303
237.7136368646145 157.95834732065148
121.95557257198524 20.43751228168797
161.07276509435638 169.48447998150178
111.57425243546432 61.062060440451845
14.974068643638317 88.64850633543891
191.78058724908593 15.187626827894457
71.86319525896326 200.34111181165966
83.37094279285617 242.63169468031077
40.949765268792845 202.76194377690464
45.333080237527774 82.36212257552783
155.68121612388006 31.570694300441517
37.988385072576236 96.12323747023957
172.89006614395888 56.91680166454821
44.83278586812098 144.0749317314797
199.8396081747819 40.93567293074641

36.0
114.7
72.1
72.1
216.2
258.1
286.8
324.3
258.1
77.4
8.6
103.2
103.2
480.4
68.8
154.9
206.5
68.8
229.4
229.4
432.4
144.1
114.7
143.4
36.0
432.4
129.0
51.6
480.4
137.6
432.4
103.2
51.6
143.4
86.0
77.4
77.4
540.4
129.0
103.2
129.0
143.4
600.5
103.2
72.1
288.2
86.0
17.2
72.1
229.4
258.1
143.4
540.4
17.2
143.4
51.6
216.2
129.0
68.8
34.4
154.9
144.1
129.0
324.3
288.2
68.8
288.2
17.2
260.3
72.1
34.4
114.7
600.5
324.3
34.4
25.8
172.1
154.9
8.6
36.0
324.3
51.6
540.4
129.0
34.4
86.0
103.2
68.8
68.8
17.2
34.4
103.2
68.8
51.6
137.6
25.8
103.2
51.6
480.4
540.4
540.4
480.4
260.3
72.1
17.2
34.4
260.3
137.6
154.9
480.4
114.7
68.8
258.1
34.4
108.1
206.5
260.3
137.6
8.6
68.8
8.6
129.0
108.1
108.1
216.2
258.1
103.2
68.8
172.1
8.6
8.6
17.2
114.7
216.2
216.2
86.0
137.6
114.7
25.8
86.0
143.4
77.4
129.0
34.4
103.2
600.5
480.4
103.2
258.1
432.4
103.2
137.6
86.0
25.8
36.0
77.4
34.4
324.3
108.1
172.1
480.4
8.6
600.5
129.0
103.2
72.1
51.6
68.8
144.1
137.6
286.8
206.5
25.8
68.8
540.4
51.6
68.8
154.9
540.4
68.8
286.8
137.6
540.4
51.6
8.6
103.2
216.2
144.1
103.2
172.1
68.8
34.4
129.0
17.2
540.4
286.8
129.0
51.6
17.2
129.0
206.5
154.9
144.1
103.2
172.1
51.6
86.0
144.1
114.7
51.6
432.4
137.6
216.2
72.1
286.8
206.5
260.3
258.1
229.4
324.3
480.4
216.2
103.2
540.4
144.1
324.3
286.8
143.4
216.2
34.4
86.0
260.3
68.8
172.1
72.1
432.4
144.1
34.4
137.6
68.8
72.1
8.6
114.7
17.2
137.6
68.8
68.8
206.5
34.4
17.2
103.2
432.4
137.6
34.4
143.4
260.3
51.6
68.8
286.8
137.6
324.3
108.1
17.2
114.7
154.9
258.1
172.1
258.1
77.4
68.8
144.1
51.6
51.6
288.2
260.3
8.6
288.2
36.0
108.1
17.2
86.0
154.9
72.1
206.5
480.4
229.4
432.4
103.2
286.8
72.1
114.7
129.0
286.8
143.4
68.8
17.2
25.8
68.8
137.6
143.4
129.0
432.4
25.8
17.2
206.5
216.2
77.4
432.4
8.6
68.8
51.6
86.0
51.6
25.8
216.2
480.4
72.1
86.0
114.7
286.8
324.3
432.4
154.9
36.0
206.5
34.4
154.9
68.8
143.4
260.3
51.6
480.4
154.9
324.3
17.2
229.4
68.8
25.8
51.6
103.2
144.1
51.6
206.5
172.1
51.6
17.2
286.8
540.4
324.3
51.6
86.0
206.5
154.9
258.1
36.0
103.2
206.5
17.2
51.6
17.2
154.9
17.2
129.0
77.4
129.0
288.2
432.4
137.6
17.2
540.4
137.6
324.3
540.4
36.0
143.4
172.1
68.8
206.5
86.0
108.1
229.4
540.4
36.0
432.4
103.2
154.9
114.7
103.2
103.2
324.3
77.4
540.4
540.4
600.5
51.6
324.3
34.4
432.4
258.1
51.6
17.2
260.3
77.4
68.8
260.3
540.4
72.1
286.8
258.1
216.2
154.9
258.1
34.4
17.2
206.5
86.0
34.4
129.0
480.4
480.4
206.5
480.4
86.0
17.2
25.8
25.8
172.1
480.4
143.4
206.5
137.6
206.5
8.6
480.4
34.4
34.4
216.2
154.9
286.8
103.2
34.4
137.6
34.4
143.4
324.3
129.0
172.1
286.8
172.1
129.0
51.6
129.0
144.1
108.1
206.5
86.0
8.6
25.8
229.4
51.6
77.4
103.2
114.7
17.2
143.4
600.5
34.4
172.1
86.0
288.2
258.1
103.2
206.5
103.2
51.6
25.8
137.6
108.1
68.8
260.3
34.4
540.4
229.4
51.6
51.6
36.0
103.2
68.8
17.2
34.4
288.2
260.3
77.4
36.0
25.8
154.9
68.8
34.4
77.4
154.9
260.3
288.2
286.8
108.1
258.1
25.8
34.4
216.2
286.8
216.2
86.0
17.2

8.6 17.2 36.0 72.1
17.2 34.4 72.1 144.1
25.8 51.6 108.1 216.2
34.4 68.8 144.1 288.2
51.6 103.2 216.2 432.4
68.8 137.6 288.2 576.5
77.4 154.9 324.3 648.5
86.0 172.1 360.3 720.6
103.2 206.5 432.4 864.7
114.7 229.4 480.4 960.8
129.0 258.1 540.4 1080.9
143.4 286.8 600.5 1201.0

2 5 8 11
5 8 11 14
7 10 13 16
10 13 16 19
14 17 20 23
18 21 24 27
19 22 25 28
20 23 26 29
25 19 31 34
27 30 33 36
30 33 36 39
32 35 38 41

