512 3.0 0.0 1000.0 3 160 240 100

187.9666836511612 173.06603507735934
238.73333288404348 70.55810916546149
190.20901252038396 143.93122952116423
93.68910324374777 206.43411617585406
0.8237639217489323 15.907635174825185
176.0541899557068 112.10866503591733
209.19985864872996 35.86472212473674
127.11113506707063 71.53548423402329
208.7356742376716 0.21366551913443166
99.69179752030638 113.92888018476324
183.888807086314 148.44257838567387
227.9474983350662 1.3924125265322163
128.79379793239517 226.4658759600192
90.91713223240541 42.654927962937464
231.75139570967897 156.8632074416516
83.59797682722494 139.91748150829852
140.50990031502397 170.62618330479668
159.28026269870367 155.58150278898725
53.3019235733615 249.40424016301944
147.96781593871714 75.30374064525338
29.424211884213264 86.53580693300414
235.76792436683922 38.70245275953593
169.66298666573869 54.600169224273216
27.381740250937952 217.47132455470359
195.10651227789532 29.797898526284143
45.440446697714826 8.868347586565656
73.36819637226671 220.94618392621274
126.90616641408384 1.6933152570168808
219.06587674458325 197.87354056828835
56.925718812224076 166.25903674858318
162.22453360692478 224.94121575210542
205.8984910690899 105.85419392065131
96.43324421915742 233.98672874043123
247.52843345911046 248.74769461599308
30.596446161547775 40.56850870228185
42.931733394463514 67.31744686295804
214.4391834894101 36.78866150675947
60.20047263225267 14.18327693966398
129.78457622282977 86.18757219040862
238.63968302563106 155.6534161320861
128.42241552586339 28.689417432805037
168.22077876103577 243.80363611275132
131.5622737703351 50.51337906409486
53.610358823431014 76.84058865850113
172.71716888240425 245.5909022104961
138.5295556323802 90.86088711503542
246.59354061543 4.668492990529128
136.57561703439958 222.9569764653313
239.70394345298882 24.762960489293828
40.92247089200521 214.8609289334092
24.8069857941656 195.00644682308712
96.74494926511795 185.67286394106208
131.17694372370053 194.39081851414628
49.79623740799205 23.517236527004908
84.07959556659159 155.60140094505772
181.8251835109169 111.92932058776609
63.45357508605248 128.94682579520008
127.28818633210165 180.1739996504401
201.07294585793537 148.60780513041243
189.4654338081417 38.70730711503981
76.71865400557377 165.82646649076582
90.89631806394303 48.42837470399347
122.2577811656845 201.52504694380698
245.5447182635124 174.4741991242003
75.03889990067172 148.40648702914675
34.69432705790506 218.74914594958946
152.37387768907115 223.02404656221543
115.46658327791658 159.75802656632555
107.71659373077233 104.8390540565364
87.22995211835958 116.44376505529603
169.4647256966139 146.9966126347214
137.51334020744116 201.2286809071351
23.995575621995833 84.3040692870167
129.7722364571536 249.07153219162842
130.7055444830288 228.11552621642494
38.616658767103715 190.59393992748886
43.79290620055134 127.47792615319659
109.70092127606623 83.30849299757992
95.50056995553535 228.46405587981752
180.96658948513326 17.444319696079567
16.808693406984098 207.27677033202542
81.64846541191429 219.16953186213888
42.99295453777169 59.837234973937534
25.484653581524437 202.06995914302152
185.24820409397068 50.65523626354548
6.418292733297582 109.01654613605314
158.9151307715774 113.55706296777463
159.42391235534424 214.58943699566933
45.80677578926881 39.60471181822417
104.86122772290685 165.01819899014845
43.6164708271097 163.10141112707387
238.4822481077963 236.70591756542072
62.55167860319275 94.83527800829064
31.958331395015666 30.429060953969273
150.95003902617057 145.3782030815268
52.273404738690495 1.1690746754869086
95.80458751064533 187.88291496683573
118.54283623765008 38.34863093396926
107.358250242197 148.8859663101349
45.398877480413326 73.45662148836333
248.78236577444875 161.16576684991327
149.49470803356394 87.0767308615829
93.32210614437183 42.51743874794492
114.59329277503983 183.32673180177915
80.79550504855595 89.74437894928208
108.16439731257424 38.320182310197346
243.07912313480784 19.602819355914153
166.11113442893858 89.38433554600053
8.045237408156991 57.545756220459324
112.37438318821053 41.07291061880827
197.88069759921237 2.8635577747736507
124.0765872910791 31.285284687032703
76.38883113721407 10.476536226024596
33.29707219735556 188.73261099302445
48.26342460025177 234.7115833594176
198.79456990361956 234.75683382219222
75.61331656679751 194.73075849335453
153.52173804437197 110.625038070787
205.52938167639758 71.90461321243185
123.04037882868815 28.754198475586385
135.9497483388446 228.3010000801606
100.77679772924839 111.68678032635174
44.599236578963556 232.90751697644097
92.36526203180354 83.33531979324415
225.91613762666705 4.10314383280172
161.61505291226516 249.76680216601315
80.67369667949926 190.6272734523978
167.6110286566417 27.67299880828028
90.19719370220966 46.25397527383687
104.40221075409289 1.2639436806761994
124.3393792615316 91.92041109736884
7.836423993999503 138.6961190250545
203.98293842061895 21.410451363179288
200.97485932947646 196.56065090023708
133.15944878979244 38.84541280328899
230.0945166466017 54.03058077509937
18.55392614122059 153.86747941668412
80.72953786771195 159.9752766466058
132.00895477416077 71.27027572874164
38.32165035923155 23.79146522786027
173.00865481493582 244.37966333147733
58.88260045244939 85.24587578497328
124.83916751441318 199.13364755382713
231.22416549010225 170.22421967812676
26.116532089558774 87.39323401140004
201.92635584393352 59.13447163771068
184.31906336241568 118.61667381730445
138.34917678076124 104.21584314567359
87.15952321029705 151.34690073144867
138.51051797466317 199.3120530569567
240.3828744988196 71.81562334291452
123.08509199206685 134.3839715700015
45.76530487949807 32.48177122097315
172.89744209415392 189.65414944142495
64.07793615457669 179.77810329914905
118.28199537017115 26.06456582561542
114.47754528387738 208.5513156356658
16.467122607058016 170.3823984940189
114.19944092656952 196.86809264007306
205.46853599057317 137.89410417871574
139.5126608892691 123.45609740629932
101.90305109067371 229.32534411389952
246.20037089068504 155.09431443673859
80.05772193444203 204.84573793281598
6.182379955859463 243.5393443858864
214.2820737704699 8.260369070763328
58.70437314076532 244.93068076534743
220.007211383389 68.51494817857845
203.71996116398958 120.3654241512968
179.09530251694812 224.58303836395598
245.3219076212068 208.24620169758734
235.46645959251222 122.39277111193891
180.76662967328892 64.81842482288941
2.207513681395157 104.73094704579944
32.7247140872963 223.0596892980858
93.42364630662078 54.249823398976716
83.59615866543096 62.26310457053624
12.384731156832862 103.30278875194404
125.66693683044561 43.24562923790712
66.60771511637023 136.81995110903068
201.3275190043947 27.206880599739165
169.20449486898298 66.23506298454662
131.51549971957 73.14588292528131
134.52789093797978 116.92957280815745
197.64546384144904 2.68096750920796
23.247763235910796 37.41555051732137
115.19537982651242 73.9136507938451
10.825725132205227 241.27154110354084
49.81513844773405 16.956731890257842
186.04044170477152 231.60446725801975
195.39424423393726 12.166903897100124
54.20190423398832 76.90767884031455
48.64451327997568 228.18654477149263
23.519932610160886 49.04369133436798
177.16298101213746 38.713161058636395
142.05726467277535 201.25033115806212
49.78148384198278 225.44628704136338
68.60890562810043 139.3155769024611
192.81738568170655 70.59977847959217
189.46463361674896 108.90942758684655
164.13847100377626 59.22440131126477
89.82070509380694 160.6494769910436
35.263518264082336 78.87686742701341
107.80067132698667 27.5399835223748
210.28073205011975 18.265030139547804
68.07698918522185 203.71549980777516
153.6986144231578 60.35847841681522
86.59017455066417 98.73546372417249
145.9611384257644 211.14660457525508
35.10231880544967 247.7304153005324
84.26117438652459 105.03309658883964
55.421574838968176 220.7238390362866
129.42299005848503 156.73553816792307
143.9361529401054 56.598422547610525
53.00850787210285 211.4519208560596
51.8424688926028 13.809233637695067
106.8904596852703 50.94996910230673
193.6689658801403 7.322374330585912
44.94157229822354 157.70247173339928
243.6196936369437 150.16398122243655
234.95189996509257 16.24751645670286
113.2089691729413 34.23590857755515
73.22955306535617 22.965661859650986
51.240162092222484 26.621486818441674
194.57877950936648 23.813999809652735
234.77034176201926 108.93570412610609
242.98499101962085 56.457327022558566
73.61956809267137 173.08700916933066
128.17477257766743 56.8298113448015
34.90232082690492 31.779434561484106
165.20065911529767 151.65340540062812
221.31287712391827 67.26958070508921
61.961195189170205 65.10604178600573
130.35672074551442 145.7021419998542
172.13180656679108 11.637934688978808
152.36974230573247 106.82419550949646
113.73083112735443 182.58179801119297
224.81974605496637 129.31606100112296
185.97750929329908 207.41978706518054
45.17187865195654 194.00459445707548
151.45624580338995 192.10930258302167
213.91121093815957 217.00719074418714
44.225679022784625 7.872730825654539
55.937204557149066 15.4095276674438
36.56129108099571 168.31567400979614
25.555131436165613 221.38757947404736
77.3971887632367 19.85929649551635
15.815483725784757 241.66862024970456
216.15589601232008 123.99955821928333
207.2294781344933 95.75830293383858
249.51257346311178 171.31424214817204
174.2877477454795 71.9291445907329
75.1827130436323 218.14354715912978
166.66197150473195 212.65272232227372
133.60295449932568 178.87062333335152
111.3550486195009 105.75132756153118
75.860233345585 39.38817204187628
25.043682760034656 79.12770862601654
126.69109882391183 173.99518797564497
57.42834416842035 190.18502230186118
132.98667217071755 29.658855121229788
154.60658180558198 50.453785352656766
98.54905902442701 216.35657083297764
160.68707024398475 187.550021285073
96.70013695388307 226.40012478809842
204.63676536104438 33.571197818843515
186.70018006561 31.40868634684246
17.67346514149476 191.25918276334772
153.28864400443626 95.84242459878975
109.63108129003052 173.93230588778673
73.476805955862 43.861966695166096
198.36637726438846 135.32426760430926
72.3159100686342 243.25715702417492
92.29038910049728 152.49565163369678
236.0419487358814 17.80007233629799
66.49307785629416 203.0315092781139
62.07106339661833 127.36615784749924
103.67518207197327 132.11147112914554
228.3678168963036 25.77240161431102
194.4534368010398 215.37567195630507
83.41046281996678 223.13030489244855
189.07679603257003 40.94411462637909
58.9324789013568 60.58319667521972
136.7151626189626 10.020563597637727
139.7919247113281 208.61802345584456
209.96767922087787 32.2718536315012
141.03747429677892 40.85458254074989
176.34947114159274 246.51566533996032
154.12494753284446 110.8384214179712
156.11262349194936 232.95686699721057
131.80657520078327 161.9650628140313
219.79544999598235 216.4111252777727
93.56193676095775 105.40307452653525
86.4269225662241 137.101015583485
47.337086741583875 60.41633460155335
148.8511398660475 64.79643013864897
86.5419362375462 131.5501908865846
175.01777143242364 49.303603210840954
212.53372955271863 157.989004286425
236.43567983057181 6.071378475441092
224.87235236134813 133.2731160286173
83.47165695316397 182.45145228266523
101.36429990542531 12.078948113355386
67.15438137744148 171.98796073176482
169.27528754291154 208.80178550075172
3.6395087281325953 154.53630934954364
99.42660751877713 5.003614369902376
86.38826771769057 238.16165041370186
195.75543992686454 175.0984976138567
244.25459931595012 210.06297709275762
109.5816853176995 122.12236286608766
7.678691242138602 39.374568125624315
74.89846758253223 98.26194424358947
110.74662405720379 131.290887707931
87.14948211056227 5.660622090904289
118.57936551615184 107.22762187650004
123.11449027354998 18.082317107877664
53.52486356154104 89.71764725445203
5.801137621630758 5.48910377124373
231.1842947235186 72.17743608149185
194.1777475997475 209.90234772807992
145.78998460508507 176.46195049706822
242.8679447525262 183.84430097620586
223.15696358630595 21.2780083657082
199.61483532052094 118.44755007322111
145.1660435379953 166.01797120713277
71.30033621263333 1.444806749722305
171.8684801326512 154.87281231110666
54.14671941946375 247.44348373745717
150.74145078792282 189.88038333165468
93.87157307886055 141.80250054529446
237.28627733675694 161.3466678240261
82.11041825276364 25.101528605628754
68.44752548980765 225.21232229251896
175.5692815582142 63.01175683434809
97.8585682193465 191.3761283770013
39.545763149897354 19.290751695739157
34.91994192618875 93.16922467391744
243.07532279204787 5.693635355817545
137.79923785666057 140.07561205962273
64.73094748026139 157.5375940966431
53.56422045037759 102.68683276453358
243.8584042005063 176.27909784888956
78.22708190167607 225.27432493762433
68.8697953256916 163.2765554799833
193.57358355504377 242.1467166595265
93.4547193275079 230.27702345959332
234.5087786728805 148.2270156676752
180.04486417765258 236.75331588782473
174.65095275986607 223.73567411334736
183.74512470427473 158.55478845481392
84.21300063369314 193.69605473290653
73.96889280601637 2.7469117217078787
69.98638346961211 177.45210502244046
160.90367913856647 80.51326741625842
226.21163667979937 187.4795693034807
89.50529999703441 177.19172796931304
12.882750134510484 191.66009426242593
95.20399135457158 4.808447982072472
19.493229283082584 64.37663423268195
58.10096836408593 230.10146398548764
106.48572316000381 234.25295680614482
148.17069408540542 191.56179720898157
12.2611198500929 44.95417621509884
173.9478593433566 32.22919209260255
185.66983241240195 149.47394037082438
165.69690167943972 80.130472313969
213.9405879385982 81.60187073942538
64.56239751567206 229.93918650760457
212.0713138650264 11.932253681706056
178.69984589995585 153.83177413412884
79.01053176836086 111.30228147189567
122.53286804687596 139.7888927517274
24.043077082484015 105.59242084852255
199.8677239289692 134.58855093703252
67.21891224708826 174.61124814388057
21.539654969560424 246.6416012186822
70.81099365845935 200.8774050172324
161.10552051301408 43.25050478472936
168.65746857645277 85.16772536321965
2.7206321904428012 60.325686963541486
15.729331252611972 22.25645057308709
144.3175452978549 80.66319079015341
229.93023454672903 44.730539721588855
203.04204237362106 124.68786710267207
33.71559162251705 141.7742925808505
224.1667937586037 41.1200435266384
50.38666528672869 107.83483448298028
202.99656962022854 246.85487412505472
22.962712570144596 67.15220603884245
221.76918755570193 205.56714698773405
71.31013992237258 130.78695813577949
223.2118717987479 91.8673893026088
58.30499168087791 49.29742822431976
178.17128198246814 154.34164225823957
144.99983503389453 105.17445321470801
238.01490248856817 32.91578471406237
240.3595444876175 23.76502691176652
232.8507045399865 97.98657657458284
14.459899818554945 193.89307360531856
107.28715852920634 94.84859353355674
46.6389263967569 118.64116366757962
150.0820924087612 150.68491877998554
61.92226304724818 52.181087039901264
121.90535514941165 226.98713835560108
49.778999196361916 181.37301307536805
31.26421051624831 80.99197428270571
158.44091306510072 177.33596736412537
146.28310547055486 194.77297841394792
134.3777106071455 227.45971390218037
48.154212735681625 144.92050944183276
249.46770523121347 141.5692014745731
162.60160377069937 107.64128148792706
178.93769079022113 89.51100580047036
177.2957448429216 2.7255361562536216
175.75880200537082 189.247441194774
78.92875889365952 29.0933815804679
172.90426938981335 213.87130601165464
131.5973202408554 33.4465058468707
208.85276800087857 167.2562352007935
56.53094313775001 199.18591517839826
115.8905059156882 82.38733293383999
201.50354382696304 34.64934564325503
40.80294871764714 68.80836418953487
231.51571914665456 205.00576224348796
61.7712011082413 87.92449561684651
52.92418717471445 34.787159703374286
42.736385935314594 17.71069995503413
23.496181545387213 110.06009373191114
189.21671356871943 208.08754412522723
66.26597769635842 95.25702321905379
158.28398114874494 200.62828787093287
73.71361145090424 196.0972295731969
199.68670006246694 44.77477702710961
199.19812515204222 115.52064222896036
38.13561743128774 215.173521557834
166.71178896751937 153.96154842159675
90.71754664404155 163.03391955457067
58.074294301880826 37.468960745360185
124.87960639075193 176.4833360339761
196.46879604044474 52.18653462288919
173.8064410865172 15.841313980699045
159.79163230279025 164.07411932075948
245.61852895848395 18.62494986080937
105.54202545752295 50.45973680846999
169.13737215404512 189.0325797635105
249.80122265615694 144.67226297599353
139.25727106721538 116.75492115646904
198.77579544467528 29.939155047308567
190.24866554011084 62.410391271354335
186.314912636952 132.47982642548675
237.2595048324989 155.4910224747491
189.94385323605533 167.60851597746998
22.964664136405798 217.52140783516117
38.96018088656236 27.335004246050897
150.74082443058458 245.06771894487935
159.15813226971008 102.75680184694141
113.36342746758274 119.83330721764324
168.30028624746723 148.77843350133713
7.534451169059459 28.116274461950198
122.64445732717405 232.22165029836273
160.2676173081944 222.253328553295
73.40221640130831 114.8432486257615
247.8069683249601 185.86498531458582
143.94364668483078 231.60091196496188
186.69733587587473 244.45868820886983
89.32517421655525 48.29542078659002
114.11335907210285 57.70984808566071
120.05151996635018 198.77486230676473
127.56923167001405 53.300640420497366
84.0490570949954 38.755731211030096
163.51260096374276 7.745196984299096
106.81778778113122 98.7063813778114
58.73039948246664 38.16320562225528
235.21225543534987 23.62018577784805
138.22329243377706 25.962081481032325
43.5832464685674 72.8746613891773
47.97560983732343 229.22347068866668
241.57380434835065 231.68644106225304
213.32291900884456 172.62813948518826
238.30552360382765 244.40626320750576
155.78655078293647 86.62635656888278
167.1683505172118 70.03760440759069
95.3300007810168 124.9769470377992
163.9244694290046 235.14104418326255
218.40967196174574 199.08499905959897
53.648450531958716 235.79785001047776
50.390215761216275 190.5303284156705
48.87342160787078 84.26068713066084
160.63609688218924 34.01118032525135
238.40399017515864 0.5420565670776756
100.14232722437694 226.44281534745824
196.69700205192905 246.27079818628332
200.10593820292317 48.48480746014305
238.38242172368385 57.29010325681064
240.1669169356767 151.00392925318923
187.33214375870688 210.22600864296584
19.620440930136485 187.2226915312685
40.68821807951978 81.48048285437679
137.60489768730483 60.11349280924833
39.662956769317 25.10856928511998
42.46684646978196 187.73942113550544
60.34795987067554 234.20018462827582
123.47921057667327 52.05939937848553
248.05625800953538 141.23957852368963
69.311968477473 5.640875137966239
66.82354235802201 34.6252032287952
142.62836345637893 216.2619115924756
90.12673637011886 123.91914351415079
1.3988080199080766 41.541969637328286
15.022826439245602 177.61559407327923
227.10846604628372 213.75677604203116

188.97083173057672 180.76396954600241
246.63293409869328 69.87724735494041
185.21843838581765 139.84529405543222
100.70546201331044 207.80436031847208
7.489212631413833 19.607561773532094
167.88916089414542 113.47980530277324
212.7806161981215 38.174335301774335
123.98230612060979 67.7609647247982
210.83732586538835 8.24542420964608
94.95268960078565 109.19887632713134
186.01470886952046 148.25011939513942
223.76356867743056 0.6413714385145319
125.5345042674923 232.5861909129532
85.18050473612959 47.96811608153939
238.82089940814672 160.7484689242511
89.21893954619061 141.311624272393
144.85590719830745 165.46228215299163
165.67352163421165 155.39090118927626
57.82133621817534 246.13146647848077
144.34269766468503 78.01288265507029
23.59715799529208 86.64170498024362
232.97299276028784 46.62217303528266
168.6540044748316 56.37813252471735
27.85912314202557 215.75599051385933
195.19093010806887 22.012301824960307
44.33550318267871 12.079361314387471
80.23477352489094 217.91904901165137
129.21105628372004 2.9248384836490784
215.95039343432038 205.02059099436042
64.59981379892422 168.81722039334574
157.4105958716023 231.13235893177583
204.74788719187322 98.63248571886368
93.2013749204789 227.81485690338297
248.56221229853944 247.87892875324098
25.69320189304747 45.1380522901916
46.43970824721888 64.04045618935194
214.58312797168935 30.989967150504476
57.651968095975754 20.77591294390929
123.35480200110149 84.03116719360435
240.0879106098874 155.3017327904803
128.5055028220329 22.106277747581586
168.600609039742 247.4215128339766
134.39091757472247 56.11516889764997
53.71242008042379 83.04580106832115
172.10527525022482 237.94458696799265
140.608879644483 95.52523413626673
244.19618884483307 11.629924102358109
133.72467345614555 224.36919224758915
240.9901313836643 25.07544142237489
40.7130246550213 214.58423558729342
24.702691182241416 197.23708888341432
102.3690026345566 188.01048933486217
130.41086357142865 188.34413519195834
52.67024290404743 30.249574849951806
78.78887456702176 151.90806585641786
176.1527731850581 116.36869952822015
64.83077258886391 133.6672173633113
128.37366583270733 176.8494417141885
204.77714282531124 140.9767666013117
194.3816481703878 38.104350884340086
68.87108639276651 165.18140657578357
87.55054627412015 46.49156337636987
122.8183865312259 194.86681804890458
241.8077362162794 170.92805921582004
74.05973693147163 149.60760981503194
36.878105153345025 213.56752469935353
154.7980944197817 215.4120085682759
113.28680671856587 164.82162197959667
108.39578747205314 110.1946606166683
79.46868984490035 117.79921277892308
170.50957565782664 149.74381481872268
144.46721862952867 200.51551753060352
16.43811858318353 82.33880508044439
133.10164014694445 246.95650018605176
138.8518625145151 227.30432341434275
36.0535511344289 192.72427704206095
46.87904960492217 122.90317819095017
105.32793547387962 76.14996764412308
102.5072803743519 224.22637549471025
176.34116426460906 20.22145504000969
18.48340545524482 202.5162755016255
79.44791122486586 211.37161406270295
34.77176993954012 61.15115462196921
22.20791566455199 200.94925301940998
191.36986038455484 48.52763296210724
10.583394402665174 102.08559383103879
154.11414003258824 119.31900077109964
153.45924287380515 217.48903502166485
53.849717590966215 42.23124165033224
96.56696601808112 165.6764737019608
51.73802749919304 162.49320884668117
235.70904681963873 233.60668214611943
56.61025247196111 89.39194800399122
36.92076527310326 24.86549471783986
153.0889479863733 150.00973175188497
57.75048290677587 7.435717873397945
102.4577673119322 184.78362998783533
111.84415655731456 37.775927751714036
110.54171768126939 155.12551996696337
38.97840556401189 71.2924153810471
246.14524736744357 165.71937142368927
145.21961425770368 89.57465718045974
97.12916494807395 43.90016035378289
111.70671687014955 187.30351133081393
80.4429433413667 86.02863508553901
108.09052031736458 43.44486086293286
236.2269674708467 20.98809866533419
161.68217924597727 89.3966885346456
13.213624135460428 57.56086840347613
109.30375354757551 43.6867952735285
194.6734571484872 10.442267094998098
119.60863876286962 33.66007075701613
76.13594439819157 7.2289811410964635
34.185696988914884 182.22548631778602
46.476383128337574 231.88234431412153
200.5463308339525 236.5094841469254
73.43933034932212 196.80131505168274
153.2129070310403 111.51093768994768
207.32477621576172 78.93881957834556
130.00518306718266 29.056465664708124
129.87502062674415 224.6127918515636
107.27182087661885 107.97778609295
40.11244524304569 231.52797339054857
94.83935623691202 81.57844476335188
225.67266884281412 1.6171204596983624
165.3872455167418 246.358040115208
82.47984605061212 189.2926551002982
168.55458688568802 23.331027462329125
89.10400050876122 51.13192793155752
106.81696837286597 2.535012951608656
122.04321311381034 94.93869034791632
11.268377697777165 142.29037320780787
199.77471055095174 16.109792265777774
206.66144347288227 190.69338889758475
127.91678099513193 43.82416604257128
230.66004685533358 47.12809957355296
16.123480404938523 146.0947970221428
86.24744784442889 166.22367283866373
129.1851124287483 64.27265168705095
40.39039106950462 22.53114093418357
168.78137491897118 245.06771544817173
56.58296526468668 84.35983147158657
132.05788985623997 199.85345683516707
226.77768370237212 172.67317354471388
32.431997267911825 85.98794834788406
196.90554165437413 63.71290907179208
179.716419954215 120.07279584635405
143.1845406426901 103.29047063618937
83.71730436187555 156.30769860754606
137.11775411815745 195.41111018460666
237.94267772064313 79.44316685249383
119.60245372942893 135.52874830366866
39.1470114010162 34.63437720606355
171.82016179117613 189.46054010992384
59.28669214690199 186.62769569965454
116.00374120331988 33.826737454720394
120.99500672214913 210.24023531877432
9.59041865404539 173.58909766673096
118.49526859225057 197.36194448612775
210.87675683997327 139.45411030034927
140.1719803546266 131.0270337705062
102.58215679419166 235.93755689420337
241.0751069491305 158.83309967850883
73.47762274284946 200.87233922545823
7.246874788042312 247.99043827923285
220.6780365752121 8.123591070144625
56.357068837968846 245.1003987106328
219.88246909619775 70.41144415708963
210.42936419357235 123.2289420901262
178.70653246719067 218.29707722588512
240.7880896655875 209.96342277618228
228.72444021449303 119.59269738272307
173.04108011570668 64.82481897034265
3.0822269557976845 112.13740697301897
27.480464892664703 221.45805340620961
97.50833158635413 56.85834422975663
78.92903137402901 58.809375266317716
12.105171260674563 104.19692891373364
131.61183065539473 42.378767139698795
59.640723593712366 137.3266254266732
195.9751848960964 28.23133603186073
166.18778749601574 73.63420773165474
127.13658206385081 76.79446923192398
129.34696398921727 114.7550975440929
204.6211513923773 5.5052391813290855
21.764529232818546 41.176745327901834
107.46144005370151 72.73824232431488
12.64989441535866 243.85301029882294
45.88413607795133 12.696637197755711
180.19037691122264 231.07796848296022
191.24546352635863 9.3982770587466
49.22751242679105 80.90375262144575
50.285038395621264 223.68028395687728
18.569985322888034 53.492069499325254
174.30045293528545 35.90899047211607
138.91551249335302 206.9153887641921
53.09005811584386 222.47691365185574
71.09101352106775 140.98548828568678
197.2918726971949 73.75894961224012
184.65585502822643 106.42171408991824
166.39676198915012 55.47757797052047
95.37498695196278 159.51582881313692
31.63347149745446 85.77108154622314
105.50247378365937 34.56243672293341
215.75309474407447 14.393175856846268
60.55226193801522 201.68424880245794
153.87116513360715 52.10268020261324
89.13828307681226 103.1678955816978
149.95612752154406 215.0311762494847
40.33931826571069 243.76095744416426
85.74640970499667 103.95941598631028
48.70983479724678 220.2657284845254
122.26701017264307 158.8092406769979
151.49643849017454 55.15670572703993
59.423394580170985 211.1835704753015
46.36549253349767 14.983815817231822
105.92154671454315 55.87423446108722
188.46800786328396 8.423634232535976
42.78454685494298 158.67225723567586
248.14816942040645 155.8354531635311
234.71786343363527 21.467242782418765
111.97738471422988 29.221980273882565
79.33485281009875 19.639143118730523
51.921685404365206 30.720350050230522
192.48591809661986 30.377952892407382
231.25066972638584 104.17216519040903
245.24169327859627 62.12248954488744
76.9297707634962 171.86825508630878
126.43810499169054 54.019903960376894
37.229966907223634 31.116997266071976
169.7466517177288 155.1213809802799
227.96299760470538 67.70035661086906
60.16317199770324 71.58520558201134
134.78465148788413 143.06931326077412
172.59460240389853 18.806412969216506
150.55786998752285 108.70871893319483
111.6763933923239 174.55033645925855
224.12440589361006 127.95296184391083
184.03900829155856 202.72804434644746
52.12121222297264 193.41843476926803
158.00951673760326 192.6079044555611
208.8522020203715 215.9780016576738
42.69526029316212 1.2566511198521813
61.79412748752156 13.444979587725781
33.21058414872818 172.92860555351746
26.763174899926938 220.68842342886575
81.06350911002113 19.58961093012243
15.34123788238617 242.20113145973764
212.80672590945673 123.34900591383627
208.4182888262097 100.5252696893521
244.2937420314016 167.98755831742542
169.06764558952875 71.96324551597053
77.18873862245923 212.87974416502817
168.37314658094783 220.21875283253775
134.13946387610977 184.49687742435898
112.77631897990706 111.83817939755252
77.06732385232851 43.28258266084925
19.840750427449482 75.76113332888765
126.51132535010728 170.85031956349994
50.485076541003146 189.7802763837525
140.9204918491158 31.492447938949397
149.68517133259746 43.63724100104166
101.9144102856267 221.87076452423204
161.40741922398385 181.25117446332825
100.68008310684421 219.2065804617648
208.86187832060745 32.634249992796626
192.58577416495456 29.274626445236514
9.79636051862165 191.42546108303554
151.02551535587244 93.9796159710545
117.58365679526456 172.54836913453124
80.48215912117604 43.801785675558925
198.94105681178405 126.85874755245824
76.97595499375323 248.5816287639994
93.53029586661165 150.81428010348887
235.37196998815986 10.713205336174953
67.91295902086242 211.2929421784364
54.33388363404648 124.48275799480163
99.91155193223581 129.23064061127485
225.89761944703633 18.271102269181938
189.05616501635862 218.4087111189723
90.8986372857531 224.96020550118746
188.32244366817503 49.317714937315905
59.50181664964396 57.809453457336346
137.23527471291192 10.777653028042428
136.18053805428016 212.30361477044613
213.29470143500893 25.476823242908843
140.49197959859248 34.356708091168365
178.7401046332615 247.323139238341
150.67384129369552 116.68314289741782
149.50767997955424 227.9262092873976
138.21646037451987 159.03581295801084
226.87034239398847 212.57574764255241
85.42256721826344 105.3640485134123
92.2617473414914 136.61574534743755
43.85653384091157 66.80305575521145
148.76524816719308 58.29180547218932
90.26543511531895 135.18610279569563
172.65127903645728 50.15838884176049
212.89421024391035 152.6158125471722
229.66901757935028 4.313064986718129
226.65130088863393 136.00920631315208
79.39689263478414 178.33847282688657
97.57954600643257 10.475344878945108
72.00811139169419 168.17674923239431
172.1297596469579 208.9551289933919
8.22060248677625 155.60126334043218
91.96108540437214 5.681235849337163
86.43534227718078 239.03472800012094
188.73009719623653 178.4642836412249
247.69070804422026 215.02786946011204
107.46370273192244 120.60588550471913
14.26798529616255 40.59252750568912
74.72110496602622 91.24124882488167
111.07845823527154 127.98705601868052
91.58319615442687 9.49345939286167
111.46203804177607 105.03326614586048
124.14277602493858 21.176717291801594
51.42741279139604 92.95776254352572
0.260568869692529 3.6443421048470426
229.34536936683935 80.39714568813628
194.6344002360833 207.92280609113288
139.93118961566634 182.2787050971847
240.69716220943755 185.02099124818403
226.41111848634148 20.7345273025725
207.7073661218693 117.71163040643981
139.88557977074407 171.80543520454057
66.39116535627251 0.8107441361662471
178.20608973687706 158.05453548217784
58.05226077316361 245.07008893255468
148.92259512824432 188.75905827148344
96.21267058396582 138.37228254828204
232.11769485173824 165.152252455469
80.18232111140367 30.659329025360865
76.08718928346667 223.68946529312552
179.04356149733667 70.219649742026
91.07539048878805 190.54118516700407
40.210086074140946 11.37476122623765
33.06888755223103 97.5292103150154
242.93352097087777 7.505768336911273
136.58128786857833 135.7596695470448
66.60682626747987 159.29748057562065
54.03840313423805 105.96579993461735
248.33600120949168 172.05084900956302
80.51431763349458 229.75931897888876
69.25053722665464 171.44699688158425
196.8875851275572 238.17803040788056
87.89671492564827 231.1289953103341
239.85886892230383 142.4718983005469
176.40618884391657 234.3832071407399
173.2200774580623 226.37341986032908
188.00456784558736 155.90337523771962
84.50948407132772 193.83868869098754
81.19531539853081 1.294305094949738
74.05401996475686 170.55480023779086
167.5696672675877 81.58957678161069
228.20507769364866 182.83659686297136
84.55031760867936 182.03349779660013
14.109402874526305 191.3180101481095
87.53394284662205 2.1181682537377844
16.478561784347395 63.26289409187969
56.79247628100184 223.5897861578458
109.87843455494107 238.35956949063174
148.63222648763923 185.4123085988464
13.939950312888138 36.91930388309492
169.67369697371484 31.77429615613803
184.1337192845933 144.6796822030385
170.3869579388028 75.68126974404557
211.98880305291019 80.0562077723902
64.66453893937229 233.44352073266623
217.5811050181986 7.532761363179513
179.01378067005967 156.43342661001623
76.303030001241 105.08340507167718
118.56188215299699 143.28663398142086
25.738047896121998 108.06890558457347
201.54158136211743 134.89863606917967
65.14765341540942 176.68277103280437
14.720940621786221 242.6778295380409
76.5744874343482 200.64971742171272
164.44009258380567 38.852769566003644
161.48924593091436 85.55336740644783
1.4110561263690757 53.200524477319654
16.095305025376565 16.50752121354501
145.11497545905286 84.41486529149483
225.17880927282556 37.777721151299794
209.18853508297485 130.00376725311648
28.069070880207796 142.73059811792032
226.00579984631932 35.39894825420656
52.44482464178929 109.37244927694789
209.13938408825481 242.0184896589941
31.35174179294875 65.89195400394884
223.4170675407536 212.11496559248627
79.44767298824273 133.09117137389254
218.43419811413816 86.87864655726956
54.16980343922459 50.94616546534686
177.84996189419078 146.1816082110593
152.375102568682 106.45823383098748
232.3412474464884 34.296711922890935
233.51260059994988 24.24013317438842
232.02474916601432 102.3433587536168
15.50805272005243 195.6565972002858
103.44187097911423 98.92765435033127
44.79664208470668 114.38799710170042
152.31568241558085 154.71566858962697
62.18593827513885 57.963256832546776
117.19852457585434 220.17442094734463
46.45319422884325 176.4810186764389
31.17068896745409 77.39755192496622
152.5027970219537 179.9690476719167
150.09447081050143 192.7358420766054
133.9572524733131 228.34133275143782
46.10671586600676 151.02442713361907
244.39766527693183 147.36775082146815
159.1417441185367 100.68115155565563
172.55302782034434 93.83414479610065
184.2083961836252 1.4419087116273321
180.6935523867009 192.84711195256997
83.96338893957892 34.143031156695315
179.93507756587127 211.92168411963868
128.9732132051143 36.81327507241661
202.8108676783166 166.1731062350442
63.61565608344871 200.2330731909842
118.55397432476778 76.64973202029252
197.57262581411078 33.6654730756849
44.60254435507666 71.3931832765925
223.87893184964832 204.46653742572104
60.55985118167473 85.51256208761757
47.15566807198862 28.59513174313011
47.02008173318542 24.60497669954845
17.824691700171563 113.80959796467232
183.09160489171373 205.32530467605386
72.63353314073242 95.45867575400693
160.79415272386962 202.85725294876255
68.50891155714203 190.89971540028833
204.00458431117818 46.14303657234176
195.4895065038957 117.43116151008573
33.06789041166669 216.09468953414475
168.67298580622514 153.1445866799872
88.85070689743554 164.8832477024604
59.12972469218203 33.44784052715871
129.1861599511918 178.37025699862963
189.9330624696743 48.16855113614696
173.24913463643003 11.99955420396165
158.5763931779778 162.80014374343946
239.79821412705562 16.91508153474969
109.77164160738056 57.45123510951827
168.25292621402676 193.69257359229687
249.9757893032528 139.55063335742165
137.37366250628062 114.1603324531269
196.9246127556429 36.38905096222647
190.58142545674144 70.11428357538252
191.55052054083157 131.30781727139447
235.7293672703745 163.0829844490307
184.98956497341712 165.55223383057302
25.640145132340585 211.83339693266655
36.82589407096404 29.42206229824404
150.59873443398504 246.08402548206328
154.79324749369374 109.39769708378289
111.64994231395082 118.67842253699831
166.1597885668564 155.46792597934643
1.7493168764226852 30.988574288496245
120.145351097795 229.72343260036442
155.3978647775903 217.17379452355377
66.54902602782941 118.09254812507494
247.3402004918719 178.5222889311223
151.92576519182228 230.78652285645344
180.9560142439723 246.70648150947554
84.21532085154038 49.39274808781832
115.13458910147098 62.854790289509324
124.38478330635594 205.1462086176986
132.36627677417331 53.046718572590024
82.31912287738488 42.999204593562965
158.05272307005063 2.4359688300846782
102.43063539135392 98.45939685759467
60.23353056764519 41.60405112725968
229.57938829424853 28.64251266093415
134.35233960985954 31.84716116153366
45.75979751865322 76.76302148696965
47.99428299231179 224.94469259555777
247.07684873421726 232.58755044246166
214.8053071679814 174.48102046555223
233.4337768136958 241.51842832914676
151.6581575218244 93.1700647110944
166.4827843698514 75.22965684293357
90.67731034284989 122.80751215662572
162.29669399060347 241.07786473879534
214.55173196167542 194.54036738902857
54.047738914676984 227.98251855631116
58.044546703257424 189.1918278095022
46.31483442293677 82.4809915467436
157.58339259655878 35.672273973574335
242.64481908912705 0.3548855351957203
102.7007189027697 218.7990941042391
195.21235293382927 238.63277068793437
205.6532632659566 50.44732520428846
236.13699067424707 51.04219598668505
237.43578556773133 153.15518547313107
184.02766456463303 216.9702646494669
25.42055759933337 187.3115042032654
42.839907864340496 80.31528312203412
143.28242684148208 63.664386951453935
44.87660124202847 28.48900521601064
49.14121858006121 186.73685448492705
66.9948820559563 230.5096848475353
131.13803861393046 52.617331194362876
244.73900214951175 146.93088534388443
64.44720146292329 1.4495566229456858
65.30279945124475 35.663015784331066
148.91776052009914 215.45678438141795
84.60777383474668 123.05914411914046
0.49300083929387783 39.52517271942388
15.691744671333025 174.30700658488217
225.5193534626235 215.66528160366775

34.4
129.0
86.0
288.2
8.6
72.1
108.1
114.7
432.4
68.8
286.8
34.4
34.4
258.1
36.0
103.2
324.3
260.3
324.3
68.8
68.8
229.4
51.6
51.6
144.1
103.2
36.0
172.1
77.4
600.5
480.4
36.0
51.6
258.1
286.8
51.6
51.6
51.6
114.7
68.8
51.6
103.2
144.1
172.1
172.1
103.2
143.4
600.5
86.0
480.4
540.4
129.0
34.4
260.3
77.4
129.0
258.1
17.2
8.6
229.4
143.4
137.6
432.4
36.0
8.6
86.0
86.0
77.4
34.4
324.3
51.6
34.4
286.8
143.4
77.4
108.1
143.4
154.9
172.1
51.6
229.4
144.1
34.4
540.4
34.4
72.1
286.8
154.9
72.1
68.8
143.4
206.5
68.8
288.2
286.8
154.9
154.9
51.6
103.2
324.3
77.4
8.6
144.1
143.4
288.2
154.9
288.2
17.2
286.8
68.8
258.1
137.6
103.2
288.2
17.2
216.2
103.2
540.4
17.2
68.8
36.0
25.8
258.1
8.6
260.3
8.6
51.6
34.4
172.1
17.2
36.0
68.8
51.6
17.2
154.9
114.7
77.4
154.9
34.4
103.2
480.4
17.2
229.4
77.4
216.2
103.2
17.2
137.6
114.7
258.1
206.5
108.1
8.6
288.2
17.2
129.0
288.2
17.2
229.4
600.5
258.1
480.4
34.4
103.2
86.0
216.2
77.4
86.0
51.6
77.4
51.6
68.8
68.8
540.4
25.8
137.6
51.6
34.4
260.3
129.0
36.0
72.1
108.1
172.1
34.4
154.9
36.0
206.5
103.2
17.2
72.1
8.6
144.1
51.6
129.0
114.7
229.4
137.6
34.4
25.8
103.2
480.4
288.2
206.5
229.4
8.6
286.8
432.4
51.6
72.1
103.2
137.6
540.4
8.6
229.4
51.6
8.6
143.4
77.4
114.7
34.4
34.4
86.0
286.8
288.2
154.9
144.1
324.3
103.2
540.4
216.2
432.4
260.3
34.4
286.8
103.2
72.1
216.2
216.2
34.4
68.8
86.0
137.6
72.1
540.4
137.6
137.6
600.5
260.3
288.2
68.8
17.2
154.9
324.3
600.5
36.0
86.0
258.1
51.6
480.4
206.5
25.8
324.3
68.8
51.6
324.3
77.4
17.2
480.4
172.1
72.1
432.4
172.1
51.6
324.3
432.4
288.2
540.4
34.4
86.0
51.6
258.1
600.5
129.0
540.4
229.4
144.1
36.0
129.0
86.0
103.2
172.1
129.0
206.5
51.6
540.4
540.4
8.6
34.4
143.4
216.2
17.2
600.5
600.5
143.4
286.8
432.4
108.1
216.2
154.9
600.5
324.3
72.1
86.0
288.2
206.5
51.6
68.8
17.2
68.8
68.8
114.7
68.8
143.4
51.6
260.3
34.4
103.2
144.1
68.8
25.8
51.6
286.8
51.6
206.5
540.4
68.8
206.5
8.6
324.3
108.1
8.6
143.4
68.8
36.0
8.6
103.2
154.9
8.6
103.2
108.1
260.3
229.4
216.2
480.4
77.4
114.7
229.4
25.8
17.2
77.4
216.2
324.3
480.4
17.2
36.0
25.8
540.4
172.1
68.8
34.4
260.3
600.5
286.8
137.6
216.2
72.1
17.2
206.5
103.2
480.4
286.8
137.6
114.7
260.3
206.5
288.2
68.8
103.2
77.4
154.9
129.0
77.4
86.0
34.4
36.0
229.4
286.8
72.1
114.7
286.8
129.0
432.4
216.2
144.1
103.2
480.4
129.0
114.7
8.6
34.4
144.1
17.2
288.2
288.2
137.6
68.8
68.8
72.1
86.0
172.1
260.3
324.3
103.2
600.5
540.4
144.1
51.6
114.7
143.4
480.4
229.4
36.0
258.1
143.4
206.5
77.4
172.1
260.3
108.1
137.6
229.4
36.0
51.6
154.9
72.1
36.0
143.4
34.4
68.8
36.0
34.4
34.4
77.4
154.9
25.8
103.2
36.0
114.7
154.9
206.5
288.2
216.2
154.9
540.4
288.2
286.8
36.0
72.1
25.8
286.8
540.4
8.6
72.1
34.4
216.2
229.4
17.2
34.4
129.0
206.5
25.8
72.1
77.4
17.2
86.0
206.5
72.1
34.4
103.2
206.5
129.0
68.8
144.1
68.8
144.1
206.5
77.4
17.2
137.6
51.6
77.4
206.5
229.4
144.1
154.9
34.4
34.4
216.2
324.3
480.4
17.2

8.6 17.2 36.0 72.1
17.2 34.4 72.1 144.1
25.8 51.6 108.1 216.2
34.4 68.8 144.1 288.2
51.6 103.2 216.2 432.4
68.8 137.6 288.2 576.5
77.4 154.9 324.3 648.5
86.0 172.1 360.3 720.6
103.2 206.5 432.4 864.7
114.7 229.4 480.4 960.8
129.0 258.1 540.4 1080.9
143.4 286.8 600.5 1201.0

2 5 8 11
5 8 11 14
7 10 13 16
10 13 16 19
14 17 20 23
18 21 24 27
19 22 25 28
20 23 26 29
25 19 31 34
27 30 33 36
30 33 36 39
32 35 38 41

