512 3.0 0.0 1000.0 3 160 240 100

194.91176958197153 108.88469079130844
17.16070024766528 114.55839725504094
73.4014578167343 43.89030214364823
244.73278864603998 171.14185996025932
187.61469896099834 226.28279138726236
127.16941280012442 74.17976094187756
125.39512035959788 16.00145000648656
34.742710089651766 39.566163993710965
79.44638644054861 60.99271781992738
139.82186693227126 19.135303121259632
167.69402322374376 211.3666079918571
100.56993769406039 185.96204851114905
95.59427622280411 177.75267617167208
168.37512046802894 20.017069016413565
243.94783053174456 11.358059438283608
203.74587331187078 188.27620873494476
230.41865177553225 151.0164896091333
15.85251899989218 219.97854800631671
112.60818628762715 193.4305682976335
72.505291029249 104.7584498100641
174.0691111527073 25.392406324723588
97.77933120428786 68.40671133205112
228.73022934997348 232.21897865084594
158.9451974124372 219.58400428745637
113.88318571452102 116.92494326312591
141.3967371619823 12.786151039828608
125.31271897554677 12.219661628523587
72.84427775204807 54.28883585502428
85.95867119879973 139.31032113551046
76.88268125641099 10.539753710125554
178.08955397981143 2.198501008430914
189.19044410332828 59.69584431001529
244.01350586729248 159.50902018614934
85.62794328644443 148.78828216653187
30.347540996170792 166.81970852638764
71.70404423637713 232.38650432381314
125.79625528675639 78.38069251896643
242.21487037467205 99.74124511314997
21.234482474325244 194.0397869341123
118.95674370407583 239.35601629235188
11.94940469884767 198.14957299931928
60.405801253592934 47.751952686383135
0.990072144332721 12.085771855666422
20.57193506321778 111.27860869685122
140.7841185656717 228.53007462167704
145.35751625935686 242.34226293098078
191.8994032772535 136.36648402087394
20.27901441083199 214.3760019892554
206.1123958921896 129.49716089541513
144.36528309753635 59.59109969959775
68.66101580392656 29.400310034669587
229.6427983138528 7.895898776881821
133.64038444856166 118.40993643666256
124.54369809022126 47.42214638262585
82.11234743055378 77.95572734797415
140.8089867075004 2.0178320764642765
159.77598011791784 176.61195481796904
176.6717954873637 42.93341422506666
63.398497549991355 236.5875134840528
49.68244626540988 165.91561766756126
249.80643636536823 228.2978880831853
150.4521522643702 59.55284700232322
144.73582805598457 164.38736957677096
4.631138075057023 155.74864938166644
25.908944431841245 132.5140123149501
32.534252164769434 237.28981865499236
245.64623736745332 162.37182491272233
150.39165274300996 154.30544130666595
152.2512909067562 195.80289071170142
33.01354236413176 214.38776056192032
169.678271273789 191.2609987762562
52.756888644307246 215.611143971422
111.69924414605123 5.088564579371402
52.6582143889085 161.20423754465514
214.80260882820377 225.91057616291553
13.790825312108401 163.21043392334474
103.37681952632374 169.17401811902738
56.34889855513075 49.41672195362751
246.97637579255883 141.39113089227456
52.97273483972093 188.5833532124896
176.66759303974175 32.30952225730885
104.88026014488469 187.24618190249285
53.43851325109558 70.51904182830712
63.220408567250836 107.16657915873456
6.266914337278051 173.51073199855597
152.67774157238668 89.41838982260269
23.988897744962628 197.34287075022473
172.73208340289779 208.70451305232243
91.42521217443384 193.4369800864957
154.4073422424593 10.883179762118944
57.57908577063017 13.044276295031048
164.9922287428506 54.30570410468052
17.858571261635316 152.87600982426648
82.47276584349657 220.51586727041652
234.80942655449945 195.76552432871944
185.03770089848143 207.42979549005062
193.92250235581682 21.0409985747837
69.72463318973266 204.0428608609544
192.0218221133788 206.12987320704255
107.0996816222164 68.94690056296918
157.11338761074452 139.85746395198612
203.8546307285985 203.8538613905027
125.23231912737748 175.91504666523326
188.19851440364064 230.89082449947418
120.46568225844426 9.608583596132647
235.92294479690972 146.1686808728345
178.86689976424327 118.4102366734332
247.57252932155583 38.68483701254066
34.283956664975996 227.0563954186078
207.14298914305928 230.4017788400379
85.53826922672458 237.79185952083276
72.13351404009241 56.344975828517605
103.5038212997687 138.1541054521743
15.108152240124822 110.36954090989323
117.6397806766216 103.73505215816905
0.828417322485675 128.38129297220672
163.54185412908387 31.922928585164406
223.30958715309987 141.61151484862071
117.23462596736996 132.0021089487626
61.541819708880894 201.07859899046278
125.940793904091 55.92647835407147
118.96308594418741 109.85404227787168
154.02028672532785 38.06655997632408
65.47469833557513 194.96214973039386
51.39095377869701 42.29294774070638
87.21184069508664 146.66520057439377
64.10186221552833 163.87849091714716
68.84966295516229 234.57214149013575
135.31800971423607 127.28656475172365
238.78283216652036 97.55643424363244
189.13200902930149 164.8423489599744
162.70315531657002 97.32224012166274
178.05540146874046 244.4060020119059
175.579470190418 74.49009016999311
160.42142997097065 43.88103952092323
45.82359436092992 210.29868613025673
188.45924804602393 52.08214632042049
77.00705167881294 123.64832272218004
36.03490521433178 41.381583928152224
225.2660696026915 200.8133533995776
152.0218308647497 20.737939252633065
131.39858947350714 190.10466052080062
140.21117933241916 209.01013963958383
4.0483987846640925 133.01537242038543
57.03900652835614 88.3047361680026
49.389600171157646 100.58489592841704
102.42723033927909 78.55655189357682
51.08771464938583 190.97786254126916
104.32227966895488 118.04332603590939
104.329098075325 29.971696630609056
107.43118911564004 59.51273101507981
43.70975012055919 176.38682682333945
236.16878988270847 169.08099379114938
13.9090380055302 0.11531717458773683
247.77609597422565 85.26851278240247
60.07554852179312 222.43479616164024
5.488736327995458 138.7126757491654
224.02540319136165 53.246834926318265
106.35281983783584 17.573917879695312
212.587892096702 5.334765808492515
172.79143742661643 19.25465038066165
63.22980044047327 20.42703131549847
236.63225211660995 244.15575367655012
100.90591231112766 222.17669787495475
229.78702587648638 58.087350464275985
73.04902993558154 96.5357905560246
245.37625873461803 155.04878355490408
58.84952525913359 73.29033711531655
110.0994971270173 92.78929022948657
52.63888397346067 239.89108339343548
81.45929803136748 150.7494035622727
42.994116717685856 186.45432024538977
216.42062199962595 5.645393191140075
148.5247935442094 160.71396456403676
198.08929765744278 17.604728000803455
97.31003316737879 38.962812098201546
98.03936152659267 61.75234548812919
75.77873417137809 147.39009137814415
9.273012654507612 180.20388072721445
82.47319087504384 127.7966870753769
212.62673493484326 243.75042675208758
136.08100253561577 65.81016887484952
58.58176620945399 10.26436230679395
1.5714427342865545 248.32373707128886
181.8599992788736 118.0861011972627
109.72410540085586 226.68764833979233
188.7132413225793 226.195913196357
94.16494979834198 167.88646839532606
218.59572006669137 83.7345365559537
185.8575363739164 61.109389680744584
112.63573111430306 14.969697260736798
106.91450169323564 74.1791209227165
174.92644319707924 212.12823327078027
93.00826428094227 2.2797747370817967
169.3616527113367 116.68652473458057
159.73617848798287 20.14132558425524
248.36014870487807 109.40794297264436
143.50472573401223 150.38742077389674
28.828662900258983 69.17866497062808
241.21203225851588 140.63324556440568
75.24760479218554 83.74050404578459
13.639117099292609 211.33314042848792
18.955268848925567 245.93614691931933
5.441282489753369 230.54368489199632
139.24211194578544 162.0557940835515
221.63258088144036 159.83345636730024
67.68644628819528 98.17009005636709
22.181440800254332 193.38760493467453
60.24936920498503 121.09078017282438
68.08760379665476 194.65186305239448
242.73634177039546 151.06442204509233
167.60064538408176 200.21662564223152
115.79643358357467 239.8122693918634
224.8313600999495 41.57004664187919
160.04522570491255 202.2691865396639
136.2875587417485 160.50755051536686
197.54727694704587 136.90319537139592
25.784380389939187 128.80661453818684
167.40333253009874 106.68800473097804
154.4209247685807 77.42974746795389
104.59219488151314 166.05994843621136
149.73006894817775 3.4249447913413666
186.32071948355048 84.02531267051546
94.24152982261846 63.73716435508134
128.78858789315498 71.71537981663367
105.30060077839163 129.10367844380804
40.59060464627989 67.85018449455596
100.17661334390202 168.79990598389267
87.80814973091641 113.61115907174334
222.04229720876285 0.22769715162948567
15.595525140396305 83.78810609954083
122.25514684999811 167.40664066967483
171.63743600533755 116.02554139553786
64.443581003632 50.57494622417738
174.446532310822 11.679584035524742
128.64791159131724 153.104273685307
118.60440778116512 47.49186893791765
28.568262093204815 236.17037806457205
111.72064144218335 31.988067614194176
245.88890531039036 160.35255864634445
102.33220848287262 197.99981003873654
124.80085278649014 48.23266852997404
46.48467342171994 181.31103753625868
1.3082832630429975 154.94811772255957
17.059483555162625 240.56783261044396
23.221918390292334 11.17147742164129
15.04909868188989 119.11666732045877
249.34251511284353 144.23750961406623
42.126253371526424 63.103159116848715
222.54994550086664 40.5354505632416
177.250886557013 73.41762684030478
11.189406946381736 143.47222225537107
21.601534904791414 217.65239183121543
168.47018403234466 162.72110567572017
118.3894537131416 48.95435214294269
27.63927269380459 236.85497270227395
77.615353168281 220.8964319671189
148.11208453097274 37.75474906585355
113.52629479282118 25.171385790469596
148.43040928893504 89.33290583488593
77.58335223465964 83.79832518525355
236.80353072174168 63.48818888985466
181.66310956074008 85.73355376636124
231.7166996632056 57.43083803294174
195.89076749213552 142.87682900130093
230.94002736113404 97.64860788340069
23.355603857999174 0.4567930864180503
53.60626211060679 125.87129619971313
67.19857400018434 73.34085434203999
68.29682605632084 198.26848137926655
81.50539811935032 106.49912859861155
199.24182144464044 56.95825700384113
78.22107225648716 138.65172929900132
18.632880140097676 150.71392286856215
90.20996975765605 249.5889406143555
194.45955162326038 6.876080951593144
237.01365939252906 187.44491025978394
242.8432408118817 224.66782852490084
127.40145767834565 108.2107494051496
118.47293550770898 216.9611927557911
183.46532472604625 136.31425427484612
137.43551879984344 150.10198461407597
249.9829633138426 221.45604374959578
123.69112036719632 215.58338547736733
137.8149653265555 206.916408167349
140.60744711794507 154.88014875952922
18.34345602971507 209.3087235207429
129.32678880186432 154.84196462256736
84.10946396718474 217.99202964464527
125.08099126806633 187.5109319564891
156.75345939405165 121.64116963719832
215.440604636709 64.64446609170999
111.44993547657833 8.64149839681308
234.53703231145093 29.718171835986766
185.21835471109668 108.26182711961846
187.93967509483193 179.6978503920768
121.71535291470667 17.613077909124225
75.650582966074 225.22917217428528
180.73387621653683 85.23117078620291
196.9515785591476 180.43596082368543
5.6944420061338095 106.96513583038472
10.171129223684655 0.4989390150502704
49.957038933854335 48.29576899505794
13.158657086549507 22.90992349931109
165.40431393766815 131.48160529860053
84.50144334647028 62.17438657849905
25.361473419229814 140.00427807826046
9.04217809211419 147.73139048574174
231.40213620671517 72.8409308612396
145.93236723062665 209.40416170401966
229.8790747417338 159.59330943623038
135.46811667873908 219.8647688435218
0.48511338660950365 245.235948783611
238.1115319081664 176.71017138266757
35.33675642055345 120.98085145797216
34.76929091097075 222.10831181675078
225.60013701785113 169.64539022586584
58.46156870591679 7.0400203119694025
92.97821271230555 175.28582470024205
71.93549793271822 178.70554524177757
71.97796578900162 198.90986341303233
166.21497652508657 115.63254697757638
122.53827978231102 40.69426206401369
145.96174818301475 13.324057445366162
205.16074433993106 150.2553221588297
221.36400670270658 80.05686913703065
248.1967986210794 96.54213418129396
81.55730086078447 20.93741445236391
188.64870452688928 226.36997500171958
233.51891115402833 180.64666980712306
147.99112016979794 177.53031364366763
144.29278017628678 79.78473940079006
18.071419085187696 140.036529125281
77.23018056239137 134.81433390991802
3.650552177620059 4.982519005611086
208.23795285233425 171.83835582872504
185.45667680083952 80.53439674564441
4.713772831279633 64.51785668898044
84.60076586126058 159.70253493069137
102.78656490825367 83.22110637610497
140.25529918840542 98.32120459451843
23.28503149401945 79.78669287061655
109.65687182384451 186.54106028742348
45.76910588430697 144.73361700043935
185.49701057830617 2.0395591883257125
174.4258495433198 107.54778326935308
195.14112342336176 92.24170936214223
101.2560502207224 111.44895807878407
103.1710206648179 202.47306544932894
26.912140048598264 231.63745865162502
230.97520383748298 109.29280468105878
118.49277159251103 218.37852337607993
89.11818048291397 172.41318378127136
52.903192116666304 138.1756074930908
72.24832293327188 78.24005461978551
218.24201687267046 14.922074505573008
100.1742814262947 124.28293698752182
127.96497471311069 93.53318714069961
187.36059145220258 140.11377000638117
231.26054153092272 76.56909969315754
199.8921969248104 0.5517760548517381
129.90600581511453 51.34302209662636
138.3263782669508 177.6005052417994
53.19192946644114 153.83530641651637
67.21377614267807 138.77232708820725
149.40883096719492 243.39214356274067
180.39391723506472 100.40730509398033
8.960056243903752 89.14738457732612
236.3771952760241 119.66054035403062
184.27773693004443 245.73419163707374
244.7537285508284 162.01654727210868
210.78652205358972 62.530730273971685
39.89883598556432 131.21321125499594
51.91604460629709 11.429814475938743
216.5061345116449 210.07411387337535
16.647642691702853 2.0472110603138303
16.465990380382628 157.1379638294182
249.564120649648 190.17182902277213
92.10781562593404 31.695933749853662
135.22371424932274 3.090353305596011
179.8212932511102 227.58189789265126
66.64937273372803 16.005388580466406
186.75931608028077 208.55113186828132
163.70773236423375 227.73703274841105
2.506550257163065 210.37801493548503
7.880236420029774 60.13912829184448
162.25774623736783 185.91270828998614
160.37153293668706 97.11235280514502
176.53721074112877 190.90041708822233
68.28403197030359 203.94573601428965
15.291619972146147 113.20683603592535
7.173264817289998 25.33569515723022
143.75415231171164 38.357703682304624
67.12081154907027 97.4082740582051
182.95767239791957 243.5290529225057
135.93758276912234 10.620029705114831
222.27162617125663 204.82694651608168
105.4215358567215 134.37705916378613
203.16772707254594 117.636701875029
131.41127964037662 226.74205906533084
244.19519555625564 179.73581969441395
42.09166612602702 53.331273758311845
214.50815167077113 189.9349173197508
176.656679410252 205.39036970975855
212.47727076243066 231.88629068011628
248.5447589340418 242.72130136401498
116.88981022554115 10.92382183736179
160.43154733379407 185.1529746997291
192.29371353415414 123.27345740153753
161.14705098411343 187.89953970040375
192.6038642585249 117.77689287531673
26.633290208508715 141.29960096991505
168.89503025897193 43.915879581724965
26.352660340605432 115.24990194526433
60.539653137054785 244.91118553441717
219.76903422431792 239.98107968167713
99.18179496012023 30.11078301392553
170.80012232788505 83.73876482344598
46.78579290683657 81.23101075105085
246.04097208422064 236.6699494261039
46.37393442292723 149.8162153824969
62.24181685398464 1.9945817345758954
233.66382964476082 159.89533981539898
173.12387424064318 247.56714859571494
76.02233523350176 107.32497919700288
179.28116601040458 196.40558476519436
232.10218628268555 231.41505064044
60.88685756186232 68.67184428262951
148.39133969496692 25.5902503319643
175.99471953537147 195.74846614006364
67.7035612054172 197.68595503622177
150.70400473799802 236.47613025432202
205.73199616379492 206.09724826692562
93.42837176885597 93.42922822889585
38.854508662222955 60.90619560790714
74.40784240720383 237.19585869212344
37.768573070964486 5.5085756371874295
69.33996514067984 249.35396857807163
82.63162596651169 20.287997414456665
23.630630003515478 168.1640744806629
68.32680878967409 176.97517826432068
146.70694300981125 28.430534483667863
192.05497656902293 227.70286944108446
90.98617989497646 61.38439506312704
83.76921267566567 211.39258465999035
141.46506533845695 31.140666717979492
68.29020082212025 248.1131172165218
150.67958736814393 0.25177697098030527
95.94352749836288 119.39348657509812
160.60491251222848 242.15430520689188
174.67240207043167 44.927912556582825
83.68026801513214 42.10905521711103
222.01971930649728 7.872669970007906
96.91221228912775 177.96481280337457
221.516519714766 227.86915825965454
70.19041397439061 8.246869433163384
100.43055563424055 214.59277867247457
101.37650171584362 214.81706532942107
212.37165653554575 150.75360580579982
228.4282846946553 189.0036859419854
9.468754295099025 58.436401463410505
6.2058619073044055 238.28933543248607
126.06908713028389 2.9570021621906637
157.23469733927058 8.677531678336264
64.6050261741861 143.67751239177923
185.47740347194141 135.03350783987187
229.9707714635186 153.5927413091181
101.46133125678325 246.86096610556507
19.546693273341493 95.79307098421239
77.60164673510982 105.41469081415566
186.4147669596943 122.0334600881921
228.20061378499264 109.24984627069983
198.93842960207627 0.27442403830676976
185.6559993990174 241.56092636320622
200.73447238770677 11.223440004072383
132.4317684575223 104.69875131894557
59.57142415256889 36.27146094558589
237.97515314403512 184.3863160784196
67.40536319888221 114.31071880971119
46.60916466726642 111.07371192453824
3.3454823029705203 15.409717998273509
4.83350941751251 125.3886611390495
155.83565444438244 193.7030842822495
86.92445716310019 151.67540711074773
79.39196091582093 122.19619365037687
170.2986096497613 127.04485715202296
225.1294507797935 94.10448346297984
142.45663479213044 155.048137874228
185.46878471153477 26.47204955089452
52.53424949270871 130.26991557325505
110.2876461854215 170.32379362435773
188.32060068068697 48.442335742968
19.032808372977662 189.07132111168954
57.606625390312885 226.46762869775452
43.6006196092448 129.0554799525307
150.48022319577902 29.32281003952192
47.837281866768194 3.3004542790883438
187.20104413182958 142.04165251751897
134.72739853733358 113.20081587079727
14.592909785899778 218.71705262797886
31.22584988788249 2.8290599549385123
167.78581517361013 13.522868780839831
201.19247045714826 212.80807860173104
104.34599120792242 66.4657011247985
29.004606955720714 98.10965684981338
181.81276004988416 108.92480822886003
74.76621127630467 249.49969459068532
209.02469992700108 47.521430058413415
86.75448171601879 222.85455527216115
245.51279386248873 138.06472885249087
99.78563501852098 57.39558269156772
231.8807772334834 108.66287260505875

198.03473915599048 110.87439169694782
23.081338158975782 113.30888543164782
79.32025214184263 39.20556191237895
248.29696676372552 176.59381158358892
189.1211170317916 228.9136453673934
130.8601945328278 78.32638872404543
117.61102343644889 16.76445934732454
42.654405941259604 40.16178389826361
83.44679394355764 57.62847118607886
142.61418739453578 15.398652544576452
167.87139895455593 217.67184192379932
103.80412403453684 183.97631465186498
89.62824644342457 176.93874706356945
162.55062049447977 24.750761685442825
248.22632070751894 13.509093351371709
202.76282005334286 183.57119674364353
224.99971317218507 151.8310388285134
16.642806689848328 219.23835083062437
109.40997647441475 187.71090564292436
71.91496196067698 109.98728172060595
176.7278046263213 20.426466000553727
94.8616453164269 65.91176432740676
221.49293358551355 231.41005770921868
158.54436364144092 228.0280444900991
111.62659838048918 115.12494155454198
135.3126298180298 15.512257923897877
118.56571830522508 12.301138440622944
72.58210264830042 55.61107111291308
88.59830874382155 141.9273780245233
77.759766282966 2.560464743627949
173.39570520183008 7.903901810618342
192.38493753787162 52.81511977747794
242.32313258963526 152.26157536034862
84.57155534280189 145.490319212656
28.06461191357129 165.08027402586154
71.78583660134396 233.16559161144946
127.04662970843725 84.73328408432384
237.59283605737122 98.09262729956372
13.220524628674262 191.69719185784768
119.74506429212259 238.49336944861233
16.288887710874445 196.8858409399619
53.57488073098732 49.81664596058086
6.403542458572748 9.580206883915753
27.882859774158554 107.4530481986992
139.10994789066086 231.0380204725707
144.2247147916721 239.62635427587483
192.628838898721 134.44527031975204
25.238254786467905 220.54787366002566
198.39683845563215 131.88629040919037
146.209064209817 55.906894581419394
64.90615935344987 24.883292370424222
234.33341396341146 10.833000404861403
129.69943713492276 114.45020534389278
130.8569857167388 52.20492972745869
86.8870558065091 78.37861799527433
134.56578715472915 0.11303325313880008
160.66747182499634 181.23439693576339
180.73805432280702 38.06997995257233
66.74141627631697 240.45111432485567
48.35351661540113 172.99807126905424
249.44440959106228 229.91529991196714
158.38615533987578 58.49851077244384
148.88730737206834 159.23630285116394
5.187580037600393 158.5783928929224
27.893596356712543 125.118932537022
27.701904135449762 235.1425037342813
246.2628634516617 155.51806872028743
154.31934587627416 160.77027276711488
156.00862820588253 190.6097614150015
40.55691251759993 211.96376988506844
166.23209043106763 198.21221493388524
53.92119227664149 216.24998487949864
108.88789364653701 12.254070151864582
57.403229938506136 158.6240257463692
215.08906684427234 227.45575264223157
6.996207865083842 165.56271426081935
98.8794291721512 174.11172559468176
57.592082428173406 50.67361986339916
246.49369156728633 137.264666646553
60.401101132819655 189.01939440529645
179.87908999481778 26.45032860538127
104.52393550682585 179.62106955729672
53.993341880943596 62.908509637165324
58.942212191054196 108.81083355841112
3.4171887185713565 169.30056223089676
148.39240202350638 94.37824316819187
20.209953061382237 192.56026669216473
164.7184569774742 207.09154472105425
87.10704267404742 187.8927744685401
159.86641122795294 8.883685551453052
60.41772511178847 15.219130679048593
170.14949208450588 53.04153271803633
15.488276299586962 147.11143309400575
83.37973380161698 213.97240581740598
235.26943320287202 194.19191258722378
187.75100437278255 209.60685886958117
199.22656490952266 23.1128458707828
75.25066487126867 207.4494500533396
187.93524668203392 200.34756518872493
108.25716281347268 66.66719703030854
155.32259251569678 141.2508831431402
208.46875639898258 200.39063765607705
122.76279419118796 178.4239382104284
185.10149785485905 224.44293925154986
113.35971053497015 13.495202510529742
238.87220528559283 153.55046450224316
173.3825565879986 124.2170763475163
247.26061535993242 46.820549296230865
40.139842383864085 227.0956147629171
205.24055391715603 238.37978872512718
86.88744473829455 244.04118033646853
70.34163649425132 57.576232210179796
104.74143737898697 145.4377275212378
20.972232085793436 108.15126916898876
118.12384228559606 108.03688554141125
1.6301806066057467 136.07191773422466
169.13834163936616 31.161007728337324
225.94094391025374 136.59927795479862
116.13122074624977 136.01750705695133
56.076236404681154 200.45354920559853
122.86893851000957 55.89920470174711
120.52300806194575 113.98974167900248
153.64555745387807 36.55885656492555
66.36333433093206 201.10991595315008
45.9294980533137 42.42877453539668
86.24255108022535 146.16826622345815
60.24285507888383 169.3715800271726
73.31560419420913 240.488731360767
132.06443849318475 134.76447145645963
230.92877750570324 97.60654710143132
189.34769849558853 171.73677570503142
164.75684247657327 100.7749602331375
185.18743742358708 243.58558891023475
170.93015806619817 73.51997890968681
165.41200006121508 43.22260140711961
43.83445465557079 210.68946968052288
181.67340976659347 49.5801611609836
70.20583956992193 121.02969644518325
42.28814060901115 46.20106925122985
220.09048680486845 199.92118104151018
154.42129820562874 14.017951246296429
136.9643810557628 196.2129393402545
145.7155640285063 202.88197135486163
6.691377813523386 126.8726454915565
59.38577115191362 90.48276370192815
44.007523349532924 102.93775572066214
108.3565633100552 73.03419693996938
51.161361574611846 184.94061071354278
104.45036971009972 117.18713770760175
106.49993869157592 35.26313472187317
109.29303606004714 60.449214211383214
48.828519438211984 174.55601754047373
233.04387054417143 167.48257552829878
16.498524952484022 2.776214648484321
246.15469405055444 78.53834190988395
52.86817786951733 222.1801121688371
10.626321959106095 142.37974875586994
221.48134244751287 48.34307272488961
102.86894318010647 11.103615425770736
206.63823755779003 3.2679759870606064
179.00945123225372 22.094763934686622
66.07175500055668 25.86928207689157
241.93175088626603 249.23346292753735
107.6016607834068 219.6789085435504
231.4854508605762 63.04659606115467
72.49154064888108 90.70895836836817
247.42904405998422 150.01275517992215
65.78664768702225 71.78495952860506
103.9037225006115 93.89801473347323
50.317371408679676 234.7013913403223
84.22547062681105 146.70761351671473
36.56876515900839 189.66742678482504
222.13099546350512 11.62810734825559
142.49440816254045 159.73957799134163
204.7422174364441 15.776474098732423
89.73549730260058 39.75718291610286
100.86732898935588 57.0287122411533
75.37635745524233 148.53799630090694
3.7571303994394514 176.22119636009134
82.8063622729097 120.49694604984379
210.21398356681533 244.66593956923538
140.02234111754362 68.2164455598519
53.35708070838713 13.106537132240026
8.611884781379365 245.72519712967357
180.8016747901506 115.78134747896088
111.59990018237568 219.8699786501104
188.1004327155906 229.83099293529116
101.30094603907794 172.31856477908667
212.29185387926276 79.6530035789672
182.74708105274468 68.21703616371175
108.5420610712795 10.356700761913807
114.40482580527986 71.37867433650521
177.9307295185221 206.9588164522438
97.39642399211104 5.325052603651958
169.49961141678017 122.2567811700829
163.1120260156897 20.543777807721987
243.0211008836167 109.1931863735858
142.53070129284941 156.04889624869776
25.0719973172166 65.07264753194453
236.9250212787846 138.80423533552894
78.1129793468178 78.51368827843969
16.87347190552377 210.88613252582408
21.463787535068974 243.26411454314632
5.811000583690273 237.307961302238
137.3579996387974 157.41841620614858
224.92646327237568 153.4395020190257
71.66545482799194 103.96505543978607
26.331570944300527 193.57068425973512
57.07608638554309 117.78241255559959
74.0504890837623 191.0947814277142
245.30940589790362 147.09066708083893
173.91703449673537 203.01233217481303
115.90173786946767 240.45897738989942
230.45201502771144 40.591512708454346
162.07689963519041 205.19449204995874
135.85013283120276 159.5252976725887
194.87737946615567 135.3401358523118
28.101706520798714 128.14094665805257
168.18231793204035 110.32753764965544
156.02075593524566 79.10653555949801
108.12098207686616 167.69141522198666
149.24474220040315 2.7176162511560187
189.3492028002589 87.93636686618112
94.0067756505023 65.67199762702197
133.44067203072024 77.30564186870534
104.5038299942436 123.83124197158469
42.06199998353238 71.596253819254
104.20930387094693 162.95711851906935
82.06360214243466 115.47273423422419
221.860524857422 0.09874890246119872
10.360445335926283 87.41123728073913
119.39345540165682 175.2489253907226
165.52502894495345 113.78349786668535
64.7988226664811 51.310017813085835
170.25232472323165 7.4106011600804935
134.3254305252005 150.14386640221554
116.83148648161223 53.19838395534793
34.10227405396144 239.99192990241758
116.13391151327856 27.85570620337091
244.36120929365222 163.50547527512592
95.58413565564969 199.71244367683255
125.82127953090841 43.409510093829454
49.74372946942957 174.42931831410442
1.1453570221971743 161.5713075073097
10.021039967807898 242.78893273244034
24.14756053114572 16.203140810277404
14.967634613971686 124.12422546085763
249.55646071312722 143.3669605507774
39.00972016970009 59.994982784359635
225.64610438828984 38.771830825420714
175.25109011565434 75.20823199483229
9.175309544059706 142.16249335729276
18.488162066506664 220.60838220157962
173.27876525336904 166.64026911805283
122.58759520575366 53.30525066939706
34.97616257467673 235.3161089930717
78.61298764261615 227.79306708444452
142.60964864483958 43.39194138385017
105.90100921487175 21.503551707045542
148.38875368981763 83.75294502619715
81.76027782065661 77.48664090496632
230.32676377358482 58.58517400718216
188.24671580623308 89.36896821160731
228.92597299549482 49.433697887811604
191.2242016011621 149.21055783470086
226.45890293716548 97.32146727937705
27.687931386516762 3.625142224813499
53.6343186404436 134.28585970570128
66.00862837253565 67.59313378258122
64.91387716100755 200.4789067693923
87.53140406775938 110.1938312582606
195.67143258691164 52.98738296802188
83.11091491133821 133.54776972057277
23.212878859596582 152.89327544377974
92.99167549047583 249.0319481809543
200.90269264146528 5.071935388114429
239.47016247614388 192.5661390875608
243.43882272654247 230.94135495679924
124.0910520523258 108.31236108531029
123.50630657147643 216.45926950746187
186.71471135773388 138.59995446716397
139.5231155710219 156.69519386373943
246.89018269026894 220.469402323168
128.77810597220707 210.06458758925905
135.17186692105224 202.55547390821792
145.88617461723197 149.60438736235224
10.031689025742557 210.01249867359093
121.87177452629561 157.8190850977684
88.07809444314773 219.02149658575843
128.64136959541383 191.6037785552758
156.88910669756655 125.09816341918966
214.05286478931183 64.09614963124952
112.26124437547324 6.54375672237098
229.65845612174897 23.76673648199526
192.08051100415298 108.70390101561878
182.98006719182192 185.72720265315067
126.2724890409494 11.457751967865581
73.68564109360321 222.70171658791247
180.55024773314506 91.68824981041426
203.91408402469003 178.70218452090307
1.6398214779952403 109.15793866731846
11.415846469582519 0.009156894405754068
57.92723536571812 46.37222633197624
18.772307530709547 25.746466723927025
159.9685873907458 125.81415339056053
82.86696967628629 53.913830942130595
21.780902034745754 132.79326524965157
10.576908488361457 153.69555326366287
230.56672369809777 74.51016811859718
148.16731244434746 203.32274040418062
229.6655108406333 166.3877004007952
142.65847725038606 223.593276289142
0.9328891679624973 240.26707179629634
234.81563566818917 181.2593647942009
28.20921215404798 120.35369081030545
35.47128157297769 218.85262471556737
221.6167351845389 174.44228227201822
51.42849278609443 5.930165253993231
84.76718301880109 176.14691908044057
75.91069273198431 178.61015184730252
75.16486895695587 199.1743656115791
160.23190606000065 115.61377148600607
126.68678054026847 38.91401146471193
140.09354522978745 11.551567523107764
200.285191595829 153.3505635908805
218.41517789600402 82.82991393598726
241.74558849499297 102.00894473482187
78.22900306509808 22.078361946315795
185.83587124232906 221.48206767536556
238.53840301570153 186.88658410995242
140.3020906148337 174.60636329345917
150.8898715257777 84.13705094631277
18.270030312248608 145.91755793645513
83.66042068295118 135.78117931792465
11.917667116035785 6.714915589569159
201.15625376218404 172.30877982339103
186.55610508898124 77.45828224253256
8.42983767332059 60.69495754488807
90.81505389253385 161.36632266060903
102.6138306940492 80.23809042890814
134.1171824870596 102.05354194984159
23.345699423708012 76.25515914799311
114.5100744585276 187.58629375119924
40.50980829449058 148.20458449586457
180.67438717776517 3.3994873253731237
180.05883265770598 102.88475163418714
188.58463374935735 89.42789730352973
101.69217219032959 108.74112032755629
97.11614764256682 206.06721731663038
22.59573471794518 236.3684187548232
233.05739508179587 108.3986109159287
126.35578305374511 217.3243564161312
90.18842470883695 167.9142139444593
47.89956772070084 135.61123242525662
74.48853932010528 74.10888653572343
220.2243780458266 14.30345857760007
97.99322068697036 118.25494442344153
133.07292424529695 93.18009003467952
189.52245774635495 137.65249645968063
230.48678146477747 84.6898966480498
199.42796602660664 7.998063431530006
129.9594546877473 48.55902965195813
139.2580419547181 172.1659194150072
55.044989682660415 157.1796881581103
73.88792043788237 141.68311697052113
146.95313505672638 246.16871517370666
184.52368783733007 103.08970625041006
14.60913361717306 83.68741196696303
236.7440588230822 122.71603629671934
186.19808021806074 243.10336767788687
238.74674133599407 158.93995041607607
209.99652448349298 54.20803131796762
34.37556250432905 134.1134750862084
56.19688546197813 5.347928730507073
224.52516003430648 210.3350686674727
13.937260464201573 5.255647331746161
18.464889427502268 150.05459490163557
247.43649537453297 197.87686111575292
90.00012772601343 29.457846375413265
131.1892547905597 8.320446697640953
174.67548439204361 230.64396277787029
61.72671950715958 10.764586551208044
189.85589703164874 200.94931601215626
166.66130302454675 230.83345374344086
3.831419960010934 209.48289303464236
5.612703558805443 56.122098186831614
168.99488029449992 182.35308259674306
166.5624937012525 94.5614581094358
178.0202152732076 183.4296915824642
66.50334275221331 202.0366807921444
11.493391477238601 117.78115990333401
4.769094567698639 32.88396062142743
139.35878150545324 36.701696567933816
66.85289853296817 100.11221680487856
184.64352867762864 238.39608607182575
140.5803951828754 8.892648401231135
218.66465646594597 202.03711767500468
97.22954299833123 132.5289044011385
206.40254305569132 115.6175465818054
131.97257247661912 222.17334474518248
239.57200473049983 185.6674149617467
46.11543035775764 56.27337033916141
213.9927606704029 195.0322905185341
178.8536279717629 207.61782614415102
213.84538054967206 239.5952244536503
244.82038275465274 244.42909209037626
121.18708954760754 3.806597828884123
161.44904523446067 188.50040094962839
189.30781196432827 125.53592640572333
166.16311118707054 183.96828171982705
199.06217515407081 113.06260595128836
23.925442780463825 135.29440169486307
162.16390287262573 44.97198806195582
23.32388971802593 121.6027887997979
52.9516442195159 246.71830874934537
211.76354531865357 239.83901696033612
104.30686200655265 28.78205214835966
166.92637135933808 87.44763139891334
39.053931797670636 80.47632061820761
238.92078610508526 236.35883292134704
39.533471762396104 145.61185372068272
61.29126353991124 1.0077664727725644
226.56059692416952 158.5883802312832
178.56425795492723 249.76330454233266
77.43054641813748 102.52454108515333
182.35866010497293 196.0119893708
230.94341403440833 224.71039398450503
57.09888760158643 64.12776262601867
145.8494767704534 30.369848819231578
174.05182270061457 203.9314233971189
69.43562051841262 201.5746604573115
150.578158490001 242.2912696920381
203.34471379729519 197.98192407800772
87.33459867879276 90.58985577792016
36.57493760472821 65.2678239460574
76.91082663525417 242.60287580364448
42.292881730732894 11.915787636880475
75.17848267373256 245.4107707746344
85.96693840093988 26.20798630878615
25.568110725666752 164.08737698384587
75.4633040264395 173.18453926301453
138.63429289337233 26.421653403049362
196.55495886743506 226.18958634640407
95.66285841999739 64.93262068411897
79.66945577456535 213.3349331538883
138.20678498302232 35.897537177130566
61.36221379772108 246.2661132838533
144.6635642012729 2.7759751116980533
98.22810665220766 113.70682808499593
163.93081231249712 235.70337276336903
170.54873271877275 51.464094223949516
84.2508226090463 44.59824719921199
217.84823968062994 8.433073727289491
94.1026937105017 170.910944105145
220.0118716535912 223.0099312283896
73.48460579609994 9.076320305836772
105.29722886186599 212.2849270206678
105.93354833081354 217.31736013023954
214.05813506638566 143.1302408172713
233.09322227373178 195.6945079504074
14.147161305382294 51.453393370423264
1.0409438096991297 238.10142993752342
119.18939656559449 5.725945039245062
151.94811271482868 8.417793854658406
66.03446869729238 147.24151792448126
181.04089293103306 131.8568585300331
236.87702335259897 148.77565305953826
105.4879497842347 249.59297639693312
20.590145741661875 100.73185127434931
73.92910170112465 112.98637494711124
182.95459238354036 117.17827339909745
228.6634046500638 108.98101023946408
193.51561440660453 2.1384421498673865
189.09529634403398 248.62187687316882
200.56909153287558 11.32775374265982
135.02223864953072 110.6219661750684
54.65670312333914 32.625301148030445
231.96120533880938 180.40932577288737
69.5731628766795 116.07291064185307
51.317627677361145 110.3733382415674
8.564344381779193 20.046901132803637
0.5316350578309093 122.53465369978295
163.44473108950334 196.82558740586057
82.2540949104096 150.4958970728133
74.81830824213762 126.93811599688745
172.44751400730564 126.06468995798018
226.12954834760058 98.21500916620145
141.3762858594652 152.02159063392844
191.41126018259132 25.379691779626068
47.68044313996347 135.33474383847746
104.29933711454825 164.96321730538463
187.24686637373333 46.06904940844131
12.978118216540906 184.58106106701655
64.62546198202749 227.4906587484618
43.4013024933074 127.39877772264252
142.75828172308297 30.246039734809578
46.754036618582184 7.452901536389723
188.29086483240283 145.24784732110479
135.65433582217244 109.66829263734981
10.605771821979165 222.5138978451357
25.929332668917255 5.625505263439412
167.26528538931225 20.72017029117526
202.14805532209877 214.3834351837607
108.38954808423418 64.11813479794196
36.4265081952618 98.446373105471
182.35052278882395 101.50134592971408
76.01368271267609 249.77707401578976
208.10899800324603 45.289820243736706
92.39644977267275 227.33069887771603
243.01520132863797 138.95500057338103
100.8772141469513 52.073143055535425
235.98114591819575 105.36554531673886

206.5
86.0
17.2
103.2
51.6
51.6
77.4
17.2
34.4
114.7
154.9
51.6
258.1
51.6
288.2
17.2
86.0
34.4
86.0
324.3
17.2
17.2
17.2
286.8
154.9
51.6
260.3
324.3
432.4
258.1
480.4
34.4
103.2
432.4
154.9
540.4
286.8
144.1
77.4
172.1
206.5
129.0
206.5
137.6
258.1
25.8
34.4
34.4
34.4
51.6
229.4
77.4
25.8
36.0
260.3
51.6
216.2
17.2
288.2
172.1
72.1
206.5
288.2
68.8
480.4
129.0
108.1
17.2
17.2
51.6
206.5
68.8
143.4
34.4
172.1
86.0
103.2
143.4
34.4
51.6
129.0
114.7
129.0
229.4
206.5
154.9
103.2
172.1
77.4
103.2
25.8
8.6
114.7
258.1
114.7
51.6
72.1
324.3
51.6
432.4
108.1
288.2
8.6
86.0
260.3
51.6
260.3
25.8
154.9
206.5
172.1
286.8
480.4
17.2
206.5
86.0
114.7
36.0
34.4
8.6
51.6
25.8
34.4
108.1
34.4
86.0
137.6
51.6
103.2
260.3
77.4
154.9
600.5
286.8
51.6
540.4
258.1
68.8
103.2
206.5
108.1
86.0
17.2
68.8
260.3
229.4
68.8
286.8
258.1
108.1
216.2
432.4
68.8
216.2
143.4
114.7
103.2
17.2
143.4
216.2
286.8
137.6
137.6
540.4
68.8
600.5
25.8
68.8
288.2
260.3
432.4
8.6
172.1
25.8
154.9
34.4
137.6
172.1
143.4
25.8
324.3
25.8
108.1
108.1
108.1
72.1
258.1
68.8
286.8
77.4
137.6
129.0
34.4
103.2
68.8
17.2
17.2
229.4
260.3
286.8
258.1
432.4
324.3
324.3
114.7
143.4
172.1
137.6
144.1
229.4
86.0
86.0
36.0
51.6
17.2
51.6
36.0
51.6
144.1
77.4
229.4
216.2
51.6
114.7
260.3
229.4
143.4
36.0
17.2
86.0
540.4
86.0
114.7
129.0
108.1
137.6
108.1
480.4
480.4
600.5
36.0
229.4
540.4
324.3
36.0
72.1
68.8
286.8
34.4
17.2
480.4
25.8
51.6
72.1
17.2
286.8
172.1
600.5
143.4
260.3
206.5
34.4
68.8
172.1
51.6
172.1
144.1
143.4
108.1
137.6
34.4
324.3
540.4
103.2
103.2
68.8
258.1
8.6
17.2
480.4
17.2
143.4
8.6
172.1
34.4
68.8
8.6
103.2
103.2
137.6
432.4
36.0
172.1
86.0
286.8
432.4
137.6
72.1
137.6
36.0
286.8
68.8
129.0
129.0
36.0
77.4
34.4
206.5
51.6
286.8
258.1
25.8
72.1
129.0
114.7
36.0
86.0
172.1
137.6
17.2
286.8
229.4
103.2
108.1
432.4
103.2
51.6
144.1
8.6
286.8
77.4
34.4
258.1
129.0
144.1
25.8
258.1
34.4
108.1
86.0
108.1
34.4
288.2
144.1
34.4
68.8
129.0
286.8
25.8
432.4
143.4
216.2
137.6
108.1
540.4
206.5
154.9
600.5
51.6
129.0
114.7
68.8
68.8
137.6
144.1
51.6
480.4
34.4
17.2
540.4
288.2
77.4
206.5
172.1
288.2
172.1
600.5
114.7
72.1
288.2
8.6
77.4
86.0
17.2
25.8
216.2
288.2
432.4
172.1
8.6
286.8
229.4
34.4
34.4
216.2
286.8
17.2
288.2
480.4
51.6
34.4
17.2
129.0
600.5
540.4
17.2
68.8
480.4
480.4
36.0
86.0
229.4
260.3
8.6
36.0
129.0
216.2
86.0
432.4
25.8
206.5
143.4
51.6
72.1
36.0
72.1
108.1
34.4
77.4
86.0
108.1
114.7
108.1
68.8
432.4
480.4
286.8
17.2
103.2
129.0
103.2
36.0
51.6
51.6
51.6
258.1
600.5
600.5
216.2
258.1
144.1
260.3
51.6
51.6
144.1
51.6
288.2
34.4
77.4
129.0
68.8
286.8
154.9
108.1
216.2
137.6
600.5
77.4
8.6
600.5
137.6
51.6
51.6
143.4
143.4
17.2
17.2
108.1
206.5
17.2
172.1
68.8
108.1
286.8
258.1
68.8
68.8
432.4
143.4
51.6
17.2
432.4
154.9
206.5
103.2
258.1
172.1
108.1
480.4
172.1
8.6
51.6
172.1
34.4
114.7
103.2
258.1
600.5
206.5
137.6
17.2
51.6

8.6 17.2 36.0 72.1
17.2 34.4 72.1 144.1
25.8 51.6 108.1 216.2
34.4 68.8 144.1 288.2
51.6 103.2 216.2 432.4
68.8 137.6 288.2 576.5
77.4 154.9 324.3 648.5
86.0 172.1 360.3 720.6
103.2 206.5 432.4 864.7
114.7 229.4 480.4 960.8
129.0 258.1 540.4 1080.9
143.4 286.8 600.5 1201.0

2 5 8 11
5 8 11 14
7 10 13 16
10 13 16 19
14 17 20 23
18 21 24 27
19 22 25 28
20 23 26 29
25 19 31 34
27 30 33 36
30 33 36 39
32 35 38 41

