1024 3.0 0.0 1000.0 3 160 240 100

179.32385133012934 37.94925018983886
188.3671851134105 159.10973722692268
111.64147328576021 37.65217218734412
221.5390552544193 206.4734599744736
82.07962702029684 137.11539808668834
248.3689882248056 19.62689529163944
71.81717442796234 229.82493060153888
7.017735380983353 92.85845250463537
193.5618321814592 12.913956949978655
211.58373783461496 103.92419637122441
67.85637929265457 173.5893215887006
22.820795195665905 107.21454960802897
100.06311867881873 127.33923925427455
65.6705421826504 209.3725637496554
5.442006452822751 58.83799706412854
17.550194943922016 39.89241066263094
96.469860051373 236.65738991219257
104.34198992788757 110.48850368817043
236.45270268859502 229.61322691617602
200.8913378320481 81.94630614592357
147.21975141179433 109.85784105774293
209.42250091393893 21.928761912780814
25.399169766229107 68.75147363960873
143.9519863722028 234.82206908632708
15.094913275008587 197.46201262728587
76.20486994194145 245.9978623146814
36.905958985453125 107.04145052545822
208.68546696143616 24.584678470080807
241.20241089479651 106.1788548749232
215.90883876302092 113.5337246154727
172.88113857200722 110.45826902421746
178.9721720911731 224.59614100592484
73.89430873327146 64.35301340887753
60.1499115069189 135.74036393289452
167.52536135108454 140.9968889374806
7.852877462643404 191.8181868369177
76.10565663421562 199.76387631147657
134.36492369259327 33.047801546712165
137.57808280843724 178.04111053735738
77.88964933192608 137.78027751905003
58.30333659092249 221.03687814970687
193.51865389314565 182.05916314921998
244.89990251636638 149.99619391723476
141.49384061835946 24.006975164778815
25.790345362530942 1.9766102766607674
142.90443649208225 103.32594556424333
240.41447440327693 33.926858144252
61.415787822055755 106.8791298410311
140.30701029636867 25.538920804039993
45.25147155528736 187.08271543367596
39.85504095186474 217.83914378033643
33.89922406787302 95.44975434324331
53.56374615676701 153.2297758193816
58.99575727150253 106.95162856903973
86.4050519734752 199.3772520842747
86.75487220317783 207.70577186547942
123.20134528319667 172.51944217207446
142.87947030967314 103.86740367194705
183.28130296353388 153.0718745010711
132.5211941376543 22.426851809883352
193.25623936270043 109.07233972157829
2.288807028970774 210.04702868923016
243.64386132050208 9.872531499463765
179.36627208538326 227.01749030903517
220.30016335601815 122.46947938884293
196.22013983133488 90.58107541416088
174.18001551469467 75.20979934377553
104.95609298129402 90.34818943130112
145.63237058304387 61.60926367686773
194.86992273105267 158.84138880017807
44.86672860992502 125.95006039032403
33.74900908574954 1.5078039778547714
58.001528794739464 36.283627613943466
52.00273314471243 222.60485725367397
137.57791617256012 58.26805614136069
203.43115088461101 175.81374017012246
94.66820209478036 184.08529169612748
133.27120291847862 29.7475229448288
62.74376515237778 75.27262831192938
25.21292414319018 154.35688696296444
188.13735429139248 59.27984700009129
238.99370147871866 239.39006405888898
123.79703695685976 154.16460286931834
215.24114847998624 76.51642477774917
202.76016356743955 72.03379822136539
138.731689826046 182.5546517686428
192.90050494932936 220.93541800585555
26.235465087800254 211.13808487447673
82.84316385796193 221.69442972768536
109.00554645597998 155.4585899398903
184.34236612914782 198.3199958235305
30.26581632776712 203.8646205303081
182.74097537728707 25.951741786601453
61.70538405697273 59.15347659853706
171.2759463754118 86.61729228361206
209.96422205664965 134.94148438082925
163.59587008007122 183.80892446479425
246.19258592050195 3.326588067251224
208.21941115679155 175.16189082887837
237.4668525239838 231.35628762231664
28.841300960487455 235.2174131882246
211.14413536785037 31.81093686634362
150.54966933224043 179.7161825084217
186.09000907585735 19.521818907345917
83.25032051261067 55.25084616106371
145.12286987088015 228.5129106467669
40.64124600148145 202.9058607932918
9.904892015938527 105.44713988564425
130.34076902457852 103.96790749688824
148.01410731041994 222.81203674834958
197.64039251350707 74.21648972064551
115.1969101633102 197.58813062420853
244.7053342309176 230.6358222585264
88.17259025665861 229.38140507562997
51.42572489263761 199.72594989260935
18.421431732927733 11.701280111612977
84.51978527218071 98.86696853856323
223.75860323793955 169.33342351808915
215.53526813400958 139.39110080946915
43.57397607744606 4.973765503096528
107.51682708520812 191.2400431798039
97.89873404207667 117.12564338930883
79.20680908062627 41.26587112261157
196.3421061497527 159.11363039514836
94.54252395166746 123.85721686379667
161.0619668482964 102.2995469227049
183.83168922136164 148.83256192825755
209.09720366454656 245.9558628348398
156.34541145894846 218.17242445233737
177.6951985172569 105.50330265549957
91.40391733508696 95.64183515192649
71.79348326216193 197.71662451251697
7.265793278297878 119.27623660345945
41.14480959912292 9.445361954973002
13.541907962995426 239.3847404709935
171.4436914312052 212.73959445890796
22.36896651915349 84.04807113143801
217.74721229476648 115.68347568406914
120.41877526890457 0.07180952842697486
44.78516104192243 47.20943624756762
72.92504795933155 140.8714109333304
173.56874758542003 132.8802271017053
152.03041771646608 112.31265672031645
9.768915270207373 216.76968150423167
184.1299725025628 144.0745901770285
190.26466668346586 233.58049710016064
127.83201826999102 214.43954733013558
61.75005926667929 206.8929830354947
45.83729392877645 27.5127149207674
189.08445766018008 70.78743115087083
216.3184033292454 109.55093393195477
95.7313670124161 49.119591795620366
215.85158136789573 188.84350964033797
94.35383333678648 134.30997608403493
130.7790254698596 194.32932256827047
200.68593858679822 124.94659904295
154.59251784974197 12.15955895886317
96.92144305018718 227.2099751307082
97.23240767507232 33.37411087052497
145.527260588052 237.12119750164305
244.33789167551916 245.5473208920874
179.44732557534022 110.27590708596213
52.314198666784606 13.885497889661009
239.18898279260674 149.45265246526722
178.53171680524866 164.89256032310468
166.40486941594625 174.52928886478153
242.49431021627822 75.93625976061469
91.17707486792622 79.50030977484862
91.10794386253366 124.99219616785825
8.88679630486794 42.76287761058692
118.45661615723616 240.45841122063752
89.13725440280018 61.12557944744238
87.5119414572941 88.7235576570538
121.09646181986008 86.47126781187703
58.8542676676542 168.14934854394954
202.02614102147515 152.49031034496687
120.1092383490994 14.783962245736054
160.41927225628396 48.89503066283146
111.99980078369393 0.8262624738974711
185.66250204835043 27.94974997473648
175.87512065833715 35.68319036696133
225.9190569165184 173.089382689317
79.23948752038396 94.9215610328751
186.47802116975654 161.3441964555025
218.92321301187417 14.240836487010105
39.36499075070335 111.40451348580763
172.12185524352859 178.36964272414974
46.243905075538606 229.96224744672486
27.47196925487769 194.1054429052427
74.04346381868699 84.4873568542118
199.78509630446467 58.93186504871087
165.22323418704076 115.73837068126188
224.9619171582341 112.71664802406164
237.27132889650065 97.2181854273782
59.45747414910662 215.33596870937035
26.854829689927946 205.9196147619081
65.05413943236796 118.9394236869207
149.83319153824667 188.54874765370045
114.09827553086949 191.45833709384715
110.19411097070758 120.11678187265693
230.97862561606885 77.85539870520262
142.1501288620172 203.84615434524
82.69471585825546 185.1893853550283
249.23042505489155 14.003856979090234
44.676222251636396 83.16900179768574
49.00707486243574 8.481593916281922
211.26253485480308 232.61119124790355
207.90465222461586 9.281094029242709
105.57076431418457 137.1978687507191
148.43410844266637 39.51231790611101
9.117710183242089 120.50927266785594
144.94422792440352 233.41779906324618
122.17327789716411 51.83727620838949
243.20056556913588 52.8653270016268
194.24616349621508 108.49315646317898
95.66708982755596 111.43322135383902
18.049079983713913 142.54662579298693
243.3840303798752 140.18150412197858
247.28888419503056 167.04245954241694
27.42733205976458 176.46240663842207
204.42996362008694 52.52293554346652
16.761510658492323 75.9777145263422
25.255406653278385 208.83576230959275
237.606096726001 210.15072626322956
171.27321172149834 178.4066779363176
223.68948842629894 103.95833938445381
186.81552417634248 133.2202697828997
52.89230448557517 245.05316252503033
176.26836230947157 150.77637383308007
114.75867422873512 232.85210519355283
56.22576362389869 52.410364425902216
43.878479721861794 162.48420116384472
42.069526622581954 132.375055738269
195.91409116177712 169.94344810075594
206.05787767928317 240.8970372803392
50.00315999110247 7.935104979870461
81.31124657408905 197.76737352616686
221.52071752633745 26.661912391581943
228.26768904457435 154.53688159288663
89.44500074587134 217.1538657939362
48.62079934501573 111.45714715373397
82.84252820709028 175.697962663771
244.76723363553072 133.9622239877222
167.73606463919938 16.14590265342189
64.75757978991314 144.51754929113866
64.90801674418198 234.6700351807204
41.76710346771018 12.517117075749013
233.44728000710361 218.77836872807484
81.76965773385722 234.69634821710423
95.8724354639871 242.4970666336246
167.26624193298636 81.04471992235335
175.45227550817737 0.04669619052879992
182.75587773012967 203.84723366562417
248.70893018839053 229.77197160120892
65.0219146133782 27.031946710321442
35.880686606030835 42.114023330512175
126.81683915942332 228.5784375417607
232.31284235357498 225.5946391359434
126.99476250548206 138.35027220789667
154.6197656202729 21.36505724799262
87.24492941798725 138.7390151420827
173.1973090838678 174.15474287009505
46.179728525124006 64.2224485651802
220.86035108729732 216.43711218861952
1.382327743976175 165.80617084112862
101.42331217997477 131.4386506206221
142.83339753894398 182.84553173299818
133.19590412691102 58.728870957598794
244.58817355624944 245.18263321878595
148.71611547315496 176.7063733699737
154.44033447928308 109.35286585236884
34.53921226914264 170.8205074790074
50.576431802796556 30.50490286138907
185.41913608931063 24.949559399698728
39.48053353458123 117.47814763025694
75.12517748564638 151.11776843449454
144.57699526054753 124.8379898673076
2.395716581609003 215.30876781694914
54.80578556627008 129.01629141450874
205.7963604960343 116.59210007491558
12.736267453919591 106.17866081582342
221.92261481174623 49.189004904774905
39.276407467702086 95.8202631617765
22.98265138502145 46.59426407584763
164.361533989218 163.57093140664148
117.85526079863445 218.83559445918684
145.0980714055354 112.29383465656734
156.33169562284144 153.31327797747326
70.64972456559981 178.0682062966201
37.116904165434285 31.959655507056095
161.60957115461628 55.83837947010112
177.97996743506368 55.16048370832299
111.67718569353627 48.52737207879201
192.98457084744675 72.20882597807679
22.246605933454983 153.80786943580094
88.41744110970701 237.61880579087762
134.82366657572936 92.38170516826058
126.88897039029551 226.06262670607677
221.77026142725316 82.40512284893737
245.14086703421 160.2142753932106
33.39769645997478 50.66849325412165
172.24162382922006 111.95851499724039
29.861515068579507 166.24111332435933
1.2158292552915118 14.736610479659184
155.58758452097993 216.6754579583147
230.6488479727581 161.87567001337263
6.089888588551418 229.8418410125425
148.85915439144952 216.7849862330245
184.57905351627753 65.88197734627563
93.63669953216261 242.62494082858115
31.769209516470497 135.42166586027895
236.9960820805882 249.66741169997914
183.6392849016287 51.608625557805794
24.79514866175117 203.14444415530076
247.70140101652146 34.68439806004861
123.09629328176891 89.76178999004247
64.55337427034999 103.09310059272245
97.82429878246332 136.3405051328804
70.48540529029925 96.71962912424634
121.0062187051252 221.92321046193192
194.44895276376823 230.35654580843604
83.14634590794878 22.8638548254137
84.02344463450306 127.86622079908355
127.08983311194174 32.148358678031705
72.47421202125548 94.01135186880141
54.46589374926927 143.3535790270135
14.576796066973651 56.13343620383288
19.42998440859947 229.82667802901042
92.27559683065886 5.940608146032949
121.18594371844976 6.873727823337755
174.15588628849983 247.5558663435542
124.00521609482499 222.49132404025428
17.019316581375897 59.25637718750426
116.32608159958468 23.157160123766673
42.740801589186056 129.34824028173904
153.1009024410808 211.0162749111251
98.54126433130456 146.64932533231237
219.6829096837247 180.86986943843132
116.10173921292957 235.7990277276391
99.65704962302779 246.13535879519947
153.2086256593941 129.67791221434817
233.60889162820615 51.68032280045473
242.9941191674023 112.96374874465376
167.38028311715894 179.85666056407698
142.18198624573827 178.36471536381234
120.19164788045266 121.84664819387712
49.83194996362386 50.24473582452038
150.91813970843927 160.2082834226878
100.54512548353 232.35668339321458
199.51220057494115 54.68187638102467
126.46502044948565 109.1333044897031
11.774273029652921 245.52507790190177
221.82917877136524 186.04720943705328
127.81559112570027 101.84690981301736
20.49335550933995 188.23542265153762
192.33167300993557 12.411899619779842
58.69542475870282 192.82829402868313
216.64205126815202 231.18567883274613
21.194883722117087 100.66876619859386
118.79196231636944 107.20553009182122
132.94179819889527 168.35683032896938
218.41133873912472 125.3651713520332
249.84150835457487 0.5371185572943804
123.12847333825788 106.46336019054387
134.2732257090024 59.601476762198956
0.8337732284287303 116.57891005772983
12.619738394899743 152.0361489256074
226.8070573566469 47.00061509580134
71.27184483844395 231.92335744382098
112.42453490688362 193.60184544808394
183.89253044220231 89.5005138815039
230.34017157283714 163.03549629728676
248.5707578867026 99.64886211200013
2.5805794829764084 130.52897796374882
38.01305571700336 202.4135267476403
32.21477024365038 245.51510119245154
32.46131117425377 105.53664450755184
6.5958156934628756 136.50464851718905
150.57522434764493 15.761506368392519
196.06014172782199 40.021853414006884
52.095593479444396 36.56568801255822
128.84184347016992 13.194881228981991
161.06261396193372 104.26714866507663
176.64045319848742 216.1257186869559
49.93621613400842 89.14559088336837
8.630501433522952 67.07244228004805
6.551527648261141 58.498061686134974
94.69882044403452 140.9886490720786
148.41322792121161 208.233386987182
86.94346806777473 161.1121729975692
8.16276573661226 193.73152415407228
28.856671350361964 105.78326111811684
187.62576103020186 222.37572531672137
136.1429786896378 188.44496254472963
248.86278378100783 19.1938017062159
8.778577530793502 190.45100213016585
211.4061850620915 8.57887768719015
139.49469852360028 109.5234409635499
86.35264118282954 19.295260370991745
181.08413943397244 57.76873461272242
144.10992636660626 128.47160704978094
239.377383740205 223.7525041882295
19.646236565601633 22.736841031294418
239.70726098709994 103.50679863553144
143.90233634798653 128.95587108066837
32.49355916158358 146.6680614840064
143.0758832305658 174.651791616024
7.920524369623094 6.03802523308139
41.713047572548234 148.00279442917068
17.42257076881526 91.47661247883029
226.518709188427 66.119432819187
165.49390163378916 229.39470497189166
237.258820874355 9.201585416458268
18.21690953370575 207.91575362838697
31.256600249049832 74.23391975229734
44.64250307475212 72.58706568926418
142.5629543031038 148.90655221006693
202.11916234165696 37.67637165571261
54.078557244457095 179.03754619424444
173.0394525714202 10.112619102466802
78.03299028678946 135.97688514344057
4.527647952683261 195.92502784601746
118.35502418262853 214.80056352447542
174.9251324667865 158.76730894077596
160.00453936681993 105.79633903285654
77.82489612044557 64.43518141834798
106.79095432685234 56.208076498150014
51.29872103717148 96.44364517697598
180.71671322849275 42.88304219850844
112.7596260524181 150.69925730151812
49.423642013333215 197.59422165586582
2.8749829869033627 51.88955784228208
29.515871772866966 80.55460044195605
204.13426059138482 186.86818643674545
11.24163326621913 245.9989075795263
63.97953614438395 41.59480708088492
246.55296732933186 108.74843215713496
126.8348998098954 122.71494189544768
224.39213779847643 126.68343016929823
152.99422855007282 124.45615297529686
237.57099235143443 233.34227474118921
115.97760483836564 242.2357690758322
57.400838772558856 223.63099811289806
149.08933025401384 58.0600358066779
174.6242168428413 246.23938265961849
0.49759374037336435 83.49705660372456
192.20862179210442 218.67915925608503
62.8222213487509 221.57992741382319
152.50608025978661 191.07617132873662
146.4048178448558 130.20563475866544
90.37281596222633 60.33345015169611
248.92459778133988 145.19052451002472
189.41775854065017 147.58632386777253
169.8205218025181 129.1204867174667
53.0911504233037 11.876536139791755
107.51958506797641 48.84530260713343
146.79899857174993 73.67504067166693
73.19603077984993 35.27657776943524
158.07615047191936 63.04731088650839
183.85023764744852 49.87053024596605
53.53736361099501 115.38174230688641
236.42329457932178 200.4505408574531
167.3630024428319 73.70168200235638
146.41558834576196 84.3973205466172
217.71388165754044 89.97374035445822
112.98387202632354 236.66668413384284
185.08709226621718 51.277109986802905
210.77440039432108 209.88225478908467
113.74267343135871 60.545848397038
146.1359937380506 28.401079540068707
55.08046661073185 27.164907134137216
28.590602025586332 144.81469138299423
232.46213394012196 84.14827114689422
76.38045553877895 187.40866948414413
81.25648794825435 213.14646326820795
210.33660946334473 62.46002349348883
68.88373582922644 180.07602055019538
198.43081262218152 39.054497103765854
192.36028436229216 190.8651053282209
114.28846987771604 42.62692862335651
174.6052830419812 181.98766650567129
10.765808255845084 146.83629655565807
129.06667854125865 32.09664305797355
239.76175558757856 172.67776756386795
36.29117625407793 235.55474705676593
228.863297923691 52.07740513881232
172.06357180798733 128.30172534498047
173.25025054710667 151.19778820332033
63.39506741084239 116.96903113680152
56.53827465498607 136.24284897389074
204.4862651246997 40.72211503200668
162.97227334843075 173.83111496034866
12.937752799674657 37.763100161030735
38.12871598390094 227.31188480509047
52.3168756654715 220.37785428328766
215.58614361412214 156.51865530279946
53.49129480109541 51.47656543201193
143.68457536746988 190.4765162009818
16.192259859354046 55.71103416544682
245.84989000493567 191.9766766492865
85.47197759269265 80.39802501920651
221.9277859284106 123.65051487846249
112.44321049403696 43.26726637140229
115.16036982635642 62.138153212008994
34.24124522438773 208.7282619920523
147.19778641063672 60.36952434489737
176.6889696415387 69.91123507486418
110.1205522412661 82.33331176350062
235.4883724988753 187.31517668327396
29.027756572416713 39.73848564503507
230.60548717325585 194.41742877736706
68.70509464430391 34.917815618713846
162.495004902927 241.70191710198813
104.04593081532238 115.05893530891001
68.10044104717883 213.62560250216768
131.661363243723 174.73358499423142
4.158168484284269 132.0349628298675
109.97866082765661 124.54978229296296
244.9621803692536 166.31141907447915
150.67405560027868 121.34526893353464
174.24530505797452 70.29370234651172
63.99362548966756 121.40283222973858
184.65470884191765 99.52511137036046
16.402326740201424 116.24380482281524
152.66308238635037 43.31785793396012
133.56097254767886 83.75603373983436
231.94574402714906 89.82992834565434
18.326560359687825 244.53271593113251
242.68861588408942 53.94152475897232
157.34321330595978 41.01262518918655
195.6172032932937 148.58297509519113
143.88091406021607 143.9980876885878
105.110409943028 140.1131882036833
225.26626236381514 138.79328717469235
222.24082688482565 34.31742593962001
0.07489179803815693 64.73445160065103
177.9434869933507 203.65594682208248
72.11043474947998 71.64626497527854
244.05394911374216 206.61863857485315
99.28637817900892 151.43936032567572
66.42548665717688 109.82118284102327
93.62546548763976 210.12330709196956
82.9170689099488 216.2461390523681
196.7574271197368 116.73556393354178
164.7306229864502 217.13671103435212
188.97301265794883 131.85538745527245
200.7325761925713 204.4076277004042
128.30136290119648 152.88729040470238
28.29874391523371 11.910236070885038
29.951764063680635 64.82534057170508
208.2319653800275 51.18885205836293
48.37949782727932 230.37555874997844
35.28280602886946 39.95566731522998
132.54546169842627 21.395069542648887
179.36489946821501 201.03211479132207
114.91925506351156 205.65507713669066
94.16145692889391 189.1500829866902
41.24273315346513 104.49529022874657
144.15065306301142 165.374913319461
190.2261235921385 109.86741241632645
186.99476395916588 51.28885556189214
71.27987142393816 186.168820878329
173.3190737799983 109.13703658438529
91.7993677974562 164.92578501005136
123.66232637687096 200.39720969122337
21.975361664051118 140.68434450653308
17.232543729862606 212.24973156112242
4.007589741574974 17.88778357080553
236.36769327914374 217.84815376500848
8.407074634109584 117.529958158104
47.83791499472423 121.0324443850368
236.5566604372236 74.05408578776401
15.259386893731964 75.55789751474879
104.36918866726197 194.37802943557415
119.04431482370425 206.5481792571988
140.7565917297239 235.0683634016928
12.456750078055634 204.4491592504408
172.54143161726813 132.2398053319915
210.47965000613107 214.50838975642304
148.94206447629637 240.64396669689813
221.6097333669892 239.23345631931466
102.68111875260041 145.48164623844116
40.87008943204401 158.20106762154217
101.20342377882646 165.05155285891757
87.45241233609349 193.6144838395676
43.53048264060808 63.2304729381645
160.85933357585986 177.539851192719
246.87893612725756 64.67419280262939
177.8535801496214 109.40298153408737
2.526422904985642 187.30690477783955
6.086154488010975 245.64877265302067
85.78442567481248 166.24917680440595
34.05832458041816 119.43400073354424
5.713762334115136 216.914049737333
50.64609345784654 147.38556433286973
83.07690979128701 6.346277530190736
107.07444083502263 88.67197442367552
129.3672899573844 20.694396782221236
239.98300882529915 56.65604130471008
49.7858678406532 172.1292043070176
7.364487330292214 180.73917978310814
34.603304737608504 198.84722171220076
58.22628205006161 87.84327442282446
74.49616670770956 143.9222955356586
32.24959566563104 89.93379617841829
121.71474316352335 147.9639333624842
30.17758721660116 208.42528006583137
211.85327661825485 246.99366389670055
118.67489369771167 128.19206427332583
11.170085214093268 243.2985289699106
93.80671312392411 40.134604019054166
202.94796063713326 107.34706642474376
108.56751175548749 98.14467037057442
89.07000530732597 72.6188337966274
126.21865166172452 41.769389161626286
94.1425973325799 232.24888747910322
154.09687365439018 89.61853862993644
39.55324737545349 156.13016368508926
162.33019588839662 245.62253185880078
19.64749306803609 26.13059826361841
104.52257226244092 232.58217097581385
229.6238029796852 187.62582349382785
110.1288507204895 6.649401623251588
181.89396692372748 82.56614878137175
197.77148086755886 60.59667841312599
5.5438009373998955 164.16609788610998
32.47348787798835 99.24708907363059
103.11909141660072 93.43505632019567
41.89416462179066 32.88944189923351
51.529795957873965 8.764758948391682
240.83333113873803 8.638102965075639
204.16594258943127 127.48184881283944
237.16646337775063 216.64898565781297
17.474437173366415 81.68062011569316
118.48814257643792 74.98372816730824
11.902362545709922 120.04921537568075
7.2189565856695115 160.62213743800191
235.83046881108697 174.76042012791748
169.4257245342106 137.18994744499776
12.847717175139328 238.55256928020765
52.679903150537946 15.677833111334527
170.51293054589942 142.62714720227112
66.65016292917255 151.25972274687953
22.609086060915885 148.05203488009263
58.207745459302046 132.96950410266518
166.07046054669695 71.86212649420429
64.73873801609317 127.91996527819774
124.25092314166972 126.73786285698179
6.714430395023036 33.30359990015591
164.26016301371803 186.35443834301051
7.274874549203031 184.85896170713985
139.524534898865 36.193368884458955
112.7765027314272 198.88121796946984
236.87113744231686 55.64288801315281
165.14738165955865 28.564581103147663
211.32795716997518 206.58640500580512
142.65900303901873 66.46970655373704
34.08234030157073 112.63584260004345
198.24034811493678 121.06875066400072
38.27710052950955 115.41796872827744
81.76780986200502 55.034344761591555
231.3636468055682 116.01319577613872
37.386544615200854 150.7453107173029
214.41434702731155 117.44646181096363
160.17197182904977 97.10158696656829
2.56040621393519 143.97173009405662
22.30649071288418 38.90590363613416
52.10886511751653 98.43887527722508
215.30601499902482 189.58055339026834
118.76581571383804 4.354073996965385
138.771151821972 37.82883756437735
107.84912028124121 6.934253152248382
90.82918596505071 57.32048772973222
31.6246950653164 192.23093273348505
175.4219230034846 16.243879105480723
242.44221446963 173.47938983027777
217.91816428252716 186.4341480822682
192.00849783318517 10.88029330747059
19.808848231224196 141.84170731592675
79.5882752462447 43.00525976427932
159.59157714158926 207.7872425821858
107.11375621369542 29.787795474748886
116.12982622348511 140.2522751520711
219.50030060852103 145.36037003927296
242.44031179360053 221.17534577512538
248.72570961417844 23.97513284348904
168.75329144401238 167.60912306886968
242.63197887616838 194.98391119486695
142.86016313813082 195.44246813139927
186.8519340018692 196.6401459301423
158.10284269305555 248.66712584156483
160.9346092646797 115.21864271696158
178.7587826720169 45.02108127630572
86.88077070615475 19.2888654152667
249.90218455967448 92.15873089519452
42.32178781814774 103.99145206866464
227.12694617514848 145.3916297595856
100.41021685329143 37.08104591080641
105.25141655011608 181.79687275873687
153.14166514197612 225.26709347866748
237.60742519087378 141.73467800963851
226.92350849311543 148.70052250837927
75.85634091488174 242.93163251591133
126.04100748984989 123.84482861053681
231.31453876401912 40.911000378335395
126.10459182316733 4.730701690157852
15.283054871371714 8.933997790424808
86.63093941094202 239.61920158378211
174.95905032516998 16.550025028279734
249.29365756528915 53.78599868940451
232.050605895747 81.05716292405197
14.728278942403778 130.49476319414686
81.33425345999956 210.59525856021904
30.16073951731524 249.69821647594262
189.96329651103298 178.89674672148578
178.85751263738263 160.2649137122285
226.82611757740725 156.1094927866326
152.69991775616054 24.050077099287442
116.04826148475553 33.309786535349026
9.39361141842912 213.64459431227613
137.4407578321214 31.57410165100766
175.96201702543183 98.43369503535409
145.77848554838138 42.41032142766543
243.19225114881957 52.85580096177492
171.629233556028 199.43598416196284
230.0035096856345 200.7588380149662
226.80247335312873 187.0036955479169
115.38289132355293 45.18002274720384
170.63735800063344 29.048194668151645
214.49439333716077 183.25103541715748
176.57193439633446 21.811650126472625
37.17880268245865 132.99248837635392
46.34964434153932 7.843051063000789
211.20333997935984 39.89996780254085
75.70164969659793 85.4746597737136
173.63982457049462 197.5069661411479
169.77276751386938 215.80715758584796
119.18787706973113 183.41416904830183
9.771659301532399 91.74193817393187
56.07305009157032 70.31113458456095
42.92656268973846 20.581826681005694
34.803861188299535 145.1175890739539
172.95381804394322 8.037000035145459
155.6356826420221 113.8843251862551
156.8513671001981 240.80152379695684
41.69999021286328 219.15160771504804
0.6675342272567664 243.62463566416295
53.939237851586775 86.22850040983273
81.8211088142951 203.72989848153492
207.91037786387244 58.00450540066648
239.03093648987323 39.50557118203638
11.955223685503197 15.549786951591537
114.40682121699133 72.56073573465322
160.8389143752671 62.767729210018885
219.38244830171047 192.9302712916527
27.61724188603004 122.05335293618036
6.929533255892601 193.70674149792265
86.83475518825651 20.858309939457893
137.4534309572565 153.24268611953005
147.11820942768665 113.69477913779261
197.56191315911454 68.18537541697087
244.5952852684345 122.61827861984484
156.75500567607142 216.3303201435484
35.445328581989095 12.414126996309088
54.559089602428166 35.97410587138772
76.82964753587837 144.6750311528932
135.86486444256235 118.20602235396075
233.52273428871368 43.21935440796959
127.55256713844196 181.5219572158942
208.85351114740132 45.43963488136046
152.73156713395542 174.21112521962553
193.58024418373745 1.995471933625037
27.805239601393613 25.52384828255652
110.52909083501164 76.65877402060204
49.284308353029886 233.84167690120253
46.808929931032196 46.73215108472234
61.376788933914185 169.72975209845973
229.97063972881634 90.71322351346319
182.74147486922612 5.889859744615783
30.379243962878945 14.618113307292457
99.75651709706082 217.12446389732708
75.42918718632873 7.742253232959017
30.070004937295447 17.677180819613227
73.27746835675028 209.97485201454506
96.90374817829583 155.5611878940906
118.4428873844095 4.379980259572647
2.7889026455333585 22.902270412181817
191.32283042753187 235.86229550947817
33.41005918762194 186.3245021756864
7.856341584405318 61.15452902185278
246.88433426971193 210.35000557071942
144.71246835008822 206.75614983921295
106.9296665647372 88.7584269723673
60.728797801141404 25.546241188720646
136.2904666348581 155.8490477315639
144.4962928218893 167.0903217527983
121.65961092329056 88.01407219887209
94.19665769680802 17.5066896189415
96.14612776350198 11.066540436129563
64.40346293099685 81.38314414127068
84.3377870853951 89.21756973766843
43.559753365280145 140.2654449843965
62.86545508669985 66.29997133117077
174.07892012262735 203.66938008784442
219.29609144776296 89.33070590222059
238.2896294863096 89.13383827270849
98.42934855952664 131.81710400340637
133.38226395136704 203.39011990410674
60.526906912975214 14.063633118125141
57.91310022998877 128.41928837058313
80.07443543594167 79.18060517886877
204.05293457784688 165.49849412556372
210.8941260877041 188.0536265543317
131.2616209370929 53.43498509008965
17.888799195316523 181.72517831776898
70.56703534573575 236.42229502772778
10.288889797917228 157.26849217508618
51.927815142299075 133.39548356472298
22.247020437752507 92.7072581399437
182.48700556384796 218.16729144212147
215.0333146191499 163.3872120031836
60.929745311238015 139.6880708961153
89.9430426217214 57.517649342614554
107.08717477529808 97.5110362386199
236.69482041784445 120.83128872670757
64.61453801761502 72.98004777374625
127.40001256952094 56.65569084514937
99.1963529010293 3.748468457754922
91.16817210524816 222.33330274858167
2.610031158554349 141.0524764426808
4.4085994723249975 100.77596409624887
176.3491491547597 243.25160257607791
55.36128720009248 60.87461681960052
122.4832082194928 232.6864356543719
73.35769169216569 86.59978951629874
17.9288975720463 159.70295445047748
205.96306690157448 155.5846233352916
160.19667561425564 9.446214892874893
187.74091647396077 226.22331386069723
128.96924539289606 201.9372734339187
242.64866737087954 112.47560645838769
237.44418956482954 56.410915964690275
21.675519694593582 166.78748236194423
138.1999375287013 242.87953822047996
217.82582958066476 88.6400311044318
29.890697879155688 67.39506476353252
64.17546134136576 179.2733213618506
206.08848235190268 147.52343727577326
119.31538796216203 2.8964820043873294
88.10241148485729 138.56618084636872
78.97250963827877 242.28481645192775
170.99479465773678 126.70745243545878
196.81305922048318 53.44149893765945
108.82491862941029 246.01749950788465
53.950147629426375 195.42674623140903
49.56364725081039 157.31102017866556
208.22200755081698 182.35477983343216
59.89399337756696 3.290265243677842
89.69485635448396 208.170189387495
80.09673231965084 49.10968120008394
66.74995469399553 201.23162925223468
147.74030204265827 158.32593158178898
10.917964696394916 147.12059651607717
181.4939641633764 110.88100568539761
109.21091640537239 120.23193618157934
34.34350002766792 148.37760741100723
186.9219567804466 70.99295916906154
59.13219960679533 224.1051413960981
146.05673993326653 137.87302524822283
133.48397279357567 135.90789683450615
183.58768865409493 116.00298195240394
54.1300676659322 194.9860105481338
13.635155385368803 222.83660521386057
179.4285929162525 222.46144923640978
41.59338957239303 190.87180328838048
175.82178866065738 84.30057413017094
244.68465116486894 161.5327358466005
38.458179130449075 136.79061135844069
5.054540717002315 50.965489260285075
94.08868609894134 142.59612382999788
157.25148928235595 65.04372388197064
26.880108315504803 48.277476161433185
126.14421385241798 206.8490210564262
152.94505170537502 60.16857938326514
90.12866096806144 54.32289137276347
108.83084518269948 190.44514465619812
58.264670880894734 247.36537603515228
55.005198886388996 159.59568132647067
25.84787084455245 74.31071847096507
116.02442926143189 51.905009759228655
219.64104305649295 204.7209874454817
220.28324185746644 105.74536422435679
26.73877461045551 1.0603024213124146
91.67999202492591 69.37273899377264
181.64999964450948 96.30241342020157
24.223489089754413 61.077423650141625
200.65848103910068 176.3938366595618
48.65123927526741 85.8117616299329
20.1327051433417 90.15744990122413
242.46803804222577 227.25528003985016
121.23897246180199 153.26538155925866
62.755142737295685 45.356841727082234
238.00474211981995 46.871939201853785
51.729995780191636 6.67066637173952
224.77190350733798 25.28641438119647
118.54818072431733 38.105427781687574
38.89988987745968 170.35252788992707
81.803025680703 81.47299078955736
136.90490676400705 93.45454250547253
230.93671826403528 84.55626017674717
44.98828920948483 62.08329268886023
119.87354030893974 188.06377402011321
135.99988830196892 48.72071676475873
133.64974667357848 59.663716778234594
68.9345077043399 205.3735389856873
58.00727343976614 99.44356184251293
215.86814726697162 17.97116070605867
167.64448276351254 142.3692458871241
38.87319311407636 31.389258109422695
204.97679345636473 47.436638531619835
107.05330632813056 156.15432324232364
204.7021635663732 27.32101948381699
21.39069390427989 32.04755346703777
144.52189105507014 192.63907410370507
30.224387223073855 219.30494871167136
8.950170090583576 198.1813543302219
138.81951134471754 127.73008749150256
193.9875695242884 17.52431357006559
104.949569672766 36.7979765753802
70.8632326159242 172.13025099306174
198.4198033144179 245.4978824785941
133.88623424513253 20.26829348895659
60.620508452973844 72.2153142723559
42.01388584155838 124.16904342926601
128.07699986378233 215.39198026966852
221.87925999072758 161.6033930508942
111.09781235018879 157.5812579055078
147.53207738823096 9.839883045566268
117.71951644297718 182.51090607583907
169.91668413257435 212.77828366132238
79.03216348861403 91.34443565410386
85.90018593502587 136.3355851577071
108.08049946791023 46.444733846632666
6.79130141771328 44.109617155353305
95.11501389078619 248.05268485517234
161.04873957168587 99.5895366642563
27.958524693420888 166.9615727252044
235.2324679116766 237.70948300263962
19.085188036609914 47.732060747262466
57.562395606902825 30.51507075539797
74.35818610530822 245.13357783049318
236.52644796523168 90.44216059895197
159.60024171443953 72.24423233375197
16.96942229506296 148.29313800414752
94.70206446925516 110.67148957339853
13.515172862906072 47.63587507307896
90.07934421153227 123.9177427558111
196.81430336246873 15.983034826956649
113.21976161638176 218.19452626054596
4.44187400292409 168.1128297589662
45.917999340617605 137.4680134491157
234.24750302154527 199.25661996792863
5.9029059098852645 116.77890670906984
75.09152469894114 238.55895108096573
99.37751178857968 240.74547808515024
112.30508754693827 247.79133059493515
56.89926200840439 110.26858457047226
195.57559243790033 42.2289115518886
112.1963804526921 208.5047876466231
196.31578470483615 13.694797511276752
134.3637306304673 223.66017888855995
60.120774885993015 209.76600557252235
16.046902846571758 112.77963089155807
158.32964337401032 182.6082579394455
28.509048515490328 233.07481560386628
116.42742740365102 12.861168612403107
166.27863685562664 19.170324218253654
152.55099501961107 223.35083384250464
62.75805019987835 110.09480799254398
211.65053681079328 6.334443401785017
157.54423279563025 65.73763206329342
8.744933962805874 115.99573248748388
47.01401091228366 36.226740843627034
106.01043714624309 40.67372741354971
136.18918280578941 93.26693403174505
84.72383628812705 193.23047012553033
111.86750398652833 231.36645527942326
140.8574291121772 52.98189725457664
17.669393199852472 78.74447691839734
95.86117537267597 222.44235491847147
140.7103701198545 32.22663206083195
100.40146771608107 235.51055941762309
78.6692961941344 78.89013071631277
230.81569043425003 6.55933368689135
79.60587342538183 146.82133555932378
200.04617324015473 116.90959289294464
43.20087196357847 126.15829556601274
143.89567045627945 205.2624862000942
173.54567461319039 34.00987129420263
154.57675440283597 148.01388241568316
191.63113535642216 234.44492331599437
0.18027748287918754 176.1226212351255
171.29427202619686 220.301375889691
229.0717002517029 187.987120762982
93.1570509783889 177.1171017705355
34.625072707144824 149.59130703427496
234.50003802750092 12.696114526365127
86.32752865236326 136.6045529208848
221.26382235195092 213.77834693355507
84.27312641676072 38.75317262971545
173.99054788684236 1.1923218816823344
54.07927004782847 15.478435628953235
148.84997625099012 124.5519623756478
49.943230183033485 223.60388873438205
44.46125432591413 143.86606802125763
186.11739646243126 42.47344717914336
48.99709254727519 179.1827810374343
244.76843387928776 40.6169533937856
217.31631097941977 165.42080222471228
140.09895877440545 166.19780527513797
41.893606499284616 2.629518591388047
75.9766865264559 81.82160045737044
35.60869717059248 203.96223938409025
1.0709219938924708 178.93161293251296

181.67793391593187 36.74410166390513
185.77860530672902 154.89668769721717
113.74574586798211 33.97100106078338
213.89364244053286 205.66885714062872
87.04799325019252 136.52522056161968
245.71736844280068 25.725506341263166
74.50842644951328 227.93561652480716
1.6312746392624922 98.347375293962
188.51618413431373 19.532773672923913
217.41272820288708 109.85854704392608
67.15428103400208 172.93047789690118
28.11484201427389 109.08772976341655
95.92431672743032 131.0421754315665
69.07621848634182 212.21283836731823
11.556947026124782 58.752912830744656
13.22158012771435 41.32888287360742
98.66398848051966 231.36671956278485
98.95376132536022 113.77937631289161
242.35431887956224 229.53587003341156
204.2899124492036 78.28232743122282
154.84355600951628 107.6070051013019
201.34493380311278 23.40891153901839
32.720600992202 65.08167544158891
140.8955541506626 227.89661935161215
14.006044574442905 189.23284509365334
74.62878562974606 244.59174147516475
32.537267987381576 110.55052809160144
207.2334765355089 21.492667976720668
240.5560738898656 107.61776298913392
215.0861291415328 119.49662698457195
171.1492671629067 103.22658303274898
172.27653592047787 228.1761661819874
67.12280101960063 66.35945623519177
55.09608498626176 136.44520057359262
173.2828311971991 142.14503775603796
11.886507540847191 185.93314909502766
77.77436796069298 192.48290853303402
137.22331544466832 27.171537925800486
144.63173039631718 178.43207034933062
75.93365367956834 143.06060943151235
55.09066566984694 224.14345290864813
190.9426654473195 185.5654250257444
243.5171943864366 147.524977071494
138.0909114778445 18.62637977017903
30.295822744663468 3.0962547024079576
144.12051555196865 108.17791390424972
236.6120076443605 27.97032358184548
67.23833465707912 107.50424193353345
138.86826941568265 26.529970140453496
49.43592494176222 192.61641522762235
33.67356324353385 222.60820557099416
39.1783079368675 94.93589225168633
47.02099339210644 153.19930707925454
58.21224192409702 101.43043532751322
87.44993503811183 195.00764934805912
89.3286220435293 201.52670708386486
129.6631951662222 173.7925412356187
141.2111313438641 108.79852921366002
183.53429768862463 161.2245531030876
136.19913235324037 16.594071458414906
187.24367821996447 108.70993339785228
2.9055534753045786 207.17067882470099
244.88918376645194 5.3911034099048685
174.98078471619488 233.00544909277656
221.97450022775396 125.99834726136206
196.19709272406868 97.49140003016038
179.18075314646123 72.68396082742073
97.59916253601506 89.40629662754829
141.5399686207368 58.157656692408274
194.72663873213384 158.10995226573874
50.40625666413651 119.52921193261001
29.062815291078515 3.857391629780466
55.47869920141124 36.76801981686689
50.06788949517851 230.46784656073078
138.2242398155543 50.04730918273601
195.9218820219394 171.93043026596436
94.32358288017511 177.63301432979557
130.7081098054995 27.42534501504493
56.31338835518532 79.05911621671702
28.575889315227947 156.98612855252964
186.2609974176377 61.20401302534517
245.97590773950733 239.46911113469858
120.10220303307806 154.82804377288122
217.57292134956325 83.00086107743745
205.19738580160615 67.84440298668399
142.3145682442212 187.0396802939724
196.22122226374242 217.2272161989914
24.17962051553413 216.0995881618802
89.38723496205897 219.9669465544912
106.36453954406183 162.718911379695
190.6667710263227 199.0142702757381
25.156934381254437 201.66969275431592
190.28244308226982 29.357626483240917
63.10201085680547 51.189645588901044
174.76592117478663 79.35852692458931
209.68488205661978 142.10085851367896
156.56960584166742 187.3293034807152
244.81535531377835 0.7515470445378369
208.97204256118798 183.3937345181159
240.13462459721885 228.3028562663349
27.758671438840558 239.1765466419666
212.23899962003324 32.585560525931285
144.32323647505032 176.26092917270702
186.6676209020473 13.930724248978677
77.16276715878193 57.04325193900317
142.4695355022118 232.73635149554687
33.565735506196404 201.23264590335958
7.909123229644155 107.59672081865843
124.46042013334674 104.00476007227894
149.17434049914752 225.50282354600114
202.19466581248628 70.15807658699835
115.05754311970762 198.45801780076908
238.22785317937596 229.61521877626572
86.02920171735055 236.15130086506542
55.91623517080638 203.64445847435348
11.347926583826135 7.517897831347126
82.54465111958989 94.67941673291014
226.96458670532743 161.63697625963036
207.47883622736495 137.35809729261626
36.958021095155864 5.32743036605382
102.18390885018616 186.95989429706802
104.61408766111943 115.59284462217934
77.87996296929983 45.09146770929887
199.20181664464477 166.1128461940909
100.51810793004049 128.00802384741863
154.39936026754296 105.44885670543361
184.5297817642307 146.38169192138204
207.19866262587854 246.34151630611373
160.7352745776001 221.65233371384517
183.12711319947908 104.43282399632417
97.51040734709046 96.90764249454625
75.29838173307094 204.56425014349432
0.0275215171780252 117.8961323882965
47.52224325531784 9.526758857017537
19.23800937204548 241.68272062163282
172.3772253391934 209.4599442506202
22.934057056275215 76.80071966795727
214.9964386338026 112.88217964398495
116.78895763673894 4.185433105858144
45.530159085970276 53.42187289094341
68.6889505092172 142.47214006407344
169.12305825372502 131.76505441752641
152.40631580078707 115.37201522760643
7.312081046634611 211.4301251843951
183.72275091323442 138.6357142588189
197.154485625051 235.54422189136005
131.28443063822164 219.17112530007066
59.939795032631196 215.1638382256942
40.24283813810248 24.24877684647561
188.436814502357 65.22614374383781
218.41140482776112 113.465941840699
99.81000157198267 44.56763300481884
216.17043862830457 182.93993474286745
89.02701474771818 137.13568833391722
133.90749640228543 192.46894329048632
196.7659873357612 119.66622635484819
147.6349664736481 11.002774588844467
95.1625392372184 228.27570469017567
100.17066118931567 35.71227965232179
142.58903264695672 239.45494646636718
242.99506257469477 241.6016410855523
181.47412157858253 113.32341491173197
53.33852209424394 17.85056885406594
240.36546869229375 157.3311955969883
175.3047876352239 168.98749321948983
161.91502173929285 171.5372838977438
244.98134250298443 69.54855708877436
92.64728086655622 77.15294537730757
86.09159057606816 119.34988316645703
14.84732313870682 45.99795904201706
122.62744744075161 242.05527458020794
92.95428735924233 63.36617228643579
89.50993846328082 96.4330799804892
123.94142734302915 89.587723350317
58.96987003396353 170.82939498072022
202.81373806074714 156.37978145822882
119.48249795150481 20.184926908390437
160.7653580161764 48.0205598247857
116.15819225744781 5.952355652518393
184.4172772250056 29.41626100472325
179.85125754726107 36.16595495519323
224.5938121229407 165.41650468264012
86.78838815898118 97.38421594043315
179.69688940026018 159.99625762040742
217.63560194342793 14.785838136869483
42.45673441620576 109.50579866351303
165.20358888247515 173.55934620172425
39.16261704467808 226.7431931724548
26.390127794101577 188.51391071226203
81.86287311025845 85.1953503625682
198.1427057231093 58.16879964685795
165.23075738066848 112.36485686447811
219.5100575917794 115.4809703347632
235.46465140657259 96.53929208469658
57.0275191473974 211.71899232966504
19.78723726080772 205.61529193967
60.20942453316791 114.43245092895465
151.72318896421658 183.30864260148672
109.00736072685443 190.6951013367026
105.32563842717937 117.36393029865796
235.6326559212581 81.0232037040105
135.16015610443188 207.62216281327252
78.94331057686001 179.6728595740832
245.99632112258666 20.967762606125817
50.568977304069755 79.68046499597664
43.793655601195915 10.199540846366151
216.0049848003082 236.47863571959456
211.94824016295104 3.913542817203186
109.51862742526019 138.78426012683187
155.58983321520975 36.556478780753494
15.321845072167356 121.87432790277683
150.71495970038222 236.67281064015287
120.9696286740459 43.990675464012945
244.40720524910674 48.197189202149744
192.43367359865405 103.6317233409565
87.78915197063414 110.7277037137905
14.157628876298345 145.5982987325079
248.6570587703044 139.60621393706714
248.99288071939372 163.69176569479947
21.887342729940418 173.76489181613243
209.83231350965914 49.61855663776327
21.663823717594287 72.06693345290822
32.82067468637179 209.90504065526596
230.26369369802566 211.92374385568175
171.17604130130408 184.3762577054412
226.4353256448234 105.2201840848089
188.50745642290812 140.70513739794103
60.59302331703964 247.64942074429405
170.81473403509415 150.1150009189043
113.24571463851116 226.83304882867583
60.44851408512175 57.09477336703367
45.919079209033846 156.3076837847837
47.77151750159872 136.25559492471731
203.6395617783533 169.5220622790944
206.55435556991216 243.94371160034132
49.38716380520852 14.19364252014227
86.67442913621626 193.13929183684797
225.95307440275786 19.805426477891743
223.9575308921089 156.92635291299254
81.26258731403915 219.22354706585418
43.069630104960204 110.16224688872204
84.81445094474351 176.4559888012019
247.38543108880552 130.17887987482965
165.0374521306193 11.358667040144683
64.37522684462255 138.5683652252637
57.59027378928272 238.7446605883084
45.24551710802119 12.354663650607112
232.25462794889071 215.9237932298028
85.85418008453044 235.34122853604404
97.15553728763618 243.81303583780348
169.8360143940542 83.86333492208387
171.52291363612395 0.12472057071877263
177.69405200289998 207.7966974113945
247.83426132317098 229.26289134542623
71.71425172831609 22.86544194570281
32.54314749414508 44.06108340282633
121.29356354360927 228.63878887667371
232.55549313126537 219.49283346219764
126.48294071619954 144.46951272072346
158.14172185568398 25.954393545042585
80.09762838457945 140.59151428136056
171.53974879184707 170.3037408177793
53.39862311458005 64.68135862836711
215.9948224376146 215.86542137880744
3.8776106783176836 171.391989392181
101.59564025769441 138.3169671307194
149.22268316517054 180.50230114981917
131.59859276171164 56.764403170481344
241.8023981535582 245.5609237432053
144.51253029177508 178.97806227715523
147.13422333012673 111.20424542479263
36.360175496850694 166.76913858461606
51.53275739569832 37.690426659901775
185.6283636684378 18.441114380622263
39.870773179594146 121.90068465238637
79.21193429881912 147.95613770404233
149.23063843887743 122.46190861865658
9.79912952097578 215.31494598228815
50.23839955882617 132.19235705060717
203.31760026194283 119.04816666722174
15.138290553506655 111.77117789621663
226.02066579922231 55.48992576330933
35.692255197328606 102.4872868067887
26.650241663757594 48.487532989169
170.36425917847663 169.3757895450004
115.44101733361745 221.2798349453703
136.84940412590424 110.43444117849278
153.93027139068144 152.98846510596164
63.878512386132044 182.80956145442246
39.124394708995894 29.400055422705794
156.30311178429662 58.810849995218604
184.09948153802964 59.274407628176874
115.53101963307508 50.82306231050912
189.66621065137764 70.52311012643486
23.970063754544107 156.82032554770606
91.2847227271017 241.61506183494612
141.22887946282867 91.53626555257175
126.24384698439678 220.21714171416548
216.4734155426261 77.22953259983636
243.15067089432 156.44138673717694
30.945589598108697 43.110901969787065
173.09559970255768 105.59634292656287
33.26679060001794 167.3679063553097
8.726281379180994 11.343171364852273
162.00935608844878 212.43903721302246
237.47622687513643 164.67779697880164
0.4439793298697259 233.66192294327325
151.19165443437186 223.2501276334204
185.32263666901414 71.51923206047393
90.86859177657652 235.6537726350442
33.78207919306922 137.517622341893
235.18939243779053 247.25855544736748
176.55767456820246 55.82375901568359
24.15061891080622 199.64352154770322
239.54957108556545 34.71304520969701
125.37698950921447 88.50782168759183
60.52390509647654 98.0899212193897
95.06708087586776 128.89845536472114
78.60915422040284 99.14627195357414
120.46387673790449 227.8396883994703
186.76266758767707 230.67313990809566
75.01177778066915 20.837079086231476
79.43003324198999 121.66665108235463
132.52183418164952 33.2283982363408
71.5469254461491 102.42890160000832
55.291051575805575 142.80188794332366
12.274840861977776 48.15001940525751
14.431684400858597 232.2851184490793
85.14184543654862 6.893534848468219
121.00511147998874 0.7478255163362035
174.64638101895423 248.22062486764915
120.51732672349446 218.5681283408553
17.446649745744917 63.42090682415025
111.38648573419907 18.898086596802226
43.4289765296659 137.48450260216427
153.32635406124524 204.78477709358572
95.44743421321816 139.48131713190796
223.4007743312323 183.6352957227523
117.0756383221243 228.62493912678545
94.74433188542235 246.0420911482489
158.7511454526258 131.3487512796744
229.17245729269905 58.55100232048186
245.02867353781295 117.71756147758481
166.36232128772474 177.01643771398076
150.13220177569264 178.67436112146106
118.357972789085 121.6019364893866
44.69112121273838 52.065570567527416
155.154750909348 155.7509085963734
95.20375752308485 228.4785383564781
198.77704056751705 59.387534531358256
131.13908175785375 113.74685351097271
10.403274385420962 237.79813732193082
229.8279041194062 187.83622294728264
120.12665374590739 100.15303927922834
14.772631845941826 187.70006432194063
187.2263547158213 14.334378238288203
57.5171048920479 192.07101848153815
224.34883924259046 228.51284701952952
24.114103426555232 103.77436702857473
118.32217483073201 102.4544449898743
139.52481679642406 165.17132833019434
216.4453204194732 118.78053446727249
247.27610577628025 6.212268543916183
121.88179730661616 98.45096253551661
137.2955420107164 61.17526959262551
8.415384001561943 113.28624326701674
16.51602319860057 159.42652907372172
229.530654838368 43.726457912233535
74.3953908892959 232.91941237742114
113.6788558506325 195.96414075632404
187.20340450019773 83.57521498532385
232.95708742928647 163.6113109425876
247.18620469497242 107.69994131279465
2.239546745951504 134.72446130441236
45.64548769288529 199.10236589504854
28.023182403517506 249.11288301040338
40.106373072960224 105.37710313094692
8.742156902578458 138.3008962747731
156.31388561312232 13.354992525782428
194.5213665452612 31.846180345917684
45.72112087267602 33.92465126693389
123.57887198776076 10.813664469481981
166.2271672842834 108.07573468120394
182.32485906500833 218.91549252097786
50.060236373115465 87.98171991212294
8.47710141104288 69.50302145414585
11.705497913859247 52.237611323495386
97.6502739463708 142.41484494133744
149.76662268927547 210.38819110316678
80.72053665672397 165.72697310091723
12.255780574477292 190.1573714652661
28.615742115150194 103.44627756758115
188.51214404647502 227.15402135222246
130.44650090269212 186.87332633459738
249.6958776754408 15.637334192476926
13.81130785038162 197.27968565753068
216.18535471432807 9.982949162133714
138.92729844015406 104.3976103245818
89.73451301807728 14.744746117132973
172.70249269318026 58.33624412944194
146.2454198763561 125.58735961358083
245.85456198534104 225.7354720272082
25.003288166655953 24.853196533515252
237.37019952195374 95.55216649637494
136.19035287223602 130.96788368878995
29.335162378965634 146.3237561695581
142.51389095538156 179.1708650645069
2.248310662543801 5.457750755479412
41.0077397616872 144.58412970188814
19.77318576466733 93.71235854667928
231.0884900749241 64.12337422682957
169.0538806883778 227.9431060601957
242.67261955710347 2.9596750213277123
17.04287947075275 212.07681502382448
35.799632173440706 73.65399462905073
39.06937582203132 74.65334319216014
142.25538215169905 154.51280997102901
200.7072515877393 39.95177729262256
53.24384940299062 178.87687649118604
171.73711901166223 15.915749426464288
76.21720196487969 144.24085375839618
9.16366622360476 195.01800399409544
113.36643183223529 219.25014113127065
177.7354560730092 162.80198263113303
155.56865807423844 111.26679120786706
74.30639383127402 61.6069625585656
107.97276974111728 53.13608477691448
49.32963611577054 88.40895960084075
179.1656616206366 49.954762351011404
109.05389761690672 153.3092848293019
51.86196432907389 203.21946338418704
4.2455903366949705 50.624121387852774
23.96859269163562 84.4941949793063
197.32809207817596 191.10001480225074
11.408961023634479 244.08068835524227
67.35000077559802 48.50208348255097
248.59510599731396 115.78969497543528
128.27309274065715 125.98066483145115
227.90453943335368 132.6371046583558
155.9943388751693 124.60376217830779
239.79853823246708 238.4162101563223
109.42016524867934 240.325185725896
60.36643049202423 221.86290764358282
142.8867862754208 57.9146160084357
174.84110507666244 245.6058737246212
2.284433771845978 82.58871305959781
195.7600581536237 215.25995953059848
57.528930769368436 217.85965651907512
154.1438408042321 187.48355978939694
150.263072933431 128.15583787359085
86.32610967809148 66.14820703538527
249.87135916135446 146.4198806602601
188.03147664231338 147.6557118897878
166.5472119365539 128.92597592231266
59.12246931333892 6.34809683146853
112.757849772266 51.766046451939744
147.9317057852193 68.0563128087677
81.4512213794863 35.22129266055693
162.2153920922471 60.49367695486946
185.8907862242819 51.08552390953555
56.007089666300914 118.92438121287368
229.36516181145683 200.81418508583795
174.7112256294868 76.7164121284356
138.4755003796297 85.76763834837014
218.0271457754597 93.67404013316599
112.75094171037806 240.73413369494978
187.52321075234693 58.86683958864347
205.66537410983887 214.33500826160264
117.51745939954661 65.03156370273238
150.16672779049773 33.50623119704496
52.02454097828971 27.7022683531091
22.922425414172693 144.70933508043368
238.55770422315277 82.69935212303825
79.57399673834844 195.14506989897427
77.19829908677622 213.89719346150886
207.33631854276507 56.48999020488102
73.50560496590869 178.73638663999222
201.87037725876604 40.88914690137047
187.26633791957022 194.55955433350027
112.12868527605471 47.95587892537376
182.77346831408883 184.0394928407683
9.744460881636108 141.03244653662404
134.51401253381138 29.55908538598631
242.86718657537529 173.00923063214802
34.99283807862005 228.16960985078774
231.94890770280682 44.19109239384464
176.9536387502096 133.46124917619946
165.23886175969605 149.31889162294937
66.7632960578138 124.12396227830865
61.26098348895215 135.8127031187267
202.75136797357183 36.771835704954235
166.3924428781583 180.0812661786655
7.445241158310855 41.40039328558273
41.08816917436825 235.06191060841184
59.38999767304984 216.50527960524832
215.4094257506494 154.16336541696654
50.17664268287331 56.024505816167306
142.99473874735614 183.79111781226803
14.283822676353392 57.40410029914544
241.92329224600417 191.2786096699101
83.06580127254007 79.54646459689188
228.59102556635935 123.70088736438554
115.48684345721868 49.697100957349086
110.45791587280182 58.12488594889093
42.24632086656674 206.58118570880998
145.84811120436657 63.24777830809752
184.24696328731304 71.9530072537769
105.86829246003323 87.36517920604253
229.7286577550791 187.96801990677693
22.917616696012054 35.57095555972975
234.606758075191 198.49537028627694
76.13399642444391 37.922197220969316
158.31379244403666 247.78463818843562
108.94723704119144 118.25286768477561
63.03731839240867 209.64835564509832
134.3229035350389 174.87335143395174
1.363244702383748 124.49754288006362
115.58024368472294 125.68632110540867
244.95806989584807 165.49931444320757
150.23941860718003 121.5776375148496
168.7457045629832 70.86064797453845
63.692043895401895 119.34136779171698
177.0735988962763 100.23924992058494
12.91913233158698 122.73431176731006
147.70852260312702 47.93743532675809
136.01601162781603 84.16887851417742
230.73833550293728 81.90580366264442
19.860948037928317 238.8572849584441
235.41779128105097 52.616874365646936
164.58523995129934 42.69776298561437
194.25178133196866 153.11117080155557
145.4718061042445 136.89025757418796
98.15363754005595 140.83854632703645
233.0184935171273 140.10883662200186
215.8537253701847 32.06018629203752
3.6840095409721165 63.05695239006062
174.66185936191084 209.23605074877935
64.22358965658826 69.469058882529
247.95818284866135 202.7957882356826
99.6538717186399 143.56351480940276
69.11883874383332 111.31518175838976
93.86208376974162 212.59081866069064
88.07044016292137 210.187789623561
202.111624349182 121.94359999331917
167.8155445110082 215.09919133303856
185.8718374548282 138.32029042342654
204.56862182860297 208.2099728329939
128.22323625137034 154.4633052772097
34.632623923977036 11.558738461065365
29.684259120006303 67.05020755955412
214.54911169683186 51.99126055048953
50.191058740210096 225.54254007058793
42.34683646134121 37.66195222302115
134.1926827035706 16.84215672239975
175.79474171500624 202.98677128290603
115.89569472099306 209.24555739367761
97.70554579320087 190.24513949046866
41.38019356390538 111.2727535025009
147.80826343925506 161.06266593988593
193.03447025310356 113.72127812130975
192.20628907946494 55.6159390306353
71.16170156723301 193.7849086790746
169.69211213215502 108.37884489997191
91.07458975098673 173.12035357542518
129.60694913155575 198.26489014707587
26.446017090500067 142.4716211259364
18.402334813833466 208.92117514172259
6.7019020797737525 24.536969622930837
228.68717801479514 216.1880163157687
10.862150009517457 117.07387861481571
46.10556086395806 118.66805334623007
231.07460934269255 70.2989654532334
10.034872450849525 79.58177427047697
112.29636621935246 196.3702992865104
125.10355979712013 207.4023002563469
141.19486907176082 226.73040221386162
14.790755741393575 205.61190435603478
167.30202611373986 130.41910847710258
214.23408137168013 221.87672511154685
146.75799624978416 236.99073509826255
221.87978149727027 244.37856386902877
99.55144662276957 144.7686175582603
33.47577522810013 158.2873049961529
99.96052205251065 167.86360081620995
87.37677597112767 189.57545592745024
50.6542352978713 67.65778183750804
164.85126384745064 183.25198127546264
244.54118848148437 65.30395275411635
172.12688403034065 108.95214610267406
0.9375282170525356 193.22124021686355
6.865479625827037 247.54885347891963
89.12816132403067 166.39040345938108
42.31540351147597 117.50517425489707
12.587318903773875 212.2353191837544
50.04248299017039 151.40442487660422
83.08057681112072 13.505353018654048
103.10553623562907 88.08644591641959
129.06674721566858 19.984307343581115
244.64314015269383 63.109680392016976
49.51571818155548 165.68644625137216
7.685505071872406 177.04968297925626
34.86954145475199 198.264983690782
65.27742879374266 89.63014688979284
68.66314513147168 139.38644713733137
24.56418864282786 92.82463950127651
125.18093672076772 153.67584053814065
32.93810375083955 204.96529689287857
207.98073013157438 246.18833021816081
119.06507960194982 132.90682132183193
6.64490686275665 237.61997166162016
88.7353185967811 35.27451587547742
205.7365483972583 110.06247179636478
115.99563306543267 100.18282246050347
83.86127677839875 69.43687435633692
130.18883361713037 35.92583401596761
90.0741967390068 227.28964298085634
149.62099828156667 90.05258918549607
41.74485891008928 157.75544104764185
164.69724268902948 245.43381728426633
14.9905703206564 23.593159764878248
110.77210589304579 237.87241825146424
230.7418608019159 187.26349977454075
107.7934771581348 4.5059891399767125
176.52912231318692 79.00229918493638
200.66819444434063 64.92832904070787
8.899976385431913 167.79884375967734
26.07348030539444 94.97716916417758
103.62567563314906 91.56456811116223
36.56433072354334 34.38755395680621
49.209233073345096 10.989672339924649
239.8865251489285 16.014599911880783
205.50866918656823 133.502297696384
237.16742479009176 218.68977727016426
16.879498300043537 89.82041500780763
119.3783247028454 66.78354758117044
17.188798590982184 124.14846496501991
8.773482437853225 163.96787609163798
233.71767910920173 170.84827479607725
163.70042517843723 138.42446864098952
20.93063154146879 240.90881612569873
59.0626699325143 11.873563068730302
176.92075559489933 143.38677832118046
61.78773153393347 147.2475405605508
19.309076025016523 150.2655323252986
63.373922504114724 127.28967974404587
169.82579584200974 73.19753941044522
67.45674274054161 126.5409493125704
120.22440572325277 120.50282943557303
4.749278991161621 31.259829520894066
162.21080259226974 191.45849377929983
9.103519354099893 189.20637882912857
142.19219674099628 29.26277169884603
107.9869490928515 197.52904615928952
241.5676107493978 57.987252910433746
168.76692905648642 22.865181752867503
211.0075796804513 214.01843441409162
143.09154431883718 74.90070045397552
27.227616369069256 116.26560021198809
204.24429736568635 117.56443829075062
42.03816739603733 120.21355580861578
74.73651574703297 58.71249323717401
223.6425139715488 114.51118940547347
38.72438194259312 142.73752171942334
220.27615821773085 121.91372748773632
155.20126699591103 99.81277318092357
6.649902304777133 144.91555087523327
22.64678235573306 41.55319773224206
48.33016060269818 94.13355097822945
222.59364658887333 185.61987245810576
119.58004219951864 7.015614232411899
137.87072936797574 41.68728639803712
101.08853275360879 9.082457687123624
84.86420179466825 52.47058888285985
38.20554154736533 189.80291595996226
179.88827773597345 17.568622942289142
244.2486231338873 170.75241990693644
220.25135063932188 182.5554852607768
197.240651301237 5.376908710571865
19.446878199727124 143.80600018512337
80.51952393464903 48.374123439871546
158.55188152581331 205.2136070241982
104.95940769616239 31.189522416420978
112.50145509529044 139.63038255932412
215.19241164055816 144.1996659255342
238.96658258282395 213.80183687920447
246.1809637102337 16.662122221688474
171.1961812454344 160.4416163009894
239.63753283653455 187.12008437984895
149.76234109254526 197.77579699590095
193.7268659517524 192.24528183844112
156.782367262535 244.80580704527642
163.57413655803037 108.13992386963528
183.07028182272833 42.14569601575827
83.01716554985205 20.39450597079781
242.4657979552614 92.17783981464467
42.66592262782429 103.86879614187455
222.19984805776042 144.3482069587872
105.45840687555594 41.132861144731855
98.98092247361775 186.95146905242265
148.19212876324747 221.452769945572
237.04480659709145 137.59624115866427
233.52054884094045 153.2746983175868
80.69608169887277 248.39098917726483
119.14961863974338 121.26850641356371
223.2597799245161 40.198443467892254
121.92628013017881 7.584342228673796
14.054116695023545 13.06271327844838
83.1446134215729 232.59939319717196
175.87752732698354 16.080107983156093
246.742167918836 60.16467386804636
229.17139939226206 75.06198351317161
18.003805688845688 123.43343323245796
87.52718607500206 214.03117315032557
31.25042902364522 242.78663354778615
190.03478457339932 181.31927182273023
172.09600157470268 161.54248249157624
231.69122578417995 151.5182068485993
149.12561431727332 23.243328652362365
118.1762313493804 26.1780617602769
3.4024710196302044 210.95917523480836
139.69565591002325 34.91233722942158
168.96715504046014 94.6467310735678
149.22640527601905 39.68404347290436
241.1279157628942 46.82997836037595
163.54745230577606 199.5196278873748
226.22624192555617 206.0059444645257
234.77899261245946 184.78309498523205
110.17305357019619 45.2623482660279
178.4080552163072 26.37850058136601
207.91280099848146 180.57822498003327
174.97165751131146 24.94512698541315
31.22094706831488 134.09618964384546
53.33889254421437 6.18079301820007
206.2905987579288 46.67381178930202
78.30601061491605 86.71369151220144
171.90286496560364 194.59871705589632
169.92113729618842 218.42383998007446
117.82540591002683 188.120201258325
11.852671615695948 93.34497411894507
50.717820710258735 70.97920968759888
42.497239034400195 15.448485590958406
42.168225103234704 145.64412146243333
170.94546569473664 11.791171537085171
157.27056166279667 108.0085808672257
160.7651470169946 235.0977603431064
43.04596906431601 220.08716395957185
5.628763172237345 244.07408435364965
48.667573330680476 87.78796689535967
81.64858986694523 210.9232776221406
212.34498451122505 63.72991635044228
242.15679999750174 45.5703926260442
16.552123670248857 9.98258197153476
110.94920389223523 70.84623481908878
157.60594757597863 59.21961513943608
223.41756077032838 197.40434750736628
33.24451758489505 117.32219569242908
10.936835580804244 189.2567089141171
82.2491356047158 25.038067115687817
142.74617206273405 157.4106515634025
143.8200438913923 116.71745995885662
204.13718069185393 71.40422992927526
248.49617725932245 117.88607954434713
150.4315448430269 219.43927124690205
35.307885472569964 5.991060282260097
52.750997599655875 35.317896333195264
79.65688727319323 139.10671225061753
135.32704743129304 116.87042890827898
228.87389934731226 38.90270076860927
131.3480361663442 187.49699792653576
215.8412111346806 44.558571983139785
156.19025867641605 166.72408731096127
187.30529394315707 3.6132175372318165
28.119634873154194 27.615248419850523
112.57147497701281 84.04736019109826
54.605035205422645 237.16226930086788
42.01654908957381 42.56918026941117
65.21924095719959 175.92640196432527
227.55410138424574 95.87509076989176
184.0527558305545 13.748864671709466
28.828448800686523 9.993996927918525
100.69036908545948 209.7119039007676
72.21941092009965 11.627790846305775
24.634400617320946 11.315514054180992
79.54776916569234 208.7727905536648
91.46990361174988 149.8435174865772
111.90041793388056 0.6642170347340992
1.06045059603474 30.10286739681095
192.75950675294166 229.6991308976119
37.53005706763388 188.957647192011
12.631998855485632 59.23668331012688
244.37690331760734 208.04772517918204
147.69432331627337 203.46500488430416
105.51716039740231 92.93392160021082
59.30827216970116 31.927814370823203
129.32680174282777 156.5539230173957
137.02107031409975 166.16903121153416
124.35714011688395 94.80470769723188
86.72437050479847 16.083241117664016
100.92431700751767 12.15813636721505
70.50818609022 84.7686721166084
86.18680921367888 92.88024426577579
40.46603813926811 136.34240331323326
64.85178152946628 68.1718195652907
181.22688451473914 205.07795162306545
216.4495081102536 86.86036219921672
240.5025728440579 86.28903609272878
95.24292818606011 124.09620532800922
130.9807216274093 195.69183249862968
62.58403680394889 13.42981155354675
54.96839783287491 122.67266766082253
79.14207618848529 79.22601275651509
198.26561910451787 160.4488354029844
204.16322635594824 187.97322094796627
129.53261047781217 56.94214992912569
21.114098843656727 179.22118867377475
75.81076643208429 237.30157822293478
6.315640472683459 158.47897765380262
58.079865201451284 132.33277008819005
23.710322233723463 93.21285425980157
184.11456874580998 220.5346059126141
215.07067026487132 171.24584504424647
64.0448200051909 137.48808950171738
92.09309262345516 49.53000508882568
101.83195969832474 101.76173442720693
234.5390102190087 114.94919718673121
69.97604385289402 67.75496525730327
121.88304377881396 50.77763090911244
93.95554990165583 1.0748062015500104
90.52157421325946 227.60168057213716
8.057418838604141 142.15209974774544
2.474783954338644 94.31533160846364
173.4822116094586 236.25884735639033
54.16415923993104 63.689105389038545
122.10748439422706 233.05769669395593
77.12577984447088 85.65679099650248
15.463893408987794 152.3234809192496
199.89285343177346 158.1017944155795
156.98808413985887 10.752432685252527
189.932567042517 219.13232620675353
129.90928333372983 196.45300600040594
240.85587042157167 120.32154071334908
242.68832374223038 53.283624874361394
18.6805992909303 170.69229525297715
138.7159727879736 236.13175607484186
222.21821009109817 81.85875632806838
30.805383381787703 65.97106374214235
67.07615938936875 184.51942258389437
201.71280792821122 146.07418216003865
116.25123186342287 5.95822648769781
93.91935828267586 134.1687673064879
79.55431160864318 237.43379561550546
168.88755474281623 133.83280541576895
197.0912228506503 55.797964903332165
115.02134642910944 240.98274817785202
49.738211893280706 194.80085115858984
48.77664200814327 155.1434980897485
212.93679652186182 175.71653761173093
56.62035150910077 8.893622508675037
86.75309160927084 205.58951907581883
77.84717546393125 54.930881358089714
72.16839071645224 196.55988089939552
146.45509791214042 165.89470397337493
10.868374009716685 142.31208346735377
184.9922680612261 114.15364395492384
104.10720957197589 126.43507867414289
37.62143154725073 150.81587369556397
190.93539830732806 77.4436081450976
66.13783873788145 227.4356553454531
148.99099441047161 135.74290324612983
135.85617497008295 141.67895502333673
190.5786111160661 120.49933380105962
58.1837243512926 192.32544935733085
17.227970826049294 224.33371286287573
183.9435058681536 221.2070961581476
37.450121939318265 185.27246653071848
173.04507506046187 82.82337878764514
239.59960224688032 165.6314549504324
36.759163087680044 137.9072656071166
9.877434371859284 47.89351797542024
99.94019431197911 143.60853426751322
154.74028448579853 71.88988153674015
28.330150871968247 56.46227533151435
130.10770270063438 208.79503536258085
152.4980725643158 66.18945307624793
91.77657678731322 51.551554412753994
102.42269648412092 193.34087339249604
63.39781618292722 246.09341412344983
50.51016616831169 159.73873163691437
23.645738040136198 71.31039442778412
124.35019214583704 52.13130500375365
222.11463444940983 201.30951624482864
216.31412475837803 98.70911190865955
34.91843701381034 2.961540516802863
87.36406398369076 67.84124109409301
175.47810763316753 90.5007136369354
25.866234086642958 55.99399419776499
198.7228782076356 170.02285177165535
41.081343651592576 87.81858378467633
18.195261101932314 97.87932661157589
246.87112416049038 232.87015469126547
119.21554587706854 147.36608591546184
62.19702931887419 40.52673979527441
239.01496347034092 52.432676100093055
54.69238182558317 0.22893968622300642
224.74265868493126 29.1847447457953
113.68962918589679 43.518520984879125
40.0947509374259 161.95555145551563
86.28200607716919 86.1604687282068
142.1417158399767 93.00738695577552
230.36236981848919 82.06867450025761
48.52787663303737 64.44638274308409
126.131503163424 185.71539131754355
132.03609383024013 53.790255651743585
131.0181387847089 64.99742815376494
64.26171140342521 208.23986821266624
51.86100271117225 98.2232083656972
217.6815244379354 14.0560679223668
170.4451864537925 137.1281049380793
42.16157822877997 34.99972270047788
201.64151810892773 44.70339733009285
99.32095751652048 154.42385224950746
207.1059258751072 23.877546801283927
18.62274155025484 33.24981987410122
136.129050851725 193.0177605570992
30.17987995678609 212.94084951671272
14.875385220682851 196.44409489540234
146.04157757948082 124.68121572283489
200.7014202713622 12.936295808487792
107.17329295181244 32.85701783935296
68.73079852543215 172.4766943458318
200.21449514312624 246.1085798319648
131.3657243148689 17.412093778311487
56.992681849491575 66.64873504730134
44.27046426460773 132.3261157923799
133.74589546496472 211.71380033169572
220.09288241994867 156.19950116735535
106.6118529820288 163.96667047162867
154.975467173725 9.391758285700297
113.6524861620315 182.91269549040584
175.49143171451354 207.35889156682254
77.17659198169984 95.8057782812654
88.6391590185527 131.3449015546307
100.48816214945904 43.685560974682595
4.895306134416994 40.29530047665331
96.1876363693209 244.8225873924762
159.04517934416486 92.88232194765101
21.59664112818524 167.19989054657702
229.48233709608724 240.55851109178008
13.141894280051664 51.129210255563464
62.19737294681546 27.331577272546344
72.36684463945731 243.24965696880537
238.41226353334451 84.96356640425736
165.31962228384077 72.9877588629678
9.811189204403743 146.1377992394711
97.55298128136708 115.38240664448877
5.567064527761955 47.88392811714279
86.58664407420191 123.02285612712527
190.5120149220629 20.111068776957147
108.50717554230293 224.00795808010554
3.059644728944766 172.164020074628
42.698244236973295 144.9228861990226
231.54192486218633 197.97055065896765
4.733889840292132 114.93279270984402
68.35650443701657 234.87078127552567
96.29702625373035 236.78124050924555
110.04260909286998 243.95305641039388
56.789808949078505 114.49282818866719
191.58697560787405 40.79860109198094
111.0639526482767 213.91743337179807
196.40645215231282 8.65612442894631
128.62438421761334 219.65751858963725
64.28842551239714 212.7105936098486
10.516277170265042 113.46408032767654
151.5472073186635 184.94140485436822
20.254771960204476 232.90962102509957
110.75685427112883 12.547178039078622
164.49961489018304 13.854929004317729
145.94650107704456 218.96987701567133
59.2346056136521 104.66232990692681
206.77664027595938 9.307008881337564
159.48363179022533 59.51117861585076
11.271353109732512 107.95503521924695
48.14756100531045 38.66500363296158
105.22240676428368 33.70093135240182
135.51919097136368 87.67004115597388
82.98551608838373 196.37872182270027
115.81650491839407 227.52582214803766
143.9429342225232 45.54504395680215
12.4374833405837 82.83771016605677
89.70337126341241 217.27016843507204
143.7231137709148 34.79781672618426
98.93195571822064 228.656675885189
84.94878928302812 73.34073223860554
224.4573117675543 2.9019174234200804
74.48892618975181 141.45223116401255
193.8862563052858 118.45820165746892
37.853117463620826 129.17077530198736
141.44819320259134 210.87861689230255
168.803080372098 34.292410635414214
160.3361615565365 148.51219902217522
184.8055675686037 232.92407509494493
0.1715150064723059 177.3159877268709
169.8239291691713 219.19021119703334
232.94202771595445 194.60335023868544
95.5924120896891 172.28976364168875
40.04392064386775 145.09791678672852
242.54341774099328 13.954116857246484
91.02021072049152 143.0084000044767
225.38895267853596 214.44514887545262
80.52307603527134 43.20069288827774
180.3976955636261 5.396650629030497
51.59556533794485 18.96923436443465
146.8235742234412 129.09488439381153
55.235036339347786 218.7436931859851
43.889147574306456 151.31398655115106
180.52930748251873 36.316700275921434
47.421224296073234 180.38901003971253
248.1991575160535 37.69771899566593
220.6196447791567 173.22903297730826
138.81266232285793 163.85300136164096
43.609542492777486 7.001969970163668
79.11728695223321 88.15963583447733
37.1803651769573 198.87057918315546
5.019635783142768 183.71372689689326

34.4
51.6
114.7
144.1
25.8
432.4
36.0
103.2
576.5
206.5
108.1
960.8
51.6
72.1
229.4
432.4
72.1
864.7
1201
258.1
324.3
432.4
68.8
8.6
286.8
432.4
258.1
137.6
86.0
143.4
172.1
143.4
480.4
229.4
260.3
114.7
216.2
258.1
432.4
540.4
324.3
1080.9
8.6
216.2
216.2
72.1
480.4
216.2
17.2
68.8
960.8
432.4
286.8
206.5
77.4
864.7
288.2
288.2
229.4
68.8
216.2
137.6
86.0
288.2
17.2
68.8
72.1
86.0
17.2
86.0
260.3
34.4
288.2
51.6
540.4
25.8
17.2
216.2
576.5
216.2
17.2
540.4
576.5
77.4
143.4
288.2
72.1
960.8
34.4
72.1
8.6
51.6
260.3
1201
17.2
129.0
260.3
288.2
25.8
68.8
8.6
216.2
206.5
720.6
154.9
144.1
36.0
72.1
34.4
34.4
103.2
34.4
432.4
17.2
25.8
432.4
154.9
480.4
288.2
129.0
17.2
17.2
72.1
51.6
600.5
86.0
103.2
324.3
25.8
36.0
68.8
154.9
600.5
17.2
86.0
600.5
154.9
258.1
36.0
864.7
17.2
216.2
1201
1080.9
144.1
172.1
144.1
206.5
229.4
143.4
51.6
77.4
143.4
144.1
216.2
137.6
143.4
68.8
432.4
1201
8.6
260.3
8.6
17.2
137.6
1201
129.0
25.8
432.4
129.0
51.6
77.4
260.3
51.6
258.1
1201
1201
68.8
206.5
960.8
288.2
1201
108.1
216.2
206.5
68.8
960.8
1201
86.0
216.2
129.0
51.6
108.1
258.1
720.6
34.4
258.1
17.2
143.4
144.1
68.8
206.5
17.2
960.8
114.7
600.5
77.4
258.1
720.6
77.4
324.3
143.4
1201
34.4
17.2
17.2
960.8
144.1
36.0
51.6
720.6
144.1
480.4
36.0
960.8
324.3
206.5
260.3
206.5
8.6
288.2
480.4
480.4
1201
260.3
720.6
229.4
25.8
114.7
144.1
108.1
144.1
17.2
137.6
144.1
51.6
108.1
960.8
286.8
103.2
432.4
51.6
432.4
432.4
648.5
960.8
8.6
129.0
51.6
216.2
960.8
576.5
51.6
540.4
143.4
288.2
648.5
144.1
103.2
720.6
286.8
229.4
103.2
154.9
648.5
600.5
36.0
576.5
720.6
540.4
143.4
324.3
144.1
72.1
51.6
480.4
17.2
77.4
864.7
600.5
576.5
114.7
17.2
206.5
540.4
206.5
432.4
960.8
216.2
68.8
480.4
480.4
864.7
540.4
432.4
17.2
720.6
103.2
86.0
172.1
8.6
540.4
648.5
36.0
576.5
260.3
72.1
324.3
432.4
286.8
72.1
576.5
324.3
34.4
720.6
288.2
540.4
1080.9
576.5
144.1
72.1
216.2
51.6
1201
172.1
108.1
286.8
129.0
432.4
86.0
206.5
720.6
144.1
8.6
103.2
51.6
540.4
432.4
103.2
258.1
68.8
600.5
144.1
960.8
36.0
1080.9
68.8
72.1
216.2
172.1
108.1
137.6
1080.9
1080.9
216.2
432.4
68.8
648.5
216.2
324.3
324.3
51.6
143.4
129.0
324.3
72.1
216.2
288.2
114.7
172.1
260.3
260.3
144.1
260.3
576.5
576.5
8.6
144.1
103.2
648.5
216.2
229.4
720.6
34.4
17.2
114.7
103.2
324.3
17.2
17.2
864.7
103.2
286.8
129.0
72.1
229.4
172.1
129.0
288.2
129.0
25.8
137.6
324.3
288.2
77.4
600.5
324.3
72.1
216.2
648.5
72.1
216.2
17.2
25.8
432.4
72.1
17.2
960.8
143.4
8.6
72.1
103.2
206.5
260.3
25.8
1080.9
103.2
260.3
103.2
288.2
72.1
1080.9
114.7
540.4
648.5
144.1
432.4
720.6
72.1
17.2
1080.9
103.2
1201
72.1
137.6
154.9
137.6
260.3
144.1
288.2
51.6
216.2
8.6
432.4
432.4
25.8
720.6
17.2
600.5
34.4
288.2
68.8
8.6
17.2
154.9
144.1
154.9
129.0
432.4
258.1
103.2
72.1
229.4
1080.9
216.2
216.2
25.8
36.0
600.5
72.1
137.6
1201
143.4
68.8
103.2
480.4
324.3
103.2
540.4
86.0
172.1
172.1
77.4
206.5
137.6
137.6
144.1
960.8
34.4
36.0
206.5
216.2
258.1
229.4
600.5
960.8
480.4
206.5
154.9
258.1
72.1
114.7
17.2
288.2
648.5
25.8
480.4
68.8
34.4
216.2
144.1
36.0
25.8
216.2
68.8
8.6
137.6
17.2
86.0
77.4
36.0
51.6
480.4
206.5
600.5
114.7
129.0
129.0
36.0
258.1
25.8
103.2
206.5
288.2
143.4
72.1
480.4
77.4
68.8
540.4
17.2
143.4
103.2
258.1
172.1
172.1
72.1
34.4
144.1
137.6
144.1
206.5
137.6
77.4
540.4
77.4
144.1
34.4
17.2
1201
1080.9
17.2
72.1
51.6
216.2
229.4
288.2
103.2
108.1
72.1
68.8
68.8
86.0
324.3
108.1
144.1
864.7
144.1
648.5
216.2
576.5
86.0
108.1
540.4
288.2
648.5
68.8
648.5
432.4
129.0
540.4
34.4
324.3
288.2
600.5
51.6
17.2
114.7
17.2
17.2
648.5
143.4
540.4
600.5
17.2
68.8
172.1
1201
17.2
216.2
216.2
137.6
648.5
540.4
137.6
480.4
288.2
216.2
68.8
648.5
8.6
260.3
51.6
172.1
540.4
68.8
36.0
51.6
480.4
260.3
8.6
172.1
258.1
143.4
720.6
77.4
206.5
51.6
77.4
229.4
216.2
154.9
864.7
480.4
25.8
143.4
576.5
137.6
258.1
154.9
17.2
960.8
137.6
108.1
540.4
103.2
648.5
103.2
229.4
540.4
17.2
648.5
600.5
86.0
324.3
648.5
216.2
68.8
600.5
137.6
72.1
432.4
108.1
34.4
36.0
432.4
206.5
432.4
960.8
143.4
51.6
51.6
288.2
103.2
432.4
480.4
17.2
216.2
86.0
324.3
432.4
51.6
36.0
51.6
68.8
144.1
1080.9
960.8
1201
108.1
576.5
324.3
144.1
86.0
324.3
72.1
144.1
34.4
324.3
72.1
480.4
600.5
51.6
648.5
600.5
258.1
260.3
432.4
143.4
8.6
206.5
154.9
86.0
51.6
34.4
432.4
36.0
216.2
1201
72.1
77.4
108.1
72.1
144.1
480.4
216.2
432.4
286.8
17.2
432.4
480.4
600.5
72.1
720.6
432.4
172.1
216.2
137.6
114.7
1080.9
137.6
258.1
286.8
34.4
103.2
77.4
324.3
137.6
17.2
137.6
1201
144.1
172.1
260.3
51.6
960.8
68.8
143.4
1080.9
286.8
288.2
216.2
324.3
25.8
8.6
216.2
36.0
576.5
206.5
68.8
17.2
1201
144.1
17.2
480.4
8.6
960.8
17.2
68.8
288.2
960.8
286.8
324.3
206.5
720.6
288.2
1201
172.1
1080.9
103.2
86.0
216.2
648.5
288.2
432.4
34.4
286.8
216.2
648.5
1080.9
540.4
720.6
216.2
25.8
172.1
229.4
540.4
86.0
34.4
432.4
960.8
480.4
216.2
103.2
17.2
324.3
720.6
72.1
103.2
1201
17.2
143.4
288.2
864.7
206.5
1201
137.6
51.6
86.0
8.6
137.6
68.8
1080.9
137.6
286.8
68.8
540.4
206.5
720.6
1080.9
206.5
720.6
143.4
172.1
172.1
324.3
432.4
108.1
260.3
172.1
34.4
68.8
432.4
36.0
288.2
258.1
17.2
432.4
103.2
1201
576.5
108.1
103.2
432.4
68.8
68.8
154.9
103.2
216.2
77.4
103.2
720.6
17.2
144.1
1201
129.0
324.3
576.5
36.0
51.6
103.2
260.3
108.1
68.8
77.4
960.8
68.8
260.3
154.9
51.6
72.1
216.2
286.8
17.2
144.1
129.0
600.5
216.2
103.2
129.0
77.4
108.1
480.4
960.8
206.5
137.6
206.5
17.2
229.4
108.1
114.7
229.4
1080.9
324.3
144.1
114.7
103.2
143.4
144.1
432.4
154.9
68.8
432.4
216.2
540.4
864.7
36.0
480.4
103.2
144.1
720.6
144.1
51.6
137.6
480.4
72.1
77.4
1080.9
72.1
960.8
72.1
86.0
129.0
206.5
17.2
103.2
68.8
103.2
8.6
144.1
77.4
216.2
8.6
1201
143.4
960.8
144.1
143.4
143.4
288.2
206.5
229.4
600.5
576.5
480.4
600.5
260.3
864.7
68.8
576.5
51.6
68.8
432.4
229.4
129.0
51.6
86.0
172.1
72.1
288.2
17.2
86.0
8.6
68.8
103.2
36.0
144.1
86.0
77.4
34.4
8.6
108.1
286.8
8.6

8.6 17.2 36.0 72.1
17.2 34.4 72.1 144.1
25.8 51.6 108.1 216.2
34.4 68.8 144.1 288.2
51.6 103.2 216.2 432.4
68.8 137.6 288.2 576.5
77.4 154.9 324.3 648.5
86.0 172.1 360.3 720.6
103.2 206.5 432.4 864.7
114.7 229.4 480.4 960.8
129.0 258.1 540.4 1080.9
143.4 286.8 600.5 1201.0

2 5 8 11
5 8 11 14
7 10 13 16
10 13 16 19
14 17 20 23
18 21 24 27
19 22 25 28
20 23 26 29
25 19 31 34
27 30 33 36
30 33 36 39
32 35 38 41

