1024 3.0 0.0 1000.0 3 160 240 100

199.89469215893664 228.94222323464587
5.420960690131121 140.04257677176753
15.391879571829442 53.75337178227088
175.87049342885663 112.62587692902582
246.35007191835007 241.48428759979817
70.7804916657011 225.39332510937527
36.99570445678849 125.21838131295266
106.92281412122948 131.15947551056004
227.33006977188185 231.32745268337754
123.77295767700522 151.1725438870797
158.19596400660106 208.67342544669484
88.68652017194168 39.16741343120864
25.909265093577215 153.4609046970314
33.05589543288473 218.1940705124844
187.32831417952187 226.95984895854264
186.31177098204964 74.28584342388386
153.97719849636147 23.23014285036645
112.26619734921137 55.8896863069433
72.64048713621746 22.119511286778803
44.680149942839584 198.1438761529235
224.21210413736952 43.8002346380624
67.94416833972161 176.47954493470573
230.6167943401245 160.4272672669846
141.03597216862968 20.94656140160675
174.6354694483841 67.49989752289828
185.82541826533205 243.93248260282257
247.79386443531658 240.3485589554096
95.06873075372349 184.99392405447475
200.48037314076802 56.540524678769884
38.32891813317829 230.27350284231417
62.37473764509005 160.7345414831768
213.84327863256337 153.64477495401724
166.93388278646052 227.6165929143106
181.19619685944534 15.920645947773481
242.92547816591747 135.21914502040983
216.69234099569408 171.92827285690956
219.9449636984004 208.86870794656235
248.40223532591241 235.84334436316917
87.7521014017304 223.4628047197473
160.18292825416228 248.61331044746055
17.051286491282625 226.6007903267085
155.0860035763948 169.32510420713027
197.56804880774007 153.36648226272249
225.1467867064531 70.3352666775203
19.68536696012027 212.81778314856805
194.82119811493564 152.40479589141248
49.03501345436956 200.10983799374367
0.9548356739373653 135.69909509767854
168.0934972326137 241.4225652437902
234.65771059977462 90.12842948939495
231.93560860022714 151.36113160193133
88.57298700121932 182.24168081701944
51.54070274720207 224.52039589033973
132.47744690967068 39.094193337095824
230.3051779866453 150.6491836154347
208.72613774683066 19.542630785586766
96.85618364458267 92.28094487753691
83.75592190586717 107.33672610190042
31.328591670284844 68.43526438048866
39.09457453569731 113.2217111801248
215.4481587632098 17.99642837606194
53.78150988766767 172.84240074654178
202.16438081066664 32.879589443244484
88.99527687094525 92.28303569152729
48.406020102000156 42.26811334705782
176.99213970108096 117.24171788493831
44.31576045867608 242.3135183029216
6.133066582398817 2.5396067444476977
14.742982279054683 175.587218262545
38.88134125495202 133.59071718158617
10.199980190411988 217.6739543262645
24.08267165000791 248.57508207233428
38.605594460773524 11.186138322906992
39.62567556299845 69.14190188281292
158.1299494871762 179.8763252596234
36.0284753802064 125.22071320782946
48.870737734124894 158.4067522625007
144.51366408807385 78.75487287569266
173.36839661319905 243.3532282117037
138.4214452430688 233.85186785460525
33.497114540452955 17.424140575128284
144.4067004281273 34.10464885255004
112.64362158841273 79.84334511925545
81.06818406537015 87.5909688751428
229.16659160042227 28.405175191533434
122.71213437621756 5.8360391230741495
174.19730452224465 171.49587134165662
30.367247515094174 37.75222124974875
99.08739151508769 174.78734155204117
37.4999764513386 210.5023226779199
227.76136313135157 186.54730192497613
205.85957015280982 206.5218303399777
134.16755300908991 120.06999212641445
141.63812410175382 108.99851952071316
158.436962880164 106.43122691903898
201.13226341080258 241.7192223212445
126.34584323759435 85.8371774126772
197.48382229938133 226.6267497657797
41.51695295179064 45.49910784278746
108.01591526123543 236.8113289621032
6.585876279679964 32.811901526894225
129.7520219836653 33.46688339405868
238.15875448855311 198.0112666358097
240.31893915886178 54.98113829705487
129.67031044204828 117.64084958674309
191.119743611827 216.0195464740235
34.70625738526276 164.78598813762764
105.52595618608574 115.25416976296573
47.849151152545986 237.39696878748768
193.91952543478814 206.82581939529516
95.34021365407335 69.79654408057951
102.21679967095653 154.76275983812323
139.60860926001772 155.9776907603839
4.556324027211983 119.83350203076692
203.1299044503984 101.72913077529408
208.6856746924787 46.699325864972884
102.87822211023732 40.7353740854908
189.6371280064741 222.07907845111498
225.8482663760153 0.20232633785849385
159.0384141522091 135.72095315012066
147.37581561470432 204.66489174436953
215.80539979040654 195.5020994259195
111.07672168194935 101.10813411405888
127.79836704058702 157.68308685166093
182.72094292368445 43.43723866042603
10.916352461624701 146.28350448270453
106.86260875720352 152.5644936451652
9.846647504677398 56.347448215515264
153.91736414602175 27.110431424604148
198.23813934491648 22.65223969970176
58.71218251120042 59.36319886693947
108.77846533514604 156.94926429411615
208.72352685923346 88.47522503269337
30.290095001869492 141.11026073130833
43.23019362917191 217.64932252284385
112.85688050767494 66.87772350933885
182.28961969444785 182.27845624808128
107.93821163974809 64.9283998112844
159.38737825181622 121.36931676382103
215.45366390477196 221.93363452478644
32.1376688440082 76.40087536450424
62.44060114386607 149.35044601185965
26.216148540997185 64.37486281790397
34.86841197108287 15.60302961390525
23.90673013914399 190.59225884678165
188.0844578525219 130.03287855230704
119.29527136494671 103.69752393307758
150.8766281735817 205.60812174608105
242.46825976983067 157.13107859316858
121.4527941857794 233.97104181072592
40.57143008110156 43.275765542407804
34.085211963100434 19.965769076465715
147.93651055135413 180.7413923963376
232.6629720295548 244.90333985929226
34.112955048938105 95.41226497932439
242.75905016455653 52.8199305992296
213.50960231225818 25.03810521985922
41.790417140203736 230.27728996163094
133.4110327531679 223.8194619467177
121.01784413350516 110.89739597879186
132.88504672818488 107.37268261601216
24.14478041840182 145.97537168447525
79.28997482543326 225.10456012990613
14.539570518457918 81.4922070072907
100.2824576019612 113.3336822787871
210.14284673951397 46.74934365459174
243.682541387333 220.90225989509452
231.04306353193985 102.21389220343261
94.46047584816272 159.46592988301205
132.08060114243605 138.56071646319236
27.882916154899988 165.4052613595044
183.9702067768088 224.17595038403337
128.69376468454274 6.375154409428873
174.18399073226487 1.3784175257988418
19.721892581403 102.85158920985299
196.56771285871983 25.870406768172398
107.87996502427674 182.88136750305605
65.6045818807551 240.85360636181747
162.38775309028946 20.833501091353927
107.04366769029733 42.889400645124084
229.12765875808572 30.651447573285612
217.28557716574002 67.42890046853638
62.876108741097056 76.83242184055244
195.7353861219071 212.84105650224822
105.17969845625352 171.58171063975965
212.36023492116485 112.70561115164163
22.375069958501136 73.79471251769579
194.10990995931627 193.9687218467816
144.63458740266043 207.6182959053099
75.0541855120907 49.21553634946424
212.2552572418353 100.12557251429233
210.90796391887008 127.74167616833815
152.79042096915526 105.45418459414412
207.5027251998609 121.53287270791405
229.19103464507748 88.79037347307553
174.0529420212807 132.24148492934034
1.5901961608985604 241.64519215792916
137.56451641265173 58.036009099688535
166.32417840607405 52.076165850146516
74.98892492159071 243.96401667961175
220.6458014982985 141.1082816844302
204.23854408618342 193.9816425407651
168.34815577477494 35.44011272725028
163.37048519316446 243.1565955995098
188.6733318433627 107.24499356330466
149.00141119693325 15.513310941554142
215.41773972806016 242.08400155354954
116.94509790334193 213.43502676244958
103.95311819562714 3.956048752842917
194.5574674270842 108.6999606624301
68.67843902739374 89.40268560013523
82.21381736499086 116.82198544346193
244.4614071944938 33.92538711201684
165.52992759684733 61.34091316874901
130.8618620017777 193.02505762979982
158.8813157047043 195.7491373313154
198.6502974298492 218.9196042469881
211.557723352808 23.252167100199532
26.582035558691235 105.13691630629616
73.85713075774295 114.61969027293661
171.82864635854096 242.82396313842816
36.60548569077546 139.2114130526344
60.77781132783239 136.00979367822063
30.004118942877355 156.56495575743338
147.33068092860879 128.70030769167252
111.36387634003711 118.55305070555883
138.65991326144055 181.6698679715686
131.7078331146186 161.88773448026757
94.52693326946616 26.419948437264253
55.16022655240002 111.43820716971267
48.09587006946811 64.97147511390696
197.10763610773836 196.27495580977512
141.58000625194356 229.8488954524201
203.4583308485279 215.13707138498955
50.03256224582808 155.8787244469794
159.73834220269595 134.09275517333936
155.22373573610835 146.93183113442058
48.57965299269712 149.64207021549765
51.64152080371784 81.88545347337312
249.2510409715871 87.26661195909544
91.64390310863892 160.81331096510544
63.190092359230235 137.39309331437258
144.22032936074189 207.1185115883929
196.54497417298163 153.35300809980558
33.88460838203597 4.718042275569517
178.3870819937995 147.54975846111876
209.90151255976582 86.9786314296929
83.44535628460761 98.01299787868975
183.96095195658802 61.53407246674214
27.448426979830547 49.87704602648368
158.7161434248442 26.55674888124837
209.65267394700848 128.5070330147604
97.1905718835744 29.586633813802553
11.24681619065912 121.54488738093593
18.12890357494948 108.13857516305342
37.84206177178528 114.79739773462641
165.73797758666632 159.78783182963858
207.15468163544432 9.153666931551285
60.13473203805245 215.5597548147968
166.41540669757464 64.62715345462632
193.0334028231944 205.46168904057632
125.10515172753708 247.56563044649297
179.18063170990104 35.63064445500552
14.199138926196037 1.2919515966719752
123.2060182014036 69.11970294181397
171.58572923409557 21.655126208432048
50.82405969380585 231.5681418108415
75.85270293658272 78.53813570937999
194.80856227699203 183.0122630228535
94.7951091617395 20.89844302892063
162.82712527192834 147.24782334740405
36.817632055921756 167.9354142458971
177.29614512320518 38.18623250098629
115.4659359153419 56.51431960852207
48.02071108372225 244.00613421888423
116.6975210379563 73.68597329795904
4.061440917660447 246.20438660347614
10.281701425536971 52.08642470179428
13.4412630870773 245.12491511885827
49.71802128110106 99.92569394909717
231.38368144430845 100.61625792614589
196.92787941800455 171.61570028970448
104.10920835747622 57.9986494109013
52.705850001044 126.69820694492842
83.9274042351608 36.754584943096745
64.0229331316923 222.21528495119418
150.01293208350208 217.511769533683
247.98631344324272 182.00311953712574
223.63456251013602 204.12024327335916
38.93009022089067 169.33495639240968
204.48612075002796 175.23412457545965
54.34855164633717 164.62769197627594
141.7155561144974 241.78790693638763
123.53548915631116 211.29601771435642
179.54536089284096 64.51239510186899
240.62160157411193 241.75392090546495
102.76268065468255 174.39245311037726
38.522639722950615 202.7985484241581
150.50487859172765 151.4445828740467
132.29020556472196 154.03493251783567
48.465423611389916 247.8947385524255
125.52544733008017 157.85084491339612
154.24268788893988 48.857224769098316
109.19584719403902 116.11395314666915
95.45717095205214 165.08609706698488
36.85830253471028 10.14326288266057
229.5718905654453 115.31912114667203
203.75104968334716 188.559401660336
101.53743098827742 40.74018328808057
143.66526960477353 103.78263890442265
228.90043188061193 156.67761133153047
98.99645033366834 247.26721291262726
121.3311276190572 229.2936222524387
178.89696932730433 38.697367447548956
126.26232349115588 40.94154434720515
190.29713747759257 95.5113221277571
60.34998671189662 136.83167032222093
120.81222282217067 88.31721105600526
87.17066486760581 192.1272194125578
115.14373369376013 179.96530160145846
167.1433067214912 74.48855524351916
0.5927195028693211 214.7847741596095
24.232992670947333 133.2217232924566
2.338413210422247 131.40229283965243
163.64495494186278 163.485626356732
23.938313364444465 224.86748138785092
120.719304087474 53.809299469446266
81.34100987729803 194.6966492244955
123.17307239326286 235.28761227519038
116.41902479902805 92.2678109737387
96.08732980265228 154.6577410868609
75.942115694884 182.14964637518418
13.852613320407325 193.349257601949
134.52312398611357 81.47715240673858
161.25802199401016 191.76228079195272
214.6759337981383 29.0031195792102
0.6344905802947165 146.23077863784036
240.89239125676107 218.6766067871754
80.51179222951465 26.58131299777386
190.23661794000427 117.38767575595857
174.59409433020787 8.9631172082906
169.1071184402131 127.44670201914757
70.74738393455141 0.7473210706471778
216.50296584551495 200.7340124074531
177.17769404502351 171.63910946919333
155.50855588313007 83.73489486107161
136.63772045224027 22.825965962844197
109.93430633674095 155.7441461997718
89.40193453169859 217.5131237594979
18.411455725977522 26.667099115262634
171.97984616793636 44.73063408788314
77.86373425617255 151.36564472948464
16.840644027152603 19.09224597630399
77.50115488222094 45.510420219716075
3.4286387140262384 43.44050373526598
82.48428294378337 0.30828134598667734
206.05480731460526 48.24424116465373
106.4809115926222 12.669264487827736
68.16127576067075 28.629966752812237
227.40620343957698 165.782271043644
69.39320912086599 243.06831153254487
48.615620460406625 44.18342480789039
113.81469002080924 21.73696933036673
232.47956403790616 26.474194808572133
20.092722402610757 142.8963971607408
120.6773547558738 167.00353816754168
183.0781930486672 247.46842923894434
44.92112504304127 140.25143797969116
140.58878264261324 15.161406822400608
113.47594880677553 103.22746842456176
236.51822795156244 185.7466875365264
87.42888796291395 230.62550328360012
133.8274409194118 31.362706427349895
209.11745659672872 190.23256315121557
94.55809662264289 15.727793187038596
149.99242783555246 183.9234084702824
162.31062344194336 4.081716019141229
92.11043706533125 174.9277297739251
183.76630835833677 195.83881773994315
170.91684316612077 205.3036193176355
113.44265073772303 42.15329113847416
51.05680279001532 157.43883347717366
44.35951263805368 120.99046906964334
50.075217877012854 56.27529278591592
153.57838716810502 63.19798977797208
195.50439929225195 67.66190368117506
139.35666100699177 180.98376678313036
36.25943785980712 188.50248171043864
226.5388570127707 95.68422371602536
246.8431642052736 203.86467551271042
15.662787737638878 197.52243108028296
150.35721667581245 148.5895862249755
98.8825361887434 233.24944216949768
207.03526746262256 177.71152042760218
222.0928876855539 146.41761025581346
193.99775129024601 42.359369102885736
136.73521624437933 183.96713738847868
111.53692678574437 133.00305015852507
125.00243064012476 217.2000104980894
8.849215023191137 182.83763453559206
235.64999454064045 3.069104154377306
197.89413075555058 238.92365972617773
62.18969962170495 52.80857009616233
103.96869629541052 52.53851836749065
219.10589140683888 28.63435229804459
172.49354383494003 65.5414758513465
0.8911077956769708 53.40741923948617
193.04764344666222 70.16712494757296
187.3275676567626 232.69735590068657
34.69476781015346 40.919472580487835
71.83008895675147 236.04558396162378
152.79766360727123 124.47699276144641
163.01944182104057 5.770828647211013
208.55045098046278 161.96868491929425
181.4065005151056 212.19112925896638
205.37993926720068 203.66710677435245
135.69307246957143 40.737343183269324
40.277097015862516 75.34187215573407
222.32973651554775 110.23729203617336
11.889905763160929 208.73923844682673
38.981024246837805 22.37091007210104
138.24532676049677 184.3439098724139
202.83889724995612 119.18465833514857
186.9385455349097 108.253807002825
131.8968990095962 177.98941956631043
153.50967372602187 189.05934599634037
13.250941133450544 2.0687431320882412
163.4394777104415 61.18330655794518
2.168618938833078 227.62273600792668
56.876029009876845 12.871476619834732
82.23129917055778 24.872077580493396
201.67009325502696 14.5499212390654
66.69666954510318 167.5894970108856
72.44307052002982 110.68431265078726
173.40915787131047 94.45848374028334
11.04214374678808 55.103892387521505
212.4813223397366 38.52802263443919
86.8514760928449 151.38628299726054
20.08703469733214 232.71133238319015
176.162692585453 3.9283027282610297
139.14131088464575 34.62800912022587
22.19354059514625 175.31064448497128
92.42670495740971 21.91329882460005
236.30206313325013 177.81357005331142
243.533158899355 248.79423015361186
169.77393174118663 120.32092536792594
193.41767803574814 139.70639571839163
224.78419738635282 205.53063724519043
76.89469728710135 96.47270207071156
181.44489298550738 69.9973094206762
222.0853515490518 89.91840294703566
175.3256116990888 11.121493146864864
233.2215828112248 224.19664100888176
65.65995877518593 237.00226257122486
88.08837708170358 116.30301943146709
71.65396444919983 231.2960475347799
93.00908147920755 167.33308351727274
212.54544308708807 97.87647211566136
84.71664521221234 197.0593594792281
238.7937425849293 115.38057738446888
185.71199055844852 128.6523582374929
31.526082430295865 145.2914521053559
173.75066029276775 216.16131679777385
56.23423636472735 173.79398702279042
26.527611975435544 95.76420490431087
212.43368184425398 130.09528594990238
166.00099822601783 16.39726450604148
222.3640867558237 56.40169596297218
102.30016874447415 113.61069308216307
192.7862183566373 136.52264704360292
0.46216087321299115 247.05772511740255
61.75060274699981 106.36750592585368
61.406271387333064 157.2089224291993
104.77928839090794 190.1912191256674
79.87960733559568 144.07739477692584
87.22136958182233 213.7532208928265
120.38633165499866 65.1548206309277
194.57117092964455 23.345341827068793
13.236808175980913 99.5961468747255
230.91135430464914 192.3108381616152
143.9948572020987 52.7519797017055
51.87583974261456 206.69357330671028
139.16643124592048 32.87864760377046
177.5635988763694 236.7799777024373
65.27909322354003 74.53947282665193
20.552330081085202 245.7919988913857
29.578216054138075 191.43478102468183
33.399498033828245 249.55350541080892
209.68631233644143 126.81603630094571
190.74861133091056 120.16775198613658
240.59786896427758 133.21965549788774
116.48695609321608 245.05460740912042
9.7432928677465 102.07037036252694
122.14155349047908 145.2833206806478
39.0181177442569 48.91131116961214
222.85803666035605 161.49687995786812
35.785372299099365 137.47758385808592
76.09290231210963 50.98357732251094
194.1121602191836 161.68642998570934
141.72199616472352 30.691744188290848
141.98718191365057 72.66990500416554
245.81904589434976 1.7039002526384461
29.825569294872068 14.529908743496577
51.75723455016673 33.69085825649037
182.57893190200218 168.48367094295963
172.42995521168484 92.63868509564912
90.59243547499524 198.69949877022668
46.8610142107338 175.6123560846699
31.470299520059754 131.650562821835
97.6689337607342 233.60049595551902
101.7812983222011 177.54647424139876
239.01337179112954 192.32461470436022
109.67461068676029 118.59159525364294
16.750836563110717 99.52754913650863
127.73853990611231 216.72837115440072
12.709729391003622 81.33063539398891
182.348717832066 84.54679467590121
34.793923802977744 108.80957648330961
214.40279066973068 123.15341021462409
94.61306321658333 167.50911577478843
207.79256211017872 33.097224519572116
10.872331557064546 230.44542060257766
124.30375212179104 94.30718624387136
8.240473206343053 145.83508322926468
171.10648752605593 177.63827203119575
97.01164410711996 70.97055320785154
179.40004933578786 167.0233186651989
23.6824581369251 88.80522234489402
135.09073254888733 194.1583014123586
152.59379540907904 141.50410370088898
199.57502411129224 87.44352852744991
115.3397489319695 36.503285450456616
237.73245808735845 231.10040950021647
14.678658097524 16.138221245237922
214.43361165089453 29.233472991094466
78.8681580284572 225.75113364823773
77.97709084057935 178.0839834865276
223.39076018719192 77.04546774350793
181.39893250732993 94.5168668669609
204.42886056759863 153.46855340012274
248.650318447883 29.145925639359028
9.235313788439836 167.49904945677127
8.962578252943054 211.9112105737845
215.33101612461175 23.48276374074351
207.11715728375603 69.9045949547017
163.24702268217592 26.55198123020955
14.952858290141425 184.43396501606256
65.75420967048088 49.75255143516327
28.478172475470714 58.563658177456986
108.51731305301082 206.80492801136535
249.17711511742627 212.85953761437074
3.3570471608436736 185.813403650758
52.46188111243249 86.50578959246668
214.77889594801587 179.5719767460599
95.24016616581396 225.10532612777436
152.0789567802973 62.10395266248686
183.58586614016278 83.39810563177983
140.75959132924714 228.05838557506607
187.97976573259683 187.80520263914454
180.56962356930575 54.33387143044172
1.9141028231404733 181.22569420190325
97.49950102404317 159.75623039774788
6.132060169031367 103.15301423550675
20.932523820239414 106.18990792432828
131.76568942310294 50.34832240858073
117.80142918452832 73.53013285344709
176.31630704348606 174.31985815618154
122.10310222239129 222.07553079622645
246.0191034612731 183.49899455285453
130.47944961193528 32.952754121769786
219.10731101321045 241.00935309212258
17.118186748922792 60.68108177448423
20.355686430382963 246.13842801739645
216.42385323605743 243.55783070038032
102.8517072038837 5.7925413889539366
63.27566160647355 151.52776635320544
138.58969445254922 113.44175489433087
228.28713222985306 128.08720633249723
176.42732068260844 67.26339153015564
126.58573430251838 33.02767500190651
37.135553584202476 85.70915420475193
59.49700982040032 218.45919959341074
78.05539468703113 180.564464387959
149.05153506070798 150.97956498444967
172.54085767510261 177.4837047839872
18.073279531177377 245.97211310536457
201.1699919491279 194.05576570513446
183.74627286368798 148.4505101537256
28.3349685416677 231.28267618912628
153.63984466110747 47.93026101050521
229.01088526916348 98.9767223390878
30.816124654732548 46.14669316919861
182.62795118260354 89.22309551997071
127.29582486101285 227.26846535152018
166.53674486245308 65.83066275722635
163.62903010324183 186.4000251187667
87.69253911164188 170.93420226627808
49.37074219361065 78.60830106614542
34.30674508005421 211.5057152951037
208.15476567450554 34.647102619333765
74.82963277463358 22.341659871022575
64.09136137239254 41.51020092245733
0.5888372141979459 171.3095435089405
147.41469344702327 176.0257035240406
150.17140961950136 85.56693841727078
187.33974660107268 144.25987793390632
20.088200411672474 20.02265586770732
186.95656563616697 187.74609534234196
103.48125250828477 108.7838620071338
113.3762711063242 99.9466214633162
181.05371307182818 137.99622803684642
78.4143250516717 10.346972039961432
115.81467957944402 134.07671115704372
69.65110268928282 178.3722232871003
0.19291913092014945 206.521815492779
74.4234104302918 49.92986554810541
235.5310133964419 246.36481053178383
4.040510384400897 195.55009752741339
185.50672198596405 67.80199007970033
30.108684857943686 15.749232387202438
201.10824830300513 147.52246426404707
136.20279842705463 70.30880854352891
172.84811115115772 208.07540069184472
130.3145377532166 160.1465856026801
55.25105483640596 38.36014617996408
212.36221202033684 214.2342384658469
9.150325596297554 63.64927906322493
59.656496749515256 88.06672478920957
72.18142919807433 167.09464165257296
111.63353285762945 53.473427875437295
81.29309058818318 2.5352432629863753
12.98891180409184 200.07374845632046
233.85354348659695 76.5581086333956
18.07504273526733 244.27405130225364
239.66274348509054 199.46785688875468
164.68099286244873 16.717639273318984
102.73110940774995 108.47633765798884
142.6497008751052 184.38096655117556
156.02340994444086 140.8335449879817
43.78430983149698 157.6698126837842
248.16407432019204 31.08508750973582
37.847141691791485 176.46178006988453
66.04366836892464 43.150652012391156
213.94395421279515 62.02625797766789
69.37603826382343 104.84949978780678
246.86954619471965 35.439001852212634
141.5932991019232 97.29222274669844
175.6228729317801 248.81695574480545
65.69921343514295 79.75257820710394
68.71353894553944 49.69314287636845
225.9338847260056 61.03116159437164
24.882843688118328 170.80444876344558
125.38552104190903 123.39112179992523
50.47778302321623 228.62881672813302
130.01289240913124 72.42990429870558
66.02171522569317 76.90841822201195
227.19393586469386 220.2060150263617
85.12379054313932 73.27998660779942
21.32245728973911 179.77686975747193
241.54904675410424 56.35018764721714
173.4691358278512 31.039497831032826
114.00760633789243 242.55855125104924
188.1604626204504 4.561286234685991
136.44733308913914 219.87324246187114
18.561328231569558 73.65600425547181
141.44867968896386 222.41163638906195
240.88222152267136 227.20065966673937
138.775031484358 88.36835373124852
175.4302129252573 149.42378500092045
36.416461824821724 45.626830045077085
234.63392434275187 17.24346615520328
98.71428430731561 157.53485817177852
153.39086505007054 249.1881049272331
95.79480031878032 22.83453615158279
165.20986515927888 172.69904832779804
219.21666226479687 40.666473334586115
106.63329932771987 150.8500905644673
116.73429561395749 147.9060177825623
57.82008504287347 142.02887411888756
88.72610757660904 68.80631073918458
144.99722845618635 134.17733714015608
50.58227940889088 205.622231156148
96.1437273223108 164.75949136900647
30.105254297428385 32.657564625534846
64.01980414531516 29.900869031143667
166.4592345779615 199.89475595038235
248.72309917103763 94.70104698648271
42.62079319828535 207.6259790972594
98.58837026667122 189.8428536218676
240.20037356417052 60.79389594825821
3.8002197114684333 220.70901844233995
162.67813621545753 8.395446968613745
198.16777795302113 13.587297936569097
61.54922551184227 142.52071564383414
102.05102300918176 201.36165903521493
243.28336975522274 81.31460663526465
169.09554421455695 60.095605879521315
176.28781308813512 213.23971536352153
229.51530749993566 165.33866415190172
5.174901107339175 137.20975051484328
212.75528360623278 88.79557478433067
33.7559139408285 228.54859985613373
52.696009193430925 37.146350462119614
11.499483836963421 185.1561191723893
179.55805456420117 207.173587657912
84.92250648893773 161.58686006069425
165.88709374609016 64.92856766868077
162.4591734078051 224.5424755957582
5.838059200307444 107.49390357233463
2.766742302914571 20.591153477737684
62.098602707983034 163.34068354636307
1.4207050169159352 106.41360154824228
203.9568919132589 226.60352848880584
236.0123865740622 136.50737483320435
245.0737058618283 48.70249812548757
23.904081978070035 50.50271347828103
242.29473547745476 196.9900169656962
185.9827332855873 43.844433249861396
8.622604670884382 101.43191049434927
184.4171347176977 180.745082021953
166.52011498147385 83.78311909963998
97.5643457609868 15.048872424862886
82.00439394386461 29.542700945022954
109.88816367175511 246.28624039112887
231.45039233618607 31.491051890057797
161.7474784587577 171.07917709564063
74.56702193571898 8.400551688031694
216.85243628815113 225.29801757206053
72.59665127358636 92.12439509894993
82.58173750868889 249.25310868886515
151.42174495179253 192.41632653986557
37.95458441318328 179.2517356902488
2.351017622363033 90.31376567241844
87.97473048784349 119.34004430516148
90.44428937189289 111.44708233506701
214.4961443745453 93.46690587212004
210.835990710553 190.01265098404443
34.45180786693103 222.08069983328375
7.802338912051232 71.65292963576142
176.96624722594188 35.57725290520594
153.0387020036175 154.67727377972025
197.85791774496013 174.19272583727084
79.58748450419829 79.49744040634951
151.7369334871226 36.37737779212743
109.62786915985149 227.38449732744178
238.44173205400736 75.02703947172162
160.14388738352343 240.0915930848908
216.3024636095577 205.01572643446596
78.4329138888957 194.23625526549756
45.129090676880786 211.78925907734046
186.28236967511705 184.71170236735335
193.69362200264027 184.05587935642382
173.79247218258013 117.60146842551703
213.1883122784886 113.30580974799761
178.09968010206816 139.96826175440518
241.3510964154213 0.7378000234889159
6.028456296622936 43.24713532464011
15.268278160518623 25.685825386746796
197.22830001617578 25.405581951243928
95.32779439068555 212.27169277144876
87.5375361193921 109.75067296607475
160.07151519392286 205.01572244227984
14.725596589761913 227.86533477050352
123.21003816041996 111.77161841507652
96.2985715188443 207.2676413349165
142.141712054016 88.10134652151407
190.9133456269097 132.95897192473169
183.929170297132 173.42398398243685
232.46343094509945 222.73020021031994
243.85237123406083 116.62946851518605
66.8721249043511 207.21517762472988
249.48526878743363 9.526684279161007
140.02450026232617 211.31599946431893
54.95481043851161 217.86632642335653
68.305505336336 149.46764360406738
215.87322120047318 43.31826265686836
234.9044217129208 133.70433875517793
38.91652041239188 75.16395017456581
9.02647247939417 203.53203020979345
54.545160541544846 13.339873329766466
243.63690730257548 153.51071747174993
38.64746820954984 209.17493951371745
202.6533582928173 72.52008276409127
8.74037326950608 9.00666348675147
46.33795512589883 38.25973840453234
210.38620745237228 117.95229974588558
193.0220655537377 113.83307842347826
223.25286549403177 135.5203821860335
71.59475772680749 17.836706601354667
244.35001563558876 53.33107210716054
78.5679890237301 123.00736916655345
37.26512237810059 121.10575408328091
236.31451744058282 72.58553244099333
114.19449523302927 193.73493256828687
80.02453614607252 61.737979021764836
217.1051508394731 215.64576243483373
245.69517514959597 198.6025817679877
184.25995304702195 77.04690466854738
108.52091271167319 121.60421714370797
248.59775931056433 161.2641605180397
196.7489130960283 111.45320123295055
2.512805190588552 78.68812858834431
23.3741783979958 6.449402950920252
183.1775467414757 177.76711227483045
141.92991637599692 211.78692475627446
111.25408381955504 240.08014528812504
186.0905470780009 225.91206339063402
218.85998963850815 114.82272634717009
53.652278132308886 230.260049469789
185.6845499109948 63.662933343728135
86.67828093844763 118.92909063397528
213.37472667842354 103.38164887335533
69.48157073385849 6.466279654421397
234.10830607446778 60.286793779815575
135.9372770998248 104.1255369831898
7.744285106436405 95.37597717879687
34.38952789662492 159.71372555700304
81.15256963087158 109.46651228075363
245.7056467732639 0.6603842121745696
58.112361796089196 171.8396448212947
7.1624560027322985 27.843138124466233
108.11742914493269 226.68090965009824
177.87647430598543 75.20017504808479
65.85632658892351 153.62057397753355
136.96845519914132 87.84732479457516
27.879622280232 105.29613338058013
150.43728599196072 171.70747272448077
1.2617941894823848 84.28101888490522
239.66685974167657 41.873223468256086
207.2299212637657 15.906712210022212
112.8853694467474 114.84334152478401
34.75392124034921 167.9345042730629
70.82103780064084 152.18433116292755
125.40508704285902 223.501256088855
108.0713276024082 50.30213156093713
26.74820803612765 176.42492438289713
169.06084174564916 41.09529262133943
137.38823599544426 65.03984709647933
203.90556488309704 35.84461418642873
156.1517941173098 127.14905180606311
29.642863290295196 153.78399226932825
72.90532807004263 240.4033777903447
209.01410714750097 240.2159783598655
15.86441307635078 107.24386700638155
22.383244805164402 242.56973778277546
14.396142312394916 243.89120116786245
193.60433693516137 12.584832538612229
205.8280891954558 151.90056876089662
73.4728462755943 213.33175605805616
28.51524797501498 88.16351883082804
185.79410410763765 142.67587442508704
205.39542368925387 135.35102810940913
167.4199152478074 10.019507835008518
69.78859886255151 247.49604560830414
141.61870400797886 155.85662976407187
62.78211795764932 135.49231088281397
163.70528281868516 66.87729275624427
207.75672389526866 139.70814136925625
183.43914108975565 158.94041873932017
216.04356432641933 68.53124929657004
186.27879091974262 158.0004906117965
24.22791046696082 208.28306094691624
164.60573463300577 93.9000747025977
23.574745880633685 27.237914463637075
75.4940382922743 171.74339366795152
50.76737805564893 27.17569736167502
225.88119639466987 86.41530160799759
238.69605841669951 109.69873882026911
202.44962248503236 66.84579515097074
59.418747968779996 110.6626021771081
113.45819747475655 6.11847430507853
224.32284970649687 3.6658224761277056
155.47878779189767 40.62380533897317
84.75800522549562 248.3165921634026
54.783033289936114 77.48252645244602
113.01961826375353 170.62682594052401
155.0166316232195 184.58141849426508
127.25477592383518 17.83245215880677
83.69009063404198 201.1212978849372
113.3185312089386 175.04224987718175
25.246708258316986 110.08632567444019
158.7802011132178 40.52231745617599
62.36652222477782 208.152937848024
66.30926745119697 11.866087133769105
77.39992053690007 62.858418892978854
110.36134224312389 203.17211913099672
131.39319593560555 244.98289012474376
238.81591395703634 140.2511371760179
229.29337795050364 240.35928073615196
0.35406381059113756 4.9033052307518314
126.84410991323944 182.95697560517098
89.4444614840398 85.18692854535334
210.48565187311377 176.310086384827
240.80350490662417 94.3881505657066
113.27921624801569 247.1543349080987
85.56309708043422 56.5890409862323
164.47201026136352 115.66306675057089
137.15778317923653 229.6422947262592
179.31516941663696 148.79392735857712
152.22394667932932 51.95440483402161
157.5254975800622 185.23864536004396
151.1547053910168 179.50132604803824
36.70605037354588 169.37829537791526
243.97801118647803 18.937894088863594
154.3459784033976 102.65797895656964
204.88033841256708 217.95127272332087
7.098405928920415 106.17336495262225
39.67961389402647 67.69545821007716
194.76333547586606 240.1619517580932
22.549827608195404 176.35218680750845
125.66236918582128 157.66811974124255
171.94767920191734 175.52303349228885
142.43766388654615 116.71637309940213
127.36533999973962 161.58581397101787
220.2083382298459 179.30990334669337
237.66995433674737 208.2982855693512
2.7988218101433757 239.28067643941503
198.2509593798754 75.17252706490254
36.519260210640084 131.860267838259
155.22734903525594 241.8100440956118
43.81342814537747 213.72322103084937
123.76900331479312 70.83817580483861
204.19565418288332 221.61116587103783
81.48812591466614 234.66475646284354
54.51217044081624 180.9294386157899
94.25703257142662 118.5684880102062
23.203222860719546 221.5433426088521
175.15572368888755 125.14232127765825
223.7588318328734 82.92913941486977
27.28701425123306 113.37420193906583
14.712983503345878 104.70389550183879
104.98416073032763 83.67014185176336
30.257796369868334 150.3542898796774
145.46292536412298 45.597507857330385
197.95302672321475 246.08615959066861
169.9534124274973 29.127350423035743
236.90920516171747 16.61523166765874
6.589235393205467 191.7923915942426
174.13788190805232 238.5379690269301
146.45347070813136 235.7195403337536
114.40628362979002 168.80298804899897
214.8595641805554 169.44714839573433
139.20341800053953 51.3247191817022
245.01700222294025 234.3429420764447
102.24857387311789 152.60365340256428
43.12238813315439 121.0374002041077
28.701770939427274 110.76182203052228
82.77657837839797 223.58019320918547
182.01715091161915 134.00976532068944
217.37365303778532 191.52128760345082
239.10833152721122 237.7943923992268
123.12614540398414 160.27625277897909
154.38278911495937 146.20395481897035
35.99249780675254 32.05667857741412
31.69372086873612 85.45427076554468
21.222111693371016 130.45257279545314
248.38796977396817 197.64981277690666
179.14355849832 135.8932376649937
247.09671050382622 24.920001659259896
237.30087274789568 204.47214460319597
94.57379066821636 88.01114902713658
243.61643536470774 64.1250861488194
246.33408823735988 28.42760280186654
31.14315515726493 158.15719943059597
209.50125145829426 175.72389851749938
51.72809003915632 163.4903889211162
210.72608805609295 53.75304310032627
198.41559310228638 179.89268257817875
133.98609823275672 36.051733543611384
191.8008953374104 177.50953965539932
9.978259072777496 23.913540295039642
160.5757071118549 152.94711952791704
21.01200861702551 166.4379385456136
200.59140990684853 152.77052311831412
3.7870695522039255 135.96815888025202
153.70784365494094 210.1417312738915
184.01254301426832 96.0380583653031
119.00475083077941 62.33991817346215
81.30428965043247 144.70239440122012
5.3446219830168005 217.08759710190387
79.48053393064767 69.6924664513473
54.85311051925826 48.6243109900624
20.695794836049025 201.24125118380724
77.82892476822515 179.6313273140996
167.82244689069137 186.80470438587125
153.5515083462879 147.80444094763584
156.25704802600706 17.318261867626667
195.03773298239983 207.13467517569336
71.93881139917568 234.17374428535985
209.41012837177666 112.73714982929151
205.03035613623288 207.6110526216722
193.74794280230793 57.397550532185285
68.48418824791224 231.12552510870574
173.07925798706535 2.4306109186016114
16.59221873626815 227.6042825377977
5.883964764103938 243.57867224448054
215.92311697253095 249.02460442816692
213.68594604800583 117.9569062595636
143.65730532478258 228.00388507907752
181.2551687672837 197.7540550352594
59.40885112756583 129.47877595457163
91.0411578600831 101.27867257540701
202.3592988228177 160.57446508746298
110.7969653821006 49.27577906246203
53.367927758193574 123.03186137858071
92.41555699524869 63.588752802343386
87.8309295327373 57.64125773396772
9.598386442709606 57.207591301866614
176.4993014150177 38.60886585366935
229.24545196386748 132.0228381885991
112.16111798568839 13.60713264070354
237.62614850819668 106.92754147458052
206.08947014396398 201.51142928984856
36.42224326003135 25.661629772276235
135.65607566351935 73.97531978422997
99.30735566148321 233.57068938402256
200.6288070752653 248.27318616347972
158.00606421384623 14.474833695241662
27.981713706697082 248.96330774011258
249.89156669857144 131.88105871648898
86.66872007478771 30.13547866471264
40.888696731586904 29.964718660356105
103.83109374945678 173.93573964556506
155.51432839566405 57.37639306234793

197.60903764156126 236.37215983773362
1.0336702711079004 145.9176195665824
22.67566283357786 54.14055824459249
178.14290354022302 109.46592748797521
243.90409397206184 249.28911962452892
64.68284188834281 228.6266077262449
35.02833469539476 131.8442921579562
113.87733161237598 130.63516089077632
222.66973332150607 234.4946565267388
120.28716422446712 157.0371416431194
151.86816098052532 206.20424496908956
92.6471998139169 32.45392626668039
27.560797212073744 158.62752386038485
36.19741943436466 220.95188501032462
186.51477798494452 225.9462893320983
188.216917971308 74.55622648262239
152.8521585317045 27.589156742050065
103.87948682121562 56.7857387638934
67.73985787765699 28.955994034648434
45.01854947067399 196.77023740226196
229.92926590751375 39.01495768026347
66.23884424031473 175.66722066647242
228.29845468065753 154.14634057048283
137.37720983433616 20.148421225664876
181.96874714805716 70.70134026359939
191.0378313615425 249.60774752836133
246.556208981414 247.84009883865627
94.61390342945045 193.00468275061428
206.43608741267678 58.61406481367559
34.93913995712655 222.97988212677225
62.729771350427235 155.81786971143168
218.1071870204769 147.3137245213235
161.53719249646866 221.09510336325454
175.4315287448078 18.551834144718004
242.15049976560158 129.81731532978324
222.77966081493128 166.58676238404612
218.01882701888377 216.13125674166378
249.6465071097731 236.2898822250112
81.80561715570583 228.33539978193656
165.24917533232352 245.55506509759505
22.038134368128237 227.35949484101064
153.02944769942954 165.27652568908357
191.79528753546023 151.03446924791666
222.12613903618666 63.28062940528359
14.414725145288715 214.07245856970457
197.22795175506084 147.4839309498802
46.91806843244464 198.94575677439974
2.99908722191522 134.37233729105256
168.457903617486 237.78981664880604
234.95704261229426 96.96424390226677
227.35543113777996 151.61211181591145
87.04460764407793 183.9569641476231
52.47316211529379 230.96475090582496
126.01023144509595 44.414915255080736
231.9645580797894 154.0628602204887
203.19248084534973 21.01638580086698
101.97173866041135 95.97217758079202
78.5171972225256 102.4768413070232
35.71695002377304 67.74781343739025
42.44051409518901 115.22069130755006
214.0011908761642 17.540892806802404
49.43793172684558 176.75955825612678
198.94468360227745 34.10670217965586
94.19522121644778 98.71877679304012
44.9996386730249 41.34632728004736
177.3423452996605 114.83259613409274
48.47331339220473 246.8070341734878
9.31145132382799 9.733828036413483
20.804338717145015 177.3592837316
44.27529494410681 139.91458292945816
8.635922392862039 221.89380228068237
21.42554165717378 249.34479980736978
32.078267669780224 12.79851644799465
32.303877523956054 66.01775732658663
163.78048744782114 180.30656336721702
28.665319120404124 127.66566386785902
43.2813783828043 162.67827375929863
142.96446032160358 71.564890161107
172.3037723168961 244.97760557156417
146.87399926670815 233.96378143253665
39.64282237749167 19.813138386455513
146.3930388116233 41.10036745612749
118.70668144761926 77.37774798955519
80.90352380318647 95.64758362244136
228.95763226879384 32.45906414606164
126.4030387071629 11.869079133859179
170.48008711580624 164.8259887590195
23.790490730164482 33.58235089629094
102.70209003346964 172.56855494632504
42.22390680606833 204.30909576137608
228.40847579319816 179.5411112866549
204.54220733120778 208.65774003812444
133.60763910921736 113.37561993462216
144.6429891714688 112.00323520812452
163.26942838785334 108.3336439770747
195.95770813829722 235.352182074779
129.13162431022243 80.75887225319683
191.53723437090915 232.19117892443364
37.91922482345056 38.915678897536
106.21157661622607 232.30666389534144
2.466033677689966 29.234288687142644
121.80607827081302 35.404917677310884
239.5806449806411 191.25488304413318
242.06187752363223 47.19458381792141
123.64869800431849 116.62133453755247
190.5066834571939 216.41233220536654
41.24488891791622 167.07770258513682
107.21121713608953 116.15086500331884
40.694651085175195 233.57210496197473
197.94604682948093 203.99185017241558
88.01100801740766 72.99539354182996
97.54858784521583 160.897871636379
135.39505736962394 152.64757549195755
4.262756384107474 118.45761116976561
198.10779838202822 102.43675139508792
210.65578315623287 38.520981589349915
104.88938762306397 34.99523181772271
193.37247252685154 223.86320863069685
229.65159557805978 0.06946722458558985
152.5228076563715 135.88392608153217
150.67487714807064 199.1761500875097
220.67440930676707 198.80255965607225
114.50811372337976 97.42160215817205
134.16035439121922 157.6081883299044
186.7326977685454 38.69377838298283
12.21239092392043 151.88132301656108
101.85905815844859 149.35519223177343
5.195459447362216 60.319146275404854
153.1833539847732 27.271266892370583
201.02476056509573 21.5545792089486
58.15880797434397 53.02171918933457
108.4705964055086 154.8385554008616
202.82684239559177 91.52496478358704
33.597648608864134 136.23566105509627
50.934925433748 218.68069770839094
111.02424527981044 67.43567267498382
185.1529544306979 188.4770712123881
115.69724552029842 66.01658685111475
159.33960792067288 121.84159805464844
218.36970044380107 224.6810423147628
31.10540556050512 76.71568400668205
57.35182413546278 148.99267936464778
24.44479987899098 58.97346419526464
31.146416084072953 21.151752867761026
19.248964756283765 197.38528113265002
196.2984485406587 131.99214956128074
121.9690033517905 99.62897943320611
152.217475288299 206.36190317358464
245.36847940312552 155.21403610625973
114.4341278145893 237.7331610808852
45.82478534812526 37.01721161201707
27.811668496366682 22.637233551151436
144.4945861621966 180.21484688995403
230.07028381095913 241.5040659259147
27.628050630925742 94.36821342556273
247.62700822278137 51.119514221395406
209.66593129243947 22.441759919278798
42.99445409108907 226.670218368831
128.5492025840771 223.7673480802999
120.47229251924063 118.61230128867062
128.28004017711493 113.61287582603762
28.482526907688268 141.63862489993835
76.8754184369265 228.73754534426396
20.99914628457031 79.5056535949873
98.0089722695327 113.30224718587894
202.64395351406753 49.04678178257183
241.16938064216407 219.96136625207333
226.5640867285231 98.94774294086456
87.80368328988358 163.79319840747817
130.44854458887409 131.53861886973633
29.235179077265137 168.4077887204407
186.34078513699438 225.67876977631465
134.2033574260502 5.606339163207297
179.16545575336292 7.51279917412917
15.436329204915722 101.5137123162028
192.86044166907942 26.20992799328742
109.63413433466596 189.4952038199961
61.24087518542859 243.80387677545568
164.63687199991088 22.822419076634432
110.55522667296671 48.953594686407534
232.9106853449874 33.27765967004384
211.8343726337701 66.29656293763844
65.831379875133 80.36161877230194
195.29931428369312 212.51299297793494
102.0101643231437 165.1094835359398
213.44583853288225 107.49595874546416
14.61566209348994 75.26302674444682
196.93328774181296 187.97051973719357
146.2175787758281 206.5449383862443
74.5477163830342 54.889579730934
217.16465382225613 99.09080838888102
205.56753973232924 127.81636987410592
149.39655369318538 102.7013188657291
201.07220521231807 117.96832282101583
224.24683075015093 83.81605485590957
170.23493774163597 139.55089189779824
2.4999917113537053 248.40218493271573
137.7868393462803 53.646535514019575
168.4638019205294 50.06293325876382
73.31863893444735 249.28000989738592
218.55524256018867 149.12678440379838
205.14982179470613 192.4800473929435
168.52909354486155 38.43444704928381
158.62736236868582 242.8760515524085
191.98409294426972 101.69958155700232
142.5066938240915 17.316106474959845
219.8799199866011 239.76837774452662
116.6861038267699 205.6029341187394
99.86576689642158 9.096281140374252
197.4694531194829 105.18103901174169
64.3635759386219 93.870328668924
76.04861599257708 119.45688967814478
249.43550481438012 39.26506944196168
164.25755127477464 62.67691151410917
135.13554431252047 187.67580848624877
163.15210284175552 198.24171651012938
195.35712104660246 216.33425382817697
209.2168327516545 18.005249010366875
23.678361503427002 98.37994681392776
74.45407168329027 108.0502188917932
177.58478977551198 243.65651481817997
34.53693566168475 142.03060339018066
61.833654169703934 141.9336843188848
25.681496144020933 157.5089547218118
142.79770968049925 132.08942884637793
109.13691428106657 116.34170862648868
133.67747109271858 182.99645707842754
130.04567909909892 168.2372553012124
93.13925181274718 32.70903167512104
59.902978509199485 117.46934008948831
52.649430260346406 62.168789317769566
202.77740322038863 197.81334876705935
147.67368056129106 233.00753708902693
197.50023001044406 218.22769872352254
52.25122136446744 154.4174272923151
167.41629778429945 135.19013829686185
151.9987541386571 142.72092279815516
42.21362997216222 146.62537113497845
44.78788803926678 81.33079135065782
240.79904072799764 87.86848997280913
89.5854249583115 169.00241239806564
59.64349118968851 137.20192155668252
140.12416745435564 206.41735278044138
191.20528972652093 154.75997099346407
39.298003256375864 10.22236079760011
175.41804558788468 155.1436345603568
209.78445271442027 93.37764103024982
79.37116576167807 103.85455386656045
186.8500300391186 63.84326179094868
35.58199577535204 49.533741015678785
156.40806756944525 18.456955816838068
212.59060162878626 120.58986932518096
102.93449740650986 33.197957851843235
17.09540809668092 122.55323974632023
24.226755225530695 106.57695098154285
36.33441588331854 120.85310448175247
164.7616565931849 153.71524747065638
203.67695987997254 7.336410874742211
59.34524923233545 211.76641218829462
170.72248298735514 62.73643429268222
194.59240148654055 209.13413718284542
131.8094550745173 247.0181813446415
177.81277269064628 35.211560563083225
8.644297994137851 6.312849772692725
115.22171770935708 69.55240079705877
177.90464177871374 26.470475651931835
50.25483131566927 234.0687135677726
69.58141288574326 74.61664384905384
191.57468830380964 185.1283727514667
97.10666255124636 28.148509942947154
156.70128418813266 147.05342093311342
31.293213198850754 162.78825725439324
169.22931534917274 38.25938329567038
117.8192382225092 62.909770502086985
52.85783777186626 249.08801031140376
124.98537938744691 72.16875876802101
2.7076014047085204 242.7611911886399
6.719778042664326 55.9016262681199
14.044632467168306 246.21671858521222
46.271084178912595 97.74687948005689
225.55723903789578 103.39446503608305
190.81258734268954 167.76346560422002
100.1909280767522 59.945679711984475
45.30595503187585 129.6675976808784
81.54736883603955 36.64519475211217
66.05180658693435 225.9896660697647
156.07476024230564 214.06986011922717
243.67820210487545 174.76995072371764
222.08930512917365 199.76901459883854
40.473319786244716 174.24217975320408
200.0170743422413 171.79843737472328
54.18131434360993 159.85784945709545
138.69836424659442 246.14193458991878
119.0157330898085 206.32957363978542
177.115228262486 59.60494464702665
236.92786676183883 236.9742755385084
105.49930000789377 168.5276654739921
39.14473694574874 199.31856752573978
152.57158612148064 152.5584416198975
131.35794910489787 147.0543288658961
47.76224559935402 249.48005732891247
117.57301616737517 157.37736704860922
155.41668343421145 53.1175910629586
113.56976799670696 118.35641839353266
93.40150065087269 160.9382987986108
31.188571925277298 4.659939621294767
226.13865068001078 121.47175830734555
205.15605505079878 192.8823175649443
102.25610903918277 41.021621911930815
146.40467840219762 105.50109546132624
231.98755689367133 149.26350415781823
98.09862013876652 249.67340328380007
121.86614029716323 225.28445667390932
174.61681607218466 34.13836639410872
122.49080438473517 42.026814769799806
195.20718045831956 97.66889380411975
64.84761241450255 129.92211302796835
122.78652828745557 84.75746610752304
85.95381786538098 184.18967130570402
111.00456923024413 179.54337974688585
162.84718778813814 75.22709532239111
4.72511308970211 221.3508317619233
21.165691674832537 139.4514803376817
2.4057779624698794 138.29407612592968
167.44763227861293 162.01431638015055
28.12461616921849 219.89694114390733
120.69672957161276 55.23492798894103
80.08605576035427 187.09118910548455
128.87891135234332 229.5316993957997
111.70860596959525 90.89356251363334
97.92156230161753 157.7028879807669
72.12100743521071 175.0664842497584
14.420343032754273 193.7030331123746
132.04343948974528 86.88192169096561
167.9326551414718 191.38607070358472
209.0726283001816 28.333970778939428
7.03170030130687 143.83867196100562
243.60469443344627 225.8802451986384
79.35791056297143 29.65974368171184
194.7981286551753 117.48650914760825
170.09251331860276 13.609980237474451
173.1335086397841 131.07047102024373
67.22459549676505 7.181597744325419
212.38543495781292 207.75619211801424
170.54498697061567 173.46562761027215
149.10552432838745 85.97708536093943
135.5949853256138 18.557911489130884
114.49828086936867 155.3250643741365
87.17094009458293 210.89183481807618
16.08398375308609 25.563203201243308
175.18095149609493 52.11816740017039
80.4037880426351 157.1054455683582
16.949998055151237 17.783554709858624
71.16934178899392 46.207841861683306
8.104468787912268 40.00880486003081
87.70084972425202 5.983927310645259
199.54566066315925 50.982393124152345
101.38374378677322 6.1852986652777275
66.83157966352809 23.851746706181203
226.21570052757676 169.06983223124507
65.36481575396245 243.68311783069956
51.95487334102739 48.005853363523975
110.36796098533594 28.964399777268834
232.10030260742386 27.362658938901635
16.563612823849606 146.8728669925856
128.1792024593153 168.0962939425024
186.3161177343426 246.59334538022685
47.039359397060245 139.32764588126363
134.0975432918972 10.709325679573972
107.90648326690811 103.86247269224047
242.60746218408448 191.26740490577583
80.82598047976327 235.3435764870263
128.468611773476 24.89897470312194
214.49936362890253 195.10738723435406
95.99715611933257 11.338201042699335
141.79681736605198 182.2693654253584
166.14594397152567 8.509802544293288
91.08270813949696 167.38739528515202
182.01880329287795 202.6405505702874
174.165163763132 202.65702233555766
116.0570704235942 48.21131572876042
53.48107121469747 154.2244438195008
43.89660749377972 122.76219836434879
44.1623096440763 61.44463719052562
158.40231235238517 65.83516347730675
203.37895414102638 69.62255753818839
133.3026680649098 184.39999284573128
33.34173601292473 182.0356059077739
220.31997931656582 94.76378256786971
238.88126645504022 203.1815618736768
10.308229641575489 194.15630789330507
155.12636418328515 149.25852002422593
93.11081636216983 233.29172592867369
206.50386275270213 176.70980912379713
220.21603037120107 147.7691219290651
193.73027060833462 42.227871512181046
137.3316910329172 189.4971757460097
117.74749998421392 137.75573088585426
117.08663133271222 218.5478075943722
7.847757533150701 176.76479911871328
236.5386284666525 0.22418845234323248
195.37940770800097 246.35846883580047
59.57786546440061 50.09169360736171
109.15828956068452 45.90543511345341
221.6270590251109 32.17064607410519
176.85542641946574 62.96023505921708
7.203756689899726 52.30570955910218
190.29424521977597 70.9860346891642
186.04218854896195 239.06154908492658
41.12108094548322 45.97690272039928
69.65930576588958 241.53991675664807
150.2312623463293 122.94523983154743
163.0704623477077 8.797820569943104
207.17524083169948 168.68992038858596
182.75772252748837 217.4547114717117
211.19487232237137 200.23160739894374
137.00551760217536 44.918146583438315
42.819352086911124 78.8367477831256
214.29933683112216 110.69370558112126
14.029983447207407 216.1559111746293
43.541673828028955 15.265644812975571
138.4596101883644 187.91230621001782
207.59980803257977 112.98184532036629
182.30232743268647 103.62742539781758
132.15747839781233 178.89229198328889
157.86388651145714 194.99095761024805
8.51866761135564 1.4711600863987762
167.289461035961 63.05508847612343
3.988047530037342 228.30536976620235
56.379842723214225 17.455568842322826
78.20307037510196 26.213795005438467
203.6006530233205 7.12703673834833
65.81042300726497 164.63358245783306
67.52282787331953 112.33326033908372
174.74988300115228 98.77276528983775
11.401061887604868 48.37340622938988
209.59029984594778 34.90985713002445
87.76958609866573 157.3723054771316
14.180041733461573 238.0332191312612
182.69232862993206 7.497617221807196
139.2379021582688 42.50285534532816
15.413185002679713 173.5982581101028
88.0916903395712 15.654154117860614
234.7948515113322 175.3845210240358
249.08071867508707 244.1657458557912
169.3718002090637 115.99600315868638
187.96957202435792 135.16637244763885
220.8267258041153 202.42703802519782
71.79041644560857 103.03831833831397
187.85658083768567 73.54854365238143
220.87384070099762 97.07943754341419
174.0590886253968 4.068180823105366
227.54653369218497 217.91282572106323
70.56938363067653 236.44264949550214
93.25674901877265 109.8329180652155
71.98985852412004 223.57480209023754
89.88906883712121 166.01460168444183
214.28031833018167 94.89356227565426
92.0914141424777 194.13820728510993
242.59987229905087 112.56349506079408
184.83768710132432 131.710146329094
34.16814627817341 141.27167695647498
179.08919846874457 220.8706522484163
55.33665989603415 171.8460425140245
25.013421256681045 87.82519473127165
212.16877620110677 123.6953954965394
174.2401360451835 15.548270221362904
223.71190353994604 48.46006630226804
101.88632915250689 105.15155145626825
197.40838376024573 131.2654025802521
1.6472333903978509 247.0933979724129
66.50732427686363 101.37160331229889
63.203356204833085 154.00115080426568
98.12223838847989 192.04206764436427
76.12125980640788 143.0961701871475
92.76158432368744 214.41544476430192
118.00609526559244 62.2504756359869
195.7245177954553 19.255276327185655
5.500920859160735 100.94390398170877
237.65287464218983 193.75795261270383
144.92025968611438 56.31834981234496
50.03285664970852 201.68770318794554
138.28507718596614 30.087564755828634
181.38984120428472 236.54988185906873
67.56245710325976 68.84811535696522
13.041094617379567 246.80515719865693
25.46957575365308 184.22476453562732
25.9698604254327 248.42043786629512
204.07827716646796 124.0373362981477
186.24321350914593 113.80808353298639
246.08381489948533 137.00204570171562
121.29727608730029 246.7443132246673
8.2960500582471 101.84740290410463
124.83357974775706 149.20370182417685
33.22936891457534 49.25801347512715
224.7414536683412 155.6922245714502
29.67706616626528 131.9811455256792
79.34380199323707 47.189221464732924
189.07738472180785 159.46609951088791
138.13721409469127 34.73161790570667
134.03485620889958 73.29302012809636
247.40191252320477 0.04685442356575087
28.676336638425337 22.14247411132056
56.89637541952439 40.121101044050036
182.90349899498912 164.81255347784816
176.55791222865437 85.82990955672703
85.78895121288052 198.22024982213918
44.328630784420426 179.52205767635587
34.29206412061803 133.30633077197115
99.47436557728778 241.8754775457318
98.16567788297722 174.38805276866435
246.85227554819102 190.8999688749949
114.84523968133666 117.90853139329977
11.592867006917418 99.1392861691309
130.34550248707882 221.42331547899343
16.227945573998646 86.39368265829212
186.0670641283748 90.20767507792817
31.8261866739801 113.94142781756767
207.56027753028403 126.54639488332592
92.0241070408953 159.7154970024541
201.94592077511848 29.128083842178214
11.43904144103905 227.06863747034765
127.72401648900161 89.41439607313764
12.13583448709038 138.9853933015854
169.55905627109198 179.4367919479726
103.51520878137686 67.08765542972125
184.5520182095111 162.81717182116336
22.698322902990398 86.80987387678441
137.50386356784458 202.0046500157203
152.79865069704843 148.72901696496842
201.19935241385636 95.31244506718517
114.00664942810876 34.32805757250856
229.39153214656793 230.4302097064021
8.435618658492405 11.98956361048134
215.71060068559817 37.403603018900526
74.79875914940138 218.59903695064344
80.84993933105214 170.41154573166946
224.36103549103487 78.89052658529656
180.29331506887635 97.2450636732979
209.4108479019445 154.85296491132422
248.75070181496247 26.937381464378685
7.631861966920117 165.43266008858666
4.8357435638567425 205.781439677985
217.22645565873353 23.307913265394912
207.20199865039484 65.18499221913169
157.96091373428885 31.219035718474036
19.094668317327006 188.0822453794562
62.10791062221496 56.8070876145996
28.20723254014526 62.53087491400841
105.90641097715658 211.47344655720616
245.79604227101999 216.07143308167616
4.763311684117588 179.22282771172095
56.78647135215451 83.30885437923102
210.60497264212236 174.85320528205753
101.91138621561855 223.72258096017183
147.14295006374175 58.0335568767725
181.6693254445724 86.61891029035193
145.91045491842672 232.1970775218185
189.61631047204543 185.1025885990905
184.87300214253386 51.76138352010953
3.764257564655149 178.21221402779267
97.03889806566902 161.5742829801635
7.035440285720757 105.81305512004685
29.217794023567166 105.28485719278218
125.95953662322124 54.50204739654488
114.0012834891769 67.91067145168303
176.75653193943563 172.97985312804747
118.16425509148912 227.16075457497973
249.87343929445666 183.38967556701786
131.64640256928178 28.31103116540118
212.6157170909087 246.24981514005498
12.003966270730276 55.00501335710159
13.40260746492275 248.63110535199155
212.26207228294373 247.25704013987283
105.14470798781723 12.470671490724673
55.000302242900396 151.81502688068483
136.2452124942105 120.00646092579026
236.20643500479736 129.6361176742318
182.65076277248525 69.71169612052289
134.86457353076926 33.25409116125244
37.87925980985251 83.4144970739511
54.39408422893191 220.23935091872215
78.35964295476452 176.73163257762883
153.64679135054075 152.5738888291176
176.03220153624417 177.81674129333817
17.415106821228125 244.10620640938842
202.8278200131144 188.93708615447323
187.16589371295225 152.3488405843765
31.47462705855783 239.13454432767145
149.41801409444238 45.04915193071754
229.3058299252615 94.61619207343743
28.76831950316308 54.36355550208869
182.10399685152544 85.13305372469823
133.67599231322097 228.13135154505855
158.73913093775042 64.20150690448412
159.19485620462788 181.63581114907615
86.29599732546362 166.51652513034884
46.82674335536341 85.71788899336805
39.22363808911219 211.91680785826938
204.32681909360267 40.40671442265681
71.25338087215697 28.268942541029574
58.576477009228746 45.81226754635909
1.3620554308585164 163.66738106731046
152.9296676721237 171.94454626361113
154.07843758436942 88.86561173139948
179.8861941031626 140.25201844378506
23.589044936319663 23.13260563507505
192.04633742701571 186.1166558482172
110.72850129419315 108.95333622250999
115.96742397371884 105.16680513090915
173.17692045787297 139.49402954620925
71.59567389941037 5.3849914859619155
111.4821880027881 137.18429638093647
73.59084007966138 178.36991627810013
1.1370937997065012 204.87903830324623
75.5305656829473 55.465858299956594
234.27505279511215 241.97764377954644
8.065951693456086 189.35511241857353
180.31807014041505 66.40099940636549
27.516053123708637 18.318633457058866
200.76666411667432 139.43505856570496
137.7653596711643 67.0654449514263
168.1762034410537 208.676149933847
133.50505106602859 161.54046332396592
53.12063809510634 41.213898545207016
216.60666651376027 210.816726123513
12.458423278930292 64.72013812032986
54.5387632421393 88.01092176123407
74.80365937712286 166.51147037452913
114.15528231834465 59.78319555254261
73.13565163109426 3.893668202614414
12.094624648046004 205.8788550699599
233.5612251227521 80.75438220124347
12.754089242136196 242.3672491379728
241.96441903738486 197.85451783601977
170.48086057897692 16.707285845920627
99.37996814357824 103.39354581343608
146.98780442593878 185.00270806571925
155.83327127449442 139.92232563754328
37.71845866235338 156.16374477730608
246.05631102928336 28.286443449908134
38.338869970445195 171.04084627453514
70.74122048888265 40.66524381951942
216.81751983569495 59.10255627060229
61.48055608652425 103.30717931308232
249.8834825261963 28.67248912518952
148.58520897358065 93.68201913424944
167.66359982460747 248.989014942347
58.84827187545835 81.06819459487139
62.7214384703936 52.900460075020725
218.61882697707486 57.457454681773825
32.93181159443717 169.21117269138182
124.40918683320193 121.71189999328635
53.957437907761864 220.93929533181338
136.21990617661046 73.81968599563282
68.68905719002275 81.06035165908924
222.22142878918197 214.34361559151546
83.96171839759486 69.38324369843896
15.296546911074238 182.0455805675914
243.28819091501163 56.89267751322813
170.93757400528705 30.099010365707198
111.28178036693976 242.69388113056752
188.96954997697375 10.595035734176362
129.59338541634986 219.73245269036002
14.913880382495414 72.66772057403564
143.29468230506282 220.9197550375383
235.7869317625615 228.85831923446796
133.8030992231857 85.46456202381914
173.709068971695 142.0663265609877
36.166156263768514 48.38399683367619
227.03640507134617 14.979006780315608
103.42804868962996 156.32145650050305
160.46228257941422 245.71448063223534
93.3048440904313 19.409619938503404
165.7721334858435 173.70610384618055
219.75407162592194 36.53079523522304
112.54302895969984 154.0503416379276
122.9159984764061 147.27704289643398
61.351222383285496 148.00917375412533
91.95653842851223 62.177655554862156
136.54804402137208 134.7305406766764
57.05254586066275 200.7428659718233
94.37654339975865 171.4559141892584
27.733033205028402 25.055074615528834
62.15866136410797 34.13984802503325
158.74901829542426 196.76893436514567
247.61130562547928 99.72076918539955
39.37225505956424 208.8996344511315
100.35005355957901 183.62652854612793
233.23670113264916 58.387372460635135
1.9706657459626908 225.65844360995513
157.68741035181063 10.666596998723964
195.00295795144893 18.919523932259956
63.104578273594974 141.42284863623215
107.41612409369031 206.6229451027997
238.4446469135698 81.37639715517179
169.9741390428298 54.67078173125378
169.14361839289802 211.18280690988445
232.60406595127338 161.18366334241074
6.5495857004688744 137.84976303594016
212.9808732293887 96.83021431522087
34.90639500908193 232.23239577728063
57.39087655222724 44.1686554251409
16.610191100441845 186.48018461788118
173.0817768732306 204.17817286025038
83.69292475682214 167.22969238059105
169.86796479332517 67.57464455165498
164.28834486423244 218.5024764002257
13.245933044865266 110.91281358050925
4.464746965559124 18.004288284374002
64.25108966842113 157.2124591810347
2.630830811120144 99.20976668302664
211.61467192910501 229.42317070089297
230.91309763295644 132.77903010836926
242.03547766651275 41.30665905218303
27.64470536006322 57.935031504529555
236.13583345107872 192.00505552427185
180.64839163590773 43.39809333565217
10.060027201066358 107.73958378393777
178.44399929382965 176.83238107197548
170.06186846531804 84.57573282211234
91.20500568988318 14.106641167036276
77.93908906500818 23.97429580281507
108.92210881585815 245.19589526966806
224.91507817858138 32.85839454304329
166.1214570448735 166.41085434695424
76.24396973800445 0.9577303619588418
209.87818314535352 227.28196321063308
77.29049929795515 98.95127488341174
80.83537728560958 242.29632264984127
148.39251528987043 194.84443254456812
32.044924800941345 184.01449984986326
2.1551264351895583 95.0074824694287
92.52229909004436 125.6539618113782
89.67231484425444 104.91156594206333
213.74526718953632 88.90686334082842
208.96248584051943 189.77789983220592
33.22014141318755 228.033480448599
5.845897889127843 76.32626451173552
175.34915819304905 35.906190097346496
156.50548661451282 160.1067490108421
196.0136840049494 174.91557876756653
76.30065534381505 81.74856338801706
145.22255099831446 38.78013631447705
110.28435160054323 225.64661127171397
242.80351054795574 70.10044594359965
161.73987183307798 233.2157240482768
212.19817988050437 203.77951958923992
79.24989636530478 188.5866651413396
53.236200602329085 212.17401447518168
178.14749532057246 186.1891998803622
199.47539065964096 186.94239385467344
176.42840128059646 114.11150839799883
215.87037985979092 112.6177159752755
174.58904062590236 143.99008974716804
247.18680191820798 1.8401371829959712
6.343085722776393 44.04293882495033
9.535758425595676 25.38890822984921
198.57159556403963 18.464153039534803
100.88000359002191 215.43889077866547
85.40813037245923 102.60600782701546
160.83508021807555 197.85524256797217
20.508422880902543 233.44559220910844
130.46127149277635 112.83410513215993
94.01038900459332 211.09384632110113
144.42309167451748 85.76668004077129
196.37689865088237 133.76630610522378
180.05272780508704 175.255575546713
240.0826611671195 222.2021776757918
236.9953432634349 113.90777717475386
64.85165362211798 206.26287431029863
247.22930316123362 13.815963299164292
135.44353845390899 213.98280965435154
50.32046726508091 211.1190602346203
72.42854019710363 153.52278586691546
211.24835854774074 49.18156324695766
237.32427781807942 128.7161180415379
40.32656418377453 77.35378046476818
3.1714929962363136 200.92082757493313
49.15079227011676 14.071080954339731
237.53252342279924 151.2116427154868
37.72855534216235 204.50733865785995
202.28356509175597 68.72424652031626
9.83167713357963 2.0477064986439144
45.159265161688914 32.5757018243927
212.8909162775105 122.31307233628527
185.82814897646668 116.82400968067766
223.6113352901815 141.61687468243034
70.76336835138366 22.863404592248393
237.1132989302043 57.28915463288248
80.20488183311319 131.1588931731406
32.724363043867996 116.78924007095907
229.54599377096685 76.77342772940457
119.08988949557991 190.0675456430727
80.79878721415417 68.10272866716197
216.62461064392897 209.16333342957157
238.81773267888272 197.4366241077025
184.51348938247972 73.62065807389115
107.46532223864169 119.23809717687057
248.45925906715112 159.9879809407598
203.67297102176704 116.12188101034421
1.7988901196414053 82.59086520691159
26.639441196280423 6.717770317446608
180.36246273832396 177.79445718722604
140.52834287000672 205.56401193048885
104.30643311364551 238.22983948552252
181.31262711435392 228.37391550879167
216.63802602262768 113.97049055668765
58.347506677031255 223.63315060223448
178.22545419527154 67.23922557199455
90.19740075624985 117.7799726791573
218.28946013193163 109.95692030211296
62.54964794134396 7.492859790339229
239.6820822051592 59.72094313154139
133.4218686690428 99.71839672341723
13.750289989787085 91.05073342900951
40.109151847317115 160.20207012965216
73.62261590915963 106.15891001914984
242.59022888353627 3.9647477987224677
59.72592577174829 163.65418018840808
8.23929645087107 26.596868165851273
104.13921565396741 226.57546014143657
180.80538694149897 72.8349869846964
65.44114840829623 146.33485494598344
138.14690638980966 92.42503609486819
28.461284736201105 110.26326482767388
147.14958936934616 169.8254858614442
4.584739429765311 83.15010881155959
239.09524712205578 48.78437420766743
201.72299574741922 11.652407107131419
111.95067054378832 120.1794236264276
34.54052348735098 170.42630356829102
76.01327286058162 148.91535345562556
124.9479763899154 227.5972269010845
103.83409529374504 55.594458290476545
21.712033480523722 174.2015380780439
164.67973786738372 40.086895226411514
143.83030254448445 67.91227609326478
198.20987893086718 41.36189914353325
153.85171143566382 133.36456935306856
33.465351785744836 156.8092595450329
75.27780609624365 237.23113211901978
204.93358055628323 245.01464191150586
9.074227214554975 103.17739619701297
20.42479265784322 245.71562338571633
18.126088416925977 241.04039446355415
187.09692231000415 11.97046049299133
201.31656392458 153.32208927142486
77.36954661053028 214.1035481280606
32.181044656946376 81.6126725877045
180.30898392712876 140.1912368922541
201.12490794258056 138.1872015114467
170.13693207789552 3.3451792504113342
70.40878512363358 248.26512883616383
149.45075963852867 154.74196472073885
70.58376860477821 135.40560178777835
170.8929970437681 69.78849339843258
203.21877365191438 140.7858736012695
185.70685066237016 151.73113249019127
212.59290233852033 75.93959268745552
181.91462720787777 162.9804527094813
28.324670712963655 212.47589085116584
167.27441810786132 94.13770590038276
24.15160663203922 21.21378975670038
80.64884346848226 175.15810507649508
56.61675520792031 27.277946072625515
223.50749054549132 78.27159935494032
236.7072569968099 116.18155872926373
202.907775720385 69.15351416512839
54.24052185553224 111.22851278830501
107.55664986073762 5.813808596274256
223.23724486827575 5.259640533989502
154.3039945486293 37.959499654894785
88.5297504574892 249.18042694759956
48.11300855284934 81.56720689307167
114.09870142605516 168.88436293642056
148.35753321587853 180.45999255032754
127.07144993820543 16.390867755972344
81.113713871312 204.4467593054448
105.36811139236696 176.23302184091295
24.031853009557985 113.69860627814387
162.58763194117614 33.9683382857896
55.49875929864273 207.7957505488036
71.94564782046648 8.747292316188732
76.33986326144685 59.26285873466974
110.35482514336842 203.39319344664082
130.32317194229333 242.20660959267138
243.43122645108687 143.58497518496216
226.42562461941594 233.06075154794283
1.2019127740535707 11.409830020039784
121.00684470131121 186.97344631685047
86.27642931953646 83.02841842662284
211.99509077493772 178.34526553070796
243.68245584971777 98.64074452082421
112.01019907774001 242.4562992882741
91.4981164909802 51.2750079169883
161.08160785574287 109.64070603580903
135.66097605029583 233.16159768554533
173.41981267569463 150.32805805458136
149.95242261383112 51.69189884852401
157.30951505884082 185.76742410571717
155.4382750162675 183.9088388428701
34.002837084132345 170.52097789453774
245.71615103711773 26.987711287363215
157.69637952912447 105.15058957225875
211.1857716601641 222.44983271969954
9.53209645121672 103.3173084446816
35.44609349061412 60.472481038951976
195.00513310117753 242.23883498303306
27.190150430911746 179.8931707311769
125.87234058139546 163.44382567042206
168.31454451357232 179.51193849110635
142.75290464668979 116.82664030005094
132.9099228289816 160.8193159118864
218.59657214423902 183.3802731663548
237.01428713996546 215.8709604474132
5.368359673014273 238.5376074868093
198.50774704738072 82.9945615412708
31.054611689390693 128.72424138392745
152.9832080685561 241.0503441752845
46.656912350423156 209.16049401127466
119.59686585589233 65.1781897258693
206.22707187804437 214.55123762789356
80.9294189767959 226.2399220051563
54.84635926987574 177.09632703359432
90.21531182477752 121.72592362150425
27.69328140753144 224.34945061474707
176.48281820951564 133.50460115223672
216.44983614310433 82.28317460163196
26.273962043729533 115.33051537284366
16.549281807025114 97.69616377525459
106.47378248366712 86.70304468271375
28.861277044118534 153.120845678871
152.10246371107084 45.352729085359506
192.624772878526 244.42242747828368
170.58684827161704 27.537768640796656
236.5150009595244 23.134401592978666
7.242307196602404 188.98074360639603
177.686617563315 232.0822552741219
144.33031007881095 231.66538057397932
112.9987395079664 161.77647932951055
218.0872553112661 169.26872215390335
134.285769146237 50.87929780891301
247.71933656163773 226.55683681268548
102.46179576547793 155.7057509481366
44.05811229278686 120.79993900767566
24.451546039826745 111.13901889185514
86.98155762072895 216.94183674053207
178.6179958941808 131.48830094833983
218.97591125490624 186.14256612708277
245.6318639477103 235.32426703056768
124.27042697446183 154.68030107588243
147.7573641431911 146.86341635592132
41.91457898307519 28.585745955480107
35.370138882615976 86.72323580570706
19.432032038024875 127.39190571163387
248.55002142601583 205.07203321613648
180.62692229681716 133.13434943930397
246.78611211788024 17.807450723011208
238.88018384675394 203.85084199153343
101.24954093326463 87.65624724559324
238.76401823286687 58.18348019392997
244.36039634754454 27.614999574557903
30.520282846673517 152.78518870699105
206.03100672396312 179.15467174383073
59.76164325475886 163.95775859047038
203.65478028568907 57.26816035151122
205.12990951162223 181.07365611574565
130.37994227956023 30.85056515050094
186.3837204443627 172.09958477758263
5.93201126678658 28.443290311740032
159.87451519740299 148.50640027836775
17.729509954593187 162.4106117678625
206.02714362498955 158.7258817923326
1.9347161164636195 133.42703162052467
148.52676422526253 207.9208091481973
190.1896783337361 96.72912426489188
119.58062453671131 55.97617719083311
76.50863508908812 151.07921808933972
1.232951671559096 213.57131077594119
74.6954631706653 69.89027936105258
62.399010024620644 52.244949705912425
25.536786587565057 207.68295193415557
76.14174219674894 175.0868147092034
172.9553148155261 189.4704317973936
153.5323558358526 149.28672200609049
156.3167009990572 11.239497919820096
194.52439123475932 206.39644946974022
69.70587694869859 241.35872050297104
201.44339655273154 114.58101165524756
209.71920187605807 212.6217129771923
193.605030549235 51.510526641839
74.77855856983135 230.83063880902915
168.47443336224006 0.09415279667512877
14.835598135921446 220.4372285816345
3.919132467169101 246.90948924142845
213.09921444349155 243.30438282468234
220.08604547427387 122.43933680146301
143.36497077156392 233.21851265499623
182.50772795622154 196.3232499037583
54.93036761665485 125.35412375934726
92.28865746756031 103.55776510694403
208.37510498549975 163.18019918979715
114.94504987264908 51.19448838982649
52.6559454109666 123.6625998633675
86.37290957099621 59.86719920575542
88.85954130245588 53.641823223900154
7.646700283360203 55.61592996885259
177.13324460192666 45.620277498636895
231.88554746485352 137.92855614690563
117.18593086124041 9.888137440735328
243.26700473027046 108.21890254578226
208.14685303102883 199.0531269922711
31.0314294990931 19.338517719931836
140.40269628836856 78.03893167484307
96.97063959831246 237.41185775827768
195.88238679283106 243.16442712401232
163.10704145119382 18.191995508877177
31.031864021787065 249.020159225766
247.9197682283038 127.67622223253939
90.29167874382418 28.931042683792292
39.1949954744179 34.409545950456476
99.45490402876084 170.2605174236272
148.1394528686796 57.627977240102574

34.4
864.7
103.2
154.9
288.2
206.5
288.2
129.0
72.1
720.6
129.0
229.4
576.5
324.3
8.6
206.5
154.9
864.7
1201
480.4
288.2
86.0
72.1
480.4
258.1
103.2
86.0
114.7
114.7
34.4
51.6
229.4
36.0
960.8
36.0
258.1
432.4
648.5
72.1
960.8
137.6
288.2
103.2
432.4
51.6
143.4
260.3
103.2
229.4
154.9
108.1
216.2
144.1
144.1
25.8
324.3
600.5
229.4
288.2
72.1
25.8
36.0
34.4
216.2
34.4
129.0
108.1
206.5
172.1
72.1
206.5
137.6
720.6
8.6
137.6
229.4
960.8
129.0
432.4
129.0
144.1
51.6
172.1
68.8
129.0
114.7
103.2
68.8
648.5
324.3
144.1
1201
1201
600.5
540.4
68.8
137.6
72.1
77.4
143.4
286.8
154.9
286.8
1201
144.1
720.6
137.6
144.1
8.6
540.4
206.5
137.6
600.5
960.8
288.2
72.1
108.1
103.2
154.9
108.1
960.8
17.2
154.9
72.1
51.6
324.3
216.2
17.2
129.0
72.1
72.1
432.4
480.4
288.2
206.5
17.2
600.5
129.0
960.8
576.5
172.1
288.2
68.8
68.8
480.4
68.8
206.5
260.3
17.2
25.8
288.2
137.6
8.6
206.5
144.1
129.0
103.2
34.4
137.6
1201
144.1
8.6
540.4
17.2
34.4
260.3
77.4
229.4
216.2
648.5
25.8
143.4
36.0
540.4
34.4
137.6
51.6
480.4
288.2
540.4
72.1
51.6
154.9
600.5
720.6
154.9
17.2
143.4
129.0
288.2
432.4
172.1
1080.9
68.8
324.3
143.4
720.6
8.6
143.4
25.8
72.1
1080.9
34.4
103.2
1201
258.1
216.2
51.6
68.8
960.8
720.6
432.4
108.1
576.5
1201
1080.9
144.1
51.6
103.2
77.4
103.2
432.4
114.7
51.6
103.2
576.5
288.2
432.4
68.8
960.8
68.8
86.0
258.1
288.2
432.4
258.1
432.4
864.7
144.1
172.1
288.2
129.0
108.1
77.4
34.4
103.2
144.1
216.2
576.5
68.8
86.0
600.5
600.5
103.2
1201
114.7
72.1
260.3
576.5
144.1
103.2
216.2
72.1
260.3
17.2
144.1
288.2
1201
72.1
72.1
34.4
576.5
206.5
114.7
324.3
143.4
34.4
480.4
216.2
154.9
260.3
137.6
288.2
864.7
72.1
144.1
103.2
258.1
576.5
72.1
34.4
1080.9
8.6
103.2
1201
600.5
68.8
324.3
36.0
864.7
432.4
216.2
229.4
108.1
72.1
103.2
216.2
36.0
864.7
68.8
960.8
960.8
1080.9
129.0
129.0
144.1
137.6
648.5
288.2
432.4
137.6
51.6
51.6
17.2
1080.9
258.1
86.0
17.2
129.0
216.2
864.7
154.9
648.5
144.1
324.3
648.5
137.6
17.2
72.1
72.1
143.4
129.0
36.0
216.2
1080.9
103.2
600.5
72.1
103.2
229.4
72.1
34.4
34.4
144.1
260.3
648.5
260.3
288.2
103.2
68.8
103.2
108.1
288.2
1201
36.0
960.8
103.2
258.1
34.4
960.8
34.4
960.8
288.2
144.1
17.2
1080.9
216.2
600.5
288.2
286.8
216.2
216.2
86.0
648.5
25.8
480.4
720.6
103.2
72.1
51.6
34.4
288.2
172.1
258.1
144.1
172.1
432.4
68.8
34.4
206.5
864.7
648.5
172.1
129.0
17.2
288.2
17.2
216.2
286.8
216.2
86.0
8.6
34.4
229.4
216.2
25.8
648.5
260.3
68.8
68.8
17.2
144.1
34.4
540.4
1080.9
72.1
129.0
480.4
77.4
600.5
286.8
143.4
144.1
600.5
77.4
720.6
68.8
864.7
8.6
432.4
324.3
286.8
1201
206.5
34.4
260.3
432.4
17.2
103.2
1080.9
288.2
72.1
68.8
288.2
108.1
114.7
129.0
576.5
68.8
103.2
86.0
114.7
77.4
25.8
51.6
137.6
144.1
72.1
172.1
154.9
648.5
137.6
17.2
8.6
129.0
34.4
154.9
17.2
648.5
34.4
34.4
648.5
34.4
17.2
288.2
129.0
960.8
960.8
51.6
648.5
17.2
108.1
129.0
36.0
72.1
144.1
86.0
216.2
540.4
72.1
68.8
144.1
432.4
260.3
8.6
288.2
72.1
216.2
137.6
172.1
540.4
229.4
288.2
68.8
103.2
137.6
51.6
260.3
216.2
432.4
324.3
1201
206.5
1080.9
1201
229.4
648.5
154.9
144.1
103.2
260.3
864.7
600.5
258.1
103.2
72.1
260.3
1201
114.7
864.7
77.4
172.1
34.4
72.1
172.1
540.4
480.4
324.3
68.8
648.5
480.4
34.4
8.6
36.0
432.4
68.8
286.8
25.8
206.5
34.4
154.9
25.8
432.4
103.2
258.1
8.6
143.4
648.5
216.2
206.5
68.8
72.1
480.4
68.8
103.2
72.1
720.6
864.7
25.8
17.2
648.5
72.1
154.9
72.1
108.1
260.3
72.1
25.8
68.8
144.1
432.4
576.5
17.2
72.1
432.4
129.0
103.2
34.4
154.9
51.6
258.1
103.2
51.6
206.5
720.6
288.2
36.0
68.8
8.6
68.8
51.6
324.3
480.4
108.1
108.1
68.8
51.6
154.9
1201
864.7
258.1
1201
648.5
154.9
648.5
286.8
103.2
86.0
432.4
172.1
72.1
286.8
103.2
51.6
68.8
960.8
480.4
206.5
34.4
103.2
129.0
216.2
154.9
172.1
51.6
216.2
51.6
216.2
129.0
72.1
114.7
144.1
480.4
51.6
206.5
432.4
172.1
72.1
8.6
17.2
960.8
720.6
103.2
144.1
36.0
8.6
17.2
86.0
34.4
288.2
72.1
68.8
34.4
864.7
286.8
25.8
576.5
154.9
324.3
17.2
1201
17.2
72.1
258.1
432.4
480.4
72.1
154.9
288.2
864.7
576.5
8.6
206.5
36.0
144.1
960.8
68.8
34.4
324.3
864.7
172.1
260.3
154.9
288.2
1080.9
216.2
72.1
480.4
432.4
77.4
960.8
576.5
103.2
34.4
432.4
17.2
144.1
51.6
864.7
480.4
288.2
72.1
324.3
600.5
72.1
144.1
154.9
540.4
172.1
1201
960.8
86.0
288.2
258.1
137.6
144.1
137.6
216.2
172.1
216.2
137.6
648.5
216.2
103.2
206.5
288.2
144.1
288.2
68.8
229.4
540.4
576.5
17.2
288.2
216.2
34.4
206.5
144.1
600.5
51.6
17.2
137.6
86.0
1080.9
144.1
286.8
286.8
432.4
258.1
68.8
480.4
51.6
114.7
72.1
51.6
648.5
68.8
432.4
324.3
1201
72.1
258.1
103.2
1201
288.2
114.7
432.4
260.3
17.2
432.4
480.4
229.4
51.6
129.0
288.2
172.1
260.3
68.8
143.4
600.5
72.1
143.4
600.5
260.3
432.4
144.1
480.4
432.4
77.4
77.4
51.6
432.4
68.8
258.1
36.0
68.8
324.3
286.8
216.2
17.2
137.6
144.1
172.1
108.1
258.1
960.8
103.2
288.2
143.4
68.8
1201
36.0
432.4
260.3
216.2
86.0
72.1
206.5
108.1
108.1
286.8
206.5
72.1
25.8
600.5
206.5
108.1
324.3
17.2
258.1
17.2
72.1
36.0
1201
288.2
432.4
77.4
258.1
129.0
51.6
480.4
1080.9
648.5
68.8
143.4
8.6
72.1
1201
229.4
108.1
103.2
540.4
72.1
720.6
286.8
144.1
216.2
17.2
1201
72.1
258.1
1201
68.8
34.4
86.0
229.4
154.9
17.2
288.2
36.0
720.6
17.2
77.4
960.8
129.0
144.1
36.0
8.6
34.4
1080.9
286.8
144.1
286.8
540.4
144.1
229.4
288.2
260.3
172.1
8.6
34.4
864.7
114.7
77.4
432.4
25.8
34.4
68.8
8.6
229.4
137.6
72.1
1201
86.0
36.0
137.6
108.1
51.6
144.1
720.6
144.1
432.4
34.4
260.3
960.8
216.2
72.1
34.4
144.1
260.3
288.2
154.9
206.5
540.4
68.8
77.4
432.4
576.5
960.8
432.4
1201
68.8
86.0
288.2
720.6
1080.9
864.7
8.6
864.7
34.4
258.1
77.4
154.9
258.1
206.5
129.0
206.5
576.5
648.5
72.1
648.5
600.5
216.2
17.2
25.8
17.2
206.5
864.7
68.8
17.2
144.1
216.2
144.1
51.6
286.8
258.1
206.5
36.0
260.3
137.6
144.1
17.2
229.4
540.4
600.5
540.4
1201
17.2
68.8
432.4
144.1
260.3
51.6
229.4
129.0
144.1
1080.9
720.6
34.4
72.1
34.4
17.2
72.1
86.0
36.0
108.1
51.6
1080.9
143.4
154.9
229.4
86.0
34.4
86.0

8.6 17.2 36.0 72.1
17.2 34.4 72.1 144.1
25.8 51.6 108.1 216.2
34.4 68.8 144.1 288.2
51.6 103.2 216.2 432.4
68.8 137.6 288.2 576.5
77.4 154.9 324.3 648.5
86.0 172.1 360.3 720.6
103.2 206.5 432.4 864.7
114.7 229.4 480.4 960.8
129.0 258.1 540.4 1080.9
143.4 286.8 600.5 1201.0

2 5 8 11
5 8 11 14
7 10 13 16
10 13 16 19
14 17 20 23
18 21 24 27
19 22 25 28
20 23 26 29
25 19 31 34
27 30 33 36
30 33 36 39
32 35 38 41

