1024 3.0 0.0 1000.0 3 160 240 100

39.57102035624299 217.09295270332612
180.85118204005184 192.8319957441212
209.1826705764809 99.91862378466548
41.62408564588313 193.96991278755502
198.10808091706875 231.34970523273535
105.61184401195715 213.61992696169307
164.3897934648896 184.3255736013023
189.1527040609519 146.3889662774832
186.31945698248262 185.82340000555655
197.00490715271948 22.651549217194393
49.06434986763825 3.7800745280051338
208.9975439738365 65.85766701222778
131.71568131532797 243.33976765526248
102.80396136361395 139.05598657182153
94.90778238903133 106.7099520236363
189.3411928405268 82.24134918149684
148.38030283717342 71.22495792077463
75.17175478341134 177.52946420687707
102.91783747804834 185.5964195703429
174.03758302354123 229.23412662074145
78.87861563991456 151.74177434520112
205.83229890726003 113.22668524584589
54.97868136695189 159.01820921813896
183.0590530145621 142.8341936790864
115.68570649491124 87.97348205505972
82.44243469033663 181.99787248121766
21.927438146185168 94.90853769789173
141.5123638211015 65.77668201157447
90.15314450621494 249.0559410546098
101.91900001753201 96.39991628822531
118.57909455024188 112.19179475921356
129.30312010575625 20.37444349818668
213.6250592474792 216.0021413760109
20.08711065113189 242.7138008190778
123.72099859692881 29.06882901319152
63.01739844877694 248.3868164898977
90.230598418066 237.46981943153958
3.250705496075174 195.4521173822127
82.75751233761858 209.41416341328545
169.28131068433694 165.16097260782962
61.40955231276951 167.9180344052068
82.16869605906038 235.28583887098173
158.99090493471053 184.53672960457
22.972405717778532 121.05934339881455
173.54961808410525 167.22614230368382
66.6869176336416 17.2126993679908
31.04822174438915 60.860529521651415
124.50555028592552 45.84282861660311
71.73640502864082 99.69548592454119
203.94441989181078 163.37119531478137
156.7530523562212 17.113925262042585
230.34600436886376 147.76438647029033
103.3246108469504 61.67172405152602
10.940972644756798 144.55738052558772
191.07576888834348 109.32776033278549
200.1477258088614 122.4648320702019
235.96150339152535 26.792499407493064
44.01192001606133 59.409830167788755
48.19705236898103 148.3544694673379
117.41358398957655 68.5318571352366
106.32495131772646 42.68768085210148
89.36457723996061 238.93526724382306
54.96375785951827 49.23914381560504
17.979508627622764 210.37019581925867
37.11125876716717 132.9827152961064
138.40277014309814 129.72723444314346
111.87347239825074 0.11291852801087465
197.68241821354422 93.31336471878413
39.50760606181505 220.52902451986043
143.93401460432756 53.44558210272693
221.49573738897487 87.29671721975335
176.29865428535248 139.03644197238805
111.7911727994697 225.12131860396758
172.8587985169921 40.433615282532585
76.0238480883858 83.34752550406697
170.40506444456946 8.855902204697868
53.457568411209664 150.58160614517442
126.67623882530343 190.43378063720323
172.09980875627383 19.77618005765952
177.96933863043617 25.04640376104511
42.19900380212901 4.367999977907128
221.82449178219025 33.983330833297906
140.57155769095786 204.72216445043077
86.26903963194566 244.84112051505554
186.29133162151203 162.4823108042968
224.84380240365698 176.57424417495733
165.45596222753704 27.541347100581064
41.45422019420145 102.87791666983084
160.7478887904765 186.41537752296097
12.731109673201873 159.70252480612112
94.05999065074433 213.05949449636458
19.46482552317613 182.83880151084014
131.37795771055852 193.8326132387386
44.12317515591535 128.64573640755108
177.77884392181497 13.806200244374844
125.78079254886127 155.08067294596134
217.57574841399705 244.20200985396272
214.22276032277327 89.56771924782494
172.14436344950724 121.46267047289882
233.17782561319532 36.903772484190995
182.44919789584043 46.88614505250513
211.8421083288703 118.23770470768272
35.802302829147784 54.48118782210598
69.96258842950243 1.351806984768944
39.94707141546494 150.47310039114106
73.30710527033474 98.46658668958625
155.92723620890982 121.21783700517716
248.32251313026947 16.92763591783453
160.33673825666833 20.368917686894473
170.7896563575077 15.555600250443668
81.27872965846397 140.31225437111982
229.48334860982095 20.821257462962926
134.46872785247123 229.2336660639901
139.9243465015527 188.2384445931762
47.587056142853825 217.52744220872052
178.57801262610008 65.77732469040512
200.33302005553728 61.45138104260184
194.36938139386643 45.14855902054574
226.3226997346424 125.16221906997579
137.8975375545578 234.11220682413492
210.86690951654688 126.04942250655485
69.03292188176712 97.09359669685624
120.92212967395972 55.03358558986332
226.1694271255864 85.9113652153306
149.21190877638796 226.5419396982164
192.4353585557934 99.54308902971354
231.9540287796426 48.049107324584035
120.1507789348116 39.11083030655091
93.17164270216236 137.78760382304395
19.232202271912275 237.7441990775809
189.78662137615584 53.0588439054904
193.9822437837546 80.08595666333407
248.8705099425352 122.55646275986673
209.4146720619557 92.50342884834737
214.20959857914627 23.83238389249251
165.47425631993977 158.49957558282762
185.54792547814665 112.99271104864422
124.41048489813733 59.54306206337365
178.9989346014243 22.34491029789479
128.21744566083333 103.52827925337796
8.714424598670417 89.5845475371346
210.1442152780175 52.01404550896646
237.97305369084884 52.44017972434187
231.81432159931538 52.807697322563435
102.60413965246218 81.60430727362359
247.65396136040619 196.14237234464213
243.80901707700423 167.31441184175677
117.30696403148514 118.73903049222389
226.428312251853 117.36270724095948
70.75958207281052 46.325611491062176
6.586274725535912 225.0887508167057
41.983866099410044 179.93584444148402
226.2754480618477 55.937144990839904
203.79201963868576 48.53053427337281
28.93877057096969 105.13117343240374
86.17577134532628 201.700541378268
194.41087989354486 247.66600792654967
242.33826097996365 41.596332366347575
92.48644185577292 33.01063154478559
149.3511421479458 138.15170513223705
209.31246318541977 20.82965193422237
234.68014314578437 222.92691322374301
166.1001373434031 196.95696711972266
144.7160589765835 202.45645312571355
91.61370173435182 2.4090916070132753
109.17636861841876 234.69727918008022
34.649614362481984 28.916644850875944
13.570812187790382 15.122082268175713
83.62985496464945 186.65777868768112
83.87318688205886 208.7812669862783
65.7123366853768 171.08477730014346
99.55913048172668 7.734559287847026
159.8411350033525 139.07968408276417
187.12095805925065 136.4876336565972
11.472179270926974 84.63486544299792
176.94754187182502 121.95651407754154
214.77860682663882 160.75343034781298
104.97647168281287 195.27246018140374
99.25873421766404 167.46676076082971
102.18604633430404 23.39330072511378
168.26116326821065 223.71920874064773
35.51599433985405 35.77126437075601
37.14289382923827 83.31167888208164
12.400257918066899 12.503199682047745
211.49901258447835 177.15505823727608
90.68490877479584 117.41984151911284
127.06262668091445 72.06897073158963
2.7741406880006925 36.14356868109342
122.39805137340583 90.4073746481463
100.97175209002896 190.90574610254984
131.8413802627908 114.88480079411987
213.32639138978993 167.3058861533335
37.61150067380939 103.2375222641806
244.05545236636232 36.524371616082654
180.93632851245502 168.5785915148467
222.86693387342692 71.06041645791817
33.095029606585804 116.69304004657106
181.326128741406 29.958184319862553
177.99695688879603 201.2785383605627
43.71091670501545 138.26203236059405
144.4714808783158 19.183082760144966
153.183643238076 39.905802200543654
5.328893107615418 249.68477745064394
176.8781357130644 128.5146639614787
236.33788580332086 227.17681918330797
189.94262674855852 34.69457213524055
242.0654105405923 187.15788298130485
3.905165839338448 137.38665644072745
185.83955422720052 239.61875921387974
120.76183406460197 92.87740216156848
139.98004171719015 236.886972234071
243.18682813364612 202.05737758231376
13.52490219842492 197.7140068108129
151.8668608160987 177.207791579612
128.59760218294647 85.47135789728372
44.618986735823015 11.592699023614623
183.18943354827655 193.0886144711839
171.8437566343787 0.1574875128125819
239.42384776669306 180.6538242727397
101.55577699075641 112.36511770827573
180.38904586662096 54.021921314234476
50.13170834169567 182.51970307540066
131.06103961393936 80.87273237676872
144.4792652435296 95.31414684101291
148.75742471456795 205.48768425995658
165.3054976163154 29.538983416028593
47.34186575949012 177.40047665286608
181.6809899870792 117.05423578581802
113.10154599371278 72.87269084915965
59.0320824762465 29.621285921911017
197.3253510198686 135.83392677674624
193.35046736538362 201.42142921044032
132.99167414632163 195.3131755736397
145.3185678824064 138.6077768542443
12.68213097994783 70.38907222768673
165.14861515891394 203.55821006838613
223.23448211222754 98.88603106785892
48.11258281221573 36.77586764267113
230.3656150050255 212.53117125362735
245.68626944519957 97.83085164931191
47.373016080098225 243.81264749178095
63.20727943520496 184.0509822239588
113.57936024028909 102.03931207738914
39.57202889873909 196.61043941097196
119.79916217086401 150.78076151181048
97.0530301023104 64.79106172894411
155.54498145045883 113.13241830710871
195.3970793204221 84.94584723717725
147.14823379533297 227.8454737438135
134.21129026932812 60.74349344693874
230.3990251652758 194.97145736923545
4.463643669979672 23.25407482894115
56.25966415168371 204.1813140840409
222.10021482033588 20.205663968334314
116.17228975977018 153.5158804221009
211.84594382690923 34.44315422917857
148.45216078259241 174.53106361102766
173.9985908470398 189.00229261318427
67.17053826682162 56.99169140550983
163.89135505280572 53.54755717241713
36.404069007073716 21.89876970258897
92.94592107977489 239.54787511931795
210.98082456019395 87.3643126732869
206.9586157795128 16.21970265514397
73.79991092659219 223.31075414828607
164.97792430521108 54.58317437793087
22.088476069865138 46.03263460548171
16.365188757771044 58.058625101896354
90.66822929708124 236.56087024009472
134.46128830419622 57.5836568997945
61.414089031576054 83.52216757189845
164.3835384873886 191.49231016313757
1.2955019099554488 108.89689026967669
108.00388355384155 229.16227491951668
23.251457246504543 86.39867060029438
115.70042329193178 191.5195533971825
106.24447156061395 162.67210294682351
37.30132940416866 109.75729911186683
22.02330292653229 8.97413013077572
160.85649930521706 182.03614453875375
44.89761585161625 244.6572158398753
172.29456016643172 76.32580339566408
163.88919581261572 89.26075263564384
219.79056468810475 152.97605306787705
233.59327378199163 204.00893091815863
75.98650592935793 51.496215820398014
208.17878136593185 84.00967676150883
239.13004937536863 248.6556544842447
93.62893371497479 163.45825749760505
178.87574008857828 26.643039057480085
137.82663087879433 7.123502596350279
215.2316627700455 151.7333143176083
102.50251927644688 114.62625932304513
183.08118501324026 153.38232237632718
164.06505799008642 201.3448542206958
205.5428390277841 94.55016431047645
104.8168103658003 162.5014698811201
24.28420707054982 3.072346336994408
5.829774450476277 189.9191551819412
64.3662132142665 99.82854113219686
11.56554827326864 156.81618486480946
166.71791930376608 215.1863849697544
110.97916949136469 149.8455352874506
52.342100745015166 93.7420290536168
164.14302508229488 247.32345806172214
20.11564430290702 94.31652133154248
164.71501674473188 146.19628474936275
143.6024363366749 158.43178056093305
73.7647212895688 172.49028519268833
36.43609527782032 221.3318153331511
33.954428249724806 38.97529494988225
8.347994668339464 235.65478660024777
224.65720768536997 55.076147727936785
222.28799794105583 58.16606327882962
118.30849768854704 216.47080700370188
0.6758065200622443 34.64509766011623
247.00069442924988 2.8787003287253645
163.39340211598318 81.61939117549194
45.18664596590155 213.98181830076095
198.18857656894633 73.7087485103404
229.81764606119094 118.95345241461966
40.72194258112988 197.67142677882293
124.01515052247147 153.93134993183668
28.32239179166754 190.6611234542876
131.8935186139212 156.58178249748735
164.2205581577313 24.5385700201865
249.00916847100294 216.31540959106655
57.270059324202094 167.74432308629227
191.7458306785638 183.77395576226942
124.35154473707885 35.171711097291336
206.82918747639246 210.0724133097249
162.0833499575236 34.72794900117535
159.0893579784754 60.14059628299151
157.50252087130787 15.673622646275643
209.7217505685246 104.0560605788633
201.07084563870058 225.9963908528897
24.022389676733397 107.34243177150482
163.49836251597378 234.81865773121444
127.22706917905238 44.67909089384578
249.1361749009711 49.695057700301135
201.26716605059542 204.30978695973212
5.356391269080108 0.4833984401811653
0.08217982695402082 118.95939348015983
108.54259563275265 157.47232589936934
111.17992120739301 168.75520363526894
235.78619266879195 119.6944057876626
213.7985834171539 147.9215418396688
208.1287725954536 123.48757786614908
220.7245767280183 2.1919215838963613
246.06218717312066 203.5481540238788
126.3031368136387 192.57785869896193
133.3730298719706 7.253040168305914
209.2423436711342 165.5063942427268
196.26642854830826 196.9108242008088
119.0915767336156 227.56006467607986
160.55001210651633 97.56558449635236
59.6362570239633 151.30145804267988
34.5518054605223 94.66992078819817
149.01216338816715 242.38512889501064
44.85106637406691 135.10584487982527
46.7035136958163 106.57994100742887
74.87506679101735 151.77197632029169
61.17408954173245 176.0966717241152
150.50990844670972 33.81677851665529
71.0227852910433 177.60848900300542
15.620972241038894 117.17577029757226
87.52918907410695 234.93224664968787
199.96067785504704 203.68567802482156
49.4793776436101 244.833756161713
79.99695401140592 89.7107075598064
161.57871041569177 143.71995332246564
192.7307784488114 222.92197142729555
157.24292639523128 98.90395941169506
78.87925472919969 175.73616849767524
58.688265386454 207.1656306576718
72.07361078286401 221.46827009730418
197.1097827908527 90.07929328183286
140.10820947022 11.12246221792637
49.22593001770817 165.72422660694863
227.89520288516243 212.34860710121242
224.11053015381069 18.50445892557953
145.46544758657637 173.86930994633542
26.143452911375654 177.82926722141275
37.38767614261973 105.45494834046535
139.88763524058342 235.76834077627436
141.41583013842765 54.86284280872788
91.62074967406808 92.51880962139197
34.07631641686864 63.808832342131225
97.28816976837248 107.51399045055052
234.63886211207887 101.61786100519204
115.47410237810985 16.387028669931276
195.09218279054744 215.7949871450751
43.326740206541565 50.750940682381675
108.69224872077204 32.03599849808625
136.42303443869739 101.16472026354819
39.8077744743445 231.0178962446568
77.56252662933765 66.19258028258379
218.84811518257186 161.78887574451824
142.1161868232694 45.136584711147066
28.135953424089895 76.7659392269581
17.962572937003873 115.35452818434256
73.21159883188791 107.5108158234647
87.14324305312704 205.89656141402992
244.65152787689985 186.77164845855856
176.27368439136947 62.01947607153263
22.058251169446873 172.83246507877175
220.17791544254814 242.12834534905903
9.799662283120735 104.56627114249677
121.24130572485028 66.88060831165188
195.67352734926735 90.98338289472535
36.244147474081444 240.73203457143157
82.04299113639534 217.56749234287742
104.99611794521813 205.2453343215128
95.28459821094515 185.38458669383203
201.47680227805486 10.74671775108929
156.2649361535796 228.02955755518454
207.62941820767762 119.4005398989372
116.08987822253955 41.34319539132558
171.7854684038089 36.2585553112966
87.74009471221031 237.84227633328865
21.685421786323488 49.37640929309839
96.45229547656307 159.07691267102288
142.712326610497 192.90662274290648
242.6588535572749 231.01679815512009
45.55930606396902 138.67877734300822
53.828971571774936 139.54426614678903
231.51155461536146 115.7479041519343
85.6254316503239 45.10733443136466
143.85094651713277 226.19606693645326
72.44731450602664 222.65055379506046
205.35700877338854 170.517417024591
218.17680670150958 201.97796304586217
154.63169309742406 163.6341730489098
76.63571086251025 226.02674351059258
233.38599664338645 136.30941331217812
17.64730729529862 56.63479629008647
149.6131132414011 55.06578815493679
112.16065044069417 13.164059924311772
191.32603154423404 70.92707958425166
139.60629509229992 137.91458357556996
85.25181789545569 65.04049713781087
157.40687662332303 199.71274565781027
52.278847803621936 162.72891741221892
151.15876038205334 230.56510670211838
34.947819200036506 55.091152829571364
75.80687236887687 242.14700173171525
181.8200989014166 230.23948477762835
79.02736612733844 70.82708299357446
193.31205177517234 119.33271022599509
149.26909093382872 199.02684341182842
195.7425214649494 213.57063984490313
98.29641219605168 209.6653165503131
71.32813128139887 23.301310355558936
136.76773144470627 148.03789308051907
155.49673328250736 195.52018410568186
183.8478915965253 85.57606122307526
143.2534796685168 182.38366105862696
69.00706342996845 21.309349372801574
58.422297909169416 182.99469001671326
171.2535955275297 139.84872902553104
239.32668216168153 35.89771274396797
233.3525274621247 53.97742460336025
166.15077174796514 99.9815902087571
244.2767354500027 78.49204793220274
141.3545621241949 62.57140800911881
224.04360042748465 35.814286956908134
227.47694819418288 47.28079958031517
127.67819027451927 52.33071645711826
213.58540734713537 107.04542054917337
6.2521349507472515 116.75709459259923
151.28331088052218 37.017244483839114
25.495810192381896 105.3941319359043
158.39938768389527 230.26714238353617
90.79256640993685 112.40880163009936
65.49472619738198 81.45533673284392
213.69139240603428 37.52691487446189
39.56061915249173 50.50078384403192
194.27228624921642 54.52219689983967
82.19138550178273 183.88400619296036
189.09679056602127 222.38648398297548
60.81239902018537 9.958833905896997
142.7063290295488 84.38225715263134
71.61801802190229 239.07678729941725
181.25187720524673 56.44466318422159
86.2397727541597 119.80808853446892
246.26906307448613 85.93679263782036
223.82704180833795 194.48497239377423
72.72224967179744 4.982456552100695
102.66849850193039 162.11684239893128
47.44051141326311 214.3775478827318
212.6915100314221 111.24441333028109
155.005244638714 66.46413144918561
165.02939552871217 226.85941333085037
132.44388936172564 215.7132885710153
15.697744337377973 204.57751112547282
64.93751049084013 36.17402055843088
10.958112007975974 10.042272363235321
65.0129292178939 209.35042541994594
214.86939529894474 20.3650192080152
201.9471844740536 116.93984999214302
47.34986648710859 184.8324752110823
188.96901077788144 29.217109487676417
35.20765465711065 174.42165448871452
161.41964553135836 231.86667539769982
57.46539325896963 186.42403384079336
160.84848469226455 28.81982022342891
30.24423673796739 165.0845178353595
22.076305078456816 140.92592005980086
177.41168660697556 37.90585238536578
189.88954342457671 78.09499935375011
189.71892990185574 5.3013639941204005
159.66931340163984 171.65041281202252
240.78661191128 189.05422875034367
114.25521056145688 12.896617138544592
234.4918533276771 210.1402783124682
97.3098147697819 143.5118935505631
66.79301164799578 7.5750684986511105
76.87338334019 212.84667466817615
132.90459679161705 57.88207599908937
242.79193903504063 101.27015652665433
218.97080767672796 163.6964725074248
18.830196790911803 88.63368488413539
53.98824008049055 249.44604316470117
206.1210750587749 39.538829505128604
10.922712734791173 141.97408504687513
4.164117901533398 154.36955637575753
85.83765813004527 146.83458460710628
162.1560933734654 161.32009335317704
201.63801389639008 201.8457428498125
97.09939431705206 223.8426461499997
208.22801045485892 187.23964624180016
105.8107839803144 187.74340903138878
141.0000567200428 99.69290386197719
136.90284400930804 151.2599840817118
80.11698539094516 11.863189736576906
203.6624277401625 45.00926014882328
0.775625314788364 109.80522877222315
113.50919770226776 17.517743021260053
247.85607429259846 154.04100573862183
115.25943542550945 218.04199766041268
218.9517673824215 64.4298055484763
26.433164197158714 103.94800499417781
206.76931664665034 158.47114906088547
123.21702071012581 110.32378214357793
77.2952620609398 249.50592594277302
83.77389234130902 35.54439522806943
172.48250154685562 198.4986159685984
56.816459424916474 242.77138735943768
90.33187693563058 104.17318163377028
102.667094608865 24.76296136622544
244.1607704611104 189.43113554974093
127.66440313146457 86.54661575971953
95.87531727150167 229.61772985743087
207.9933739897752 29.951511103414152
41.723340722897575 189.80784872800908
163.2819375703325 141.6240880652253
227.44359377724615 194.76116929528578
61.538037625034626 130.4066679312357
16.4239127430775 88.28695981881494
247.47414303472058 53.62941307507141
22.740495771830766 237.44839615824415
42.01338085416897 105.23473245793808
165.852263305635 233.43425694099489
162.12425709905625 77.20141158071058
69.54271675649044 134.30958060505702
103.65042066368017 45.389679647487355
246.62012868043894 243.86405279089598
239.97980110945488 95.73507992755486
192.17766064737594 75.91253238913653
221.76711474991203 206.5504283786885
121.01410252737254 186.6817796329145
89.33123361607875 56.53538272632075
78.27214961149335 112.90517723043288
98.83766150722876 131.250727607324
143.68049068421456 8.989527761713855
178.99797704910443 59.759039499120426
8.552593361028649 156.90459737220388
172.37224181675165 241.75343681184492
225.88413827628318 189.88068606321764
25.949876032404063 221.49041378002423
172.8199602854071 104.543889421494
59.75999516607114 76.84106385226191
194.27330965093807 41.74652323110578
214.42577811976696 188.0872873202327
220.67981046697227 41.223471465013176
223.44328653864744 86.88002819787705
200.17708367692694 68.51959702003285
111.8770592316527 20.44092175415499
62.67989189491943 56.91582551535654
159.22144601452842 18.77160725909055
29.129667199754127 64.46961840584736
188.74923074354905 191.63591193261882
236.5808468453792 1.3690197771189239
3.2646588904221288 73.2076403650983
245.62011104360175 21.25731917405685
51.674163299547104 13.4611643493803
176.08724778429197 179.70108344677936
81.542494840495 146.7141643484991
44.60153372811049 95.46597623319441
13.317538337046104 180.7903771831302
50.154021171989136 135.48828834647017
148.20666568829296 101.13358968108722
12.796025518543141 180.87523188916268
114.84260117957032 231.8823002053854
58.31477063479856 153.81614011570863
40.99282914675045 49.668723371595256
101.69910131720685 115.13168508319865
163.8581017285276 130.7895675953328
114.16428842519404 245.96042645503408
121.91444291240478 50.522259742780044
81.49040343259853 112.67616263957304
12.397285104659733 49.66580071196044
247.91291673022022 78.45780859954682
172.91936557864986 168.5732551367467
128.35183187852067 106.43241993209921
44.19072614340744 62.587401343766835
59.73455405110587 145.49226513110784
35.298816006001736 43.227860388811074
101.34299537159328 9.741232366633824
211.63798242022816 147.10758077240843
70.02274294020164 189.78199126444335
226.79587822582613 216.77950314989755
220.80235809704985 237.64446334105745
181.3605081096177 48.78676143646557
87.39276405052263 231.85896028212179
176.23208169910228 110.33646762044013
33.12559020361605 43.36539918669194
157.0404003931105 99.51691722136319
97.58820392738923 104.53066179044501
151.5801937663244 147.4695476120139
60.373831498903044 162.97026103909369
73.73921856195287 85.89961808344259
172.59429256490563 211.3858293414487
44.789072742888955 110.24092335731231
161.15353637967115 244.78420676732088
150.3719387441351 241.38671613551105
84.11810974824968 37.42734200412154
223.9437262322547 101.2264155985508
66.03343695558655 75.00751825399706
197.7790109035147 169.22502158873854
35.11799424780809 191.58039212328202
220.4306130958081 159.2976324159565
196.42877881620663 17.345778119317007
27.8998472306162 216.76239809963496
36.76796146105701 10.494953965749731
194.96124042079992 168.5483244251561
223.39357565374652 60.02470262971088
236.79392363821134 72.18258648789954
210.03309398248808 125.10751694782194
54.25771608085051 206.38615982911804
195.0878719584136 16.283412398814338
166.29895281245365 118.09652912680463
232.03202737646336 208.1940763043716
84.43038223756325 9.986271577154787
92.55382378432952 179.70065630567686
18.125038193428477 201.56675248897037
19.596005807447607 214.48556827839897
78.21050024339391 234.61520039639342
108.2920197020701 241.86177159216248
112.77863933214394 193.3883038454578
218.97872599037578 120.51483874198854
72.57975036595063 128.07309164127912
183.7577911971115 84.38281682546803
226.23291529409235 192.55134038689255
156.0382054554874 10.13797753616083
159.9975889450465 228.71466673510767
124.79470362387887 80.45171430936105
28.659185143026676 232.9980918359128
6.876608178180699 162.56324586447047
180.82379428227816 216.46554656644432
204.4074930398616 8.32432088367524
193.41811758043292 207.9776603047379
36.41632602893144 205.12439440629754
208.52003692471902 162.3008583879456
106.74165229872104 50.81568137498754
149.32414353360318 26.810470941976693
227.16452099334424 86.88893294717468
36.39752980198022 114.01160234398624
228.69614453909492 203.36730701396405
218.69060941464198 28.115728688547087
199.78327245270555 213.4065610257155
57.81230076809918 35.487995324915396
158.6128342006125 59.781032323625276
223.31255002640464 89.96544272918824
185.62352437768376 168.6229836260065
57.73112861951596 82.60818129195225
179.0651012971822 202.29683103624635
223.04926253307963 79.871625147971
243.70438567906797 7.479967107966251
217.52747187761875 88.25238704517562
184.40617243823058 133.06888591379857
214.32676870888235 132.5276229135827
171.36483061597127 18.87783275900817
6.050351556211281 40.562991661894976
164.55163549871423 107.68987951563471
134.25567482644493 209.00386086620426
7.04110666264407 214.85219820848945
82.02586996945548 91.11325523321817
155.60831834283462 60.64696506941111
129.8250089573905 218.74675050563303
77.03221776251925 18.943200656686727
145.328123883906 206.44580127197932
113.3378139931979 146.13229189641422
169.48665530751583 137.78982323465374
102.46828122856125 157.3304628256438
103.08744040398481 144.89504194472408
81.60890785488517 99.49025921877185
13.243314869224616 146.74594407059936
243.89367835323347 81.17738234863539
240.09134530542642 245.1944845622397
205.9535047384586 124.85297605230411
206.8130070768406 246.44344765183294
72.73120269662923 8.028102370891327
61.225531523083106 232.58662389119718
38.27598002698501 102.55047285472408
9.81869680953562 164.54189975211145
223.48235974218576 239.70149526847732
36.61373453797429 140.3624780228989
98.5113517937278 130.50888982118772
220.04545392352844 20.86751115447652
15.534729554301935 185.21645581574055
29.176140447251946 99.26542103407812
41.84441259279503 236.75869417392465
86.82747463610471 18.541714942260175
232.93657328665472 243.1781124659781
193.9118980919508 65.63697020834996
105.8349993337546 7.563878145823876
3.877113488982842 90.12395414638527
60.434352475627506 65.04673484431129
243.54270135866193 207.47056836386875
134.75766375860638 171.25722758112275
59.38813982323873 240.36787497367422
71.68259979656791 226.179534545377
200.44023142169465 30.4600392765971
202.68076681430642 225.48526252803762
106.76762050001918 41.86002192657573
156.03326915400777 138.812418420348
88.15293699325935 238.5678181536476
41.414202264184574 228.59064675515296
111.30677489439306 20.476340409926408
134.6322216204497 83.23972771867041
233.734034254504 46.699772722857524
50.87930202837004 107.18539882938508
123.72987515448023 120.3458901876434
171.13985261256104 132.47050585985667
208.14869471434056 236.69177250199115
2.6519831766074473 169.7411825633611
100.23040653688604 184.74311444089886
57.00339458175902 114.59308443336963
229.98958162172818 203.37438652214925
154.75003015446686 96.47797978910555
49.26658666224182 137.57222201520776
238.13412585517574 106.76066773322601
92.99602246247981 47.57368179951199
114.82913297816583 219.29756320146214
234.18048725804533 80.63578146141032
18.23540466556817 44.882804535435945
54.89895588267882 72.61343192085826
238.82042345678704 189.78715181518078
137.97754089205802 178.09628224826125
211.09796067641244 84.17334915034338
171.52347514835583 211.9016095332884
167.96432199339768 0.22434555698197522
108.82804501952944 43.92799951634927
56.26133498353189 162.1803702985752
136.64772543836366 56.49546699655447
187.30312961921405 196.207843427545
218.60567410582553 140.1251867090849
121.59915230841747 196.43869728233423
224.1291519842637 240.54491036635415
80.71903771527755 233.17188227624354
50.62824387134873 17.264404640300324
103.12168195217222 29.582007585238074
211.41167917878684 192.87383544945365
90.39428047604534 210.9510010761186
190.86156125971155 199.78991843166503
117.94479309055536 212.54445923281656
105.74685340601053 85.84360863761384
18.820777080532896 37.007982969928385
55.662323144965384 244.35920103995778
153.74885475482827 118.5271478677008
144.15022076632897 83.42950631101712
103.58692369199593 203.90417568911406
235.67995594118233 42.84358660192403
28.312529186499987 12.587221349127486
166.6673358166705 125.17171294173355
70.74992580803938 42.93692920870102
50.25494097853087 77.99453693864055
32.75251982958333 214.88374740580207
45.54812224773108 161.58308558109107
174.7618713982641 192.42553110051625
125.69234926488834 222.55815213569008
191.4921405419013 20.75721894938054
196.60390762546385 179.2024811983928
7.695244741892399 184.02256717579795
178.4575323531693 203.09054685475323
50.071596438901494 201.65675807594837
147.57012014145735 35.98701134247032
243.1699926416473 51.30564257021114
231.47081526677044 5.407201149629115
78.95905419397253 30.112852893138726
66.76369253102472 25.787552470206005
213.67372357904298 165.63056989594142
29.598162942117785 186.01562742676944
47.92509727370281 215.29125846448423
232.2934130975902 110.48223191756915
114.45340962630551 172.81458275284282
187.78691102603148 61.41045284209959
53.99050911066064 193.2331931753165
51.61728661898393 52.53362668988312
121.31444952896969 23.6213244579655
232.71803102168246 62.65239357427046
206.07008149656602 20.079387484540135
31.663256639978655 237.4781973335719
194.4602753570569 103.0234215282031
239.80696746618673 53.524710378951234
28.408764500942986 243.52362891130804
62.3300990229719 69.83295574218037
40.926271942125645 38.88336392579125
165.98987880656168 56.54615333430157
73.764381018044 179.86172633442987
114.76312585056814 168.94443352990015
170.2827086081629 26.782949241006214
208.55532867866285 85.757408329315
217.6890455137143 7.021314721234184
237.39750035037977 165.66828843598657
245.67984658573374 207.64131372558833
226.2365296563796 186.59651495552143
130.11801022668328 41.405763949695526
107.33133778364137 136.4757828470611
172.97675895233058 24.813303608333616
203.0542492787409 198.93559716980172
76.1954728825087 81.9079245798904
44.11764108616051 137.9977893377944
69.99619439794974 73.61290903864395
235.8405521323136 238.88129127991715
189.39429740747082 46.058235403347744
41.29886628906457 9.571740892651114
180.33742788075963 215.33665541935034
159.55623217573418 199.24219488229954
47.99942986902481 34.796074917671895
230.5735042776116 80.52545510541928
95.18618366468316 165.82179373932541
227.32360521808005 185.33501685605995
22.221975459899234 139.07199018999947
68.17099654588948 243.24445833963102
40.54235379270765 230.99198045016067
170.60549014238137 248.02570690795088
65.78165255171301 245.62128571762736
234.62014375721216 192.0955495227705
193.3635613099298 47.846606960607716
227.07732955042113 43.732303612946275
37.679011917839595 95.52727332524368
90.37889616478314 196.2256345178359
220.08848038341122 135.1434756257805
166.05784230358117 169.20237146828808
193.3888334186462 52.12920225723958
108.64978684881143 179.82532275182353
214.47699907877347 232.63245740773272
18.222690705215676 193.8077426077305
222.54431519692304 34.673759180489014
213.05478320165832 27.432734168674756
134.39260879541482 176.77083031580307
142.54981762813 156.91495157196385
140.04123878238408 82.64370776652396
183.29297924991525 57.549465767626316
31.89318739128358 44.06937814877329
84.60943251193088 155.73914679671853
229.2512957549484 183.19847221557308
43.68484290205971 124.78918207747292
96.03209234319083 76.8695059968956
197.06752352577234 177.67034154833402
100.88573717884783 222.80399298017863
76.43359176513745 33.29225221594167
179.00188406693354 56.22650940466628
175.48356219393443 187.04261323539058
44.58867432323005 152.72375128032678
11.96049086828327 133.46408540721865
93.80182369439244 172.60292918398915
23.27558975031763 110.69048012580495
123.24679232080257 229.88049160247564
163.64127254999383 221.14008420712557
228.24971703727218 97.78039797611765
92.50933527745741 137.4829307156181
183.15683823848448 237.72922384716605
24.10889008443229 240.9213215115691
106.60654347626175 0.8518344999312033
234.72084509661886 228.32943240928756
18.968741877281897 199.36723458894122
41.3300316508815 216.8873631991938
51.423694611887925 76.09688186670901
5.404350495679916 225.73784873589756
98.72071919293282 80.46472439704539
68.98855518533273 230.18906898960816
132.8623198080339 242.5206949678351
45.34111444295574 8.016210810703944
152.00255970517318 133.91878885783908
44.48630605140635 190.9939935132303
186.18400048865323 181.42952984669856
157.73488216741646 217.04328346435543
134.7852485556627 84.82961393360391
167.39539219714578 141.5836893170752
37.63333591440687 131.8439251085934
94.13617019610152 210.2866614861859
128.5792008681298 216.69812762241003
169.97551450009564 217.26472593467383
167.09772820062108 169.4762728284241
222.533509336955 150.401660719334
28.45889094470741 28.691107077934458
105.99871243935702 46.51941104428334
83.68431746165608 16.81839460658141
124.56130709109037 56.58355275974719
15.78020026458668 50.057789590301745
142.3783353406283 248.6868381299521
100.1769927214993 220.01814736501856
196.5230906655915 111.34337875361521
53.89541018194155 240.75134717315254
248.24347777040558 50.384297598632415
170.4606387570317 51.087637753774004
26.16770076075253 162.81133061063713
48.28479399248564 160.2072053602589
12.132406151023705 103.29349561547663
79.6086707432882 111.02146297746035
189.31653108206882 13.949838822112898
41.24934634060948 72.74796392108159
5.0303910245968195 135.34685341239776
89.78522795041583 63.944698745806996
147.51447547197344 102.50069543622415
89.84070233230935 94.4531780127417
231.06958962891906 127.40753214144787
120.25779340334161 38.854999883161405
226.50512672207273 47.14113930262942
9.329822445326458 94.15027499179088
21.58251584850171 93.48221470295101
117.23633251945176 78.04281356236345
107.56297734922035 116.45224402980209
122.99086978460235 114.87587954861542
88.15250358128677 37.21958249562207
18.688349100724587 199.2358594998838
88.16624714309984 55.40704150330528
90.96369852825609 215.63595805073942
59.218529136105396 64.84436023708776
197.2055477956401 197.59846240305623
118.21663985497149 14.556497876769715
31.01941328866423 73.01275849233468
143.86366475406828 53.05701791789286
156.89313626117192 199.1357106201133
9.96899647167096 222.64728828716986
177.16516485071722 38.69609301713106
48.599905696411206 171.2874408558682
62.53845578700579 16.34396560117382
101.77443186023206 81.48927071614901
115.48333827830848 186.24308023982076
241.02199512319868 140.51032221173466
221.37099918192888 27.726916010309605
168.23339257404936 227.88638305761688
9.61715492040241 205.11714549572815
162.9386746887448 174.55207991017673
26.06780136923445 45.80779625722589
228.40886499777903 142.2225836463603
243.86834273278512 244.38937514437927
109.96989826154146 99.38406015263062
42.82212738319108 166.5710459979643
36.803694319340636 204.2532235444107
69.3118061667666 161.97562892238835
94.28508929382748 157.59222217652052
157.0860634912735 149.41004169930767
37.53931487799425 141.20316773464052
203.17941138165907 87.79029066532989
232.83707587417194 187.0956098124896
39.46785130137728 191.57881653432327
229.11709463537474 23.949854414271194
15.245521756837244 97.9939371434933
122.1969462941043 114.0046765409078
214.28637098562854 97.85283673349166
75.59118611990439 74.79054884036529
178.72763574711573 119.9462399221412
80.71233580680756 7.722024568236646
75.29795735009345 249.2151688673769
131.89867800636398 245.18828603994072
60.81818459538804 32.35805225981919
64.11004868183507 214.0513202834904
114.69377717842752 192.61300565395453
206.72866666812644 145.19170663570424
144.6963493960086 230.78408699251582
232.08830071848016 72.0111627835923
205.47702683159224 222.05595206060656
65.04803286474939 113.17299700859992
219.4622912010341 45.03745218797459
129.404576212721 207.82654107109678
88.43246252824163 0.9639959914611584
105.06191692585668 175.81308694606003
227.938939648949 29.32428542414106
169.621495982021 50.493549428224924
11.722244624668255 236.95058001875478
123.41258714393535 86.491199521714
122.86573489387945 72.55049548682655
209.90156587526744 132.6627473433786
193.04146719319704 67.50572944390093
178.61394866848988 167.28409510374337
96.4684264381926 17.64106860376649
73.55142577256372 215.81926626490454
169.25763970711392 70.75654549428987
171.22330412829965 51.67234360169326
92.06517892528309 9.674108598601405
138.5752686256202 86.50602818145381
127.38450092398173 166.39933964674503
95.46797213730216 66.27239319888386
131.4435838362777 178.3244246339922
154.31683017788384 74.4394690883536
153.99128169983882 161.4746630842105
112.61583268321387 63.141243854532206
179.72783842491822 211.59885109824233
244.3708061058268 148.6893403465226
131.01394970515352 68.21937441322332
149.8277019331763 50.20182028979334
214.59128687757286 5.961303161038767
5.9156572111401795 187.67935807285411
212.66540739669128 114.6986901662357
127.52657843518055 217.93097554375902
134.93422115810978 147.23518853184237
171.5500854500416 169.50019714664123
183.41566933820386 127.00925443453903
157.48295436653774 52.69760336729251

36.91221746219131 220.70913588202868
180.4431273083004 189.8884472935144
206.229215172706 96.58593511376048
35.31737099668394 195.11361587223516
198.39537810309062 236.66671571226337
111.72876466507739 209.3189283642044
160.6926810601119 179.69521311799852
191.8502405579511 140.7176097665822
186.33894466011358 192.38874905865907
201.2447337327964 21.06707985279177
44.62403484969274 1.21076373620857
206.75922561981557 60.36343306333799
132.3189649215524 235.7449199848245
97.49550164737128 144.01630939304576
99.21623867904775 103.54450825613488
188.92452001141194 85.24412695274303
155.07899586048552 73.24245567226512
77.59703626203424 176.07378834868786
103.82260816407086 182.24223082393087
178.4457624688909 229.70242966917579
74.6543707149728 151.7528953413937
200.5429111604008 110.22536337693778
60.38709460111477 162.23193380804543
185.99574843396027 146.63679619622934
122.3984002684309 83.30547673138366
82.11341008317177 186.42356756573622
23.230598244605048 99.77161508323296
141.4502096663438 57.86421474192691
87.40514589075565 249.1475759105683
98.99794784081462 95.43805042862122
121.8242909380039 112.44854864312848
135.121426810955 19.03582552354416
216.66542297259164 223.53965707294242
16.334070780253036 239.11365458114872
130.09725025965338 32.360515472376115
59.361268649689045 249.07870548650314
94.02863173054793 233.40543256834863
7.265625299950035 197.43169394720994
79.48195471694363 202.29489733729486
164.2759863541993 160.78229494296147
66.76711817882867 168.974472655816
89.81076809204811 233.73687431166664
151.01115751611584 181.67165025428025
21.531816010970374 123.56545666790717
176.7068556502437 163.62458517410812
73.97568833191306 20.16216287200723
34.106879834463925 62.467503979918625
130.2764343661485 44.6264844181318
74.18077459583056 98.13649906162597
203.80510348010972 160.0998138171337
153.22127660264843 22.75594101179612
230.3526045415662 144.9934300401664
101.22183454134326 60.40932523049744
13.275570996112235 142.24172855762524
198.71312353941218 109.01523052941029
197.46226552800417 127.33831731802775
241.50046434264155 22.099101257504778
40.81224437075015 67.25545278798964
51.85805892653742 146.29657240231563
124.66357724715985 64.42103878135121
99.8753639299168 42.919329112464126
81.8355309090511 242.1818574560984
59.22143481958583 48.3794959946067
12.148614281602299 208.00733973864814
32.94222035199515 128.4230659075674
140.34906915873384 123.8153078441801
103.89665838031767 2.0361471465530077
194.17947072024813 98.01820466637511
36.73015994292284 215.21689576976834
141.39626343453162 56.99554815263044
224.57743784385892 82.96608582776219
175.06479206984676 144.10283297124673
117.22505441369435 226.42536686460335
175.9036677248789 38.599519350043856
70.74298768907316 79.67836520720704
165.0911844279716 2.5243729749304666
56.45662911962276 144.91064994570388
123.10319170920026 185.38578510158445
168.12892292119392 14.527578540781683
178.048546819063 29.577552842851794
48.8503145172334 4.984720529225411
225.4494802442509 31.29739998469236
134.71715081053856 208.73013075966796
89.4406993673838 238.05682143055148
182.74248910496493 166.92535239230267
224.13716916089976 168.30669840211158
161.65741059285654 35.078314503265375
41.99091832271623 103.56744329287318
161.93517528929556 192.7984755878634
13.248954134111147 167.6695828842699
100.78379072091585 210.72436465952285
24.3244975980248 181.60768542981785
129.3963969634242 194.8269127873126
49.86202153370767 122.86485044558107
184.23559600968647 9.185161870594621
121.35141198641786 152.21913856738135
215.71404372696506 248.4249212692514
219.25570341394686 83.36558375464442
164.60262897449292 123.77721814371299
229.14434876314166 44.0609503308812
179.87300041588716 44.09700146911541
220.31212616637794 118.1653591806962
32.5341047642419 56.794624005896466
72.15104148021753 5.71212384834599
43.060393771534535 148.44097382280032
74.73289871017703 98.4223594448546
154.5939510233562 115.45334719365042
249.7429244608386 19.540367509696786
152.62281006853408 20.220077086471054
171.35374161663952 20.991535804593425
83.46171853363838 145.5075016795099
224.67641887599206 20.668040379201223
130.0400838058683 229.8173954910186
137.346907132991 183.4770707424607
46.961449191374626 213.7795571237211
174.83864379305732 61.15416110834157
201.75567321665073 59.05692944247357
190.8962289243128 46.29972974728139
229.7636647040825 127.36268835593162
134.73631547092387 241.51660418427795
212.2060370384634 121.60555027508013
69.3181136536262 93.70945617857643
114.3975723781345 52.928895304626714
222.85066166420367 80.14980797651783
154.2542571267422 232.83465551964457
186.35908579661918 105.01124336465107
232.67630127708819 47.87707069653616
122.4325255976482 45.328579677821224
94.09816157113396 144.27200920354426
23.074511350229756 239.02832952583577
191.09571733379772 59.660919031379464
190.41885782952392 75.97560866751152
240.74575380593546 120.77920128289568
202.7954566357541 96.50294218104882
216.4566250970338 28.28809031915408
173.64300524429325 158.08849614373113
183.0233718619595 106.63727813964341
127.52855134035765 65.5276312784872
178.82683997256683 17.46150915736028
128.76179039745998 109.49469258150948
2.0244536267440827 91.06499042682817
205.16729626576884 58.521862333969246
237.44571126324925 46.17704743749043
236.82337201413208 54.969579484737544
98.83382083709822 85.75397641568577
242.70183370439125 193.1152983290826
249.79592766770054 167.47940901770218
123.47380953579551 113.23194718849867
220.51572203972188 122.30356152262092
74.73791683058423 48.19069938657877
5.405072885309531 232.8066887605581
43.539552585222076 175.38780211628048
223.00988507332244 62.35978639882239
201.93812229922924 44.65823734871771
36.18274467181773 107.30102062478205
90.3194962274145 205.56399735553575
189.33655486694911 245.24128358366642
244.45655810511334 47.49683515487155
84.43399579429634 30.679263666083173
151.54175841537898 143.7745221406552
211.8388206790052 17.056230524629594
231.3079676515 223.44166481896892
171.5792703985972 203.0342132672554
145.79187950274806 208.94489462304324
88.33033947755054 4.0923571581049645
103.61465979485502 228.94190867854994
38.44749819359186 29.947768858824443
7.750227242189961 9.435624891445283
79.2264798221499 183.47820505610582
84.60271952270207 208.3417628747295
61.49302539866075 178.1690391445752
99.72854919396151 1.398925322049882
159.83435469631968 141.5462362892877
186.68149326297288 135.6774081400049
6.744080643575012 91.10116198163715
178.79425132598683 116.13864997116517
211.02962018183075 166.11174422797336
101.0571829847528 188.00920088037986
101.2612662629924 172.9443055138872
97.59660241217888 21.136554611662252
168.57421990412175 232.07862523095991
42.60226976844658 37.87166772447148
34.60604990767408 77.82629446579939
11.972799260180327 10.11940367163644
212.87477506549578 170.47879756381394
89.41244959731905 121.50858404750132
128.64131762028134 64.56514566429038
3.925590250152655 43.850447018356135
126.87182590873144 92.9811261269302
99.43987300207338 192.2068088608327
124.94285038131959 115.37774032902787
206.66405799220595 168.74741943841795
40.30561439927827 97.28069282594684
242.16471198028398 33.86692907030012
185.40511090556078 166.2624482826199
225.25355874721538 68.0593115516927
37.66391581249132 113.24512472137677
181.69834785107767 30.58236095050787
184.81380348172902 206.30315974196233
38.410999303292556 141.87274596021197
145.1484218446323 14.619962241851164
159.4097631387561 35.791333129628015
2.4988453841700844 247.26133506351977
179.15978781875592 130.1856858135608
235.24264521102359 223.51018189691433
187.38602323589222 33.791648300244006
240.5879567132962 189.26608449887962
4.760267135760748 130.67180405420748
180.8897335873585 244.27078046098285
123.5826917703321 89.15286674414202
146.49229192565943 239.16801948015782
242.77767375547012 201.3206803354193
8.961453409685237 198.13211436352373
157.17591733811156 182.93527862675376
133.5099863960045 79.4151374009547
49.039204225902324 13.913137611877874
175.5377102010615 192.36391457102974
177.0147126106106 4.582623972238298
243.76644669234364 186.32164740921485
105.28884908783343 112.0410262511147
181.25680292814187 58.132979908273235
53.36326555459364 179.1337975794868
128.99730512831434 81.0796407891402
147.6520966699908 88.29429376157655
150.50425857986258 198.00068905838464
166.27796235717173 22.537720900623558
43.90700603960413 173.54138460094057
185.5017836821552 119.06879777019422
117.46868564186767 78.47350315352696
55.26596835421943 32.990030392352345
198.97352835547326 144.1551245682621
192.43366049850204 202.4072281855099
129.94998285226046 198.65602283673013
145.11529678883227 136.22138856596038
8.71927128020722 73.32087994796629
168.27121469185917 196.04825304707646
223.6363626526899 98.73416998519824
47.385786182286424 35.04683606423972
229.9696605738585 216.97053725347598
249.1548080056843 94.43123019618274
43.43787374952146 244.64746778739143
68.82569184618059 185.1705528223063
120.27642489090914 106.47330902105668
35.58632135165832 193.02703300704744
126.46552840287833 151.88495887453908
97.77491144189501 65.12072598711377
154.27805944606533 121.04458007149115
197.06058546055522 90.84665261358444
141.33183265642853 223.4167487051769
130.03993878678978 60.90214587209275
232.45202987889613 196.4732562727792
9.208284015612856 26.480944736963856
57.91134653243182 204.42613667625807
218.76234232025695 18.803121338775902
119.39124917865642 158.96213436602181
208.43023184767074 39.8265879264986
149.786769203547 179.26182463147794
174.24604857335103 193.66640688665484
63.97315486116853 61.96818826585654
161.8290574998151 60.91810270901199
34.69806935742639 13.95098455216992
87.88804906384307 239.46637482381232
215.57024950076774 80.65201688993933
207.6681804411075 22.913666408483994
75.41808405305359 225.78290670303915
158.89090881118307 56.756710461403074
20.687919827064498 47.028074640543124
16.380240580001537 66.1227038060411
90.05212992973297 239.9105867628107
129.68989654559425 60.22120962030719
54.61278622795787 85.68906984581146
169.74044246344715 187.49862542610222
7.213772491890202 103.90979353690696
111.90295466811806 232.53931826045113
29.211807789838062 81.63318661679538
111.23546882788979 184.8543825204386
112.14990544214884 167.52184948435075
39.97016788270988 109.29817619650498
29.164097614311714 7.760160965243124
156.72488570402763 188.5078129658025
50.140884651144916 238.7961126994596
179.36993523710663 76.61442783767383
161.91808896349156 83.24103492800825
214.1343142590398 157.45436422716145
228.30343070726917 207.60735349732906
69.14526161189985 53.21042481898569
206.96444843972264 82.33765134886289
237.0967841334338 242.70960240887445
98.09465857560853 158.97203976831062
179.5736725140927 32.15483799029287
140.4315441589857 5.829665140371781
210.08580897377954 149.79170489336997
107.18142438473821 120.02165072193898
189.9266985086062 149.4528129324051
168.5434268115415 196.0964423539026
204.48681635088946 97.62612381339069
101.61708239638187 157.30638659068404
18.359404004177488 0.46645619065111
1.2564870989257293 195.76119455542033
67.86893693819138 97.2284413004793
8.767415007095131 153.10850568743453
170.06137865765749 218.316966914552
112.63617355153471 148.1842465409827
50.23000409329581 94.72526226998293
168.02055390306123 241.40098989127304
24.453096276737142 94.39749261686391
172.3856765067778 148.91771779206815
142.43046595713616 159.8485929855662
73.17516313537722 171.44844611077897
40.80027689400312 222.14405383445
33.19279638941061 46.569198177478704
13.137601480239708 242.55480225153548
222.62677609563232 58.17568133125642
226.19009199189654 55.6295485198571
119.3204420203636 210.03629400237833
2.513538313395042 42.59961104366089
244.8537957071612 2.437237771123785
164.4335962697553 87.17273734930386
47.38052546877494 221.0602864111255
201.23286556128465 72.11433590391553
232.77627982321656 119.02877664586029
41.176714659816014 189.80028894342644
126.9086269413911 158.39263341809962
27.069128210295197 193.3993394617455
134.21724155477887 162.3221239616754
157.27519050913125 27.846066326701862
246.78504559530137 215.49403153779664
53.29729931110633 166.85173085218304
184.3243532609919 179.87413558642055
124.42765138485068 34.81042187543912
210.39568536572716 212.49913421134536
156.63148010082844 33.299799146669365
157.59840279784683 63.466723853935285
158.1256204315473 21.69145616722934
205.45404400358134 101.72961672930269
193.63524134069846 223.58569232916972
21.67798976197066 105.79989469196752
161.33219376608787 238.58910251900195
122.63884633185917 47.230941597476175
248.62975205334394 54.38830388513705
205.66437344606516 210.56574340523258
1.8537806690530068 3.738586984113529
1.6451192956937755 126.94925474691563
111.28096966587623 155.0121968180868
105.74644804362926 164.41124194390935
237.8169729113394 112.18168436918522
210.05984649812635 150.98765326092848
205.52533884405213 128.55032583331143
222.54511948201002 2.013260837403247
249.42856176860866 199.7973497105904
124.15347849311468 200.39921852930686
132.41744485494755 6.486683760486278
206.21382120125918 159.81242875255012
194.0602161420871 198.76891239339753
113.69473944534242 229.745140252948
158.59364873615658 90.16715916565022
64.43371727463703 153.74986698237407
36.099115964838944 91.70788103955788
147.13971866311212 242.0222346887456
46.654951986850655 142.32709107785686
39.507304006199035 104.51737072517362
74.35997155935928 156.40101283676353
63.140222231838436 168.9337963953061
154.33173076058588 33.6215368958713
78.23139026839462 178.1683203374989
13.815117664367744 118.87354395423102
91.56237254568423 233.17603862292756
198.58708543367177 199.22860118536144
48.04777126198867 247.8628997968431
81.09342350152384 83.18290767332981
159.14112924928247 147.44167494146285
195.9629217807504 226.07253011080232
160.1428483121176 93.91111234074332
82.8869041465759 172.50219272440552
63.08569630945016 202.3699249830447
67.42657012924357 226.86114762562386
195.4582440405748 97.78115108995169
147.79992663176233 10.376119943040857
54.64107476279176 165.077242804793
225.90702545184453 204.2418549061304
228.63168616433072 20.110502825672143
152.93552326030374 172.6386767642947
18.13696671188822 175.71608066519366
43.80189096904108 104.16658216869529
141.73455926752936 238.04600542729818
141.7678141382318 61.64133274780334
87.09763597269918 98.70132872053233
37.33865750893961 61.39278858974337
97.62746078936408 105.38636249776052
230.64504205875767 101.9565259611
122.24801376562228 18.829967128707796
188.43159140233848 216.72860698984454
40.43807398077903 45.34402808035884
115.1756193313942 28.355600551736803
136.2844030367219 106.10376094181522
39.1462724480483 228.0107211010155
74.7720091749634 70.27391213913309
215.60937998355925 161.20800690728217
136.08436544906664 42.189841163211284
26.87589821597014 82.61119623889024
21.75634471995705 118.1746032415962
75.97738835514622 112.42766913456684
89.7169887755871 203.77696362542835
238.66216151490573 189.40792599445865
183.244312964319 61.75497949892914
18.760307051032488 178.47689709453908
220.0182988038233 247.90680630592294
8.927384035038289 107.49539925871169
125.62849366345901 63.09027235760001
190.69374109748952 92.33380739872824
31.80227890990295 240.6573956834219
80.14500444318934 215.37746088466943
110.44380835525853 208.41706138909092
96.06411275962206 179.68488709976467
199.90216139088983 2.4183926247781375
150.53735754608442 225.79244211768767
215.38680469492752 122.80407385203374
118.49428696056324 36.19563258507702
173.25790846722353 39.253158656961276
87.81148307863882 234.55225601052183
19.86756227063699 49.011823986057415
97.37445049667406 162.40380774528407
148.4666916367374 196.75667710963455
243.14682882239717 229.55702389715287
50.383816245536565 145.2914415540739
45.77261077230155 138.65402661312967
231.13983830591482 111.92820652375626
91.04323507310485 49.637862711275154
141.0293575669542 230.15188384077987
75.7456200797039 227.7562896725843
203.9441824575595 165.90037858872307
216.72138962321526 199.25434204394188
157.47701091857502 163.39038946107263
82.35813992486118 221.50236466060733
238.30839477984776 140.70946299954628
15.62971321663828 54.76149352271712
147.85155865252838 48.10190938890807
108.12592684751027 14.018729174236771
188.66015996027727 67.1513981058981
142.408707934818 134.78349709286195
86.10714329370114 68.17700960305795
161.02904563346235 193.37623228661298
46.73243634764465 158.1236290282168
153.91336470560427 231.04105493223503
35.13678188481617 59.35967978587012
76.24130329839011 244.45910240864782
188.70602662635753 232.22003440510343
76.5271413176678 65.27808691477716
188.20684245747393 123.03804243336658
149.72897210078 205.53198138127794
193.77428886918173 215.3568263021131
104.01855862125389 210.74705264752777
69.49015010537946 20.90261796814158
142.7809460562149 150.76850612672806
152.1679399831521 192.41708623618425
183.92686801635216 83.70238189163648
139.1553866798173 184.8330138402564
72.55777158726137 15.36092211689427
61.99062488424622 190.0653941873864
167.82285464812148 132.4518688673303
243.1135408811137 41.27039468824617
225.8896699341823 55.87644756169127
161.17948240768817 98.91044447662952
245.502816364123 76.43137969996405
147.3151406658258 67.8235372196192
220.90643209010992 39.882011292403874
228.52685960278748 41.73434099371345
131.26395902409345 59.24389181580242
220.78921956352173 108.52164016270532
5.5054718133201455 118.47054481985295
158.0202485213389 38.73655014960784
18.248037641785398 105.82437285173452
157.79380684524966 236.87031672089736
96.67078822170113 115.88278319214365
65.25384763831335 89.24608316291894
211.51608980013518 35.21213278343075
42.697807448817656 45.86191337833695
188.94939114503282 50.74950521814181
83.91629246579252 189.1873009721436
195.8241805666197 220.03114153772773
56.14552743779125 3.0752171867655944
141.72621587838373 84.81288216753217
78.79914835987645 235.2107609614128
182.5814469328417 61.56949201441878
88.62277353623548 123.8820532201764
242.24125460607766 84.12035502752205
218.739505935969 189.23397391454776
69.62941947033488 11.404571042933103
103.55805998617498 167.1479951276338
48.43322178658843 207.1998793199819
212.84123570581514 110.3616898661669
161.43055061745457 70.76587818444428
165.3477651659696 221.57129528720046
137.49151092074518 212.93149144944644
11.815678648290529 198.90964962769806
65.99870344766146 31.19782563407328
14.60366458789586 7.109516351114953
72.16482252824218 211.5578250849741
209.6750094010749 18.208560171587116
207.3917328001654 122.29907627147851
47.49841337726621 185.49866241935084
188.3480228345578 37.54642009653222
28.557712049565726 173.1163729014024
161.98968272559932 230.7436644148683
65.5696413406159 186.98235715338637
155.25915993719286 25.899377140893687
37.96561770092916 166.4995159478509
26.345806742600786 143.57564488382468
175.82128466458582 32.208512980183315
188.49341728766723 77.65489824983393
188.8919816826319 3.854379265902069
161.32721579664639 176.52809173126587
233.68441418538936 185.4491881435215
119.82921736372899 17.03055293171435
232.92894198395598 216.9603556329388
94.98909205375108 145.7742780460785
67.6485653001157 15.468696794410569
74.819686027264 210.70027092768734
125.27904519807703 55.61335923733743
249.1954943717643 95.78723529264946
225.4390262431306 163.7261213052103
12.869281850083764 83.19704952388237
59.58747862816094 245.22433531947036
205.75242316182837 44.74968663718096
19.13049395063021 142.19183912153946
2.573292842689728 149.76593431483968
85.09406886646481 152.6770992115729
166.47287551256625 167.82018345100596
194.9300466166794 203.80302940364334
99.51984628798449 217.0815258411161
201.40803261097597 190.09436417892192
99.46806567078804 182.53595029375998
142.77582408763715 96.52776175426422
141.1638989068158 149.01968076101224
75.54077225333167 8.827627190428899
202.5320298638995 38.04993093538689
0.6550088215261651 111.13220604260546
114.89965290373189 20.843801733713253
242.5937575364755 159.79438211848776
117.96688219447351 225.33195302805635
218.8327694232898 56.06835347955072
23.86054645323646 100.87998125904026
202.36483044092026 158.11650556809818
127.3936149961715 103.58785346312091
79.43030514259331 246.3484337009265
84.44754794162682 39.09750246066945
179.19944784295262 197.3948511758811
53.91244478144083 248.61749003441963
94.2362894644971 104.38755654617599
107.23113304018761 24.754268969650273
249.1779950156049 194.21287675384448
134.72632995039126 87.57004752175854
99.16637658568605 230.71570254147363
202.74740670951994 25.339664061671595
38.45657143429093 191.91609938936827
164.0858542109198 149.20387209802217
227.6052680034459 202.8041287528423
58.03154443247743 133.24585857002222
20.08484487540707 94.64662185936598
246.62523608849932 60.5976358142688
16.22038900708317 238.20160207946023
45.09242527827259 102.14196728183025
165.77951282988096 225.89149624559872
160.90026577823423 72.7645635689356
66.9670955286612 126.31935387300646
109.73063880158176 41.58810676971444
240.00225978790263 240.03644677941702
241.03117137983492 97.96870242666498
184.61623564480112 79.56941139204254
216.0937818068141 200.68377978201144
116.57277007369387 183.9120107140008
91.45954564402706 56.11222657083875
75.5924869391062 120.588567360051
95.30653375404466 125.89126292212869
137.08666326372096 10.474207436811628
173.9490023757943 63.55525219660757
10.646271958308112 152.21593716663816
176.38775488463824 236.07173989166654
221.51914661817443 189.0669798017003
19.360124757971636 219.8343536855696
175.89476113090302 104.18715724156152
58.765888291233665 78.22112412494978
192.55875923193236 34.135656738574575
208.90771810767822 191.73116475282532
223.42776123251414 48.7168724453553
220.960560987514 90.08427809035658
205.6470978415074 64.22235263789864
118.53980702911423 22.49466227393468
59.69734227310416 50.216101487506634
160.00455481765513 26.398714700624353
25.55022505880969 62.527261546788004
182.987025915041 188.47448353078224
229.26119944003443 2.697462909067222
3.0297144706628307 67.04909563015926
244.017095363547 23.306569806020335
55.08198756235433 13.167445037884583
181.1483575650201 175.0588003553523
82.27674621575359 141.80752344735936
41.43213293686099 91.11548985341395
16.068175240615908 177.97526494301127
47.39768641378536 129.51937700205437
148.5821363458372 104.41139106254293
9.370332876700111 174.89779383404638
113.24537403926846 228.0367185061674
54.750539294064595 152.46866500051655
42.53754770114065 45.029652847261545
100.11747836438772 106.98259077945296
165.51466520721593 134.38070187686117
116.23361248080194 241.94875338420945
115.03548662816002 47.0791270962409
83.24469148420197 108.31280234015445
19.170714577173232 46.08389760322887
248.53246749046397 75.17347547935607
171.73317499635394 161.46625349203
122.9718358045834 108.8299037799175
43.327421175261364 66.38177665568668
65.69379819570997 143.67207148138917
37.066342394962234 44.73211124952595
102.60007207926644 6.312870366453311
207.36005307973605 141.13819593407433
77.27889046705302 188.55825354388446
231.44982911709815 217.06044855455664
222.73071777670094 244.03537976662489
177.4840661406909 43.16435923666501
89.25854054225333 230.8483826602508
179.4878844590282 106.17268965486093
25.711715014026694 46.794675423886154
152.45160205033994 93.11992978933826
96.54470797195904 103.22353249874239
158.37542514700922 146.78930085152442
63.97716166105064 168.9090838516514
78.64639558611314 89.7279371942152
168.47231224813092 213.9397033117829
46.36426143446054 112.71478476396126
154.1724012203633 240.44707223617758
143.42151617590096 244.35954465837068
78.46516834643283 36.38874119728847
225.27972945890988 105.96572841440258
66.35419568187464 78.64694506205721
190.16327911967622 171.52732383507836
34.872115163113754 188.50645679233372
223.49332624027383 159.15758895568166
191.43252246637948 14.249995015138655
26.92742635014833 221.77719808610925
35.47674868157294 11.68724757944184
199.6266024011738 173.8039638039154
222.71914387123908 68.26380637257198
240.2768562115402 76.51412067552744
205.5929737472143 129.72076391782198
60.500447269080134 205.84628111412678
197.27559080392908 20.108615127510415
167.47850511206633 113.61849150597186
232.5299752333103 214.7345365745679
81.20289341667741 16.48991082911583
93.52604779273638 176.18453754883018
22.032490962289597 197.79128508738003
21.888435701060665 211.94381952311863
76.35575170882086 230.32278684780817
110.50491302375443 235.58603378451983
115.11563491022628 195.5364721053357
215.77051885805776 127.46197337606641
68.89471194514863 124.36745703454599
182.84539850771637 76.21451667328236
231.27661541152133 185.91855764011203
149.59559263389306 14.259682964833488
166.29582141167495 227.78190242797544
124.80537061233488 83.07688220668028
23.532206362264883 237.00436188489815
11.797421379545147 164.60728043928722
178.47121294830464 214.64075743557265
210.07974972955395 3.4685802727581203
185.7937522939329 208.5238736763509
36.144968753052645 213.2518495475498
205.94847953019286 166.6316766092336
107.18636340522758 54.01454228799418
152.38169857462282 32.18982185237165
231.23302680645904 79.63872154090548
35.290469588120736 115.76499994825332
228.35738680767432 202.21202036248545
214.05221312492702 28.581447225524776
200.34017975956067 219.51959555836044
54.92780548148937 28.369778975288973
153.92415184796485 53.114638539216024
223.54838681246 81.53009314068856
183.62679253782954 172.12013265397601
55.714721442578856 79.48923541062456
181.78186033826088 202.54409355170029
229.6052127119881 76.78370202524407
248.48231710035535 9.676507587209448
215.38102305095393 80.53979411349977
186.64741083406963 137.455950425834
213.97760856364633 137.20692238587617
164.14334507388696 14.66828510681345
0.5156691393374269 43.51592779590246
168.32848603166113 101.10246416544402
131.54339393501107 211.51419838777576
2.39114521800135 221.05685722367906
77.4739489532015 90.8037487818831
149.4127410589308 55.66745129739778
133.35578836879412 213.9291938973111
81.90884103343943 22.136788872126417
139.30153955483453 212.34345412801292
112.38826302360333 142.49548537708372
173.02170755069213 131.25893421149098
107.11626876747471 152.06777965234153
98.76764808693855 142.564838838277
80.73778658388193 91.54254608833365
13.937501803907292 151.60622334096615
245.10614025197856 89.54641060888719
237.53985734856715 244.78925953590343
213.03028895179625 129.0092168216843
212.79916431690324 240.75769270572727
65.20130419340131 5.450347352592755
68.74252316748908 232.8782946753299
36.927088170433386 110.55378743654626
8.414186694359366 156.48586053438063
223.3495507881007 235.8230036533957
31.861984152311727 144.29405951590243
103.6255701521106 130.532442782292
215.86632670419402 24.585562800607697
11.746227924226915 188.91165156914872
32.17745201271283 93.88719343586682
46.92664670245591 233.5436976161444
82.19114734353356 18.182148370518764
231.08975665428258 237.19369463374005
201.73512728592374 65.13723122033078
109.1670435644746 5.507876560543412
3.116370673985569 88.31709772322286
54.05464783032418 65.8462351152829
238.1547652968781 201.8109824329096
138.64998258427826 166.71941346509678
55.28966193806714 233.44249801426835
73.1485568123405 220.7281830346452
202.51157472114167 35.22743853630253
198.2059090321836 227.7996302323999
113.46194969763788 36.87799823549062
157.3346843548812 135.80733532854052
96.08917456717467 241.52006218616987
47.165227508983335 230.31716445068182
117.00947982984908 21.229834048076242
135.8049328067678 85.73604681076912
230.00067986023134 45.05999927062171
53.27605721811171 109.53025203030472
125.3527536429653 124.30691582195752
175.73534078567243 133.89673100883016
208.5481938311992 229.90229789908818
5.445648733559322 169.96019978912122
91.92887180592899 185.0189402602076
65.18748908015945 116.49682936877792
226.72324844483424 208.7327170180985
157.67724913119534 93.75834902073136
49.069109976885294 135.68708499299606
234.99100103733952 104.54835652946315
91.60784490716351 48.78451356097629
121.78461440973146 221.4878292732037
226.21802382218402 82.04487174335107
19.851269378501346 37.808845619520305
48.394754849299446 73.71670966886005
237.7819042931721 196.58639895451844
137.67081286469028 174.94407922653085
213.3445175903854 78.09831475753795
175.26125858147125 215.69187072569568
170.3093951895574 4.962424728838732
116.53149395174717 43.95917154585457
55.38109416685763 158.4257879645502
136.78819354125602 59.0374742185093
180.0811704250037 200.05043798621463
213.23809224915064 140.53676579252328
117.67551896307765 202.13186003015832
232.10841854298445 239.87498342907435
81.06176250373792 234.61718070925963
46.20485237904445 15.282513260806956
108.3517174222711 31.419718509780424
205.51709843994564 187.21764074234468
92.19496358411084 218.61038438096227
191.07883761770034 192.27792518853826
121.66126910205661 205.3739100371888
107.62598848111293 90.6201767919608
24.95917549656121 36.32115835670141
60.453036593897835 247.69136157526538
150.57786257111562 117.61339309828355
142.18446930420706 89.94259479333574
104.93057641037537 208.39286322655417
237.29386335588364 46.19627453688435
22.90773275530858 16.245311874654806
169.81410429836382 118.5436484905003
72.58663484225048 44.66309679432617
57.61621153302615 80.60651702269328
33.21622573998661 208.00973140203328
49.04111310506748 166.8992490035432
177.89053784097115 199.6562831326606
133.37728316861956 219.61749005889885
184.9436846822646 19.17596589206666
194.51714752593898 186.6007770982208
8.528889082586671 190.88746952808017
178.1468075472461 198.1163938962392
46.63439983362663 203.61672933184886
148.57434066131037 39.21525238920046
240.43577771585484 47.97015299099991
227.9636614519083 4.2809089041806745
82.73732135650947 28.042492942842305
62.84751834337024 30.30024129674691
210.33120818308763 170.69657953444545
31.77544913344138 185.98052781310446
44.14954536885876 216.83549960548453
226.61594738868905 116.65037784522502
117.22154711864441 176.7732601076953
188.73623320364965 65.03650050968307
51.751495132111415 188.90685562398122
55.97107301315807 47.221108902609
123.21237289481454 20.808264242023007
227.86329639787394 57.965141721140704
200.8204210067227 14.301986429467284
31.336184498215736 236.1269885977197
195.24863784571528 104.12838909508324
233.07023343684887 53.724625492339726
22.98841471414384 242.94303878204417
68.88765476578345 68.8241180461191
39.6726559020365 39.169321886781766
163.9770505566622 62.73571930397031
70.39999729281479 180.90776471560764
118.68695261426122 170.53369629140724
173.05502104701418 31.58938013832266
204.12105825311858 87.06222187049534
210.218569691836 8.551424508465328
234.38801188765848 164.6096562984337
248.26801243950803 208.59514468793202
229.0802277110557 194.10506367420552
131.8389853428138 35.59494334733418
114.44758442623449 134.46651284428185
170.56027764857137 20.12209148578628
206.10435175911945 203.23460181173778
74.69668305184784 86.85186242882484
36.31468536939886 140.06213895703527
69.79198142386717 66.92236678115677
242.0646130685592 244.35692228297086
192.74910049002665 53.33327864124604
42.04393118403782 17.27307009842949
177.42144323498718 219.56595864139814
162.66501432205766 199.87687179419504
54.95947770236131 31.166433145249638
231.80416495845395 76.05872471257871
100.57827949348564 168.52900725610294
230.49531335097933 182.37633432222077
22.095281795679046 140.31212361554756
76.58894670882505 243.9529008773331
41.27785257741831 226.47605112219227
162.88609440835322 249.70386079306365
66.65703803211271 248.37004723377453
232.76557949848845 192.6171600281981
195.56738576853553 46.14134952750376
223.93145775939888 44.81053819285255
37.39003421926054 101.3560976062213
83.53530587715672 197.88023925427578
224.02696436035623 137.36407860714107
168.75925016054788 171.4610475585835
195.78555225809635 52.919161867284096
103.48370586155015 180.48080405741274
214.2756074271373 227.82555333285922
13.838846392766225 195.44426514654825
229.84755912996553 34.72775478485604
219.47386465443614 31.301161442857577
133.87984969507212 176.0182623310316
141.86373800780086 154.4512919517683
141.03388090366096 75.12689546153779
180.50233893219328 65.286297499865
37.26190375132193 44.338988641746376
89.84631432962237 161.3644301912977
224.65174901857384 182.47986589226838
39.11439101768477 123.82438413304287
92.44204686178776 79.03706491598386
197.87274897853916 176.21365567442442
101.23782844153173 227.40966046094127
77.63993740174216 36.890732883747944
176.82123629814902 52.75989788823124
183.27490821009593 186.02866743572062
41.45711505580316 156.8928630638804
13.821366520046286 136.6109392231051
95.56299713603248 176.25284777407893
24.47824634477322 116.81511839916942
128.02792901429467 225.47240762087714
170.1639088552055 218.64690541621286
223.55292992110313 94.59753041234283
95.41035003762869 135.9689315368765
186.28007164034395 240.36107184490848
29.4226556509265 247.22991355643438
113.47352587244875 1.2755806081636845
232.49763917101694 230.98049284824245
25.209513509691888 197.68657416713913
41.7333377931938 219.7473397616907
55.29943024335851 72.79726249282432
5.641331049002191 225.03072401756864
98.80949001175674 84.71502062734947
69.65430180469895 234.7383827984533
127.71664159252293 249.21067898980687
39.92109133502794 13.977669592077053
157.4735515028412 131.16344556705724
49.81067556886809 190.01106325842954
190.73767589465734 188.2762554059843
158.2539456224911 213.84951295422448
128.35829446114283 84.72256742859274
168.01507466236325 142.82922889944174
42.22392780763492 127.27072189088493
89.66315013496661 204.148269458334
131.518630166133 222.63605927299744
170.69069044878876 214.16493626002048
171.47924582550945 169.45725235658597
227.2193187167631 149.34323767435427
27.951260078199258 29.84509062143409
109.08395439870085 40.915527420132214
77.59034142163937 13.794607983659473
122.97180824303511 54.83207456192105
12.028437425739586 50.76082792042541
143.75775351219286 242.78816847458023
95.37782933585001 215.92081744852405
202.49845193538147 111.33870805605797
62.224305530957395 240.7466715680311
246.48500605387437 56.7728301584774
178.11599540837426 53.30077970599645
23.82695282498748 162.1101767084858
41.08473700526066 160.6429712236347
11.801774422032063 109.9532973627442
79.73102321106454 113.47071089064534
189.63271229745922 14.978443889484772
40.234306968090465 76.02714800274751
7.790152874183859 127.38796676309997
85.13556882237067 62.35003154978716
155.8112852153264 102.76090413213512
85.42701768028238 95.36237907876662
237.5233594417958 130.32182505133045
124.09569297559028 31.39034029375487
223.8540481207792 50.95351544745416
17.045886736320874 93.19268531531058
20.78088010977275 95.89597433698052
122.72301123523572 77.51117613387662
112.60023811145415 122.22258835779095
123.09873695654086 112.15409772516405
90.42089632253244 38.521675657830876
13.646482208065052 204.8007419992399
90.23433332249533 58.681411096944494
97.77262926913208 213.24710680795963
53.042415590382724 60.241893713655266
195.10922814871938 192.67429248009506
113.53150163168476 17.483930801337227
31.383711534440916 65.13757828110828
143.1333576409072 57.4512742177462
153.70358630444585 196.07213981514678
5.413911787511106 223.0329831491073
178.20981937413828 38.79405830399443
42.01645367603224 175.19372696229985
58.56099484261332 22.95875312123391
94.54903224448788 80.7312989742445
114.29850557672714 194.4723546412353
242.18858550002955 139.94305398235204
221.17566742423546 30.29046298553903
171.67327860326373 231.12787638227334
10.608879252922975 204.2005289042047
155.3498652587907 175.8310040796222
33.201895388784955 43.04893584708394
231.42028211442786 136.24116929032027
239.4581522924918 240.42942577799678
109.44775024635841 99.14222361091402
37.27511146541681 161.77624564243948
30.34210745306118 199.21471043697125
74.0543400121248 162.52551305223903
99.11942608780735 153.82689026084896
151.08381298895844 151.02908364335445
31.36066948951005 144.84849856890304
199.89159793138276 93.79521174137592
240.34432462713082 186.43229682421696
39.07042553522788 189.8271518166879
230.41780876113856 25.4228957104215
9.462915002383692 98.65418845842758
128.63005644938715 112.02376337129364
215.755469716296 102.42274664418008
75.71780324804334 76.71685194199607
176.79499861112757 125.93854338264069
86.11606544225187 4.333133537109707
70.41032588598398 244.74730491713424
137.7183991103461 248.00993723064565
58.80176432309178 35.119191523468984
68.06019947391756 218.68817902124985
112.71566542596587 196.54943013953792
206.86859952488783 148.4146725470538
148.22729088892964 237.75771569367555
235.69853287105775 75.01939362307547
203.74592598524404 213.8494680092818
67.86902653755689 111.24671549951401
219.67706196645756 47.50635038655851
126.78420593989259 203.89357571388572
82.21015196564807 5.5475942846089925
109.00182167310912 172.21561603416373
235.85555219283987 26.804949001244555
161.8134802856718 49.70261810677273
14.906969582954178 234.38707773489298
118.74159055046496 80.5871960048713
121.18969576713005 68.8172390498649
207.56735587468697 125.66391765937787
199.31984912050473 70.58143385099802
186.0030728377259 170.94466423492204
95.68709519458204 15.522957989466068
75.13550895746235 222.3630063644026
168.03688062043798 65.72735237831762
173.92182654763573 51.111197566922364
93.47700009328369 17.54516520369598
140.71316334013125 89.57789620343523
128.76161148706214 173.37012977422245
94.02940313709735 63.80810238103313
137.28330629031245 174.87463716411247
150.0360020851238 71.6435234100042
153.88380764961974 160.9099644817969
115.51549368776342 68.59141445494338
182.06147572146472 210.39634724112742
245.70569896112033 144.99981025198045
137.75528991883593 69.08495714000063
146.30025020133237 53.40450133611485
216.59537638938815 12.421785181855633
12.549757776372294 183.68170001469804
215.87985541728193 113.14844366590496
130.7008375510346 220.55423116159932
142.38471214886462 150.64669693207915
167.63532850958816 168.41578456820088
181.65803830762727 133.5882666062438
163.48249672388042 51.83319770120903

864.7
720.6
216.2
216.2
72.1
432.4
154.9
86.0
144.1
17.2
260.3
77.4
1080.9
72.1
34.4
648.5
51.6
960.8
17.2
114.7
51.6
600.5
260.3
25.8
144.1
229.4
154.9
129.0
34.4
114.7
103.2
864.7
25.8
576.5
103.2
114.7
143.4
17.2
137.6
432.4
114.7
77.4
25.8
960.8
288.2
286.8
103.2
25.8
960.8
72.1
137.6
154.9
72.1
258.1
1080.9
103.2
8.6
576.5
576.5
258.1
144.1
260.3
540.4
229.4
72.1
114.7
960.8
229.4
216.2
129.0
260.3
129.0
720.6
600.5
17.2
72.1
144.1
25.8
144.1
1080.9
540.4
480.4
324.3
216.2
229.4
432.4
17.2
77.4
216.2
51.6
144.1
288.2
206.5
129.0
36.0
72.1
17.2
129.0
229.4
600.5
144.1
34.4
103.2
103.2
129.0
258.1
260.3
72.1
216.2
129.0
114.7
137.6
540.4
17.2
114.7
288.2
34.4
286.8
432.4
17.2
51.6
36.0
1201
1080.9
129.0
68.8
25.8
720.6
143.4
288.2
960.8
25.8
108.1
432.4
286.8
51.6
258.1
72.1
68.8
288.2
432.4
288.2
216.2
600.5
72.1
144.1
206.5
36.0
72.1
68.8
25.8
108.1
103.2
72.1
324.3
229.4
137.6
129.0
720.6
286.8
172.1
114.7
137.6
114.7
68.8
25.8
17.2
229.4
960.8
68.8
108.1
172.1
25.8
103.2
8.6
216.2
480.4
216.2
144.1
68.8
51.6
960.8
229.4
17.2
286.8
36.0
432.4
68.8
8.6
68.8
720.6
68.8
144.1
68.8
51.6
34.4
258.1
432.4
68.8
144.1
480.4
229.4
1080.9
144.1
72.1
51.6
129.0
143.4
144.1
103.2
258.1
144.1
8.6
432.4
103.2
144.1
72.1
154.9
258.1
154.9
144.1
216.2
8.6
648.5
34.4
51.6
286.8
216.2
288.2
576.5
600.5
68.8
72.1
576.5
1080.9
600.5
86.0
34.4
77.4
72.1
960.8
51.6
51.6
720.6
260.3
576.5
72.1
36.0
229.4
86.0
17.2
172.1
720.6
229.4
114.7
144.1
137.6
51.6
216.2
864.7
34.4
17.2
480.4
288.2
103.2
17.2
216.2
17.2
216.2
144.1
206.5
258.1
258.1
1080.9
324.3
144.1
480.4
432.4
286.8
1201
72.1
51.6
144.1
103.2
68.8
229.4
103.2
960.8
1201
288.2
324.3
1201
286.8
600.5
216.2
260.3
216.2
17.2
68.8
17.2
286.8
68.8
960.8
103.2
216.2
286.8
720.6
1080.9
25.8
103.2
51.6
600.5
540.4
600.5
432.4
258.1
576.5
648.5
68.8
258.1
77.4
8.6
229.4
480.4
34.4
154.9
72.1
77.4
129.0
137.6
576.5
34.4
8.6
258.1
216.2
229.4
206.5
216.2
34.4
258.1
137.6
68.8
51.6
103.2
864.7
114.7
108.1
144.1
206.5
51.6
288.2
154.9
137.6
51.6
51.6
864.7
144.1
77.4
540.4
51.6
216.2
1201
1080.9
154.9
172.1
114.7
576.5
129.0
36.0
17.2
480.4
77.4
36.0
68.8
288.2
143.4
324.3
68.8
51.6
154.9
114.7
129.0
480.4
1201
1201
206.5
129.0
137.6
34.4
216.2
154.9
51.6
103.2
34.4
480.4
1080.9
864.7
648.5
72.1
72.1
36.0
154.9
17.2
260.3
480.4
108.1
103.2
540.4
480.4
77.4
288.2
324.3
216.2
144.1
72.1
144.1
172.1
720.6
103.2
864.7
51.6
103.2
86.0
1080.9
260.3
103.2
144.1
108.1
432.4
68.8
25.8
108.1
260.3
216.2
25.8
206.5
324.3
17.2
1080.9
864.7
34.4
114.7
72.1
143.4
260.3
324.3
432.4
864.7
137.6
86.0
648.5
17.2
1201
86.0
288.2
432.4
229.4
720.6
34.4
432.4
17.2
286.8
172.1
51.6
51.6
1080.9
600.5
600.5
77.4
324.3
34.4
77.4
286.8
960.8
600.5
286.8
51.6
216.2
108.1
864.7
216.2
36.0
51.6
86.0
137.6
143.4
540.4
77.4
114.7
600.5
324.3
600.5
143.4
286.8
324.3
17.2
172.1
144.1
144.1
288.2
17.2
960.8
51.6
600.5
34.4
144.1
36.0
8.6
432.4
260.3
288.2
288.2
432.4
8.6
114.7
288.2
8.6
25.8
137.6
77.4
216.2
1080.9
324.3
286.8
258.1
51.6
144.1
229.4
576.5
77.4
51.6
144.1
129.0
129.0
576.5
324.3
864.7
86.0
432.4
34.4
260.3
480.4
288.2
72.1
103.2
51.6
72.1
34.4
103.2
51.6
86.0
72.1
51.6
432.4
432.4
206.5
51.6
432.4
68.8
144.1
540.4
576.5
229.4
51.6
137.6
72.1
25.8
25.8
288.2
1080.9
432.4
108.1
432.4
576.5
72.1
432.4
229.4
34.4
288.2
172.1
864.7
288.2
34.4
960.8
103.2
17.2
114.7
576.5
137.6
108.1
648.5
172.1
154.9
72.1
288.2
258.1
260.3
216.2
576.5
480.4
108.1
144.1
51.6
103.2
648.5
288.2
8.6
36.0
576.5
216.2
68.8
34.4
51.6
129.0
288.2
36.0
129.0
260.3
144.1
72.1
17.2
144.1
1201
129.0
154.9
216.2
1201
72.1
432.4
77.4
144.1
432.4
68.8
72.1
324.3
172.1
480.4
154.9
960.8
960.8
960.8
144.1
216.2
17.2
720.6
144.1
540.4
258.1
68.8
288.2
288.2
432.4
72.1
36.0
648.5
143.4
144.1
51.6
216.2
154.9
34.4
137.6
1080.9
86.0
137.6
216.2
960.8
72.1
229.4
154.9
68.8
288.2
114.7
720.6
108.1
1201
286.8
172.1
260.3
86.0
143.4
960.8
216.2
34.4
86.0
72.1
144.1
286.8
144.1
229.4
51.6
432.4
17.2
288.2
17.2
648.5
288.2
258.1
288.2
216.2
540.4
129.0
288.2
114.7
432.4
576.5
103.2
540.4
68.8
68.8
108.1
51.6
72.1
216.2
8.6
86.0
51.6
144.1
480.4
432.4
68.8
68.8
34.4
144.1
960.8
154.9
8.6
172.1
86.0
51.6
137.6
51.6
144.1
648.5
129.0
51.6
68.8
25.8
72.1
258.1
72.1
229.4
36.0
77.4
960.8
288.2
68.8
324.3
720.6
216.2
1201
288.2
51.6
576.5
137.6
324.3
34.4
154.9
129.0
8.6
206.5
114.7
600.5
540.4
72.1
103.2
143.4
600.5
103.2
1201
34.4
137.6
540.4
34.4
34.4
72.1
51.6
77.4
68.8
1201
72.1
1080.9
129.0
17.2
206.5
206.5
648.5
68.8
34.4
216.2
432.4
77.4
206.5
1201
172.1
103.2
216.2
51.6
103.2
34.4
286.8
103.2
103.2
51.6
77.4
17.2
103.2
258.1
229.4
216.2
36.0
258.1
17.2
720.6
1080.9
103.2
103.2
8.6
103.2
68.8
34.4
17.2
286.8
86.0
576.5
137.6
25.8
216.2
68.8
960.8
172.1
17.2
960.8
216.2
86.0
600.5
8.6
576.5
432.4
34.4
17.2
103.2
600.5
137.6
206.5
103.2
1201
288.2
432.4
206.5
17.2
540.4
17.2
108.1
144.1
51.6
68.8
258.1
77.4
576.5
864.7
51.6
137.6
324.3
648.5
648.5
216.2
260.3
17.2
144.1
51.6
8.6
720.6
260.3
540.4
286.8
34.4
648.5
143.4
540.4
288.2
864.7
648.5
86.0
260.3
229.4
172.1
324.3
137.6
137.6
77.4
68.8
51.6
172.1
77.4
86.0
258.1
68.8
864.7
68.8
576.5
600.5
103.2
103.2
1080.9
576.5
144.1
229.4
34.4
216.2
36.0
86.0
17.2
8.6
286.8
144.1
1201
324.3
34.4
960.8
137.6
154.9
144.1
36.0
288.2
17.2
960.8
8.6
1201
129.0
206.5
288.2
576.5
216.2
216.2
480.4
72.1
77.4
480.4
25.8
288.2
51.6
288.2
720.6
480.4
324.3
137.6
103.2
720.6
864.7
36.0
1201
1080.9
137.6
103.2
143.4
648.5
260.3
286.8
286.8
648.5
86.0
36.0
77.4
108.1
288.2
600.5
576.5
1080.9
286.8
480.4
51.6
68.8
480.4
108.1
864.7
960.8
258.1
288.2
864.7
72.1
34.4
144.1
143.4
114.7
51.6
34.4
72.1
720.6
260.3
576.5
540.4
432.4
144.1
258.1
1201
1080.9
720.6
137.6
960.8
864.7
286.8
51.6
480.4
1080.9
600.5
51.6
288.2
286.8
216.2
8.6
154.9
72.1
72.1
480.4
432.4
72.1
540.4
143.4
576.5
17.2
51.6
288.2
77.4

8.6 17.2 36.0 72.1
17.2 34.4 72.1 144.1
25.8 51.6 108.1 216.2
34.4 68.8 144.1 288.2
51.6 103.2 216.2 432.4
68.8 137.6 288.2 576.5
77.4 154.9 324.3 648.5
86.0 172.1 360.3 720.6
103.2 206.5 432.4 864.7
114.7 229.4 480.4 960.8
129.0 258.1 540.4 1080.9
143.4 286.8 600.5 1201.0

2 5 8 11
5 8 11 14
7 10 13 16
10 13 16 19
14 17 20 23
18 21 24 27
19 22 25 28
20 23 26 29
25 19 31 34
27 30 33 36
30 33 36 39
32 35 38 41

