1024 3.0 0.0 1000.0 3 160 240 100

241.94241380181927 182.8149958682565
75.87711597009539 63.35269423767861
119.69756377062602 141.84941644329552
10.651043090025903 238.4555801774567
198.06375406763084 234.52886272031273
65.50198733162382 0.11158484008949587
95.09466467936225 115.29834791586407
21.401042340439048 156.72011204690963
91.23464082234595 161.35568499455044
215.42523213349236 116.8135804881475
145.70876564216798 158.41537507037688
157.41403521412946 239.45265425370306
39.332823093513156 141.46414987136146
90.73245354667169 195.0011549052369
133.77179154838072 237.4417592378977
53.097740226964866 239.57006680772312
91.3348205719946 130.56647462202713
47.526805838343286 93.86195923082991
40.24515222186898 102.94116541690518
23.225204039308306 167.03815810085825
203.14603324255893 80.82670231638551
138.35408277317913 170.16443104858715
202.64899035322966 200.04810323513485
78.26535198833662 219.64421329749243
232.88164388118253 172.60728640767962
213.5035452943392 12.734283060127499
141.6976079609703 178.51313029636896
131.6665950332182 209.8017630015681
37.900914873190224 168.86112857700823
67.24301472313213 161.7513307162777
139.67484870724786 144.76690024125037
132.17407195927217 113.99108577141968
154.06737662600125 127.82792428679193
45.758173431807045 155.45003334322874
1.5436428825597315 178.95991300314338
163.21448532137435 59.29333675179937
169.09187173111425 71.92785004437108
152.9872543441196 139.37189740495947
19.361061903089144 235.04494372758717
46.568301065969905 32.10016952200975
116.75030816485891 65.18028740172468
176.23767029460282 194.1223494757168
41.172861227227045 173.74226594975426
36.87490200627489 66.69705021208556
85.3216662445338 234.81510733734314
153.07428883854695 134.7364146738795
183.89636100127902 14.311334650750517
108.38919453276871 116.87795283944175
99.399708394041 221.62212373743014
25.73938766038275 210.03336309835507
166.53102936945353 2.4861901465518255
119.24203127904704 91.65428996963462
136.4559936468807 41.91040291617812
145.99237977002872 246.18663163569175
49.18627968729236 45.26930939403048
95.36020595256205 9.873073090722661
52.415700158967184 236.38007620939808
104.32762473965346 122.41102438671847
152.34509173542966 23.377820139303644
238.3987733399175 56.823920245092864
208.80790808418288 147.11898844734114
75.47715911833924 154.74499444345898
247.4551179829395 183.03596001024547
245.71503160965278 96.29323477380234
173.3313881123803 116.89045176716157
52.29168047410221 220.55731429225804
234.39874760527772 67.85784145120036
115.22522400255086 76.96418651369378
62.644483852994924 14.318574819931595
81.29470687538736 96.41552718210059
183.24298512030464 179.11815366379685
59.76680803987805 101.25371587070155
225.82325255054326 127.85264126024465
63.73136855895503 127.71850902914025
155.2415730403926 241.52643291462476
229.73292543796313 44.83480461130271
115.9168672403044 214.7940098760358
172.05871501058564 218.2274645649025
225.5475353760754 232.58186313633206
121.48795228239328 93.48495904139133
194.44620968757877 243.9037417893337
146.68871563457728 182.41383482343957
156.4282447796654 8.196660336867916
56.67546113149899 206.2858236931629
86.49895138645142 20.034916167580075
60.76401382262367 151.62687557338705
81.2635237753549 168.5903100528766
166.5901058208403 125.3087076887043
23.039056997333994 192.39684262841394
20.972713536576066 197.9593664188883
46.87920519658728 186.1698458800352
181.8498218069473 3.2639621058841994
214.26280450777173 249.97779916615437
4.1289247560220845 32.287384418572096
170.8729531219306 187.32868629029687
54.728772212635526 3.178698007064218
177.15584400825352 166.2235727144058
114.03146992177795 7.002955748894174
191.83116644480154 6.6649057486175
57.62642205699448 224.4621826988944
243.6802611390847 45.109772827659825
77.42728717097849 194.50043979750484
185.92581145767602 188.52988365134962
51.55762637727282 178.2084855793276
87.6925468775522 29.542093796546155
145.9333682386364 188.92289674643635
63.26840189140551 110.45418434231047
71.49804395265511 5.505223287342432
30.336517076613113 15.729776610113099
123.77356470980763 77.04826430200181
219.66120260297595 111.60779223651996
133.6263063202091 4.2699290163871195
167.18046566285673 221.46063828569132
69.86289401914286 102.05633845797063
206.09147419190126 210.47984834928675
76.95266438706311 104.46006197157016
108.08458294878007 229.17505589884527
59.097224080124796 116.46046196538833
82.35589714523859 172.05923472539828
195.1598334559484 173.38502649758107
172.64410909733041 187.92262980566602
86.97682717158209 235.36563156552646
186.50093673463223 108.79636045483815
185.01796505991203 222.67834366920707
32.20826636592539 195.67257389788344
157.40971732573504 206.4623839231458
111.52414293372497 97.8692502695449
241.14031595198665 74.9701942773291
36.98731415207349 138.94207117021557
117.95788095546244 65.26582460361233
154.15464492579545 181.0681856475979
82.05797202279611 233.2605800078715
4.916108302886663 229.23536860523689
128.977240859544 196.93254504759733
196.76182534779426 135.57500233197763
151.82850749470109 138.0841732503643
41.050746494188274 29.31247980571064
108.68619197621479 133.0811644807235
196.62906872727123 185.49898812845427
27.114287981992003 4.964874687243409
212.81279604765243 248.17136779125127
234.84771402848517 11.168636642390705
0.4607718672146599 93.34934844595033
28.91909776526258 248.2255350400572
92.52335392825309 56.50612384169901
84.90359796195976 95.13035447569665
237.7381645608372 92.978209606736
132.75380624614792 130.0032062891238
143.7368782523008 203.6780778198725
157.50446391417907 229.3238607272326
69.20053019540318 38.95169840400911
161.19420120600458 84.42600877840634
106.05447458730208 2.617327914799322
88.02000898253532 39.75214899698107
165.15179553873034 182.72287235838706
20.85502745025475 123.9122445946837
150.57608738047534 112.27254670987801
193.8310263276373 212.73960445030662
241.84041501707355 159.40838855953655
206.42480065719505 89.67712003065076
132.41197746539467 18.23225283934532
99.69996156247957 116.70154313274305
179.19336217946844 236.51013440467412
164.04894233006831 54.474688710925314
36.639395463202106 173.62443680459407
38.79539807099089 172.62894720502024
138.91019796596066 241.4081356701055
165.24581838182834 196.52718254758665
144.1051335068494 57.29604326996412
147.7416622796973 136.84479885818448
232.97228874502105 237.19982217391407
21.267202296491263 44.933191027244526
110.38566417971509 249.44391950129173
165.70343389528222 180.64941136800243
170.79286577682757 155.92744947422293
183.2333875131534 90.69239499470416
153.82542169366727 55.63964540802704
19.06958833252273 60.65253403782756
8.673831332116439 71.00519772811242
98.27539921522744 15.537102936194868
175.57287513824812 112.58559972718221
118.68132494327244 55.99028570448983
123.07899809841838 13.504783656372505
68.4278646447684 182.27023598998554
98.77665649561762 158.5687146525498
165.65116156532736 232.26578429051918
99.24271485148408 54.12244987539474
119.52404487986031 81.36377735632918
164.35480082933998 93.54846110121673
58.015145475666415 65.56532009585392
123.89161800998913 227.54327368697105
234.6319060103309 208.09385638279724
15.474465122789605 40.33113341357517
143.5884356476531 127.38782955396586
69.08537916274099 164.9226549882609
236.11204007624514 68.07976769504795
15.153939769096958 146.95320488981855
173.91130358237194 196.19987417101814
30.199422386952225 34.764530313307176
190.08059620732394 114.53877345140798
199.26034192071657 138.94455630105656
19.315807596967936 240.73474673178032
249.1872657640303 1.0489781566343226
150.14095814088662 19.661289892012018
247.54042225271985 86.37683657945155
33.29977834998402 0.019285005677938116
29.98789445324604 11.544487943945441
115.00850510006718 216.85145619289065
185.75956068587715 106.04997291355636
43.113158270375266 199.0397623259434
118.99634431401165 174.4138455065307
79.94228146003604 111.65194045833482
249.18353095951628 68.48650100574308
13.34400477865949 61.98662658292378
163.8276324867403 219.6904687381438
107.98864837547 131.09440349862408
11.344521992124601 215.9191315634784
125.82306489696835 220.3783013460998
212.27293348144426 53.31548237074385
220.6929963901905 101.7159501312587
156.6715680060156 246.49805021877182
159.42565993917765 130.55277471876104
84.17441855803779 116.52244614473837
33.525485991429186 45.093825833890406
46.80193932211799 30.083619576276394
30.32209501223393 68.46176780486033
133.90583907083624 210.03811028603974
191.78264937370585 38.521825011465225
13.043403381410606 249.7440355671679
170.37669190205128 213.90938519203192
216.02347880290318 29.251476281344974
20.64907318746359 127.27690495548275
2.585124302676239 13.54220293380215
198.4053519342935 169.30783967163526
163.00522523662943 39.74003495895517
91.12355177569506 12.333350854712071
16.682790384490637 120.02819334860202
214.13085616850285 52.65658465417178
211.93387896148047 171.90542010656043
231.5983147212145 235.9263642484511
2.2577419359738893 143.80979758667263
82.65210087255473 68.01031274416417
24.84331908597656 193.4290202450577
241.6371848026857 16.17388379774326
70.43199559493065 119.87011905601139
200.42330570877988 112.00675506571145
130.08614838962433 15.727097552123093
48.20316258466165 13.75936495996588
171.40359677592562 2.286174174106953
12.27637546327029 10.226302553510369
106.19490303410245 134.79710086082804
123.59024417716114 141.26907260018814
12.481705431223345 236.7692619468757
42.93899054029904 100.29706306894043
12.758652461062336 73.95451011525458
225.52765586739366 17.570840470796682
11.786845433129134 86.68934423547877
63.92638743657625 110.03278793050528
204.0013902616075 55.88322780129496
191.20155039407015 75.70432749379295
164.46109509159908 111.45818170504663
103.13205578837153 108.47128607509848
214.3642114685689 8.902010092295743
106.53757127854885 117.51543826516145
177.65760224535813 135.5553871081128
37.41847914473348 0.17656992332190646
213.1529821247861 192.65980735539097
212.93019255057467 78.72831079438669
126.48636581799599 199.56837432264604
244.352672162014 56.720366941161615
27.34790510034868 30.379043426021656
174.5068964452054 29.254707798264253
182.11438406493153 111.88931245258397
77.48233315223955 104.44040734336083
61.52203534657269 63.84572490521581
164.3656960206862 80.91503585049433
203.91235479863948 96.12248137912403
139.0128042193437 3.2078166662282968
13.009019893170743 21.431799199210623
123.59941289217183 132.26911258032908
60.951199929186295 38.21596113443737
31.579448315366548 184.08892655209596
217.78927261440944 0.9433241382479085
210.39974295074367 208.68985912364258
39.18672943076268 166.71491760783928
170.85053972866817 72.87414604000203
128.7307522175586 13.58652407108965
125.71497985252108 239.5109759086242
89.60827453655584 130.35635576446307
207.28909157196028 108.91080686086092
110.24679248822552 23.54970129254827
126.15851571455528 52.96672765185637
211.8165583567037 108.8884848262106
93.05123196461412 146.71278057725374
36.15965279080346 43.29789621618743
138.29447701435313 189.75036728454765
155.56950474641687 198.99600985334163
89.31443612373701 195.95628022686304
214.66294493588512 116.56694394358627
150.6445822661507 54.9422931230826
217.532239472291 5.293561068524383
246.2943304192939 100.7422272724822
116.72364861621656 199.3414052485515
116.3019564940011 197.3967802648736
38.832377662406294 48.453864112296685
31.689261385046574 227.80331417168577
40.79904502297105 180.8167592455822
109.6528135569978 49.48278564787042
6.132557221199264 77.29164795347374
71.47359210052987 0.36342508688899655
204.3154966734212 27.489806726813477
248.23785051176014 43.60182816942662
107.04540157575848 81.91975381259375
227.39768607357365 126.69667068844042
23.043072806116143 114.6196352212949
28.51010681818217 54.98452494699485
141.0185598285213 221.23771638791519
20.045310059372323 158.76620629514696
194.15806846573906 24.91936882271739
183.77338980796313 7.906975789796516
115.90850288603147 45.84356513978277
200.12716192490802 47.197091563697946
120.03484657313295 121.26196465555694
230.68256555271105 119.73680663726132
98.85286020011452 249.14923420381538
73.97863567350332 8.333681865702601
155.92887077883714 198.8790914097998
160.21224754940613 236.5219629179734
70.62458856420076 100.16799090436292
184.47517638675663 229.03200163159372
65.19127150946122 228.39871103743135
248.0283004213853 0.9700718363867544
181.00833349852545 234.6220855647568
197.0510681273349 103.44756295256774
97.9178046727989 119.49699247486411
5.190000920927057 171.37086417691592
205.93840849719425 110.27275452895233
178.75979933532943 1.1334696862400628
118.70900079830257 221.07140087346176
99.86465641123493 6.061447100936479
205.51589773681158 45.57222536845945
157.76756983453276 208.65396109477115
67.5398716971952 39.933638909455894
157.21935156975397 177.5511550371417
25.677519417654977 147.78083318974626
8.426726524319417 190.03950363332785
96.62768372535017 142.6743646149547
93.97287456393686 26.71867200904013
183.34065188959568 123.5241796786129
159.45699612896343 177.31170885686146
103.39268109996605 173.08821553068577
104.56409535681018 5.361060532736967
120.10647836859702 85.0887973346649
76.42592391894156 102.97948277869182
142.60369561506764 185.35751934077166
17.127642988354978 159.15612459011996
20.20274445742351 171.3875727861994
249.80293707245121 70.86954429604272
216.40105726398716 113.78155476850232
218.06117252376862 69.71104984351672
108.98263728015236 65.78411649046878
161.52370434478428 127.66216535751084
228.78343240232135 35.917440098591605
205.57454494159512 65.56353820078014
239.72544796637536 219.0026396176743
126.74896337735342 145.66633388922514
88.25434211486028 30.188354280778874
248.66627824291396 137.96491393281394
207.97858494751256 192.20027897976826
99.89359434094267 145.6077924903734
32.68879492904889 156.44873149829638
70.60058170860833 156.2216138798006
152.88788357524334 169.66088658391456
193.05458936734334 189.54854169757084
140.85425527594163 220.2797039309338
30.37784753408873 218.67504979283598
235.4648397709144 180.0125552478825
186.24509380745312 179.8049949363472
200.55851107631955 181.3412253393829
122.89210594540673 44.66262444648944
47.235014975555046 105.06025530185886
122.86482443766741 241.50315775446327
162.32149213103753 83.62593999558587
74.22430855641085 77.36319642935358
204.73850329650213 40.24796168155223
177.45127633961496 110.05533382215884
69.06953727054976 43.002247900619324
162.72655193913013 75.16901371718635
142.0243914491009 245.00874037308927
190.286445162062 101.23071832441363
166.64647169115761 195.27138048411416
247.93736623429 223.8948824359447
36.668462398206145 90.11777527703634
224.8945243205165 60.78606434970493
185.87158767267124 149.49357609323778
68.92563791136766 215.54530507726503
135.6807229159582 50.025118683149486
122.4005524297424 161.44096449845173
199.24035849547164 122.50983753587893
94.77928684904779 82.15392482757916
95.70585133900059 140.7365403777321
182.47767262192085 16.62263498114802
21.69107120454311 227.21094651022364
6.099363199897595 128.99112186903233
197.0653726925926 20.831639796155795
195.14540754316397 30.087513229153622
80.72948395002436 152.3064616529862
132.8712595424978 80.5683187345283
29.081751580256636 186.44063568123502
110.86549752766267 239.24445621239516
128.60012562006645 51.08625828980734
211.73764658979525 47.061403816521214
65.04879074442348 81.31952849524151
181.4751441102536 54.33256506417361
22.823309615824765 61.971289540423996
145.12764417373478 204.3530357567511
20.350742837315998 14.739312738654753
168.69421157271904 10.506664737135907
128.01967946240956 178.15555796092733
40.547342693276924 230.21242388409357
238.05678788698617 3.680026526613367
157.62329295742225 143.2004509344599
135.20776601467423 35.585472094908894
45.885265191254966 18.87651850897984
143.46821841868322 240.35493491169467
163.57283014853093 243.98090305977405
243.83554926262244 39.269570076104905
162.43247509941915 237.46557920231479
201.53723075461934 165.32389183200885
66.63776345240191 129.14368722706624
146.51112708751606 65.67231916267788
236.90856224466907 22.665065457842136
28.513958329925927 101.49598749343744
152.24694307398042 207.5444518940567
159.91292628656365 196.56942115079005
137.42122390146417 85.26261183576503
159.8656408939139 63.30539050111347
224.56495923541138 162.5644693996162
14.931528588532721 233.42214720110263
181.48545183542694 201.90339375985337
224.56280856683262 34.23502252643329
134.35687559525985 212.08296234426388
142.77833859840936 125.65736260682583
177.4657401069386 65.77954483152654
49.73247370499326 89.35936058304519
14.233491674065512 189.92853015677923
100.904648896219 44.86930136025175
98.45985853993 34.67257661175757
116.5743808526381 105.82889495108608
116.25791660676524 50.20893261336981
4.367389427723162 89.80018038099932
141.3492861307149 98.8417791408767
101.99065311693597 147.43844880411734
3.6669688533093883 243.5505624334295
43.3777625449758 179.12219250070567
159.12445171612399 97.17627145665789
14.269742567410038 190.02810637851184
158.0086734730325 90.58963709814974
91.97973638837611 130.49986989316054
42.94506389535352 235.88650422368372
178.85012823842334 216.6107972240652
177.18976011719482 104.85762064113999
60.320581437656145 51.770907573797984
126.94124422231226 153.42962843717015
163.2725489094676 75.58991167719236
231.3304694063497 35.7463381818266
26.677591971197177 201.8835024233508
45.70330826374164 158.4330756903686
8.051936258721499 140.7734907112304
77.48597986920785 109.85493016342416
14.641054850043744 76.38175734266459
86.6304415889386 7.448257794174406
170.64505950802513 118.27575130406146
207.02859704393998 45.843655748992795
215.1571088405678 86.42125471396727
39.35731311269014 9.929518731913639
63.67839845406853 149.43534517872965
142.3754575043849 167.52267368348524
20.44317154688635 30.557953260068743
108.32465922832505 219.10842915116513
9.065486924238419 202.32184792648636
220.65984803908827 95.8605963983773
72.98396756414702 66.62467187723104
96.3645407932109 37.077458385133546
47.85601354267702 207.4509501049131
234.42417516711137 115.03251855839896
178.69986777723423 235.13844130241193
2.0349861898555366 234.69603790417224
12.922917628136021 36.37688935760067
221.82573000281027 108.91918201448239
98.47118290024504 206.45233978719003
176.18070812537783 116.22177413955554
188.4131804588808 76.66032902170014
206.9164920384876 204.30397893318187
163.41602041357547 177.64243650528357
21.681901770873978 64.98862214083532
147.5618045310221 3.7064026926482416
230.28009727672145 5.711301321253165
97.2676592660264 145.00117561872423
209.20522173737112 27.526941489042528
216.90408907906308 140.64937935460514
233.77527108887253 0.5381900878714541
31.237160275095015 112.59847703681633
183.2373047135672 88.10066507130782
57.84869736693146 218.6385572946543
6.747794120362277 85.32551168099658
43.312556691357 166.4809365388224
53.96631435890331 2.4624812785737915
208.4279159686291 11.491028696966
130.06645123860793 112.26857279584074
6.043439110590909 112.644553996921
17.839316873315 118.28421775755058
238.71264830371703 240.10564550311062
21.864318710899582 78.20660996884577
248.1009783457128 196.23338871357154
143.05673498825328 185.24125192648282
234.01415947357 91.31052688365321
94.87594560088722 87.6319347802014
21.479102787242383 126.1276183356435
62.48135738357322 66.32199190007887
218.0035389138539 32.52356560888675
19.84230257372105 121.2477430506094
103.74074098524541 59.43176822548865
41.99941211470934 175.79337358758752
22.432242454577477 164.35405739151008
187.53950803028044 165.57114142754526
243.53119358739042 117.79451685703349
74.60710916480903 193.61951490990555
41.449078168993154 112.83986672943486
105.85266658557995 13.29210725365329
247.66460808350212 167.98447016347419
154.90868118436384 16.64909678170795
66.67570577069257 3.703069131781006
119.9375820747188 92.33819142515162
70.50583118092507 54.410949646594624
128.83597493624256 117.8881442235799
109.04345089911838 234.55994328515646
208.99356154157672 210.23522487830996
91.98115643000554 21.257973482250335
117.45860266804878 119.32782438019146
242.93919109124326 99.8509568354572
196.5888704956307 156.16773899219612
209.19160025023547 7.206220352679149
152.78449186400303 173.7043451790543
183.98162167695338 88.45583466962567
46.29308678302008 239.89924677100123
99.46629479348451 72.28151176665234
137.36124124269622 20.87703178257233
142.87766322582874 89.2546200966533
205.24623256476218 243.94794517324854
216.72019386086527 172.34570578617675
23.158088499902057 225.3420707693978
10.533411207242882 61.01998696945185
15.49777210947667 76.74732427212346
159.60531371982862 169.59009390958065
1.3675194818903724 112.07246529358412
242.75161567915114 87.42051076271699
163.3779014215438 171.52359955539026
235.10774658678767 184.9431562661896
65.3369361265104 202.13431327020388
237.35185912402508 38.993265577599104
245.8825324167026 134.6977398966832
164.55365973485937 123.21676290058925
79.03766652295816 239.33672933199009
53.29136885433852 76.41797295995393
28.812160814082223 245.8889062609974
159.58819149379025 47.994367227064544
149.704508482488 43.02756186225601
200.74621619308175 229.92606326648163
15.526572760693691 161.71054395571758
50.1132549026439 60.43894314448561
2.325331861146945 137.25229949045138
195.8123961609853 48.73112436716865
149.43057455859764 206.7611096412484
152.2073308790709 113.95056643848167
151.41921214537263 87.73547580157462
1.2654873768252195 62.88005720859191
135.63283108779865 190.40904047205134
200.09967822255942 139.56696831761874
37.269700121466244 91.82646975174288
215.51200463136496 89.90466848464618
174.73559538263646 79.90709143221927
230.17032607908334 86.69852407288985
46.37603353675268 173.5156771927911
58.02636068022665 32.21831691186264
191.22425810429968 8.6956890677711
140.50077200966663 114.55754250856384
44.56533502930796 63.32343357788486
74.364017364028 141.10537685102622
26.593322213289305 32.66393110511112
149.51016497421801 52.163969760011334
119.22283886768928 133.59102545798712
24.460067846291704 128.0420650989305
0.4002513636442995 225.2793792653384
89.60398949079715 124.88654048417736
62.59941409539677 117.08722267244289
162.07153961194967 126.31220896220685
19.669859274772634 151.43724631097595
98.12984929830387 59.204570536805726
242.62538890239634 155.31655568111302
101.97633487049012 26.755409821969973
231.75796327495948 152.47507875450606
104.54199754852716 203.38300376339103
139.51788569249672 70.80833852686958
152.08553648196096 245.20319099568582
100.93325471481016 222.22020964703052
236.09749295572482 135.17413972064108
56.72990295980754 100.47790098590845
108.40189815762274 92.24319875516807
173.18482318792812 221.56547099865114
170.16255367572083 79.45556137851811
145.0538502437784 240.86711235238118
214.71269802004886 9.284414276636232
242.85763507315676 158.0688793398023
81.86964884304929 28.771754898871986
16.348615468460835 190.87147307410905
226.6074507024922 173.22337509134118
123.54725004254016 5.616451948470546
32.47083871045339 97.92741005335975
240.6054226938159 244.16701590569457
107.62921726180369 64.66263398808678
200.60197668366808 111.1222560880915
34.49207026677764 143.4407858026542
203.16120446808668 127.5146360623452
181.3023120334245 16.419914687478
129.3468027991948 138.20123233038615
19.061463935382246 247.60869494616972
248.90032542866913 174.8091450109258
187.27652737543966 243.85308726844264
84.75166635192564 36.33162584081007
65.8634351299448 238.8151256025185
216.19964041635745 93.61274448383153
161.66654158125414 1.220873985596449
84.58722115942635 162.94807993721565
19.865688148207884 208.54852347009864
134.3351597458544 138.76105980916643
47.01086382288122 54.85665860120692
130.30013724702167 235.51035735475642
178.43073943904275 179.87657701787626
155.3094018701823 32.4990004351228
81.33513440641171 5.06479909713825
41.710873419700064 145.38233738179443
116.8830604314271 178.19219340621584
103.96145830890138 232.89506681855352
211.9436884785318 198.30682747176448
67.35685268278021 228.4536601626691
162.20747428131494 112.50642917629811
64.05381335579669 203.3494640585617
246.48682234828644 195.31836050906924
18.83260832055497 96.28943648398166
9.282531068404126 22.79211157017769
218.18901451937998 27.732433674078962
230.7126729907968 72.1928431306623
35.81457260767029 119.07551240098752
118.09511904161448 236.58468819023068
15.133915599671033 35.28798162464031
102.98288571496894 238.388683540351
247.19569807263656 41.525646519068594
197.90858892829536 170.44020019276397
133.25994170009793 74.04575237046451
219.01061342438427 13.28297906866996
121.43192648842135 127.73507561836419
211.25502884400876 193.4455423649155
143.45209240367126 200.6514212374313
155.5774846298466 101.4518769984028
37.361239504489134 240.82049568874848
151.2502652810413 220.43024737723536
127.26472546614568 228.98520190657047
150.0502209936219 149.27638319736158
190.1093263002388 148.69246617730062
239.60597054215503 10.38383978123103
164.33424060122493 67.12628224740146
106.09763570164176 126.1573255416987
111.21624184233536 205.3618851152965
148.81376074406919 48.653554661004264
37.06769116606992 91.47480551187309
113.38061622008203 58.43931917779294
87.77332677052479 133.539033979608
102.01109182336077 153.0451662348507
97.58445702154481 136.26700704120663
195.91920979006196 18.378330185635257
9.839386411647249 14.968106484372024
112.88668084668471 35.45500938452831
199.73541527256876 69.48229618774413
189.2133654618961 149.89184081018703
4.119359563973079 135.69810571128386
59.18767190652824 119.74909092655797
238.12402456822616 218.17331160506876
1.012594266204564 202.7652181904337
183.54860172735354 238.5497762602678
223.13982287807798 168.2887980123327
229.86908380179293 98.05462477302818
230.91800550542422 141.59844857053395
101.45579457137957 33.293696822167455
85.21273002083119 226.37869513145145
214.70101823972954 126.49557038958581
87.66816203586659 107.57041968888406
95.60533681224126 0.7797429346642071
127.51770015886194 127.69881849174678
149.7770802782067 223.87317118418574
7.02607379207934 30.77614269681106
59.53413573775943 227.81773622066322
12.969251847094215 241.4058894362346
54.71128109575121 190.5959658943544
149.906026626802 228.19245249135295
62.16276999376899 150.8387144473372
118.2981544131182 77.73956767966345
48.646865871432134 29.30508088103087
208.44454262162628 145.69926358572525
158.1266861628012 207.3072688302479
30.543211518117204 60.21229718725987
77.29800701407422 16.598913026521444
108.67211053639961 241.45717509901988
66.08428926011491 101.74870198234687
217.46412255905167 156.4012607507086
101.97576695728114 58.527804986939074
15.57277186102493 146.55657104921727
155.03050019547123 87.33326838924744
93.76176123445128 51.05430494151647
44.055514082426726 134.4654057493202
95.47170226124186 236.63185794572365
45.02900056862064 174.16745040299114
106.56364388077746 175.30280757203937
156.42375010725792 149.1832569452002
26.84226913951626 38.598308348110095
78.73453342456199 55.672109434411645
160.8178039956961 73.64617332995174
12.256944880938509 210.14451760135213
13.953107077172898 207.99372589937
115.7166106827056 118.63621613953912
138.90197206141585 173.22576206981793
222.25598613141582 208.67276881627785
26.54658268049853 71.7110004368813
226.17243543049824 198.020139506601
241.36897827718553 111.2142104333467
93.9365382206353 198.67800852613615
24.837785318652468 202.24246630166058
185.8580434824148 187.85749119068566
175.51212842821434 171.91925608036067
86.82957196132338 78.22213433062161
69.14467863390405 61.06317617601606
55.78343292336771 178.21660904290633
67.57392375196716 8.578613735257147
119.26659883880176 173.9469995337128
7.3893427252144654 52.701546364696235
71.58624118817797 232.9305400344984
77.73581833834129 129.7105452183599
142.8032322205171 195.09689644995652
49.695316840400764 95.72380231968475
162.36213826765845 128.02642140047791
171.0837138074736 191.6604344761225
77.91027015037513 146.5272243650288
158.40761941382058 176.6886924591231
75.70389439408093 206.82101210130708
21.307642070740872 227.90858570374618
134.43464883579853 210.712479315087
241.59179546595237 68.60180771406057
136.88382726094116 221.98699396756575
62.18820036158154 112.56707387920376
200.51056050599573 116.11493920660926
80.4384655321565 196.65994397504693
100.01615145416793 43.84646605267234
79.0064351689855 91.01912925595582
6.770904484395657 23.21219552519643
74.97588515506467 1.2302531276258688
213.81529179226675 220.00386679969745
17.605206458091605 40.25988336048722
163.18758685335717 124.91427729546187
75.61251269798514 79.03806298466368
167.65549050575441 160.37437763827288
195.78486857760703 162.36089372131275
85.30689199106564 117.72585309241113
79.57519270436613 228.40211473802546
127.0431072895254 72.81224668538496
76.74915839304411 197.84102614686338
79.00428764208023 117.69886253831388
91.40739412429122 171.82670536574372
17.354134404884785 93.29391964135941
210.1681673783945 175.7719077794038
190.84145075735364 31.148658970574367
8.377512089262545 53.00135621505578
184.7819406764027 106.97712875835039
7.247523965525304 223.05768841544975
141.6774182552509 153.7664815580152
242.95047748198218 161.8068108194055
147.17504700819256 42.939060474063375
112.252905356424 119.65209566949665
151.59367957982946 78.95765766805451
122.96945331816129 123.19741200152365
219.20444159975582 43.19325734912927
234.64978029736713 170.07027911148163
223.22638891197684 159.26078615890327
11.405637872955122 99.59951357954137
232.81641316737523 207.23414018087266
107.46997266620983 9.18685211760309
124.80186158883281 243.34324048930537
63.17533354164656 204.5401201601449
135.6677378481996 1.6321956739724364
193.0677356607023 232.96398985111935
224.962321856248 153.65574798835232
46.114702056808206 44.18423065969501
246.82808136253107 232.181400040412
180.05573137249934 30.35610565451405
174.83763161548018 123.6103179392265
71.5282428757755 219.28234736478467
229.4440068156797 75.15851040040525
15.75935107389817 105.22782021013333
175.4085575704427 33.935136553212345
68.30674599191775 225.53723161812988
31.399639836971666 156.88101848008625
236.74075918728775 78.3641694696204
41.940722549808044 155.027882752475
227.54563418083532 74.51690829780988
32.92481228111618 0.5536525816626503
121.45614788237621 86.39023594321493
236.9502382411583 96.38947810191712
149.51087711829453 121.46602234431117
45.513075499461095 120.5190169500243
128.41258478415676 176.4030413553095
192.3862591061588 17.04524868729282
35.02786161925734 132.96290619158486
21.482636233289693 213.54592787053977
147.80918157004587 111.46639154341447
41.154089766511106 117.6647696325884
157.44713392323865 59.35378844550354
85.64147112386458 200.9929269565854
26.4652958246131 77.10267449940663
4.4405424799429385 3.2366151394739306
28.776437576742115 126.0165839681757
37.18902676558478 91.05465483137029
131.43564873138334 112.09155000548918
94.13658759627339 217.5615232687468
37.037068097918926 140.9181625103798
67.61174963412486 62.446018478789
164.2304491363499 215.97455399522264
127.17154613312559 66.4084170337781
8.355051225269305 33.09205176334823
3.668948763548535 83.78834169737112
104.26897241169769 163.01502505208694
179.88542316370214 211.47565563335806
116.49584418341152 198.57127063080614
234.48752875573646 103.8752521218587
124.37840377191343 216.05687679804345
126.74637179614292 101.22874524971725
106.43043779484975 184.99778934097634
65.32883934157289 137.86521002015465
171.71939008897687 223.45346782065388
249.0184685774004 159.97221148145852
54.54494633369713 235.50946674124728
24.308876921044693 125.43050024806082
95.89543444822823 89.09259857657231
42.34739554444922 22.087859596275155
83.90384875201043 230.54701552107844
238.81685968338223 141.94549692838876
172.1140874056887 5.508055902979897
17.489098058943025 192.8613310735539
2.8392513373819983 167.93811240759675
36.53966531449526 162.0016884312412
217.17422845937938 2.570876294949509
228.75163726925928 190.8416875873802
232.64423707555343 126.8313671928318
90.13423375203818 4.271606121205945
20.967953961180758 159.96024179359046
163.6041629265862 246.81890015981807
121.16883819206761 111.08183974635052
84.45668262756911 22.738214722180516
121.74917967629543 238.40532016956485
82.40629003080241 115.51105101525589
42.818968636030576 241.8302340957226
139.21269431145112 249.82034951927744
70.34982106356111 209.324360543389
98.25847920323469 57.268441003092335
9.859540812062528 204.63627504114223
233.9648754946232 8.46782806490326
32.60400409266839 224.40334775876056
72.9665516714837 98.59764296712956
70.87370905898588 122.22785857043372
221.94216122774398 200.23831038192145
72.14021101625681 37.901711925703516
43.5931079826434 71.76134118452366
207.60472854949052 86.67266963760304
18.40249306333633 214.69020304862062
0.4202784313716845 38.32228471420715
68.76774684509732 241.06057102172645
215.26046922108364 89.83651781770008
40.76295973637484 246.9871824864778
174.59518964020145 193.97464891048224
221.58295709885132 235.00145074168984
76.90794190214015 166.96641228657145
83.44717448561781 48.855966275176826
161.37206405618727 246.03514642939524
126.28723334026706 15.31496590860551
16.359159474964663 191.04440022214902
23.797619783362588 178.23949706948966
117.53936004338755 126.21769136747915
17.044068034811094 94.98598135696697
221.66676286809204 212.8338032640572
28.15144790502619 91.96296039555452
60.04066858876372 213.52398494038565
81.30277598180002 179.2555933086653
236.74946403714296 52.1630731669559
47.4897963818158 2.857951644051809
6.260726217733187 127.62202418936711
56.615598283966925 44.883465851804196
105.06646167003636 136.18410134298256
20.17373159287217 87.61659779004502
41.03505017130665 21.12573628922246
92.72631317183932 119.52069779996405
182.62089475066617 214.07043726715776
149.04445233778463 69.77646057635673
120.05643899724794 1.5582670618773942
139.61628740303823 98.02033223623174
33.3529305399578 117.37004618267561
77.30441744162079 234.74658359971727
170.54140189079493 43.85720028367618
146.43973657869083 27.534960489229544
30.199828917792438 178.95026574515452
58.65843210153332 209.8280359934886
248.79041960787126 197.7973122119504
155.71202477240547 118.56706738611409
83.85746305847677 199.55022223130962
101.47191526719388 164.66292000693025
132.96721243495108 17.40589710425697
213.81191541045231 223.10856654232964
222.38571278299187 160.9014732516224
187.84899753694233 115.57337472403711
47.93375728895122 1.7140618531178153
73.42299320721082 237.63532000673789
111.1131879925123 196.7319033614809
149.70485083853498 238.89997001202698
126.45562726833926 151.48963703036114
105.48499393276836 55.3021800041037
249.67460275073196 144.71317072125197
217.5125994689054 179.42378169335706
58.01946049740883 159.73159359124512
228.37787763294207 10.402226700511108
96.70963856037385 88.43550455112329
120.51940419338239 16.21232846743853
39.06557495665583 117.51066939525585
42.969884426298236 21.857923992520067
138.74825504651642 73.84582328141157
175.51478717934796 34.20446217194184
47.23289874389522 121.83257596779471
156.47120764744068 93.09404129214934
91.51980448417879 195.13402619603795
154.44337042598784 131.78339541997957
102.90249161346807 237.3863788259982
223.60995316764442 109.09492762907419
104.04424426327336 42.249454492526596
41.58362732941928 8.876153625740791
69.209365599112 97.04555039609694
183.06894107627346 10.612058372510836
6.715409495099328 232.62346144394465
49.268338910113954 144.82227625619362
234.17440350162246 127.12225787235951
225.00173308945185 13.627095365250142
231.31264526353988 187.30568322412074
103.72544993478697 200.3171029716112
232.23744484620138 240.41376206230888
186.78582733101544 70.78776232517437
234.18476665244404 33.168776914021535
235.09314984846915 49.98501590640242
16.918087398017867 219.62707628297113
22.116190484275712 85.72564856740969
242.0725091141909 35.57575672147459
151.05637007948832 194.31677396668235
160.88221927256444 70.53115418387759
178.14492235583631 153.63960142177336
128.60891872985195 245.6075629929078
186.00336368109873 5.274304666702062
213.89447379479344 225.4069321284332
246.53499584814924 169.35807397678326
7.975404903363597 74.13726726170857
120.26221921135813 61.025893812995506
78.85085707662192 141.84886839861275
230.98438314542776 2.1138290307070315
177.56632222122843 242.90542081866326
158.06844442121528 147.74673230147317
97.9974745862278 212.78459956263302
196.7575818836741 12.916988845836308
17.81050506379181 164.78052141653876
232.81956856604586 118.89076056641917
224.84368546952464 119.42583859514502
226.74394679197215 68.77565071362055
231.63225256048062 2.071615508289021
112.29718849561924 148.31943548248657
147.86171810776457 140.0876600824231
210.56955930678456 81.33199478232156
207.82871356131463 98.56391043841242
221.96611499267237 181.92548331035087
186.3999616603829 239.71429987976208
147.45531661079335 167.1153446113046
189.8256090757923 70.58554424390329
120.2691713554413 144.74718785230414
129.81571945557798 90.86404240045115
228.965984928185 89.26625938647514
197.11958738885562 120.13158632500503
132.85728105281035 15.481593248732855
61.08045997736236 210.10106448916184
105.9196811858991 125.40239533851913
137.0874335210299 15.092256841027051
234.09644444976286 56.09323837222796
123.66870730163157 166.41063784371178
119.11534120370013 10.767109847622358
108.22627132895057 210.19423476022035
152.2156314564892 176.92159184980426
130.37432770166745 77.87156835268732
247.92822244554665 82.38648012792707
94.88887201744458 85.59541233734299
137.227679209289 134.15352672159418
128.6172740571737 122.18459287751004
125.79694779188907 42.553097823523814
64.24239528045992 141.2421146207398
26.758691328564705 45.55346556040662
213.24669411734214 184.47715816401956
224.68283987505572 190.6000037103144
216.83815628302537 72.57861110802205
209.07591330652033 119.75912167873373
211.65488182617736 44.89784102816133
217.61291840434356 228.84661364191314
139.0829115792205 49.64426635307861
209.2439524739224 142.07116489483542
134.35568643295846 32.186639693516014
16.436700708345853 96.29953540748865

246.56249932245316 180.33611167839638
79.28471816792731 70.96068671478389
121.7842246612437 149.60814456060646
8.925110360989418 234.8494296831126
196.01898837222035 233.38004250311798
59.56799402977392 1.3359366271700202
100.15608885345293 114.47239391728081
20.290307215278634 152.2344702865884
87.50388123234887 160.3280287594195
207.87302360154104 113.33612313884123
151.10553657423102 155.07916525603977
151.19504667504646 238.1611313701402
32.95554482760377 146.5452782874465
83.86888559169923 198.37206263844996
135.57027997562778 230.56619560150503
45.71009021172015 238.44995023047795
85.29357108840574 125.54439563908169
49.01200585381843 95.89126606080563
40.803265042006046 94.51133001399332
30.27666199631915 168.0499296734909
201.6375404346567 80.0774349222805
135.51236530299624 168.0783719461371
205.76129230754316 196.61798181295865
72.15221112134019 224.99294888954552
232.2259394783725 174.43955637969594
206.14161597317116 14.594000065557749
139.51690757490599 171.1273135190849
127.8081591390621 210.68764769049378
32.68426284050147 164.99894440388871
64.49638516959216 158.21254717835964
133.40807500862795 141.73736691813826
127.08768810776053 116.77673021943879
156.16869748620698 121.81705435733927
48.25601911503155 157.52721217482096
4.085960682811862 177.0389828284749
158.18212229689055 56.477695296108436
163.8237777557442 67.13333316551537
157.34479829274258 143.86348818732924
20.222269015515327 236.08059292545062
53.76670912268894 27.614715479701818
110.79587870223426 69.45569737297116
181.38181610893946 193.80151127268007
48.549174586754226 172.0673474800739
45.167495463683174 66.51655440945203
87.61116346989276 229.3567244670154
155.38606715543915 137.65657445157603
187.8293775096491 8.805781503407884
110.3437569232201 110.16233800427635
102.55435380135735 215.15721242629473
24.282504270433602 213.42121069945952
160.04897333984522 0.3157562195274799
112.86925221143653 94.81371615292313
133.7811311967662 42.49469938927883
143.61147861419533 246.20295947410742
49.88677023856378 40.95131237090593
94.36518614093856 9.369388732507478
47.741185393405715 240.31212126277507
101.02865419442101 128.25670989384216
154.95861654907972 26.301963202406327
243.57072275320974 58.1545146475402
211.88686175670335 144.19803968113078
74.74963265471324 162.27197507479636
245.7615133073057 176.24659124237118
238.4375713951059 92.01652462526397
173.5902574821715 116.3509359845935
59.3579739336324 221.30942173324536
238.31456909587325 72.6445844327101
111.45676035631836 80.74495216411768
64.05115955992372 6.233484319917659
77.45415172839348 96.53222961722
175.98650996669087 178.41187199544154
60.82951126711694 104.97880252100694
232.0682160676737 125.97369492370655
61.89668831711731 129.77339837552427
156.42544644179688 245.1791060734609
224.65454747794917 47.84414113913527
112.27395630554929 218.19172487384117
173.26457309795288 212.8614780990327
232.1007260169459 227.35513919605418
121.48792928819691 87.06633929022337
195.72449521164617 237.17584102055724
154.2239355725743 183.46026836816625
161.39626048841416 9.155832073137194
55.71013288567406 211.23337023431125
80.535151744835 20.29034007983599
63.679408631408975 146.7600379296061
82.17684466736696 171.27206571494816
164.92062055511423 129.141922443255
23.960047229127923 199.03250818068153
16.222136434284245 194.63971778909078
50.152956989519524 184.49713497829842
189.39704735030165 1.375337279696326
210.09933276693644 249.39067670336223
0.048594812827901235 31.98600015689859
170.76210315206922 184.60198422142278
57.675713388561256 0.9976518503010123
175.18879589272208 159.13004172700312
116.89915709433937 3.420416970879053
191.3100203435217 2.7928403349191386
63.036190261821275 228.20528819424163
248.94924292517234 47.04689886896893
72.50691028674258 189.08767864885925
185.03619918050336 195.64063553773983
53.503340112839695 171.94294290749377
86.82527485097097 34.089729366443336
144.99663032294757 182.4420453982829
63.36239832550453 113.839706821213
63.25347149948598 7.1526649484423
26.591192112599888 8.79001476789998
121.48018044188453 69.90633566446444
221.17472949622407 116.33170274816842
134.84690678180888 6.314015736503448
163.51697483058135 220.88689171748285
73.25025525668336 108.9256405629648
200.29473576527255 205.761965737384
79.01548727261326 101.35531969476749
115.82808117148483 230.23004170782443
62.56945408423059 117.41704380639972
87.52082671696316 167.1759902773189
192.40756337801605 179.64705590197622
170.82590303180848 181.837449012529
88.29321952641561 235.54289056309966
184.88097514649425 103.10635274170701
192.89338636886154 221.66391912020842
32.412231330593514 199.3915302549463
159.61379451468102 204.8553987754933
115.14125039711267 101.34773463868419
241.02154975776347 73.36341651923536
32.07705062224875 133.20983774397743
120.7252265556121 60.833514253072316
158.11407240792266 182.97176420066276
84.2224119948283 235.981946399422
5.7088096624613724 220.9510031598373
124.9273592300026 198.40419157268764
199.56192627449184 130.4881931772293
147.65789971235 134.02729785973355
42.771053208734756 32.42111570894371
105.84260977628487 136.93176243435047
195.0611609853094 186.04757992865237
26.39688452684119 7.583127335391515
213.70585587796674 249.8169628101707
231.4893923518063 16.773743085705007
6.365151324611351 88.74217759252693
25.728053923559006 241.52658048926367
84.24217679165399 56.78431865502656
79.82590636445244 95.04469460899071
238.09915715206637 93.10894884067844
135.96326905760046 133.60384916156193
139.1780511032047 205.7857065709635
156.78543192424104 226.07121385616134
76.91965137329831 41.87131995102666
163.22939182564483 88.79131065274242
100.97284373169835 4.936666247670807
86.25144294697846 36.42962979290529
168.4827607758872 188.80588991283983
24.266331779887658 124.1985262396158
144.59614534834577 110.80281854509758
192.93434740028383 205.14385850974708
241.2892219463528 159.77721946503542
204.79471426738135 93.799738362778
128.90606121787073 15.736683879271684
106.7089585674767 117.68200666539028
177.18407268732034 235.67452635473572
166.83670655047857 61.48837798540657
30.38821972574851 171.9891980047865
43.77964825313252 167.2604013368705
136.0986022236436 249.35077060747284
164.59715193846787 191.78345934509122
138.91352830362192 51.19650393424341
154.37555066615874 138.46347287510918
232.788892984237 231.12351083683026
27.697764368290912 50.43619349175721
105.43479763503966 249.63683094935507
169.30345614102205 186.22480463390107
173.9126497057427 152.12899911253
189.06356450970145 95.11294888293261
156.4762454570486 60.53560884361547
20.06851905148954 54.51767254460571
2.7853431806583453 72.00238981416415
90.99280899261782 18.47194875055866
178.80893764219257 110.91245719675425
125.31413312826159 58.5262197524791
115.72073439979 12.38078015487773
60.711751024834534 179.60712958583616
91.65219135233923 160.6664308029171
170.33403615097703 232.26865746751062
104.03617190724704 59.51370300415468
116.83092652303567 78.61112141859638
166.24391648671912 86.98849831095468
61.691241792999755 58.26977335239117
118.94438674515584 221.28877108118633
230.5367817963389 213.39844204754306
11.616624945917225 39.42828654459532
150.22035535401477 132.60640233391538
71.94599116440226 167.3920162606092
232.9268031133454 65.51211544413447
14.87980013792209 149.63377779213252
169.76969670314656 199.86138757598772
28.984965150970737 42.92575626711476
189.71361011856843 106.54284640944766
201.15681886977129 138.91281813414895
22.749804917669064 247.85414996458715
247.69333722592148 8.135061139569578
149.15554242078917 17.72255376602433
241.89643953362176 89.44346386094662
31.60078862900692 3.5986783917880127
25.51227307596962 16.937952857409037
118.21651751111736 210.26934907492873
178.18860237013337 105.96950730221796
47.210481954547134 199.7341243667265
119.37250440254304 168.86579593264992
73.01949297575136 116.07197968678354
243.14495551345348 67.49741413460211
17.05372511075151 54.90139997748511
164.77914706240253 221.70243660133988
108.97226642952967 133.82283012759248
10.798778151817068 210.82790356657253
121.17033409744496 226.06297042371673
214.55198072936744 47.30410881701125
225.80527368904188 97.79638537615342
159.46492213177638 239.12278938937945
152.6462454602364 134.05454532645035
83.16337083208985 123.28231530296644
37.9506197463996 46.705554124154474
48.92913092403175 31.416802513165422
27.452966301420773 70.8151162911326
133.9272625985813 202.55106565331877
188.53614490243527 42.95990017815046
11.240955443073492 244.22819029422283
174.05671177555422 209.45637844094998
218.97446918686504 29.993495183517986
20.01204323355618 134.37108242229237
8.354276622381086 19.014645876658797
200.6442892875981 165.48159417744546
162.93501158900654 38.02581313426323
94.83454077381175 18.629766057018436
13.704559070678107 112.74622106083207
211.25789515015165 53.80224827436894
212.20501625576742 164.43052831165
229.9239413256231 241.06452476871857
4.55643831999894 138.63001288846053
75.68308037438103 71.56734635000689
25.662745033521144 189.68248843959154
245.36651036395745 16.548996188175625
69.44338282548082 126.99503542654944
204.39685663530474 117.69325633142152
135.2621467273311 18.536842080469544
46.59791080438724 9.640997757954462
171.94024882322245 9.342090375927093
4.1645734056781345 9.838256774508281
104.30094523009106 136.8942569091389
128.08220304222462 135.90841609890046
11.268435258818238 243.465790149951
44.33910081146375 92.88085724520303
6.803815137043062 77.14006599651027
222.1426500412233 15.31089894468468
6.527730526504322 83.8085644674503
70.65653761465376 113.66818870802459
207.92649370298662 62.21904348609117
198.3190263010969 79.35895775905166
169.79299149418603 116.69651057120342
100.40052787712789 100.70549682114832
212.19886634420496 1.3836044548995452
112.9209872243658 123.08226237764138
180.4931788774498 130.03823417572124
37.4669619340659 2.544377728684516
219.25667279402535 191.93140243091028
212.27248772188514 77.17755632671813
132.18234028049378 204.16646526409778
238.26593496237712 52.9002131600535
25.52489088405044 35.72110560346767
179.78531974257362 28.6862489545128
185.5189830499814 112.01064713238331
80.863295321883 97.51526077804141
57.56844317012549 61.1555910444127
167.80940211384163 83.15242666886714
203.33457339143249 88.43131294155057
135.67192341889844 1.2548728348986127
10.315595153375657 25.98400221502911
116.59077765627174 135.21133893176608
66.51336277347895 33.225243593112516
36.2702060272978 185.3456654113814
222.52385052367018 4.672513029800235
213.40255823744457 216.20684312443134
41.013670406523175 164.18032024969864
169.63892307249202 65.32254962591405
127.54676053450021 12.357030276923918
121.28725795965978 246.7357056878597
91.18148807247157 129.16095058215208
210.91870112572002 114.7039588248212
108.57080498548632 19.270436893280145
119.53989405557097 54.87798826576312
210.8565435377446 110.76297736656471
92.22150463248668 140.18035082955106
33.36075255711865 48.4727653376244
136.13469919417793 195.06215594670002
151.65282008389707 197.51596998057568
86.01986354805094 200.82752953033526
213.7286969573399 108.3455557133996
147.2197508401598 50.96629566820685
213.7051171340914 10.299864534856901
248.37179758743142 99.82883240473758
120.9724326591327 205.04761363838725
122.0489698046745 203.48852709606874
36.920899759657786 41.101656612685886
35.44431971594411 224.20494552972772
37.324086586118355 176.6065499400038
104.93658552609281 48.915063549872876
7.168599708067131 72.13456733632293
78.22200823756242 5.326141162481369
205.18288134004305 33.27763650044191
246.65047036367807 42.74815917796113
111.04446118642083 84.51822313077179
227.5586970961312 128.04776236631156
19.624934813229384 118.84445064938973
36.45342440857477 52.53722855334608
138.92889048466589 222.20173689714056
18.82345071340649 157.57548776797879
189.5383700572971 18.669204962205534
187.4543417544462 13.936913444059728
115.02843638588381 48.55391406896517
201.30944249475866 49.98298770506487
112.95824050131958 122.8601706256274
224.0991090518854 119.99738329426573
96.10073300395375 248.7270681896342
74.94919170172837 0.38568392599727663
150.67568699662243 203.7229176677952
162.5205517447889 244.0887374940273
74.61851074946685 96.41701480514669
191.08425048838754 227.2301594668491
62.11618003059091 223.8113748173075
245.67070566020797 4.9146305979339555
178.8627532674573 242.4457683262439
197.01548946300016 99.81099847560623
92.46208396771785 121.75728711223266
11.824127077081915 166.5544884483586
204.08077686064706 106.31181672270357
174.60012035622458 1.7466380607098764
118.60239782863094 225.96296822891765
107.1586549503846 2.6791632528682383
213.7555668197954 44.21340263443646
160.32524453099813 210.7314868376835
69.32494545261797 39.479828435654454
158.2335059053177 184.88886644586665
28.582771621624037 149.72321215769153
1.892572881371235 195.2053752472126
102.91420062785706 146.35653897250148
98.29391571543327 28.358274874232563
182.11381668748987 130.5853382743128
158.84503072416757 179.53746526164304
99.33901833023317 171.73428706034738
101.83262234575064 10.106202949360071
112.49408493393287 82.62027705191238
72.51665322995254 110.47231019457962
138.3866623702667 186.52228806075294
14.771521310997098 165.10229737812278
25.476436004766594 169.95261775049795
248.77948136323565 79.14704203588397
216.46887631231064 106.11596575886966
221.8288695839697 67.85781524984291
106.6304353202836 58.67601387374946
154.8605190928275 128.36310475060878
231.9845965624515 39.358903824027706
202.54683729749559 62.893943562062155
236.45628541232375 211.65766548781312
128.84894121290216 147.8317278325746
79.91158110150803 29.7048626207769
249.43735519984418 129.6747462261097
207.56211652603935 186.97871510974423
102.5185078228607 152.10136918371057
28.241212799352517 152.3839048024424
65.49945136072216 155.2253194317295
152.08774249928038 172.0416595880625
190.49918440653462 183.68763860519778
142.2461354098439 220.02387233144498
29.511262765517575 218.00100592028866
231.57025542075192 172.68743201752557
186.1418970820477 187.51156068613886
202.72196772870151 175.71293469051716
130.42216649227345 41.79979570422587
41.4741940139024 107.64655072732567
126.63135193768638 247.83328242399762
157.81553703738984 76.97276419840443
66.58920902791584 75.04819686313647
201.0977438471437 46.264477343062076
171.4325300479801 105.50957850862669
72.6935079625306 36.14246367316576
166.43997043376112 72.0388912834308
140.20630246980804 242.09809594133583
193.17716119949776 95.09855032049569
171.52950171116615 193.56398255061126
249.02295360387205 220.51828097484236
43.45231983096271 92.61080556010171
230.14557061093424 58.2483219350835
184.7609217875651 156.507502927041
65.40719228502445 211.7538024674656
142.14863934833738 44.67879558689583
127.76974839503907 167.82647484339827
200.7085525405927 123.54516015540851
89.66104985072882 84.49952706380014
90.92900747929819 141.55281350185172
190.0862942394888 18.79630628413559
17.405287370885702 220.89293708990837
12.418103455216128 128.8554936828273
193.87428415290586 16.991424481876848
191.63992441678354 27.819556702497085
74.9859532212054 157.07454624391394
130.57759841058092 75.63391068141837
26.695605757385472 188.4762062443607
105.54438351806041 238.25975777312513
133.29771072527137 51.91613004750498
209.60193755214806 44.26278562808439
66.8137975980373 84.15181237405872
176.7922611761035 53.868329236641976
28.070501975573396 60.75185496358948
145.98588665811172 202.94687584015188
15.21117177858819 12.551592900512553
171.58760983595704 2.5867068014129857
128.14618465313202 178.58585357114617
43.04246385280583 237.92087729359045
237.70571968322798 8.174623683190829
152.16790411967534 143.0694680266845
131.99020869210034 38.03267225921411
37.77173631236444 20.457421150127303
140.9038723198814 234.98955702742535
162.095278437359 240.93732292375645
246.9726117457121 45.52261086933029
164.0602015976481 234.74999841245807
195.3083247749518 161.68924947590827
62.73637625322351 134.16993470397725
141.2423148091418 68.17356467427652
237.84101284967673 19.983528638155
23.041194539860697 95.6355322433626
159.40247350671325 204.89661657280953
154.0598802235388 195.44923351457965
143.5925159111962 89.31038329775515
157.3562018129346 62.37157483529554
222.40864514735543 166.28316000082728
12.087038369691994 226.62162280414947
186.20120591348208 202.4684248854476
217.90921651541805 31.992021922558205
135.07548082527424 204.06641770676862
144.72910210276686 125.47560776746904
177.48530194107286 62.25974509257848
45.756014790369086 86.00920385696672
10.946933812744197 195.36013599836332
106.04366368196038 50.43652617928096
96.15186123349743 32.38515404253925
115.87385984474422 100.90772489610222
121.41319250484698 46.20638083022258
5.939120240932683 85.45457410290564
147.78464115420218 99.07880719139422
108.61992485452845 149.92206990549155
5.9685756347648 248.2494565064691
50.34313268194729 174.34383874003285
164.2557331710779 94.0880657458269
16.7138890867172 182.190657717225
157.3811416944834 82.27036191069095
95.30810810082544 124.02576858140755
43.85678043720845 243.50730281711247
184.82744142204047 210.92187543414073
180.40204624153662 107.98961638463884
57.17060025616966 47.438499184231596
125.15188408864988 159.35786462719312
159.59446840154732 76.11029515829671
230.39695110137083 33.48999406309966
31.177414801205117 205.10762147670698
41.248006406228164 152.85719462399877
3.960250905068352 137.22539731149308
83.98216297640607 110.01896546823991
7.049469235754863 73.38816594206568
84.26040547111818 0.059352679200319614
164.33080906085715 119.05734082920144
204.6071863645032 43.04668141161666
213.1942771063518 94.032654420479
36.18394665242311 12.864650944922202
55.764485060153135 151.16472063614341
135.797410212807 166.9483710443365
18.377520412498434 36.17211619922544
113.00083230369798 219.2432069949294
1.5217988848224007 205.23970971132493
221.14289041148638 96.45202835529837
71.64619194343699 58.85435812281609
89.01833344400283 34.19834170010022
55.279336936872426 203.56933072189136
227.91115827385144 115.15737966882403
173.80969639435764 234.30007090511404
3.3040971893345263 240.47413836400364
13.362780518029249 32.7227807179882
224.3527200122386 109.9458896087655
93.836068943994 208.870960847078
180.0906847322593 111.57031411558596
196.55294089342914 76.29286310630032
202.64069190825776 210.33560419441866
168.25781199397878 171.4654391635953
17.27236464806775 62.130646348637605
155.38431321038092 2.4196340592126386
224.68893850875148 5.797382128080287
89.5814276710802 143.66300650730608
215.25255495405534 24.570119321263768
218.67793427686803 140.0724840510244
232.3317808077053 0.9076340905306568
35.203354003484485 116.02980521282655
181.58519535479783 94.44312295439425
52.9375807362141 216.10706618796738
2.9741437751392152 82.11675475903618
48.3958312875209 170.39568766900686
60.26456161093563 4.643222942427666
208.7994572945898 9.776848032159391
123.60335969254743 112.2225754487637
7.773400719769424 113.69688291402188
13.807786535708077 111.18919197702526
237.5947329872051 244.36680605586304
21.915967164234136 74.66339097519858
244.11319059627692 199.84032225862032
134.7804314244011 183.94075122486032
235.97140090205525 88.59392886755263
99.85371378815819 94.1334437035651
16.892750255617262 120.26228792185725
70.52968523543157 63.63646783384341
220.97803410418788 32.06811681235347
21.551180158691256 114.25209302093772
96.33639392088264 57.59908638687827
39.62697815161498 168.77881828473141
14.93075818736045 164.0010578181433
185.39856173976997 167.57419610936458
247.43768970731978 114.26262252080929
67.80328805973713 194.88114870032143
39.72627583881733 105.07685634718226
104.98151500841352 12.40899824410363
248.26905377612647 161.86091517518796
146.9580037464415 15.419613995906717
73.19945768173764 0.054846580832074165
123.202058990676 91.72813815378359
71.4803989540184 61.75375516587789
128.5165411278293 121.90776435132425
107.57062396245546 230.63240757683877
206.10726309689446 215.18479946871923
91.17284563287065 28.507760383464504
117.56647710847892 112.09251604599818
241.0635039609523 97.34922191980905
198.38131469459032 149.57950698227577
216.52599459519564 5.3793310872659035
146.59484929000706 172.32009763480139
184.61414373978664 89.2083874245459
46.211110318115146 239.16292815996638
94.92473638229573 70.112246739589
142.03947927265227 23.906585538384817
137.944987605126 85.3131923573393
206.63720178729815 237.5087639912269
212.43971663210985 176.52188097243683
18.185457574910302 225.73903996222796
18.80278293630194 61.54773894891605
15.074465156455414 68.63450613644336
162.53436246800513 169.00720270535487
1.690132841801334 109.32667530296573
239.77235604625136 82.01362782730112
163.69828693006724 169.41040573823588
232.84027299886247 183.81504497928782
67.92592532101128 197.6630430206643
237.7703085349782 36.317383471881655
239.21877843427276 139.76295725498542
169.47962791983633 129.5497416629714
75.16454191450478 232.45417140537555
50.505991536313466 75.36071992703711
25.250164412101512 248.11716220371864
166.18399934681952 43.08815786531581
149.03070744434848 48.62495218937379
205.83609531779723 231.49235122016478
18.60185920312224 158.64602636262242
47.36107540407616 65.22600320457266
2.4838231999657068 132.22576383618627
194.00266573681645 51.44281150214034
149.7771343681093 202.15474366517506
153.32476091675287 113.47371795633451
151.97258690619216 90.85092771613456
1.4750180922370182 55.27018024193828
137.6010499206162 184.08343844429348
195.81272619112056 143.2519879201252
31.795961402633242 90.34427899554618
213.65765348623893 86.59767781735547
181.41938928866463 84.02958074254913
227.6674076711326 90.21160146493284
51.1114807884597 179.56036509795274
55.210053235069914 36.68852419715357
194.14467864823308 12.023260788748713
142.56192887933483 116.87361971461219
47.76671172311567 62.29967650004883
77.46397687667154 145.91004013051875
27.467897681866944 27.393939199796545
148.1597436782374 44.826003910905854
120.31101606345106 127.21269164781349
25.49028980391385 134.5417520941343
4.88546041175325 227.49501197182127
95.74872012527874 125.5295335818761
65.75830143513947 115.07952111385514
157.42456941033586 125.67390604478737
21.391522137993917 155.8872988849725
96.58779249193513 55.95644853110304
243.24448308266082 148.4079956681083
105.64895079670075 28.919276537223038
227.6710134771753 154.49894866817576
108.50745832275612 201.8009208429508
145.36998224818427 75.62134157404418
157.5367497912194 239.75776838449488
104.2770841630524 215.37052121462838
239.82046869925304 131.2645237389405
63.91487956184233 98.64749022607147
113.88007701664887 90.47198411450896
177.32973788509156 226.75759343291742
170.1224495814788 86.5238163311993
152.4286357443994 238.69959273263666
217.89967059909736 15.038295910162757
237.78796837450093 157.35727296230226
81.76605519410127 24.241905536772133
11.565132840181263 184.79627437192684
227.20672973878226 175.91560064275126
128.03892272884167 1.9019864873023318
37.5281910962896 100.22376274030104
246.7762926567183 249.9093361364362
114.98715836948051 67.5411063421388
202.52689814173524 118.16187829500736
28.49796786683678 149.44153311889164
201.90925651026464 127.74249452590026
179.8694433651057 16.482024658391047
131.41130922998323 145.37657534881342
17.608527252229973 244.19664902880035
246.44063039871867 176.93394671402757
179.75222206982824 245.86398122930632
82.72440808904929 33.10920404220932
64.86043017700774 241.2214589961353
216.81857466322882 86.78262097538695
166.08546487822025 0.489838451066954
79.4151286975243 166.08727985585975
19.05318078671131 206.636410503273
140.6965424191639 137.67564170440195
42.47747197513333 53.11429117044034
133.79834019221983 231.7414656509674
175.22505600844636 177.0017783227108
155.82063959308397 32.49749497714274
89.48091160990896 6.80687412891115
49.005455547618624 149.20752785870496
117.16749419881667 179.33068325953067
105.02554559925808 235.53612586449265
210.5626856923634 191.26833385365234
63.70944680927815 234.16102425479122
161.6144645922898 112.53183740680258
67.07370824852968 210.31352848018275
238.9246139882163 193.6676215322493
21.558274438129494 92.83402286948007
12.681630636384778 22.03287355637043
219.50118329155103 33.6705437443976
234.71132783746046 78.02240038922825
36.14556964433307 112.89447064973152
125.58129331096238 240.04264127093757
20.698783811397973 33.30445741194324
103.14207478060524 231.61133542234538
246.3213200447713 39.61566179536358
198.00348955854653 167.12734720880022
132.59797887974796 68.33594676152158
226.98778796379528 12.37778617865043
123.32892727816045 121.73809272685568
209.20404509488915 196.0387108237032
147.05522325738488 194.60814186440064
156.5460287776844 99.40110443048178
37.52611726688945 238.84928297877647
148.63651906697004 225.3547709728644
124.19673458912983 229.80391836877965
148.29405999703684 150.06366769180582
188.68611537153683 143.43211413272962
239.59958979222094 12.035502656942171
165.655972091935 62.74098256769692
108.23867267861517 125.20832528725882
113.63765668632708 200.86128891298992
153.2513087734616 49.025404942184295
35.03622226852848 88.87893166338837
114.76712345941043 62.51895979454255
86.31994371527979 137.7503450379912
109.57375808361355 156.7228451338315
101.41167947489235 134.23849330007718
195.0721450604586 16.888455687109172
14.77224139751937 20.47220802361613
116.15480076754672 34.85534104387439
199.87917065873435 64.70354169400264
184.09862296934023 148.6051165980038
11.033378829421569 138.85472564681643
59.15807908362306 119.72330164878592
238.21918465045485 218.52500502606833
8.149169898994002 198.7191115312571
181.38755351956266 237.86671949764323
216.83627888248117 169.61551913746797
226.97963127462262 96.75513500412974
227.41657463383746 145.28670829074844
106.9221327451228 35.796484050053365
78.9260471587058 227.3196832835823
211.4582835159543 126.36370819407166
92.19494019291862 107.96245827180937
96.20742786045305 1.810468001716914
134.5736130031975 125.1191535662319
150.80481365983707 224.4113735900321
11.908518475130997 35.45921692777562
54.83564533468843 224.99346606718623
6.371419080909102 242.46001002417532
52.2559667488354 192.8011908556848
153.29090693761427 234.37128129455263
56.41538256602255 149.71534475103377
118.52853586064698 71.84899262266734
46.98051261594849 35.64039952263806
207.427240670503 149.70936474770045
163.21766931951777 208.14408519197582
25.59923325759894 59.49804576594803
70.97189711783392 11.349105698368083
102.25346437235991 239.24440879163643
65.23496565495864 106.3304013710632
217.99049326984496 148.89223298348227
101.65178857137938 52.33855858665851
9.506836167127913 149.40690933739046
151.66062021309534 92.7072745465423
101.97066959405049 52.331222312296646
45.208568059555894 138.16150734131736
94.02441262474103 228.70895871982634
39.775462748287666 173.88453899858797
107.32543884806053 172.8107087247541
154.79984651750405 143.72614642778007
33.55615394954184 35.58895080336949
72.8421529722361 54.05225199580599
167.55114245129275 76.86093311317124
12.791519520275935 215.28555187596612
13.95252456327406 203.81016327542218
116.6735167539936 114.5539873490101
133.7751299980905 166.98523270665768
230.5762384278011 208.37691122698018
32.654883035618504 73.89268318233968
230.4932175175146 203.08125835071655
244.83276594910134 107.82287508215832
98.51269183676298 203.64647007208444
27.980765885226244 196.21282767588386
187.17615959310723 195.34328211523516
179.08379628253326 175.42998073551894
88.07185489070702 78.67184790047463
68.69176286202311 61.803608448115135
53.59014803367343 184.53724290481193
70.53708590601299 3.6991357116770427
115.05750730447734 172.57704679500046
12.070970033665917 58.66100607355815
68.53058808425757 233.83692448625447
79.02467519315404 132.88602525477907
144.40418168097975 190.16065563101736
51.97042603948648 88.91653364211066
159.18072729261561 134.35559640650467
174.20105212696774 193.69967494383312
78.51735437359561 138.2561898513659
162.41222810938953 175.02259445215415
70.2898714448087 208.48862068192628
15.863254921303389 230.16243872862805
135.5166463639923 209.4678849354783
243.9443907719262 66.5591240436687
134.813929357162 227.17702559506242
55.10418237240988 111.95635744294141
192.87272596947835 119.33532560152265
78.19226751648984 191.42962732873391
101.18973352273474 40.52802152162979
78.0137247767619 83.21783163695834
14.703099688036486 20.8896761797987
74.12445285898131 3.1446567593655104
213.72535292019768 227.33882282512207
24.65352885864866 43.761256748340166
166.5111008987093 129.65204193878208
78.79210285168298 86.8300194605903
171.8222807100632 161.91516834033362
190.628072440964 161.10025641187585
92.15766976525883 117.25394553559104
72.39867529193417 226.10566745259482
123.77479844965269 72.54490515263711
75.4913086675044 201.6050722325596
74.83108043853711 112.45189994448457
99.40345034501055 173.05242648780333
21.072949719426916 90.23462784219463
208.10211755123123 170.75170556916478
194.02456253184195 27.33471912827562
3.9975131134318276 58.48751034375099
183.6253815032141 98.69219951440964
5.121836229799031 219.02842819218384
133.91843341301345 153.51160971016708
235.12407978407404 164.8812718563718
146.9918700879976 40.046354755976594
116.03272237789888 120.4981095241889
145.97374054605896 80.9717116354029
128.23135678924268 124.80358957578488
213.80337339718363 42.635499067294965
233.20019175964092 167.15642964398486
224.34661586159422 153.00041996750625
18.520830045414883 100.22585417217847
228.66650780641794 210.40106835654143
108.2033616885692 8.369321291309767
127.62796350593031 245.87205952444026
70.07789296999076 202.41851750162778
131.84526288958503 1.8714981199842717
193.7968325839786 225.14336796483164
222.32836583822586 155.491030910139
46.33806678840738 37.352811958987736
247.74275597677655 237.80653894481796
182.41821908080817 23.290140315039704
169.19883369486598 125.04614212926712
79.25440937913596 217.58668060391656
237.08355144004042 73.69870595463749
10.776529482486087 100.50955587860216
167.75396252436704 31.26107776606371
68.4883446206975 222.19089890971716
26.2156723218204 161.43838600158887
235.65343781285833 75.11647318953254
44.176766092548306 153.0295143231283
227.5854486893118 69.75901877806398
27.778219087724043 6.181749740292203
129.09184210365441 87.15149600606293
243.2645461094626 91.6833152398868
153.88858237427917 127.64547965871475
41.51272630736189 122.02276136470277
125.79927035634927 170.9372670076239
195.70173059905883 12.213882673569293
36.812767928779635 137.98982800616471
15.989022645932799 211.39750461153236
148.52279034888312 103.67855469089466
45.790275083333945 116.07069942640955
160.72177666591082 56.254884484035315
84.70249273114352 201.50497494594973
29.394613441017153 77.58116605195612
0.9483048830590535 7.76568251925977
24.008535027107094 128.2837749826442
31.496303595597823 96.91030627092512
126.75255494432453 112.95827661588778
89.68220031378532 220.13928072923468
44.27694270811291 137.69855304133452
65.91889324092202 61.35382530471692
161.88269635109324 211.3736234668865
124.56477078246824 62.71496587779765
6.211869161403039 37.31559205081425
3.1737739923739516 75.67346452463572
105.88616475356125 155.24624662868678
178.81765781793038 211.15877633774585
119.6001845782359 198.11076785224068
230.65142298896222 109.85356647704242
119.47926410292409 220.48070226723428
133.45007902467754 100.59831792574542
103.12650632715439 180.62231259863873
57.29875010714794 136.53939059452694
170.91424109337737 227.37885464964228
245.70103338278065 164.19174719650198
54.54373120538764 232.22081782953012
23.199179424488932 123.68438097858245
97.83642207753904 91.68267500544714
35.273427526154364 19.935566022171365
90.28684770501877 235.2264350955537
238.75876744818032 140.7720583646561
175.36071261900872 0.37986938824885463
15.640375211156687 199.62173717593652
9.191588059746403 169.91670929732064
37.35092329612871 169.81266238732087
213.5884875922086 7.4280239702312905
227.23162697231143 196.12867051994525
232.46400506979325 133.41369375794343
85.29126006360762 8.615240519996236
22.524055726706933 159.0169249240081
164.20388889010107 243.20890629408333
121.81666031339172 115.56118782053876
82.14965949528289 24.336197668860386
118.0790223418079 244.35868382927237
80.10480398870742 108.9130618140264
44.593015771124094 237.39076627339688
146.31013889466215 246.5403344789656
77.19144257456634 208.27661666222698
101.39663364795862 54.295877776904256
10.851291909972776 196.4580529002402
234.7721511453653 8.851338828244486
29.441709945212143 230.04679103556714
79.68928166996001 95.70255980726608
71.63256576229351 116.55859495315369
215.70062215086713 199.53884457187291
65.37143385508848 34.88604234455858
45.33185885286281 73.42051488752735
206.9339622957341 95.04455395067413
17.522902240162924 222.5268797735429
5.37800515263892 39.09543606894073
66.58014190139808 248.47134399493876
208.08127947443936 90.74609070011242
43.718251546966265 242.55919221178064
178.22431933210945 194.46121482181402
218.18206234303315 235.0640116241627
81.55463597941115 165.26558290648762
75.22271078841788 47.040081043824344
157.41631586275477 248.35127237475135
133.8545556321718 18.32049706872957
15.171540197878947 187.12410051207846
17.116258754726026 176.4392728892529
111.96596040405075 120.18912238993894
18.523230050159377 90.48511641416735
217.73174795043772 207.30248341822832
24.902883485175416 89.94660252246453
54.20699146583222 219.237299390099
78.33634414669577 173.47748361888335
233.64494364023233 49.03504879537465
54.7755231641833 5.564677359066295
3.824226306787387 130.48218904419477
52.667364648913335 37.81380287138114
107.71525111916554 135.87097058386533
18.295938398987854 94.63465002881175
40.805592138970034 29.310621250241724
97.10786460388893 124.40893082316673
189.9505129095833 216.66692357858952
153.94938285102293 69.12965967362058
118.97071692565886 6.128646919613789
135.5139850310721 98.44995489272199
34.74575667957935 113.04225115349107
81.13162015308149 234.27460226789117
174.2652240061682 37.48349292109276
144.82036260558115 24.197410040314004
37.585743721403524 181.94195757842922
61.79606378456198 215.71330033616738
249.74189031976547 191.561427760538
153.25523835482818 118.26344920146994
88.59689627582199 192.57296986947608
99.1795665266649 162.12279747733237
126.60286965315714 18.853226810076173
219.67028393731317 229.07824058293866
227.25742068000082 165.677360483149
182.33848893649437 120.40263768936444
49.73126550460974 6.821215445074663
77.13265038866649 237.31084384866935
104.03906926701684 200.58324641498942
150.9172828352631 245.71417705322753
131.74532571943772 145.96946461223982
104.1175104781192 57.727463808142836
243.1842843044623 144.5724500150482
221.91176677723615 183.60768250978936
52.54991927916408 164.41456853561098
236.0989731078872 11.75086500179978
104.1326433822059 89.05292528801559
117.59134536366528 19.82403219534484
36.86984295765286 123.19953012096316
48.53007246658297 24.975499732014516
142.48803407324348 80.17702816751581
179.17306973551223 40.20785659585538
44.81191215346875 127.17675987432239
162.55805849289808 95.78304584448846
85.77199772896383 193.54022586703567
159.3536664652984 134.95838795634998
101.06675681992789 238.1733523413182
218.07432681792056 115.14525734994116
98.70923198488138 45.23045677461823
46.593665032227314 2.0947433578496213
63.79701166222473 99.92053304677465
184.5141214531533 4.031238108128276
4.411490591437 233.97190488986004
43.746943706290146 146.26302332946236
231.89559495701232 128.99309176538503
219.27085610357773 19.28038152971348
235.93701444771915 183.14663092104897
102.48894515209284 192.43724658320008
232.45694085337527 235.6900356743026
192.38821659106193 72.88847361137479
232.9786666663511 29.93653183722961
230.90148879914966 48.02158419741345
14.681548072346533 227.7739492787195
17.772653215138934 82.1600465759199
245.26411675905163 39.693128421932066
145.80816173635293 200.01838294416373
160.11574202560757 67.73640744475156
183.23675124750264 147.12588935088158
124.66066935275421 238.65512411617223
190.6972918736446 3.9756908509669397
209.07358663538193 228.03249309519973
241.9584615071592 175.79487139973492
3.0155284014534987 72.54307449422737
117.30431658099583 63.11438986061671
81.15292714633895 137.49219764361206
225.02081846895393 3.0728374874566535
174.52737056269095 242.13161872878194
157.08923425324886 148.9833907989302
89.66341805486059 212.27413788934223
192.56375930258315 9.001432794580571
23.28339007621427 167.7465417952463
236.87556489349006 113.13463263901404
229.21846318961548 115.1794524388789
233.4993947874008 64.74238151805933
234.31408737428723 9.250751477491354
115.98291498131871 151.6523947100168
144.76423658198811 135.3023158188108
209.6962338865591 73.66364378553259
205.99668778931633 97.11784989044098
228.66339450738164 183.12487169440715
190.84047216200761 238.43856961389687
150.29381552321215 171.9974541475686
191.4873001215104 63.0657364045637
121.89546100220691 150.6148059549302
136.90068980610042 89.14452947201832
227.52947911259034 93.79227727206182
193.94572337402124 112.50203534937492
134.03461326324128 12.35166853255157
57.64239991649489 207.01118560491778
101.40206195470536 129.6424352806908
136.96011009616987 12.091128606699113
236.74037249470518 48.601611726337815
125.47633693104481 168.10735397529857
116.10430507424543 7.535059890903001
103.9676543281354 204.4959540312882
151.4328407134347 171.43213381074654
130.6547130696467 76.10753916426208
242.341651859793 86.70695961874611
91.91915493757435 84.59933523355396
136.32287663701462 134.0783253755457
133.92800742735443 123.68406868735605
124.71604605697789 41.25443947483387
56.26463788203187 143.61791176669243
18.725513216740847 47.28126881494146
221.41019047917877 186.36972380781336
227.4058497751961 191.8813765806271
215.61895431147167 79.3626944261119
213.99915726357156 126.16863559674391
208.90457450234823 37.45506907149293
217.09188716914798 235.8462781072118
139.9214596662097 43.431442495909856
211.41149142834342 140.12219588285612
135.73990728406923 27.93444783912427
21.249066169812842 95.96703107925181

1080.9
258.1
540.4
8.6
34.4
206.5
86.0
51.6
103.2
286.8
432.4
432.4
720.6
432.4
86.0
86.0
720.6
864.7
77.4
25.8
600.5
86.0
258.1
108.1
25.8
432.4
432.4
258.1
864.7
72.1
154.9
144.1
258.1
1080.9
51.6
103.2
103.2
648.5
600.5
103.2
103.2
34.4
8.6
72.1
17.2
288.2
8.6
129.0
144.1
648.5
432.4
114.7
600.5
68.8
288.2
17.2
68.8
86.0
216.2
8.6
68.8
432.4
72.1
137.6
72.1
960.8
288.2
288.2
17.2
114.7
172.1
34.4
103.2
25.8
114.7
480.4
154.9
600.5
324.3
229.4
72.1
432.4
600.5
576.5
144.1
108.1
600.5
86.0
77.4
216.2
137.6
540.4
154.9
8.6
17.2
480.4
324.3
324.3
288.2
648.5
576.5
1080.9
172.1
114.7
324.3
17.2
103.2
51.6
960.8
77.4
129.0
108.1
137.6
68.8
114.7
540.4
288.2
1080.9
77.4
114.7
288.2
960.8
137.6
600.5
103.2
600.5
51.6
258.1
17.2
137.6
68.8
1201
143.4
432.4
68.8
103.2
432.4
17.2
720.6
286.8
1201
229.4
36.0
480.4
17.2
206.5
34.4
432.4
648.5
648.5
480.4
36.0
864.7
144.1
103.2
34.4
86.0
432.4
216.2
720.6
114.7
108.1
720.6
432.4
8.6
103.2
480.4
77.4
286.8
51.6
432.4
34.4
229.4
172.1
77.4
129.0
432.4
260.3
324.3
260.3
34.4
77.4
68.8
720.6
36.0
286.8
576.5
17.2
258.1
206.5
600.5
103.2
86.0
17.2
229.4
286.8
1201
108.1
103.2
600.5
129.0
129.0
288.2
36.0
324.3
72.1
51.6
137.6
1201
1201
103.2
129.0
432.4
540.4
25.8
216.2
480.4
576.5
34.4
114.7
480.4
72.1
229.4
648.5
576.5
432.4
108.1
229.4
25.8
260.3
286.8
17.2
68.8
68.8
51.6
72.1
576.5
288.2
129.0
1201
103.2
216.2
129.0
103.2
432.4
540.4
51.6
108.1
34.4
143.4
25.8
51.6
8.6
288.2
68.8
51.6
216.2
286.8
288.2
600.5
576.5
36.0
432.4
600.5
34.4
540.4
288.2
1201
229.4
720.6
114.7
288.2
540.4
324.3
286.8
143.4
154.9
34.4
103.2
77.4
143.4
960.8
432.4
103.2
432.4
432.4
600.5
432.4
600.5
129.0
216.2
72.1
51.6
103.2
68.8
137.6
17.2
216.2
77.4
114.7
324.3
72.1
108.1
34.4
432.4
51.6
216.2
129.0
103.2
576.5
25.8
540.4
34.4
1080.9
288.2
68.8
540.4
77.4
720.6
720.6
864.7
137.6
51.6
720.6
103.2
36.0
576.5
144.1
137.6
324.3
86.0
36.0
600.5
34.4
77.4
432.4
432.4
103.2
286.8
17.2
720.6
648.5
25.8
260.3
480.4
68.8
68.8
68.8
432.4
34.4
216.2
260.3
600.5
8.6
108.1
288.2
288.2
25.8
480.4
216.2
108.1
286.8
600.5
720.6
144.1
68.8
68.8
68.8
864.7
288.2
172.1
77.4
103.2
288.2
288.2
960.8
172.1
144.1
206.5
51.6
154.9
68.8
260.3
260.3
229.4
1201
229.4
36.0
144.1
51.6
206.5
77.4
8.6
1201
1201
8.6
143.4
540.4
216.2
36.0
51.6
68.8
143.4
648.5
1080.9
34.4
229.4
600.5
144.1
206.5
103.2
216.2
144.1
286.8
600.5
260.3
8.6
258.1
17.2
17.2
206.5
216.2
103.2
51.6
68.8
143.4
51.6
229.4
17.2
154.9
864.7
324.3
17.2
172.1
540.4
216.2
600.5
172.1
260.3
34.4
1201
72.1
229.4
864.7
103.2
258.1
108.1
216.2
864.7
17.2
720.6
864.7
34.4
34.4
68.8
432.4
86.0
864.7
960.8
103.2
720.6
114.7
129.0
540.4
600.5
1201
25.8
108.1
17.2
8.6
216.2
114.7
144.1
216.2
540.4
480.4
648.5
286.8
114.7
51.6
260.3
960.8
864.7
1080.9
72.1
72.1
172.1
72.1
216.2
103.2
25.8
286.8
137.6
154.9
34.4
36.0
229.4
143.4
229.4
540.4
103.2
576.5
540.4
576.5
960.8
720.6
648.5
1201
77.4
72.1
432.4
129.0
154.9
114.7
51.6
17.2
154.9
77.4
72.1
960.8
51.6
36.0
51.6
229.4
114.7
258.1
288.2
600.5
229.4
77.4
216.2
51.6
864.7
17.2
51.6
260.3
720.6
960.8
86.0
1201
154.9
480.4
129.0
540.4
1080.9
432.4
480.4
51.6
36.0
286.8
17.2
286.8
720.6
288.2
260.3
114.7
216.2
114.7
144.1
864.7
17.2
260.3
137.6
51.6
108.1
1201
154.9
72.1
206.5
25.8
432.4
143.4
103.2
288.2
600.5
432.4
286.8
144.1
77.4
960.8
129.0
286.8
216.2
51.6
206.5
432.4
68.8
600.5
36.0
286.8
72.1
144.1
114.7
36.0
480.4
576.5
77.4
1201
288.2
324.3
229.4
480.4
288.2
51.6
25.8
229.4
960.8
137.6
137.6
432.4
286.8
432.4
260.3
288.2
72.1
129.0
258.1
68.8
288.2
25.8
216.2
103.2
1201
8.6
114.7
143.4
114.7
114.7
68.8
432.4
288.2
229.4
103.2
1080.9
216.2
172.1
286.8
1080.9
432.4
25.8
1201
108.1
960.8
258.1
108.1
432.4
286.8
144.1
8.6
648.5
36.0
432.4
34.4
229.4
432.4
72.1
68.8
720.6
103.2
72.1
108.1
229.4
258.1
288.2
144.1
25.8
17.2
206.5
216.2
137.6
216.2
129.0
72.1
143.4
288.2
137.6
34.4
258.1
103.2
25.8
34.4
216.2
288.2
288.2
51.6
17.2
960.8
576.5
103.2
108.1
77.4
86.0
68.8
480.4
17.2
432.4
25.8
144.1
129.0
260.3
8.6
864.7
576.5
864.7
229.4
72.1
288.2
103.2
34.4
260.3
34.4
68.8
172.1
129.0
34.4
103.2
432.4
206.5
114.7
540.4
229.4
600.5
72.1
864.7
137.6
648.5
480.4
72.1
129.0
143.4
34.4
648.5
432.4
229.4
51.6
432.4
154.9
720.6
216.2
1080.9
720.6
1080.9
720.6
108.1
8.6
8.6
17.2
137.6
34.4
206.5
144.1
206.5
260.3
600.5
206.5
86.0
72.1
960.8
68.8
216.2
324.3
143.4
1080.9
51.6
34.4
960.8
17.2
1201
540.4
960.8
540.4
103.2
288.2
216.2
51.6
260.3
51.6
286.8
576.5
216.2
540.4
216.2
648.5
288.2
648.5
480.4
51.6
648.5
34.4
1080.9
72.1
432.4
129.0
600.5
137.6
17.2
103.2
72.1
216.2
576.5
77.4
51.6
480.4
36.0
77.4
288.2
34.4
720.6
103.2
260.3
172.1
103.2
864.7
51.6
25.8
206.5
206.5
137.6
8.6
86.0
260.3
34.4
540.4
103.2
144.1
154.9
432.4
72.1
286.8
480.4
432.4
25.8
432.4
114.7
432.4
17.2
86.0
432.4
72.1
648.5
34.4
960.8
8.6
172.1
648.5
172.1
432.4
216.2
864.7
8.6
540.4
72.1
154.9
216.2
216.2
540.4
34.4
720.6
34.4
172.1
288.2
480.4
25.8
68.8
172.1
288.2
25.8
72.1
216.2
103.2
77.4
258.1
129.0
34.4
216.2
51.6
108.1
72.1
540.4
68.8
432.4
480.4
103.2
36.0
576.5
864.7
960.8
36.0
72.1
51.6
324.3
129.0
540.4
25.8
108.1
25.8
576.5
51.6
576.5
258.1
114.7
1080.9
206.5
258.1
720.6
103.2
34.4
216.2
17.2
17.2
34.4
68.8
103.2
154.9
576.5
143.4
137.6
720.6
68.8
960.8
154.9
144.1
258.1
288.2
8.6
229.4
720.6
144.1
154.9
216.2
72.1
77.4
258.1
432.4
72.1
960.8
229.4
260.3
286.8
34.4
34.4
137.6
260.3
25.8
68.8
960.8
72.1
137.6
600.5
8.6
600.5
154.9
108.1
288.2
576.5
540.4
1201
36.0
77.4
144.1
154.9
108.1
229.4
72.1
600.5
103.2
36.0
288.2
144.1
108.1
288.2
25.8
77.4
108.1
216.2
103.2
72.1
172.1
68.8
129.0
286.8
1080.9
432.4
216.2
86.0
34.4
229.4
108.1
216.2
720.6
258.1
864.7
114.7
72.1
576.5
72.1
960.8
72.1
324.3
288.2
960.8
86.0
17.2
154.9
720.6
129.0
144.1
648.5
648.5
288.2
36.0
286.8
172.1
1201
229.4
216.2
172.1
229.4
51.6
480.4
648.5
34.4
720.6
8.6

8.6 17.2 36.0 72.1
17.2 34.4 72.1 144.1
25.8 51.6 108.1 216.2
34.4 68.8 144.1 288.2
51.6 103.2 216.2 432.4
68.8 137.6 288.2 576.5
77.4 154.9 324.3 648.5
86.0 172.1 360.3 720.6
103.2 206.5 432.4 864.7
114.7 229.4 480.4 960.8
129.0 258.1 540.4 1080.9
143.4 286.8 600.5 1201.0

2 5 8 11
5 8 11 14
7 10 13 16
10 13 16 19
14 17 20 23
18 21 24 27
19 22 25 28
20 23 26 29
25 19 31 34
27 30 33 36
30 33 36 39
32 35 38 41

