1024 3.0 0.0 1000.0 3 160 240 100

156.87783496193597 169.3553774041215
190.1627437147432 246.74857518062916
169.92024008191817 239.00418780761774
9.431581845609744 65.84461124002743
191.62658411019322 164.6779087848309
160.68076649043405 0.8507569805701887
180.95641806385544 181.80043291674048
32.19817264021118 23.50921901197889
233.0522475536362 8.63678597237691
224.06564388307416 56.38899400559108
5.732427511317195 107.16394658168471
111.37181783430053 122.59412006682705
139.33224979233634 201.80873830947448
106.25356060999619 221.24068831759027
144.25392883554744 17.838994763412526
225.84456511349106 63.47717266016065
50.871858268140144 95.9707797967066
190.25763361615307 13.752687082582593
237.90418505028714 183.7934033461884
147.87714015510514 22.90420335870283
13.221933546695736 10.41229489231285
7.603760056139941 59.00065559381895
58.77765745813407 64.2114758731509
99.88842687039795 207.7421794068283
179.76209250575613 129.3914700738271
43.339718681006474 135.6903963677762
89.68116570196017 203.0780032426124
107.93086421997691 43.08475372321083
83.62844911633304 151.77703223687746
172.46445079215005 105.43811480573866
50.71947121814563 58.82711428611548
205.01313381842968 104.47489000552324
30.900427380406825 112.64422827048043
119.20139041591143 41.59038681819649
91.11333089778051 99.79024246861317
246.10342732964673 65.80994205097615
210.60245859287298 203.52699569754822
177.15674251863754 206.85365183540827
159.27590706554923 194.63085176415896
14.42422540717661 243.09987628163086
117.95791924220673 75.24291594453575
18.042490123319848 92.28158594528175
82.37427532103008 45.67027183962022
199.61097841847106 32.36765228951926
217.9634974526867 218.52498143568428
6.525985736408973 54.12387641589553
73.04659828124632 204.5981612660079
207.78174698720736 210.46209128778196
171.07947314177412 47.57165618031592
139.82379189680597 126.99483024299803
192.8920515796582 188.98981111582148
168.30354022786332 125.93025362373858
192.17308748778055 154.82914360909982
218.3648969813937 151.37077506079217
208.58256946026185 19.45815450556923
110.23019945239582 126.55320904581876
21.979078867694348 128.91914080359243
182.17293091149222 226.7194921390776
6.8962508441731964 26.12589824822356
173.17119306496738 70.38357762626873
222.87421059961446 195.30893514447843
166.86212225204144 99.50123595625513
110.17101795583089 42.54036069061204
126.48830625595778 144.60214974072355
22.733612529193316 191.71679784354197
225.37512274961944 231.69265054628758
111.07297358174245 38.64979293075721
134.42579555873883 142.5979178501955
31.143633284045098 196.9291007597769
183.22584537643095 231.06901123558148
79.27668780700422 226.65629123575494
152.42969363588645 146.5119916170783
204.14455381732475 149.8374475058165
159.86372985229357 68.28401994257766
86.29186692764443 110.33274356715079
15.689294860030012 28.673627640563137
107.72127655087296 96.27053865288285
45.29104427902092 201.82053835516598
81.25551093951988 112.95872520631085
160.46217544176926 165.65584713171805
23.058000793290567 186.05495001417154
104.11730063255636 213.7003508912624
246.29018726811293 200.7008091878597
180.51954116661094 41.36457127667922
195.28917088516724 209.71266628335565
248.38007905571337 203.58694811159071
137.29016211614476 232.97471569881145
57.201560819045845 89.7891389562197
77.98959307760914 235.6895760477078
108.52353391080038 114.58505106506148
7.404412423733797 194.92025452766003
208.30472451544293 166.20673784612237
214.21227173028012 126.53781441106347
226.219909957095 198.27485490544063
168.27468736097998 45.95745279121352
66.97383543151416 154.48473485486386
220.3648904170249 21.562612162750018
188.54539929610246 106.82405789146316
63.13979598043274 29.390110241033828
133.93235548243555 100.69962972341784
211.7526103740342 219.0220417437531
226.18580454264705 249.250353801026
189.64387485431513 163.73096145839378
174.56209273334719 89.52303063086983
20.51621312616164 140.00495814492132
156.24471410685004 4.8109804389218915
235.8217033312546 244.54787531062118
249.72585958943986 173.653836078375
195.18899058223357 77.08268537119656
137.0469101392615 224.49173009210156
234.61574341226503 161.06817990709902
247.28446962058902 159.54454654090998
126.82665403200582 61.781795264242376
3.7606608404460173 66.41447877936352
71.2200913424201 130.49458247357092
190.37609912470637 79.26489965962202
61.38107262915263 89.5420312422775
171.54880738262375 178.29719692131732
200.87176252203477 89.60993020085661
103.75833103171281 135.49166305389787
191.52245470886555 65.34442551129224
28.84730241205455 121.52486703452092
114.32652864146453 241.62878777061954
125.81152065369433 202.0869382038216
145.0236175420491 121.46335789274241
78.6471106123314 185.66183665665756
64.27480299575552 88.3525578496673
75.06633110445854 22.241339068164724
135.22004799599486 183.7028520310524
3.0490675797459343 224.32988324123366
38.21662524889477 235.7435377555374
225.5703034030601 12.273724013823845
154.22165928593773 167.70515399683597
211.5364310142347 176.13563847271266
204.51093851542922 41.060606458362514
172.79819111019947 20.13811003024549
225.57861684114184 97.5550617847607
164.82933472370325 187.85608492331545
68.16773417370075 165.62776782594614
238.6837986053083 199.9490186344178
41.55063196537864 141.19367984084735
167.0012608137781 249.41842897611937
171.6828465594166 157.11008014203625
138.89777430149798 93.34722582005894
249.46019088997193 139.71992806328228
157.89772547776036 153.67792925792946
122.69077879910772 126.05435210616666
221.93219605516782 190.94956110901936
162.8786073117573 95.29606168317787
167.52723992167174 83.4370260484373
183.8682037484114 22.26056498316345
146.38580116488603 1.3432708292161755
107.00987650231339 183.3259759549009
223.93962363418476 240.0535400854501
166.0546447851529 49.89757210464482
30.820583908170217 108.86071661120219
120.80994713743975 39.21253611450049
200.04887341971119 229.53551533302692
182.64534815906387 30.954133346243918
203.96677143768176 82.95942099959441
113.68381586000193 53.6433815099415
46.189391132866106 5.204391048739987
50.55346076367256 104.50930061407121
187.42656489634828 186.97599651026647
62.54159949664126 203.34603997719995
97.5755194961514 95.72369169381473
156.73510705830063 198.50919763640752
133.14984590194607 114.69877641349363
201.7215289280322 179.95766582685332
183.50202004721993 206.84832719430236
56.050069523324034 95.52118695233666
98.26284670101428 218.07699526993753
197.33817774449196 69.05612196439739
146.86061289370824 245.37553636388742
248.12375747168898 247.02736546255912
84.7499345999822 172.93049500221196
5.579109395478038 173.3280417280407
218.70855347109566 224.45113822714856
130.1109261067939 111.23302117268882
129.215633159679 162.66980806642434
180.9442805479307 242.30200984209435
62.04223359976621 84.21373314414879
22.82031328939621 136.70321891967
201.06254643720615 122.47685148188378
193.96798687451005 60.88484728246601
180.77288095733718 219.11089966167904
73.15335652732801 7.912769381149931
224.04626298679096 96.7179007973365
120.37901873398866 32.033567583751974
231.8919024637775 94.8642552393624
173.59703659979493 198.84242065051333
156.66246496603875 74.42695193678824
74.3376266180684 26.616750430030088
225.00770685410754 111.93595306826631
64.44316840209302 124.10211932999337
200.45638966866585 65.76969198646032
115.88650031697392 158.03115606189664
70.38492301993243 84.97671304355367
32.06975965308329 142.06423189769023
32.26107625312541 186.23041419423302
143.2836241734104 68.58461912129773
137.67466536831807 234.36263461519678
113.54673911166041 97.19764966864821
143.50626133696056 213.09007092608203
120.95408480229058 44.50636223030849
126.10404642401843 63.860070973846526
132.42926234362324 151.76732821188529
1.200279151710032 106.5141199931349
177.96126545826868 192.0973061831082
63.389880492632 169.49894002198377
247.6566813323278 89.15802958948821
104.41883581811939 183.9966229958659
68.67058103070562 83.06396075427477
112.73621803506228 99.40322163438864
187.22581898166666 74.1353523317649
99.57804894359629 195.205728361347
226.1437914423144 59.82180341976318
223.3694309152905 90.67433729970442
34.2620796669483 3.6088755798265035
37.944963437531925 166.864287004721
101.79992399420892 248.58162591293248
4.100443881928456 167.99748764487205
136.48203176201932 58.05636705351766
158.5705055662293 159.02799939195103
226.8454450401248 61.69999399615239
196.66573830828114 246.2216302677869
54.53707953957268 216.10023418266843
103.95592206572346 109.41935980973349
133.94219569174882 179.872951160961
196.40589783595988 181.82973853627556
170.94442720723734 188.49412505940842
235.27998657319552 108.67976690539119
35.70243451612379 143.9050097366407
130.97697135589056 92.07091720001299
29.921164434977776 49.40962674023991
187.37255461476238 171.18244562598434
159.00812689683121 57.81756459716675
215.97471599491956 2.1825774343372792
154.44638183778142 111.51769539385123
12.400570113189485 48.69160269850983
54.59922683745527 198.39810797987252
199.23718619639504 109.07650770506999
205.56240135682026 67.942241872671
32.54101446730748 152.53023820941073
126.46952866594641 111.75224456576862
59.82845272324877 156.47646650009256
211.01220553115692 222.38592934610148
157.18448891730458 125.34984328709761
103.11154729010957 186.68971942600285
188.58302191428547 139.95153057337356
88.29956977991854 69.38083905190354
12.232296421053391 218.05695037939836
122.50604653119044 237.4289111542178
68.99771983438524 8.118193620019865
220.69243552300654 90.63312523539854
211.08225745788897 105.88144298894781
51.940967505373855 202.09354039426253
10.968613331994836 150.64502075866608
54.00432793374468 76.86031801410714
2.3837382493061 167.14008522040348
4.793503900436896 243.7477487491991
29.58998318668893 92.11498553067707
183.2901025109565 128.77717129114396
174.40901715872056 43.74136571313517
235.82160361470116 169.46570403270266
54.99047869576454 20.324969828882463
19.046833402548675 121.06557272956329
214.2219561771229 228.51321181302345
112.45014953683064 222.97875665147455
43.73988733249698 16.84202634476356
95.89846167379143 158.290106773563
7.1449891523725775 218.15906426000376
104.1186871863477 197.0095191689037
44.20891568342172 49.207925341301916
225.28149531416565 210.77656524209678
195.7445936392672 113.61084258617815
157.30664996578318 50.59306065678282
176.50976348931482 10.36004024115275
97.16242361179023 147.56469407341422
229.1857919092616 146.78543357975687
152.27402232362408 185.01523104356986
115.09281506836821 126.76036842379459
143.8787096014035 25.19194876513142
119.18810427661067 134.38605663830023
242.84763273284182 148.2573164864157
106.09476796333631 138.203520195269
41.36584594679188 207.38000019168857
65.43843349281808 213.14805208605327
227.18807957173752 30.758881645846863
69.3897982822968 147.53131786711478
108.59321245181799 109.2352712872249
6.420331155145731 135.1293786469658
2.6873839610969954 108.50098286138041
95.53436922407587 233.8889580247024
170.2122361416151 108.39798528885413
118.8812562286315 222.73439432496318
210.6045290303667 166.55221127753939
206.01275847983422 12.326533779946248
134.5147277423629 0.3955917203779802
130.37489318709174 88.24620994117296
150.32730411573147 217.21843467964024
143.6404682729884 76.47655802625015
73.2038331130499 163.66251216588472
249.8919873268271 140.45229908028296
167.4707206363322 34.92776626995875
75.92623393868614 73.2430050653162
136.7659607416577 239.66814357519925
129.5116807126587 237.90805938551847
125.57837424090262 185.97722667032053
187.83450813804805 19.485920989656734
138.15605235738028 222.17252141986347
14.174857813485014 20.885407228989045
109.4355672329943 214.09392616416838
121.18072766936794 1.527523509188028
136.1010530635751 241.06104585370062
209.24248999814338 27.99782385839866
116.17180884848844 46.42551082889429
83.70835487576016 76.70161463164469
175.63408832733995 43.76401549915876
193.65457029437243 43.695045727917716
133.80197362062546 117.06173611280613
213.49093957364772 197.3912495480172
181.0830620485152 95.36043139716368
219.67929790741366 206.44091742945452
17.636120112705463 63.078558865881625
242.12431149511175 79.26665247679513
238.4401362435954 11.980064597940181
218.67078573055568 10.845761413087962
243.64704318109088 33.23974555259379
206.7666925054157 127.22100233871843
84.8627585553792 170.02268738463175
245.0111077208154 153.77260795092656
177.21158397616884 242.86442289604256
191.09976588086255 233.45593595009518
204.0701704452281 147.4768576598653
225.82795056335385 184.74284600506468
221.70214017250044 155.95035922776032
53.637401485091466 21.8100137112138
164.47536937954382 129.76526746095777
83.62965932105915 191.91075811986798
150.92000185210955 229.74948038313823
56.47504217966095 192.20510937227888
129.22023750432874 175.59841282814463
94.09923855178043 187.4681795894886
28.631785021862697 204.25445138999507
64.60445934591044 117.87228461916597
85.42927618201868 45.43821622715527
135.01348862489036 45.25620467142599
10.123604617413795 9.736760466070915
109.98102650099275 21.29264294330524
65.53235333379531 191.36089360986833
134.0534824733616 129.11353986703915
81.88197955564696 34.58757225038636
126.66661289033951 138.1959670001218
96.63128150004535 143.71337010674293
34.03009462596596 56.61461691121145
213.61180200424644 21.883834508903245
4.814865755658176 130.22811661119925
226.21054389946 162.44941090763518
130.43165559743116 53.70083449498067
104.75806541066099 166.60893476968997
50.4023397663165 76.19457847363911
161.24235564079737 127.66146437326381
139.6510972238498 33.04425830365154
181.77500173407284 103.74318593623403
141.89324750810445 124.32341933562685
119.14686094967419 100.21725603096121
54.548985504336486 107.66237365599484
208.4680929006855 136.1368081209416
39.068287357708705 29.688505590058504
94.26423233783413 147.44365381472903
112.70178513587634 11.850133522257277
114.83631853515728 88.06378390335601
95.03444866418961 51.6268331073437
43.56901328852123 119.62249503054035
26.561168075426494 102.42920504170647
159.81669307108197 130.21678380536054
129.31779801502992 176.09296180227608
166.75649664740493 97.46269195851586
144.7328498033702 158.844653795509
176.5271232960637 8.000020352681519
161.68822308181592 185.58110577715385
100.55076931547357 73.79312771056115
100.5477933699403 113.9702582622778
115.16509144168435 207.0846531904917
80.084021811795 239.59111182881742
14.55065829967861 55.642154865299304
89.01074302740386 127.83270271176872
3.5328145986988635 10.694584786808875
39.99875705277764 32.517425792665755
123.29047301561583 103.24891070755245
135.06742812648267 173.21156185313845
230.53426990721488 63.18396198164242
177.29154093133133 151.05305003573795
145.37880053337292 73.62935425236317
52.40420702613841 174.11773859645905
29.80002517234731 209.82517363765885
43.0930709798476 140.9886592271644
79.81127278628136 249.3894957273677
216.81626449219505 115.88629787367341
96.24943291890206 149.7157940267775
189.0329121912344 153.84216612793716
191.894713698104 168.51455631977254
73.4879229355341 199.78831018992162
139.34580604161997 143.5911635118461
43.478605541644065 111.3805284969606
229.67586727734712 125.93825415394089
238.1741738269193 182.63716607540653
34.13138412111946 41.72055198410879
239.02647657755125 155.47477233176167
126.42881146295304 211.3748898333469
47.49162997036183 193.5456073141279
24.154578062469707 135.80625609291866
175.03282555136593 149.30881600193996
139.73095831626898 169.61254192209893
229.63826561539267 58.89961747711034
72.64940270549802 69.26738610152894
64.13493417355932 44.7754229014671
238.03695044049982 215.3096483354846
0.4236924553596977 29.58744343263589
110.63624468534239 112.09538993382584
11.701192053320264 216.20321003075324
104.2769401399119 161.33893204898737
61.891529031907254 191.49393650790017
224.73182956400183 113.86351691824001
175.8930597944397 107.2598933979439
227.3124653477913 222.63285929474526
2.6448720595633466 102.4106196458289
215.55623538928873 147.72749976760105
207.52266430572263 118.96907328657866
142.71248744106381 96.78832923245734
242.0974054800689 90.28329470893853
135.1201779110826 175.73293350066618
82.1693355673831 228.5117005472494
15.241311966382204 38.06665187332367
239.64478476262167 74.66075842726057
232.05183388416106 137.05582972360688
163.4954284074875 137.13533709738473
215.60035565580296 5.858018669542719
106.30961082801718 24.393896891533153
57.82325649155251 89.61211278240425
75.26384489527221 235.03077237362018
219.11437579889508 103.51646612438766
101.26648669035477 245.02628482657914
242.67197464806702 8.334828844856673
235.294629078758 112.52271166113506
234.3545711187978 83.19098194827806
210.7565266493646 0.6018892693304134
98.95273438688265 161.015064086527
207.6421361821239 83.41660493584429
43.466707193808354 166.18182868634173
135.4253759764284 163.23533882961652
171.02347742061815 244.02346513258524
244.5298067227207 163.59173765752988
67.00137582518947 201.85372894902426
46.17398083521701 115.93246346114996
22.94524952904592 73.87044782998287
180.3852468849085 72.38842303415389
149.27223450066677 138.87933446245648
2.1836558083565825 71.03003780027584
223.44966766502677 183.48779227766326
67.85777222932512 186.41334101005998
180.60263755729724 247.86484113734568
146.29315502862787 104.462160596305
228.77590650064764 249.0973226757964
174.05312782172487 55.96919081592935
163.95916653424152 134.2167978971269
160.75087273841342 124.29145518919185
70.24252967633996 215.57750079785404
108.40548212328902 71.78678837126556
33.914426993702065 147.75786958557578
49.55965941958521 247.92925261714322
181.33975252832465 5.384854660460264
145.92686091720287 205.06661186960014
37.88077810321436 119.38715240035711
134.37888204694028 238.05693359398282
64.61604634607707 183.62644759333443
159.13820393965582 163.72803594468536
189.39078791669203 94.7437982516495
67.55990809448231 76.22212770007394
229.72112923031307 238.15308651288376
228.814006084595 9.746649163768662
120.33719166545761 240.39606987833912
23.321196205094765 105.67939612376531
102.04523795229196 192.56235112131395
202.1867682574248 83.90100662218111
118.19683335793692 174.5549137236704
95.83429524612461 120.84787915283893
157.9859457711585 20.449653120251877
11.195392049137082 138.7930015810079
11.39885850174885 201.2531140540376
3.9059531983259568 80.95785739771658
103.11684927949358 197.53565795825767
134.4888139037438 3.1067489496655885
7.87381636713333 163.76907290859154
112.75732367896596 174.16274317099916
204.93113842852878 155.3714341989795
22.32629514892079 145.9461974580188
224.6741702751237 210.23779361174897
23.613270456911028 44.61609003818565
207.66919214630687 228.3791976173624
218.23565687194818 237.4873923766658
189.84362675246052 206.13518960181216
145.62784805381918 216.93440953851714
83.5263861708599 99.36106061492941
207.69486885547346 176.40089853641553
16.996532241032675 156.9731531210823
54.3669254858605 206.7657092606916
77.83858423946235 238.50834029482118
243.10437715303726 5.49674825390159
211.5993873847063 162.08413548225874
151.22409230095062 73.61093723901452
18.225621828632548 98.46108637707185
171.3304533958074 2.0762101265596744
39.50429194479324 182.96225746859764
43.32953233879516 15.668802507200486
14.642105075949235 67.02281471233792
73.91983396301404 139.22737357737407
205.55722562177107 32.94838317980517
136.59744507680463 76.76945422776338
100.91317886753274 180.76745623923372
42.02143566147862 188.61825817697726
30.604909046335145 1.9224479363691427
208.08633042039384 196.81402653388517
48.99322550380994 188.3203361210367
127.37617332433659 244.94124189283585
28.447183073667752 19.325028767510133
66.36543274482537 23.873718184864916
91.45155077906637 179.7802821219256
58.11920061012169 169.0652775138865
119.39201471182496 150.2119950115266
100.8488146647874 109.87394691751415
238.01412647280034 24.88985491374418
69.67022072462333 82.8500914917186
44.44741841748606 211.12922399746637
100.89280492876915 211.97365877240267
166.29748829138882 29.14556625420778
124.54897526334646 60.143835033412415
42.0061643705234 3.7234357026457165
140.82652503546137 106.73418656052192
182.3823672721679 95.81722455948538
119.0991792559897 207.24423573181335
157.2982339231735 118.72375738203806
7.35995903039266 92.42773339343252
41.038863666001454 120.40934241857221
208.2181002333721 3.555873401151599
238.06496414001745 146.45923037842118
140.769163567639 203.6027859505187
40.571422616676486 65.47343618202048
135.19968597523481 228.7318767808099
35.76694922566123 71.11500402969723
13.961567772503097 73.05441902495313
67.96483488436277 196.87608328776156
99.17851193389973 243.85652414655664
102.3978062409146 98.67910460199796
60.84463854205302 167.11372013720936
172.61419578912975 132.48894327215976
94.60565021561645 1.1469186557962474
193.63041348761172 20.9991585392606
165.64631117506454 151.70071189205993
46.711417363058786 70.9809310799639
245.8270005619397 89.24869522307822
222.28865407758423 128.8792373754656
6.339555331611763 139.64902336436793
77.2024744250894 150.05131188434294
209.613884198486 94.98926915546963
189.00225378400333 20.913685708325303
143.90642694723113 119.8181856931707
17.845146258889333 20.056850277759636
218.89079788473651 18.273711674300586
93.03593531669505 30.79318496898703
109.91389018293921 81.84497816916416
162.60288533154872 191.18683386519783
125.37548699161633 101.7117022085304
27.314334942877274 17.011064970149288
128.32532197765593 0.7457232139478076
239.46601907319993 183.06055480979532
11.159716394022496 162.2900668835628
145.16847569662036 87.88153965064399
6.794312855367163 246.08146370391466
80.98296020476 239.01525691593906
118.99770039791186 145.78824809549104
108.88775816068375 136.74460693212728
218.9926809575776 50.92831485439731
92.79369075331995 191.79946275387758
177.019568222493 22.589719651273793
136.71521806572852 16.920445894324455
143.374633499989 219.63497813675372
230.8069994890279 144.1653660514601
26.860355418912963 53.9284691979777
219.88689694739597 126.24159851027846
26.239427519051507 112.6853284341283
146.20333428454427 217.00362151012945
47.72192632284214 200.57771780771805
194.57779968537758 152.97188643311137
223.46944108986807 57.29128660241678
158.4247192445661 204.53697518062646
231.14613526122312 221.2935749169785
165.52103225764813 237.26180826362204
173.1357418337618 120.60349837754569
225.59937466818496 69.99861006511158
132.44156989689986 5.27371516274211
149.79255437830318 84.39905682914645
199.40919879257132 93.56578443500352
73.37240338753315 117.83550780062993
63.13168277500053 236.54071464221482
176.93453600553056 69.88298594432655
3.8260371188176823 104.93120345445098
100.33053732130412 238.39919190719598
113.57986859385133 25.60222222913666
92.63437535693664 151.65173911931467
139.53389421508567 9.256621643648682
188.85621387540488 143.129986357836
206.77266134618958 195.58991408979355
215.39131215670196 183.66364143960038
202.99448698318812 150.32227169822295
91.67699923167532 19.71020377612831
117.09998383914677 194.04808084245798
247.6602509968477 147.73008116045352
82.93019750310138 17.257247531637738
149.40750675220022 139.66513402446031
156.4689239432699 31.51347764658746
148.8001621474604 72.76369302368096
246.88290700480258 194.69556364578835
84.06235053901953 37.31081459932731
24.978581016125045 144.68950904187741
203.54627300036327 73.17364466233373
5.5992570095845515 165.01299751090886
155.21491212016872 148.84857455710744
166.5542668462174 148.58115393912058
114.76381991202197 190.77497204465396
13.544608472976726 177.20738094957255
69.90236571554401 47.60607773800518
46.31453414471148 151.83376132948186
184.52053572965474 67.71045814393617
168.35735774301338 185.3212904216139
230.11603731487938 89.0445242019611
51.668005479609256 23.336927228502667
214.0821435801161 21.21465357700633
152.90585284137546 143.61785564545244
113.87093273432461 7.701293532174747
170.35558012559213 89.61051582125148
119.1654538951459 197.045869920386
40.815301956590474 241.88311981037003
132.70196761866188 181.69066083741978
10.2801086506209 108.87016709053451
184.78238224933457 167.85638746703557
227.92855826132015 79.28341807278463
21.968569181087165 168.28880620309562
222.15799442148875 85.05123689155333
133.33695304624635 116.02665133378751
23.059941207593944 209.8432031291233
175.9507508369195 69.72255991755522
218.09212507843696 235.46223563052405
72.27861182672792 12.292819918921838
186.991609687849 240.08787910227628
45.652647334196025 230.4072450608092
99.81212498933351 31.896249364289837
200.65072595449257 91.91180790279832
94.60756685901563 47.954258598737084
35.28595692738637 8.267776262132209
83.67828861056626 61.203920645697515
81.60013380366435 89.80941065435849
27.05278348517215 40.82852636385037
49.8199032541162 99.53577045786488
244.4729222978647 85.84180770926066
230.28967770548712 41.75965100848422
232.76607791826737 29.329653907737978
187.56900502180935 26.76490382569846
48.41420525077361 221.56075778288914
218.08843219146365 96.36248543084704
186.9221807850742 133.46819943281108
148.52412228451868 26.19591691344597
160.2501577518623 190.13836278366315
203.14733117901284 122.50538105250078
175.21066046039553 39.969726811494326
155.14291885824557 152.63825620956626
169.00397236507524 131.90583008652052
79.74698158579433 160.61525440980512
125.05571065582416 231.2859091395653
244.82160084199836 53.872245902948364
98.61434267702926 5.7834247594006625
167.36659949206 245.94925153356036
66.62745293303138 246.73701283496254
142.54126776421538 82.39266718943072
123.47946179563876 236.7893748409266
120.05664877239525 41.11093267780194
35.64491960891253 118.26779962099226
155.63039229655058 213.84345652107993
178.87322351393982 21.025820588596396
62.31303952441045 150.49450792854202
143.74995315078507 98.56357799121199
34.340577955630806 237.84228196960638
91.95544112039217 1.2870464684883176
102.42332543590163 162.22052458158115
188.71852599735178 21.789492002508045
205.1458410909412 22.364161979292614
184.5331308175383 0.2607221550478267
57.35182397431429 31.323713405704307
246.36276636086455 105.2141901831127
197.0389835536153 117.2912416575275
177.09429544685446 218.40948480776223
106.08404408608901 106.4929317368338
189.44382796398625 145.6139369263113
134.66653873977722 32.410787253429135
175.9223300206575 78.70057604909039
171.50597169257043 158.07056796804164
55.289258015761206 161.93230653649667
177.1236337324672 240.9128112080059
238.45304589235087 38.349582603648486
162.11721309949462 61.62315343001154
209.8398812270105 93.70505201849899
218.4141691579264 75.21592458314205
122.290358962832 49.63894653491194
149.0239320489396 121.60300569846869
18.395668941466354 142.82167764031524
120.7498792025422 75.30422117567353
192.02689591572027 162.85876945416868
69.29012963982561 233.07492328281458
230.4004955468706 3.6203970726601806
112.21009410610041 204.54489663768226
101.83595493178876 242.85163487493026
212.7521231443215 212.74605066426983
152.7377333868623 157.5921211403311
133.2364453328576 122.01410210585742
47.20141993252347 90.92096017846494
235.5594005111935 137.14184552857867
88.17432809547968 87.85529601157776
127.54560038619728 61.307231751288825
42.8312727770532 67.41730349615924
29.881713959070495 22.277458177982545
181.82986232973101 199.52054326511887
97.17158137365564 49.32051107887078
50.33410850982028 162.8009254937071
137.9622174842267 3.7549495979155023
113.90076077546607 106.72218896871674
195.89510708219154 175.19263834545325
233.37108664269303 59.57690798650589
66.64177652303621 249.4512081654646
113.14293077613563 59.58422792795154
109.57694869606277 134.02253909310588
73.15739048433461 12.513028964647482
158.6258368713276 169.80386521064122
206.86436742387986 114.89777921963157
62.29830017384413 63.101919921074945
146.18810328257797 67.05709899579365
213.0782605542721 127.9395444737953
140.74678842382784 65.63076049003219
171.20073421496787 116.91538337656421
103.17358543666924 128.01753432058305
215.66808916361478 6.178591851366461
167.52865588086604 187.10446844652043
241.51319772588633 209.80797926835902
239.91697784115297 214.82056449717265
54.976778649286686 224.4092214919463
12.376446318836082 105.67321114345921
64.50007736800568 24.074560799029115
113.9382291748555 56.45427037004705
125.68441023647483 23.08491692145276
178.92096640129574 93.61717826185215
83.391258042842 79.88520595445955
18.012362027858273 202.15959496480647
75.39559896665693 152.5639570651538
81.61686952651534 96.35118357232086
73.00672503144223 136.20469410521486
199.4260266439507 114.44831547819138
172.39972629238997 54.40228923234197
13.33013792039514 34.66661167398258
24.81118542438676 3.855413206899083
229.38803071989184 124.95144633372499
39.67595699296728 6.35821527829103
151.98262532176366 85.4636267699833
22.63925730808536 82.34177018000005
147.84843228583927 197.80585968205233
70.32757336235804 125.11952675654733
92.17418147724418 105.75977394616032
6.094118151670436 134.8940516186226
41.6994640401501 248.88753907485844
245.60341695823715 164.5920476617911
194.8036910454441 10.063947290467862
15.443395382308323 26.996595638720116
99.80070209917923 87.18721933173101
26.69077645107806 115.68138109866969
151.70606643043487 96.50933201481205
61.893387001950764 235.1475689431875
50.69651297631966 76.2680293506486
143.18821163623446 1.600736639890632
26.96309003054956 205.8632559852063
124.94405465528888 108.81144730918066
89.1246057549262 107.12091187257109
32.675688246681325 241.55746167909348
48.78816406075961 233.5164086167076
83.51317542158918 52.56927338523132
127.18755980450885 47.66053636727649
14.307320647387462 113.96288118782866
125.92545834538574 217.67939867961564
218.82947838307788 216.52251296282742
162.31456254478024 127.71544610183497
209.97394167036612 119.42667793042844
17.83477553053961 167.94257598711528
155.90604842856754 82.07325291783695
188.3179718279681 171.0353314409277
60.36885200548831 56.50552389814384
236.53486982989727 45.68246441125273
221.85251712621067 51.644969569078185
4.9079016053292515 95.18278071210793
97.20205339540507 85.78988243943975
108.32116617502263 29.608112834386052
218.15154090060773 183.04555355839628
114.64274916618477 220.35002136223054
139.2211818072308 128.69971820209736
249.42767260234547 35.50002371038788
3.3622181516675678 104.91048662519675
247.40483016989862 211.78886371133984
215.687003562718 133.76057914942018
108.03816046001991 228.7360906042368
132.87334082563726 182.39886009236963
162.37027338861745 8.266709692630576
98.94895593912884 179.46459702081472
15.160003911512732 160.30059365822072
144.8365577734484 86.70858608000717
226.97672741500367 103.80806686267299
10.834411763334773 123.00698662167147
7.812224726521655 228.69907682517498
222.76189281264053 231.13361109418304
65.93675189733783 26.977112113704433
244.14301527325532 148.21960030449094
238.41294598679534 204.3785213523384
74.31732483386932 245.97334452684106
90.21498940344982 222.84704030362104
90.89663566863587 113.57929410647714
39.113880618316195 7.59047905382923
176.07122651614839 172.14395236883374
116.91066633258588 73.69303176660996
213.55100844276964 222.29593438407065
66.4169274604276 60.23881622468647
77.14936551411458 149.55792010223263
135.46684903816393 129.90522416216598
129.0841837756784 187.8826873236233
110.06853898291061 27.695381280156028
136.37408651035292 176.8692788271167
240.3735255571673 130.0212101559083
6.336866755959042 181.15159332897426
217.96626021608068 207.82879032832835
224.0757180708475 37.01758616695053
186.0954271914071 74.59141000058814
66.43992809832469 205.9830597978821
173.21985639495978 68.49361375562327
212.578505756439 46.18424712217595
74.9918116351265 45.84131387755802
83.69673003588512 59.75486668804839
56.267447205273825 179.8366050538856
226.51121352265656 193.24352672609757
103.22173882531085 165.3153197358979
105.72457149914969 182.37225172002
91.5932630842026 207.29295033463993
231.07929877384151 10.499078732111366
242.3317676172062 20.472062563161614
7.603445197404857 74.00350061170153
172.91912770174977 225.67508263780923
42.92695269157279 209.10548994237072
138.40028337385667 52.65735329218785
108.97385016321765 114.68047641390599
49.57828580146079 108.6538092121182
55.961683596711275 216.35551343956945
84.34679522525468 207.89435093731234
29.21726977300937 104.28069465500528
35.827981446458075 184.83468275807948
93.7276729077692 238.2632522431155
27.073921778158482 32.18083052627263
203.8116996419421 120.11828625506443
119.62832126931033 77.73089077868315
131.83450373969896 119.79192642327968
131.40560744813857 91.10115790062679
236.85234290097142 165.0914444537879
91.72732748303503 37.153243602711214
181.25549353960187 1.3362905743037057
24.200058411062734 118.17959710088368
161.25189144270493 49.50313463496742
154.3027487647268 94.02125415729314
61.772261377763066 208.0086536148406
201.60310971964338 108.3975255509824
123.81503059030405 57.085542317981215
162.39046278488973 60.38863321043697
187.5078195317282 103.27637988959005
19.044070241377746 30.32213057419414
150.00759456440437 61.56951163134633
184.90976040264033 23.36294621063492
20.382128209978116 136.98731843310148
111.01573151841646 5.515017696287816
66.93509695926353 235.34574349408953
83.9831196752668 169.9441920003476
44.51597672656998 245.87673134887268
56.88922808244023 209.68353426738562
67.8494215675045 200.16110514517513
11.529538655946691 176.73158945024238
244.25816531728157 57.50141608806797
221.8252074583794 107.18102342298327
75.47229673836011 232.22392814575124
245.57901123263915 69.22443845306853
100.66784198794771 159.92030495296115
149.7563245043602 192.48109798490168
64.58681678893652 80.7967236914491
51.42267928800784 127.99489093955346
177.8693107111223 179.3607155445886
84.89771487006853 213.04151174333228
206.29953302117113 181.5436048619293
247.67756962807226 82.97483153458019
127.94105420870821 159.23831119363953
130.42455361323707 82.451481235426
70.39913184932348 160.5165401947719
188.3965628636025 40.2721480458324
197.06767944693289 91.44403222444605
75.32746533322442 124.11633791258627
165.36978078983662 121.15539602681699
199.37925002446286 86.62263794568045
224.57491913529083 199.0368388916634
213.03605413355947 22.88043559941555
73.19973967652521 72.46439077170675
172.59457148902987 52.33963823515905
218.71262629849144 162.78730451412923
25.703164425148888 50.21412383284865
115.35389968456904 239.10549302647104
98.52026110092824 248.15198517532627
84.08237035711763 26.45797434586955
2.5268150869570682 189.36717880623257
222.33664968692236 25.4418330316008
8.472766042450036 99.32585176513733
203.2392044290214 171.9208926299838
123.51037491656405 223.4708970581074
149.15182688399477 91.33639142721314
153.26675390043349 218.39897623015932
79.95914850267982 115.55295072820817
111.55360337102572 231.98324397014878
49.834445277357695 133.18956433212762
131.64540025550156 10.239488085153264
145.7558119214481 119.95576977475783
174.71984175645295 104.94754947680785
230.3310184240358 66.83985947975654
15.512688521224533 74.85387758963371
97.18782387907149 80.36820845208966
17.463713894111248 10.00428689894553
12.686878541461027 62.21661613638091
128.90529396422423 13.034256661462907
197.8939234864229 89.38064131987677
35.46267077460305 62.00792888771814
242.7765185261627 89.44282745991184
93.5812478489288 230.66557639899722
114.76505764957152 46.656552489522134
63.19491510859779 91.24777278841134
95.24038389816495 116.45952768497162
166.7605518953246 47.477162815265345
108.00510543285921 77.60110976715396
161.22218429653358 151.63992123587064
237.57727154553677 244.210963211632
246.58075379860412 194.73080459600564
199.96831784142057 14.800618724236186
13.42775271431218 247.10599034844438
125.53431004629437 114.4143405006702
75.752062564159 224.9152165861796
29.981486738557244 55.85925791933688
21.74969699761459 213.19322283675717
22.817943486372755 198.21206610660388
91.40913737149123 245.9755101130461
14.699239224969102 147.89771305696718
18.91997611714924 26.05859476513672
87.44523346265714 195.84858799558538
125.60561721501526 243.56940548122108
54.920346433213055 76.67595275580597
125.63604673562511 224.4650778379257
206.05277230120134 159.00991861329044
152.19939917095468 9.215790863346395
189.55984943188398 15.32677605859975
27.13254779871699 116.44033031132703
6.029376554432863 15.96889774260668
132.86884836641556 170.84914550983007
106.40116393093457 52.019566474740266
156.89839534083313 3.9245316579671066
68.61544996248756 194.31400308142412
231.24800748100162 190.10932187701738
211.3115001187201 137.57098368104792
205.95527217671727 234.5252730323437
43.150241585541316 160.61941157457056
176.37316278893962 232.92159021845126
42.924251922571734 149.31495535532036
38.759902083308376 26.186195219795067
152.8554917950849 104.54522155582735
143.87600188863578 33.28462277344707
247.34246772110095 143.90336228265008
34.03475798476524 144.6893400974886
14.33204873828936 236.0925861875339
65.53855134409417 79.03379604652494
192.77544225512796 211.88650126702552
131.48939769724475 95.0145111391949
1.4532358149865476 166.22153235832195
7.951195147894663 154.01376402103674
75.71480825929827 244.64417696015514
206.63171681766877 202.57387225433862
190.46291437007565 48.30640771778194
43.18656949357211 192.7526972898658
145.2094146588247 18.191921366865927
171.3035031850844 83.89167101703823
87.573151446799 101.78560910089648
33.72900470258225 213.6511623128102
119.27639776324177 188.0145528168124
108.07832450785715 74.95601471323913
0.7682182194648224 144.15838263184688
31.381066511030813 111.67694649983373
242.47904288500504 159.91049722897057
202.91005811756457 103.92984745385661
132.91933367889737 152.07409693958076
86.76676286843501 81.67368317918137
65.08985757109397 82.18431066239731
16.70743012678072 32.79141331332175
115.57374807005763 230.78767220003573
72.79112386580833 162.0751541817418
167.76381350834922 198.38802165364095
136.76069553259458 15.1526622131897
203.0731633485635 78.71130021113507
224.56003307177596 105.03261651838824
153.14571384001317 197.5651076572604
236.7058954075303 249.64614297321148
242.61473120155313 177.49195366028943
248.76700402951766 99.38026382598406

156.9371521326713 172.54922928592916
182.53633310892516 249.58415103626027
177.51532726308324 242.60682936078032
5.321253982978752 61.62860347131183
188.30222214830363 159.7878169118828
159.34309306976363 7.636299703556476
179.41113185343806 174.72039406480184
36.39304567491231 23.75552544381382
237.86599819601474 6.762574987170533
231.93746090291222 55.036342434410884
5.311187626714897 100.92430946955203
119.50820059373888 120.48369558821673
132.4597089446328 204.55939069367923
110.52073995031897 220.39964882216418
149.5393965740923 14.644116044205624
228.3168937993712 70.25348090143227
45.86711286329939 98.02639089002932
183.11361542839492 11.547353177205427
232.8989838169364 179.58274775312773
153.2612778925049 21.460001531805773
12.661672234698385 17.35652973358054
11.975495300069888 53.7964566371836
62.34986310125393 59.708334578788715
98.64722683778135 207.09377355019163
186.6007161111188 129.6716824317675
42.79152246149115 129.36149665464706
94.79642296048493 206.485396220693
114.32072616294317 44.82917302502773
83.06435633319734 155.96854704785488
178.45319271344798 101.55527514299726
53.820558631898884 55.37374066187978
204.62944766692502 109.70048816032386
33.92038183853552 113.30489088283102
118.82372786408781 41.96014062272535
86.95296577625949 96.19015233307984
249.44857568021837 67.27379190242883
218.32045953036604 206.59416764302702
179.4783711599413 205.82347426304327
161.9095914875152 196.09788487684656
10.849595689542497 241.05092879939465
117.36571595743605 68.38892754049283
22.140295156530655 93.69919352628864
82.31630687026237 41.5157149405734
203.75915035971516 28.78290928833663
217.51383577447697 210.78428641440348
4.162591059373721 54.70573283738478
80.34477862624878 203.30992076821283
216.03703244754007 211.2780738830914
172.81986663365362 55.70546030205229
136.19176686856173 133.0624374806871
192.73845057770978 197.47158282390652
162.14629296813465 128.28749545400018
192.65705862394674 152.36718326265682
212.55847501221876 151.16465000088112
212.7118974448618 16.039622444274286
116.33660983753688 128.3501013744681
15.821154045753044 131.90036218903984
175.09404324527546 227.86781370089764
0.36960754922935046 30.653867445798817
176.27492621776975 67.58099627407366
218.83959719311102 200.61273046120994
163.37707963711904 91.9313295063656
104.80376576964021 42.549403425965025
132.22809248824194 139.0344220652526
29.191182931917552 196.94895190914428
223.79761196052286 232.34030239496104
104.27031699532674 39.83034049260611
138.07952883300075 144.06834843220113
24.304960638717372 199.87618142814372
189.51742879340816 236.3247957941228
78.12375361036095 219.74542629268987
155.69841192024603 141.6511968213897
211.9210888676596 147.2608782730362
156.79705361237865 67.54635914573228
80.4256967902 104.57733197644336
9.052928522421178 33.51900614185851
107.60616932563758 100.80270153470045
42.45843557589693 196.05682671494702
78.08391203762008 115.1071212287004
161.9468251537762 172.1073819852331
28.81918012336912 188.24738686123942
104.53685624167991 218.89690644406014
241.34594976064184 204.96573559611224
185.9524501788733 42.432614465990696
198.3456135615253 214.56977398084047
245.31125396153226 198.6123338225118
141.373070944828 226.88948849888834
56.153318945006056 95.1257898143763
77.40694784918692 240.6883784672396
111.19144085944211 106.89873267579111
5.427655621735111 195.90516739847968
210.86458896547802 159.7727392167586
211.41488106880348 126.67624475563893
226.62866759221276 193.37612653750082
163.16653434426993 41.32543079817161
67.85132160892346 153.94263324702078
219.740498513631 19.233141618645394
184.85613381537084 102.62860595927282
70.16957279452492 26.189940880783496
130.62790603374307 102.67465206071729
210.14513926081258 216.5106780184611
228.56150287540396 245.81380541359098
183.23302353312576 165.71305617730107
172.25852224852926 95.49464252178724
14.81788445250412 136.25859676808886
154.96914679200765 3.450645309217765
233.40309665338276 238.2989207289126
246.32579542165035 179.9116018741208
195.50104150995278 71.39937539283969
130.60632884234144 220.12523927103737
231.00794513295958 161.02576124039769
248.91374912152915 167.26233247822398
118.55237859181261 62.50146602938791
4.219238462376568 71.95173652778821
67.96265725163389 130.20788867524385
187.1385719327737 74.8331932129159
57.566813904817245 94.52313568710375
178.9765422203694 177.50495130841307
202.66217287511915 86.39941878113363
100.62414003324093 131.75784359647366
185.36643779007332 70.06571621162725
27.40519345143483 126.5534667793298
110.85435320296868 247.61540513079842
119.33747787483553 205.28076397692564
138.66511655720404 119.16687001430792
74.68593333981163 190.16889373340948
64.94664080468496 90.80704693783875
80.80757987209688 25.638663577746772
141.64654698409583 183.2128417371709
5.221608720902632 218.9748269256585
35.68816132566172 236.98687700667415
223.9625732638861 10.492841476436004
147.88210834312406 164.70104146737899
215.3066213958409 169.59447666836311
199.63618223029658 45.950312556946734
175.9231248669033 16.473874160637227
222.76382673648263 97.50407529785318
159.78269302283508 184.09623488388817
69.1623596608888 157.80024507289684
243.46545374648613 202.02920570562205
42.099696735994506 135.41917259487224
159.25427061802057 247.34870502977054
164.9351836765495 153.8235018494326
131.72036178991172 93.85698850380253
244.70337065230595 140.85721714183921
155.95132174202476 159.34234370485768
117.87133247309553 126.2339098477579
218.55842688053406 194.41848604749603
168.02397381491977 100.14146537436747
162.27345725837304 84.82605907814714
184.447623303307 21.88600019968287
143.39019309047845 0.03492168943364238
100.97166356532693 187.1323205429553
217.11150556789138 235.50715947953563
171.8191716212146 48.81420396620767
36.89418709063233 110.948312974517
120.37472815264732 32.66456744484514
193.0185389435905 229.2205673273639
184.04725602515467 24.052554675273758
205.3067640885439 81.84449277097008
112.32013777170269 50.06012212837474
50.532860942339944 0.49267699342389615
56.18678736312327 108.94410586397632
184.32470499918472 188.05990740520784
57.08035139412226 197.4651496530338
99.79588142942374 93.18698631942152
150.0515414703672 193.7060506971791
133.18209277769785 120.28668277733362
208.64049213416197 176.97206304514367
180.56968570610246 211.21867080562657
48.406964102687496 95.62003527344775
95.02624486477448 217.70623951105264
199.13156900901856 75.00948298010687
152.6576367979423 242.97792817961013
244.61152703065167 247.68243218102828
86.77780932560455 180.1073382616697
0.2759911671080806 175.93424930838265
215.45101533660673 226.0059033719773
131.47459138737682 114.91802438523477
126.81973528418511 165.53469564988333
188.19652519539133 242.89609173382948
60.13028611891405 84.55649680518643
22.997316572779813 132.84270642452375
207.1214940012711 119.65435077700137
191.57562316999952 66.41641070301694
181.96226453174995 223.85472744293065
73.85463329928285 8.021374231720724
227.29864005817606 93.81297396548305
121.64585285086366 24.23393550271108
234.09188787659653 90.25143976422298
171.9731577782569 196.66165249898833
154.9602844281621 75.50839324818357
66.95052017664804 28.70025021684461
228.01411295739314 104.69399593683445
62.654771766726874 122.31423916369083
199.0646126212733 65.65553687960671
121.51781497985658 158.9838590288467
72.85147721434024 79.58377968660848
36.23316945485075 135.7362497032795
30.066934084905462 189.1829603590815
135.84825998120886 71.12194192418924
144.9310045380665 233.98418401657963
116.11456118871804 103.45113066374972
143.10281490250964 208.08730869952151
123.08024793150582 36.36936213686076
130.46085944410962 58.374182037628785
129.586290084559 148.21882228951714
0.5164703391367376 104.48674094172364
183.03058622106946 188.82071206195698
71.30659275829699 169.61941631215385
249.25395557762167 95.61422019233518
111.18450027414944 186.97219743094706
66.00311322824517 83.20333939264943
106.64163985199806 98.19281014009911
195.5225109038396 73.94297953813577
103.21765359735748 189.30892076154555
218.4588837294912 59.376184266773876
227.66725935095354 90.86926304792581
32.616590969490375 2.0326672714851837
34.240874653584385 173.82391721312666
108.20462027845265 246.83278165952007
4.979209658506817 160.73789431055792
130.25752996087294 55.08183289707738
164.6576227247107 162.40968736884918
226.2321894033168 56.14659895403975
190.00291923468697 249.5218874292907
57.058190159645086 211.9079670360993
98.40723343516453 107.10793652733445
131.72138430479393 183.74548864678468
191.6972991956752 175.54818747857934
166.88347912924408 188.766999734087
235.63435454425147 114.46796044038149
39.99693189507114 147.69382486742563
128.73751816427134 85.56204626793159
30.250535046017017 52.74963607143079
195.7223176177075 171.2057476248583
151.6142302039654 60.87101600640235
213.68404015850552 8.16957655912412
161.36004019981385 110.68848806086574
13.651340843867182 54.81526347050275
50.89351836284603 197.01387849412254
196.42871944164398 108.89475593141098
211.9994774231721 69.9815441042595
39.5373555679861 154.55246720344138
119.4525931202989 114.4785418092494
54.342702979961935 156.05972450332686
217.32820598426673 227.21837278134373
149.10061664014316 125.2650302211922
99.96914441627696 189.9183197539809
191.86020846313863 147.71127833937433
84.00180312421953 71.76926897861757
12.325302669763005 217.1247102837525
126.06813710415182 232.0382673346722
72.60794139155169 7.47297476062908
213.8737985123239 89.15158621466415
215.65783736180907 100.87354562173914
50.29915868082146 199.4423813453404
12.08281880258702 146.08678961797318
56.85314641646993 71.22855160242844
1.714874968063551 167.67260644978055
11.351157068217294 247.42314444276514
33.49995811182024 95.8307726207844
185.5089088190083 124.53031760749167
172.9720824841083 35.47034187919057
235.81798171418905 169.89368609334622
50.88578596685764 19.516854736973094
25.741633062873387 118.81343453597984
220.91274614446976 226.17668382762588
109.89882499721374 216.99409434889466
43.37369984449252 17.750629893657305
93.57514031279426 158.92215598454055
0.5343851759330998 218.7425084568834
99.02474416972088 203.3651647834791
35.77690893152552 48.54257273059537
222.36619855225413 210.84826768399853
204.1203532661266 114.17655374300517
160.42191869510094 47.23456027835976
175.4513150286827 11.45764350528014
101.39067324620355 148.50089133505853
231.85400711811562 138.88908343243594
149.00424387094267 182.24293036809155
120.79264562369238 129.42196129138753
149.00921555756003 20.44904907144479
123.39176246786552 130.74311422126814
243.13690903110765 153.31069468794485
110.89470573255886 141.1200784439428
47.35706781055985 203.28129657149654
66.24522670389052 213.02231876329003
230.73096552934837 34.484965542466746
72.05401899203412 151.07735522098292
109.85525505201804 107.95014760947147
12.195859696330691 129.65406930103723
4.066068282480101 112.28497770524929
96.91567914029314 231.05581564514705
170.6086316263304 109.20843665125766
126.33328284178461 226.48028173725788
207.15236485642657 163.9882832350133
212.78048665538955 8.575580201493876
136.90093862346853 6.599454149565698
127.14611622220909 87.88953424707188
149.22416989539363 224.35708561335517
138.88496126519817 75.43582295966145
71.07131226829938 164.14901451831065
247.87705691952095 147.0375779229572
161.62485469065774 33.45403526953536
77.27523860662053 65.61021332995598
136.0121344601933 244.41392798363773
131.50219224996349 234.1169113230321
130.58567277394113 186.9875160544256
185.3137558673154 24.80773863568747
140.31701735073432 220.71894666279871
13.232612015338013 28.962205733056745
117.08948144170827 215.31450084982166
125.63855458001946 5.837401153279159
138.09441052480102 243.28686539855772
203.22818704437051 32.10843333059415
117.37135357383765 49.94039152821231
81.46102652694285 76.2437221927786
179.61883767425795 49.21933654534824
186.29826779203583 42.99588729306281
137.92400202086446 120.85275850072685
211.78141821756105 199.93450002719
177.35443687643328 100.74255837498305
226.5672976825398 202.48623859693268
15.927561856108358 62.10970053179776
240.9667399445529 75.81753411080871
234.32555440945055 11.481476286739179
224.63928976050602 16.672704496950992
249.88788407703458 31.550654404494004
207.31249877980824 128.48460667183488
88.59244291923842 163.08476039662355
241.90488082048688 153.66337671602997
184.562337922597 246.0354224870635
191.56205982496465 233.95495337407777
201.6419259209367 144.07347660400123
225.20384594939972 183.46771261577186
218.1513640443706 156.55929145493192
47.893374155533294 26.762382714263648
171.64688096929814 133.7701756032974
82.41827534322643 185.2286349363431
157.26553854713478 235.01258048812224
59.2577483162218 191.48177898127634
133.59770980606282 171.4372679534519
88.92951078173589 192.72893847307174
33.91065256525419 205.86265347225614
71.70034617155899 115.83051654251278
78.99006812602121 42.083763121398555
136.37139795855168 47.26992892124804
15.400083724598723 5.1379712533498605
109.74148649345955 13.396628951531293
69.50308780284008 190.26382909066027
131.1712732835449 127.24492571169563
89.06989946385086 30.08814598765186
132.92613748190655 142.54829594505892
97.8702021772917 136.38120490931624
27.514458315721857 54.455586221791364
218.84026410248035 18.53352305041253
4.976320886515478 133.73238033008153
222.1389879786698 164.13835161508572
123.663705582437 58.76443186717528
108.85595412022853 159.73912293545288
51.432655807977234 79.60027010271656
153.74163261137073 125.6525069289206
138.82985928061262 31.352019794984475
178.8827128902998 96.59155219801296
140.34028390659267 116.99148651689976
123.9519379203857 103.47639103918316
50.761062645996084 110.5322430111307
205.17119323418308 140.14533474549137
45.46877381134143 27.424985992147597
89.17487293732133 147.2986947972442
111.99809329398796 15.969616496278343
114.26144083593057 88.27940372173926
91.16639732245238 46.22594962823074
37.58910875842852 118.91924266095683
27.67884436155976 110.1093478071159
153.60030729306055 132.89319084952888
125.65546306197564 181.24511852762697
172.81987974884856 98.85062984566409
137.2385462773037 156.25156081255594
173.87342931868585 5.068869708145629
162.53653870843462 189.75435241336993
104.7158907210482 75.37048065394555
97.7604149725151 106.68399997551991
113.72751869766923 209.07571907814818
85.76074225877528 240.8067444894123
14.126576870303554 58.351873576762635
91.5065115104308 135.69973700053066
2.4128256004788406 14.610263524563349
34.06438169320178 34.61280523447991
123.58624217776743 111.40969672228925
132.00099860705237 172.7851357638022
224.43322385186565 63.08109963636965
178.65522017486114 143.7823719337591
146.24488252744987 77.31775308403502
52.75139368996179 180.4153180304179
29.326361647852544 215.42773507142473
42.56516012799255 133.2612207834177
82.00432677814001 242.98012695406737
213.951815403644 110.76211702439396
89.9486584400925 146.76168526025404
185.5382410716651 149.81080142391502
192.00776525909927 166.66074292789943
72.5615533525034 201.1212783398866
143.87988397772386 147.01857872814546
43.48326594245452 104.80721622976746
233.17802537302185 125.94997641043842
234.05737041910402 177.25972606618467
34.34975501062751 37.78307543617537
236.30013660837122 159.86437080797683
126.83510741690152 209.44047778197978
43.279642443026404 191.55387282813143
26.67833998868424 138.6253185065952
169.28859810574707 145.35125518285693
134.19210491632643 174.2428984177305
227.79093098678413 55.132742283287406
70.5923758704101 74.11689929907561
70.06706815080734 49.803304888176584
232.86661315886116 219.83914396561698
2.7061239218850455 26.03787638239649
112.79731192589526 113.5805707751419
3.6218454132230793 215.70621944036932
98.37531427053896 163.53726245380778
65.32510953592013 188.33184573612593
218.73875469197932 117.39275663052162
179.11155310776795 106.54832368427508
221.05818179603781 223.17895751696162
6.6875497524019885 107.13041273593262
211.98951504713457 146.75232656611325
204.44246640303967 117.96734573592491
137.56824258294873 102.33932235052018
240.2390768551396 82.53731825626123
131.48128562664704 176.04483920496276
89.82644139965088 227.21944797399854
9.382352339146276 32.00311609332906
237.5398271236216 80.99915239159094
238.21230150657098 135.93456004791952
163.85369444448855 133.3477216081475
213.59414355665004 4.30891016805951
106.13899233904029 20.59002869541768
57.696921627134024 85.42518468723424
72.35555119303336 241.07492951016604
225.1341352838341 108.56880906171263
107.28184003523614 246.23530507013808
242.1625073536252 9.442801584337579
242.9741745068184 115.10811058590565
237.51791888955964 81.41934506016979
218.04743034389682 0.46800858908188636
106.07979743743637 164.61997345400647
207.13741416475438 83.75169853285364
47.35786328769498 166.4287658044541
141.16860965325856 168.60436470473215
172.69882717581876 244.38542278854192
248.5803502738154 159.66288550581777
58.81504212781416 202.9648741504528
43.527522384779196 108.28633198285148
30.39137922258961 70.13950912570266
184.8226762301113 77.76429682871927
149.27574469900296 146.1787462988035
4.7013770590190465 65.76601318284474
218.15677391178332 189.53884096506707
69.6780146488305 186.31068555998016
183.61013697712735 246.62906142899098
144.8493701266669 96.3172782533747
236.24426824979557 247.69255942257857
172.72098985260263 57.38889110470388
161.2840757026579 130.0237831781208
167.97363476234818 128.52391877875075
78.49146982096825 216.48335041223956
105.54900192212313 75.33885384953373
28.63960502453533 142.45434845939715
53.56825115183025 249.3835084866284
180.2403701349848 5.7196238088197955
142.49246808813533 211.58471946140648
43.24089576598683 118.1426365559704
135.41007509165888 244.92811277327672
66.57499743609885 186.5334399433501
164.88283501531765 166.21823703305844
189.94031917626896 86.32934709634051
69.52714468173926 76.3781746785327
231.12889286931303 234.88316697110088
220.8894202704165 7.906125453784357
113.75025573248354 245.39558495965787
22.016361555439317 110.83025079906939
102.5501440139941 185.21235244060273
197.78845063028908 79.6842189628458
110.79896094526467 177.30244759606202
95.51809359527938 127.69452503535881
152.19685001644376 18.402953485814415
7.595545017912792 145.42855119548207
8.08077463028084 200.82364495126058
4.789869709490969 87.48008457343897
97.46131507869435 196.37885334489644
135.80643714124378 5.957218581642887
14.80014703918675 159.2812032518553
110.21624167396779 169.20558990551694
202.681868058369 159.25546811842415
28.544054530508788 149.29680582345298
220.54852667215718 208.38267946573683
23.42958570319581 51.78201014104775
202.91601735549077 231.06346731976265
224.94645120174272 242.55647775331286
194.00689451077426 204.20754505611325
150.08455328703874 221.13424938929086
79.36270905230505 106.47670633706934
202.89464246862485 175.30289498896857
11.35849217759527 160.38373606141866
60.275615664810125 212.34634370296786
75.70905398239793 243.45431976420693
240.42558253426608 7.595401065342649
214.64887141798744 156.12470145929967
155.9749261208016 77.96012032814323
15.814292437119404 94.71933991680986
164.8393925917512 7.470868557569121
44.62245454209249 188.99695005576334
50.55728392465461 13.448274428020296
10.03714128806249 64.88725184723218
74.48277500164238 137.99351982654545
198.9426552540151 29.489615831339854
130.2593485351561 75.88508276411726
103.9690814039654 179.21775415937674
40.64071401005071 196.0072719532846
33.63666625703859 1.6905081711117154
203.9180124206844 197.39459472962687
41.020930432246196 189.35561795125136
128.83383803496247 248.835052689029
28.16586812835256 19.53612405998123
68.37399149024279 15.863585687863086
99.14681206820175 181.6769290593885
57.10684410337785 167.9846703167655
123.33086723118298 144.18516366608517
94.71365608053978 107.96127860898677
237.23146743752682 29.890136958371006
72.2157615072388 76.89747883466103
48.095466185117594 211.1786010325386
102.66508197965999 218.1580532142004
163.18354626048745 22.598810760495745
129.03687794779432 57.220711237249006
45.96256436039997 0.6257965595631021
141.26655444778714 107.12588843803644
178.35121961831314 90.3670301077724
117.06542909340106 202.24037168644278
163.32808323172796 119.05124058574782
9.253253668219136 85.60299750069369
39.97849722043739 127.08554567415423
213.896072654321 6.88787016969758
234.79249343675764 150.37141488112286
143.11737501501088 200.9853226264392
40.77780091182145 67.37727087519086
127.32531754096784 230.42127675832717
35.01740828093866 65.35201728444495
17.026026742191558 67.26257814439727
67.19858100149493 189.4282524958592
94.25375510140854 249.7960011493244
107.6812953549281 93.41059097519383
57.141834829876004 161.19432827313022
177.44741029219716 131.43945388796837
99.17046060541692 3.156033372859579
195.50627148334488 12.797867068116336
169.4176901789284 157.14370950806165
42.20947514825876 74.71180737952346
247.33342961296677 87.37169235105013
228.69335936326783 133.92173834228393
0.6896909577394361 143.63732908454057
84.77292371314354 148.43731218051613
210.80201394022274 93.29855590352965
185.44635930361775 25.657886165488254
150.17480839970966 122.59059144067291
18.081317327204083 28.53012229983784
215.82984834903402 16.504372751610873
88.61920503494042 32.6372670207194
108.34326029574292 87.9820536399569
169.60163155208878 190.14229371102715
122.89666997359517 109.43946114984104
20.640405274237715 17.11037485854136
130.27905511710586 8.294687959245318
237.66065621844683 180.23998948384943
7.042019474720301 168.85953200801612
139.34401162711885 88.34700900787004
5.373718783461879 238.89604711121208
74.43288626915009 239.61994011543385
116.07772998900748 150.10715051253652
104.59678955471271 130.9643544173259
215.53137954680605 55.6308984659821
91.90331312639441 187.5417845011515
174.8749651827005 25.42241549033772
132.7509555001887 23.383450970239387
138.44167856424076 219.17884903541804
228.14136614694291 149.42107335974205
29.74666656034522 59.555197471999385
223.53974943161506 127.07062311522532
26.973400470692827 119.89234921995917
149.65850231011035 213.0927916559816
46.14795874390074 202.11900609432118
196.03308836668398 153.53196905983526
220.08470611916778 57.77762686322021
159.59868449768211 200.00720088429284
232.75985332659624 228.0594707346478
159.51914845579165 236.61995455295803
169.702072758168 123.6534486738688
228.21918815175513 63.94656925391659
128.73669551884524 4.059787530135778
146.24744618557014 88.9773772409961
202.83133841843656 94.4077380370597
66.86209209176656 121.86378045685083
63.643289864470184 238.82895722393397
171.99462255737404 67.01854268680732
2.7098362098268156 108.51487838336715
97.43095193921805 244.68006262699646
114.4329470302794 24.666541146103338
86.17334391680303 153.94520139209237
133.82228775175358 13.486701004029712
183.90276677360217 143.6811598834841
203.89085483708013 197.6624197884597
208.62291925927929 180.6086069552394
208.88263682115692 150.9788069259276
91.27486964304887 14.91101857824917
115.57269176516304 198.64490586089565
243.40512334772 147.39604754558687
82.94002783580906 9.50515017779982
148.03174216799266 145.4925344534867
156.7687816578674 38.991704278941356
149.1336732016263 66.00371507861192
240.87339902826324 192.40301987918292
89.53755077269865 35.47029800213036
25.231420405297772 143.6783295741352
199.32095610411284 67.67139467551364
5.157004209859567 170.74515259966196
151.75592872468846 146.7064016883466
163.9261530705747 149.03907229480032
118.92361346684513 192.1183691836575
13.618890685325596 176.72647625626325
65.64699074714306 54.339543969183445
46.2820149035148 143.81211923037438
187.7412055280998 71.73691817342592
169.3784596660826 185.6772128353275
224.4551007326234 85.57578875064287
46.62141903994199 28.642331908135198
219.65441138622606 15.28371652618768
146.5471153154839 146.85798609906502
115.46407599439237 3.887783999295291
162.64131128745706 87.43797784268648
117.70950830678353 198.41214298740553
42.269063352893795 245.257740869985
127.29405933019878 186.49382211774466
8.41899202951063 109.38019173816546
181.8228670507418 162.41912680828483
228.5504488420098 81.20762883630512
28.37746517254722 172.8113035801958
217.86221503873048 84.54231116823891
130.26477539800484 119.22803376372751
29.675221951505627 214.10735531606787
182.69605603834827 71.38599899613699
222.839722353107 237.05127853800204
65.60576828306336 9.930725025197207
190.92874861154667 241.88545268793226
46.82633429092764 236.01807611718328
94.711278571992 28.57242930205975
205.24154531902084 94.77009879643511
99.66943432325604 52.530970273309826
38.101186319058094 1.4721708694397928
89.77161963588301 63.93793871728815
85.3310873014921 87.94655128147744
31.967917305430277 39.635616769388896
53.06881837980154 99.84456480299802
249.61080316673036 90.8041179307076
232.5591530015388 40.89212707588574
235.56068424378782 22.873560025191114
192.1257819025869 26.603771361852687
47.57017717287118 218.22388592815162
215.90345453910277 96.25590312354889
190.71928906310637 128.30996175113205
155.6891023252196 27.783191405216513
155.94127470596538 188.6719055582892
205.68404852056946 114.55990509064998
167.93598727807256 36.8030846406521
153.90129023052742 156.38432283445894
163.8248069586806 131.24818033467884
77.01150572758428 155.77069449389492
122.33876222510592 236.54659439762582
237.7303570645185 52.43929198663649
105.42335654148863 3.648305217007403
160.4612546456091 242.24033962028798
66.45492984777476 246.55491892744413
147.41907040093588 83.60629866155381
118.23665749036999 243.02982435862333
123.42093298271945 41.63377637972257
29.188670179554787 122.28852979713933
159.73287765357355 219.28416853689427
178.83310405912874 25.681130949605475
57.28499561304912 152.0819524575807
139.0490922083254 91.92833625829924
28.056592718447128 234.54191786834016
89.08325557843047 1.710564420334043
102.90054582535623 169.80957798563142
195.89237851776798 25.91797486853298
201.98979732318273 28.70682567828617
186.84267572050942 1.9408247969393
51.14544209605937 36.21271257672382
241.76115232171185 101.17964557073824
192.29853954483107 111.23246484356814
170.0168196335865 215.0520462218734
100.68406376998534 104.5386426260069
187.97023106668098 147.83732687849763
130.7107392906279 34.29692751007965
173.0114061506375 86.13809245087359
169.96965536696231 154.52445168931465
58.566821051180526 157.67942065213973
171.35823879077847 244.37815585192084
241.43780376200564 31.289902306618266
158.2986424181634 61.864267462247156
207.9216662611602 87.86865724174426
223.45029837693937 78.54403109644097
120.10830241780585 57.54529596633273
140.69838821902934 121.20080230724209
17.561231329731864 139.7992519272489
124.96521891549456 71.61632311169896
194.7733876995599 165.64461361753627
73.33561319736992 227.34661829093338
229.4257162931974 1.5166966526892478
116.62055982755454 209.15116782904198
100.52519922005968 242.23892322509363
208.8674329084139 215.6620989580096
152.57172444852952 158.65364216472068
130.89586037699397 114.24950636163398
48.34698880977897 88.23089374554243
229.85087212103056 131.54768918938285
89.01139264720531 92.44927601577807
124.01364257422298 56.73713481849133
48.58530507038325 63.88634992241277
37.37111226118434 19.035406329185793
177.2650599636392 206.2829457707313
98.8100025321926 48.386801783881026
55.8073366807946 166.55519588824978
132.46904927852864 1.1303201616782999
111.53033527764805 105.79163013184453
191.343776120729 168.81862353063147
235.83381662575292 60.9711762242999
73.03354243535252 245.87863488588516
113.53502983963735 55.54916420232969
114.11795722817641 127.47892099439225
68.08275114548194 17.411982076224962
164.66822124482198 171.96009631983503
206.8646466648743 119.20656272483726
56.853731866812915 65.66272456781
151.8573673223679 63.24994130713618
207.67634499219332 122.3078927839986
136.6047632529393 64.12413305700714
172.61490149340472 109.51856997440227
107.93380412526443 122.03207395199107
218.35335944029583 9.679474203371285
174.77453888885336 183.0526085835827
241.99468902854457 218.00266753982746
237.731987721479 209.66999637158276
53.665967297001686 222.97233465017888
6.242902775718539 110.43838773488604
71.64819936169172 24.89926817625157
116.57693396695664 54.36544627932857
119.53648160360969 21.668101785079525
179.58611906418358 90.28001358259347
84.86856991096253 82.54595397359132
21.761272789313917 203.22252323661192
69.85053292810373 156.69930250192033
75.6071320888708 99.70908362585499
70.80701696302467 128.58912757144094
193.83156672846556 113.51790228688755
168.5437497002142 49.81307842043875
12.499091098085668 39.871331901399856
23.923552255531693 4.079851899322195
227.983470485212 117.54529601193983
39.707951888256765 5.499756442886361
146.21623439879738 89.6916302557385
17.32444403560199 77.48094310961729
146.2589611931844 198.70940903604907
77.28031764429427 121.40673546229783
93.58631968846618 105.9292318480885
2.31885561226719 128.05366049612246
47.135471704218 248.67276572357048
247.72655203727837 163.71048849532716
201.09002325776214 9.391285764203811
21.729271623995768 30.020757916744024
98.43533481173236 85.90246397344414
29.240953525567214 109.90219340789587
151.0564932325537 102.89488069901412
64.53946362228832 242.0524064286635
53.89639261974865 82.79146720426422
144.31135289796538 2.5054801271651437
21.2800731476909 201.72235454854032
120.18045964333679 109.58982596076238
81.62707219219212 104.55161565727322
27.35260200445544 238.83165497071286
48.77998231723662 229.38729717643665
80.19899039428172 59.19709148911439
127.59865600847483 44.717498980423294
10.407722912279954 114.55506611418149
125.56223180425155 225.21366409910055
220.90617785324838 220.975886034679
155.46763854667563 131.26849189579104
208.9299138078555 122.39931716425814
22.64648096977609 165.6632374842857
159.62176507952648 89.64413027741736
186.15261701787458 167.20900217013428
60.795547147443315 63.155586987316966
238.6003059621164 40.196901320992964
221.7451958618774 49.14517081358391
7.778041000489483 98.00331142720218
103.7417496416414 86.03875190419782
106.61973562055135 23.140109668937146
218.85059440027365 178.5417551061434
114.78431157356448 225.1459894357275
138.07106193048867 134.37275231006328
245.02202318923608 38.23027931596187
10.456604676509412 102.42639842540238
246.2993607438362 216.9374604966437
217.129100717831 139.25637990999036
103.98497865288353 235.53753952560947
136.63768718493807 180.3158318670487
167.49350289835715 6.555765539736052
103.67496540079114 184.18185017372087
10.762427505660838 166.930107479161
143.62074774911105 86.92710358688241
223.33326600010417 110.74732529581543
16.947365487719246 125.04485952354719
14.259517265199612 224.52196934533154
215.20957864217698 234.47819682720424
68.99755056306192 20.639328366787947
245.26706474709445 144.02339085126957
239.98435890233378 198.84845419904187
68.03152266740129 242.9654839288925
95.56134435050856 220.18836969998847
92.5956902844233 106.11977313797318
34.05561379577621 4.625884779026729
182.79829496915656 171.05709461497122
124.95458046249719 72.41632269549767
217.40381280900576 220.94619877588468
66.85281371412408 65.17779522515058
73.48004241171371 146.19730999355542
138.7260097373511 130.59474437069136
131.02746127512066 194.83816563115099
103.58164334145356 32.723743226317964
134.5233203765534 175.53310532913235
238.30047535948654 121.85942661953116
6.154301451927608 177.11740389613252
220.25712083021813 211.18555665183067
223.58438020345682 30.5312556398718
187.88772493796168 73.61227458224553
61.561638161414635 210.28994737615798
175.77160018783462 75.5849645540784
209.29217205365148 53.175785518083664
69.48317461670086 48.229623824326744
81.4397623928076 66.01018132628738
64.08208312490873 178.36013762147098
225.1598396941565 195.80262181831665
99.35027386795167 170.99958486801012
103.01909335656481 189.21925313513213
99.32441229844827 207.0312318747022
229.07532415807776 12.617331930527248
240.76436503904725 15.93750845918873
2.92057901999615 72.73087606487708
180.74597532388538 225.56918807025227
37.31012503162448 203.08773885118003
132.65550039130048 49.01898527867987
106.29673956030861 116.0920234522484
43.14199056947346 107.30633177025913
57.67956861578064 218.8863655328716
82.98665504613884 203.55251004230024
30.3000766211389 109.43623455031204
39.550722579099116 189.1037410653945
92.87187773043145 230.00045765669114
29.19287765686873 32.134741407029544
202.79615529584487 112.35582816644855
122.02045275484674 75.95986972722568
136.15277746289917 126.68972697732403
123.57876553649064 89.29366835484134
239.47386791406856 166.15030382317042
97.043891415594 36.99062451172133
187.46998917031755 5.426958944152821
26.26604237870739 120.40724297713388
159.03279202352667 52.002092019341084
148.13016681168372 88.52102179768673
67.0296876336157 214.62926832056246
203.12841638913662 115.52099361104496
118.5292454173561 63.698609220059765
155.8508737521931 63.579431697571046
185.23003362564776 107.79194811533941
13.0701167012095 35.66946242671709
146.29494463545163 62.70650762630889
186.0772551055705 16.413028267292212
17.63897864188224 134.34127690459206
115.42395416828103 10.658303687043263
67.56162856010381 242.56818331776566
87.98541857717065 171.4161054989715
44.60607830144564 238.06383907447176
54.589221942231866 213.35809475300502
70.63158249715354 207.08227609840725
5.460801193871018 178.52626198009116
240.3127292482819 54.15431505527973
215.55271016603066 105.95212036580331
75.84490083268675 226.35644632657102
243.53891286602072 71.17589392297344
96.51986722997172 162.16669664840916
149.8061114159094 197.37033205944448
65.59972468730227 74.24269108854526
53.419023960094734 131.6891519004316
175.65827206236438 184.2806633441501
81.18763283271576 215.13221339605096
210.03270425503538 188.45130326711765
241.5302906188179 83.3716973729721
129.0633201300105 159.43969050918798
131.66801632251693 75.19153995204219
71.85666856529855 164.30722590006812
182.51899216253688 34.65142786282649
190.80978997865262 88.67539497645258
78.23901819228016 124.41792170569721
165.36978993506523 127.34402122208446
199.31378223104142 83.63852433125935
218.901905186491 202.9756654595578
220.71830929802243 22.079818736569777
68.59939217362351 72.56695116530778
175.1898788671066 50.273287903570775
216.32070305438737 167.3364381101585
25.024218519589887 42.9688976247051
113.53389012511248 234.5203379832435
99.24461273084756 248.10278409457445
80.06936749044641 20.19755919595137
8.795408105665315 184.8172637143047
226.00874156385925 23.269529295177115
12.773237249839282 102.62567165775158
202.95262900340572 179.54664393006493
125.44980907849687 217.2429775359994
151.76635775924524 83.508540122728
158.89424867810877 224.04562091126698
82.40692778619254 114.5446305709679
111.85525025937193 233.96428950603746
48.25509486912424 130.45307503000407
132.72656422209184 15.701895485651985
139.19860389483833 123.39134695435632
169.64327708953857 111.6889719700919
235.731064614764 63.05011900185656
14.168242816315429 68.41913934112762
99.1526123437218 87.0289682359468
18.66819300391362 8.986898783172132
19.87983492768719 61.63743804454688
125.37645951472557 20.72546950400278
195.1306773312718 96.46386998651806
40.65185799440088 60.12077919696282
247.71919865223646 95.1181655634975
98.91001369808619 236.63366061181145
120.96471177240537 49.15802578128875
61.086947895523075 89.71731577691838
94.64043641948247 109.43857096361815
172.2965217216414 53.40453589442415
107.04794741600523 71.54460692318668
159.9682571397106 153.5240294779386
243.60214856996888 238.41728228229027
249.36663281733965 201.75818580351452
196.79059375813523 19.280942126028265
6.353766742686201 244.25689398335138
129.25922828278374 117.5587684891457
79.80346066781726 219.45140308902438
35.81559814426513 51.67873919253052
21.429996998037105 217.5993524600155
18.764666321726768 202.0097075133227
92.74858378013043 249.03634652845204
14.512599626818862 140.8338619042201
17.131932982975133 34.12358188868642
89.26268529686915 188.56630515478068
119.13463860731859 248.74182344614442
51.87610762482847 76.15620196769233
123.78851905602559 228.73315544334136
203.31237445676993 160.51334864138954
149.60030546803563 4.134008564842362
190.65688635327976 8.93918305925609
34.594147425033555 118.35061699334182
5.178091767101295 14.52834049904525
126.6709758844493 171.11486350388228
103.7065330154274 49.45102988269956
157.05943328420628 0.8028706890417237
68.71850175243424 187.21781427935238
226.61341485486167 191.53345031433452
210.50673791898302 134.1684756429554
210.23170207854662 236.64535691884979
48.82048105921233 155.44032619227855
174.729312213333 225.81486363812692
37.16365197600627 154.06299138476794
38.810618792313925 25.45953445891158
147.44145442991416 101.18479426868332
150.248480830465 28.06529839852137
249.6743774003977 141.46720851991378
34.645482519708004 151.2443781889385
16.9328980139741 234.3664729683544
58.55708797476466 75.10449113997214
194.33626164256484 209.4293187512685
136.59431196699313 101.26511810039732
3.43758359847679 162.4896266146675
4.426216303567376 147.42709588727118
72.98683291441269 245.29372139753164
213.35196348784248 201.58705783847353
191.66272864846675 47.811187084113335
43.9760340988179 190.50945677427947
139.20585329465925 17.299471476489913
165.77464000155322 90.03294424009597
92.59529126550211 107.57293768067768
29.606620989460957 213.4079128323758
123.66995140443454 190.23336616073345
104.80534046161 67.89089510828549
0.03926779251636758 137.5619928613407
35.602768030091134 110.35562581015019
247.40296471517044 166.4187405648436
202.23741797364332 112.2040250645046
133.64130508972406 159.58597470594535
81.90838508831972 86.5797788954514
70.55676160943422 87.15735501033794
14.786308520081587 26.447648992209277
109.90829406001049 229.29896392847184
79.0090861913815 166.3292259697
171.2271352139875 194.53397277389436
136.6717770943232 17.709125272605625
198.41929304940524 85.63057898253871
224.07726563944703 103.82277890477474
155.85988916799712 199.5056128313499
240.45572788966535 247.47762349000848
237.59769294309865 178.89867495515946
245.3309354564386 92.40123841227945

72.1
86.0
72.1
260.3
864.7
324.3
34.4
17.2
154.9
68.8
51.6
229.4
17.2
144.1
324.3
144.1
77.4
77.4
143.4
144.1
216.2
576.5
103.2
144.1
480.4
17.2
36.0
17.2
540.4
864.7
86.0
648.5
36.0
34.4
960.8
17.2
8.6
286.8
154.9
600.5
34.4
143.4
206.5
540.4
17.2
172.1
144.1
260.3
144.1
432.4
103.2
17.2
288.2
8.6
540.4
34.4
129.0
34.4
137.6
17.2
51.6
864.7
77.4
72.1
720.6
720.6
154.9
68.8
137.6
288.2
154.9
324.3
216.2
108.1
324.3
137.6
77.4
103.2
86.0
103.2
258.1
206.5
720.6
720.6
432.4
143.4
600.5
172.1
154.9
103.2
1080.9
648.5
172.1
144.1
216.2
154.9
68.8
17.2
34.4
258.1
36.0
324.3
540.4
154.9
51.6
258.1
36.0
480.4
103.2
216.2
154.9
103.2
288.2
216.2
260.3
576.5
8.6
600.5
34.4
51.6
576.5
144.1
960.8
432.4
25.8
960.8
143.4
137.6
51.6
72.1
216.2
34.4
72.1
114.7
34.4
34.4
1201
25.8
960.8
260.3
8.6
216.2
129.0
103.2
600.5
432.4
86.0
1201
324.3
864.7
51.6
1080.9
206.5
1201
144.1
36.0
206.5
25.8
154.9
34.4
144.1
172.1
137.6
206.5
137.6
108.1
51.6
36.0
216.2
216.2
51.6
576.5
103.2
17.2
51.6
288.2
720.6
103.2
172.1
864.7
960.8
216.2
258.1
216.2
36.0
260.3
216.2
144.1
34.4
216.2
1080.9
600.5
51.6
114.7
72.1
86.0
288.2
17.2
648.5
432.4
36.0
129.0
286.8
137.6
8.6
36.0
216.2
114.7
103.2
206.5
51.6
36.0
432.4
103.2
720.6
103.2
258.1
17.2
216.2
216.2
144.1
68.8
36.0
648.5
114.7
1080.9
103.2
114.7
480.4
648.5
1201
68.8
720.6
286.8
206.5
129.0
206.5
288.2
144.1
576.5
103.2
216.2
72.1
108.1
144.1
432.4
229.4
864.7
103.2
72.1
172.1
137.6
144.1
144.1
600.5
1080.9
288.2
288.2
480.4
288.2
144.1
68.8
229.4
288.2
864.7
216.2
17.2
229.4
103.2
77.4
576.5
86.0
103.2
286.8
480.4
480.4
34.4
480.4
206.5
432.4
72.1
86.0
540.4
960.8
720.6
258.1
143.4
72.1
576.5
51.6
103.2
1080.9
324.3
1201
72.1
68.8
17.2
720.6
8.6
864.7
172.1
229.4
114.7
8.6
324.3
288.2
154.9
864.7
34.4
144.1
86.0
68.8
51.6
129.0
1080.9
144.1
36.0
51.6
86.0
864.7
17.2
51.6
34.4
17.2
720.6
324.3
720.6
154.9
432.4
72.1
143.4
144.1
103.2
864.7
1080.9
103.2
144.1
432.4
154.9
51.6
144.1
286.8
68.8
51.6
648.5
216.2
1080.9
51.6
960.8
432.4
108.1
1201
216.2
288.2
17.2
103.2
108.1
8.6
260.3
288.2
154.9
286.8
288.2
68.8
51.6
17.2
216.2
432.4
34.4
288.2
143.4
286.8
540.4
720.6
648.5
51.6
540.4
144.1
17.2
129.0
36.0
143.4
172.1
34.4
216.2
143.4
17.2
432.4
103.2
480.4
17.2
258.1
137.6
103.2
324.3
432.4
68.8
288.2
864.7
324.3
216.2
260.3
432.4
960.8
960.8
51.6
154.9
432.4
25.8
36.0
1201
129.0
432.4
720.6
1080.9
114.7
68.8
17.2
286.8
154.9
600.5
25.8
144.1
144.1
864.7
34.4
216.2
108.1
720.6
68.8
51.6
17.2
17.2
34.4
36.0
216.2
260.3
216.2
17.2
216.2
286.8
1201
154.9
34.4
51.6
288.2
51.6
17.2
36.0
17.2
216.2
144.1
25.8
154.9
480.4
324.3
86.0
288.2
144.1
260.3
260.3
17.2
114.7
103.2
77.4
114.7
600.5
324.3
114.7
86.0
51.6
17.2
51.6
77.4
77.4
25.8
144.1
34.4
1201
324.3
36.0
1201
432.4
216.2
960.8
129.0
8.6
286.8
864.7
114.7
8.6
51.6
17.2
25.8
8.6
143.4
108.1
34.4
114.7
648.5
288.2
216.2
288.2
129.0
34.4
17.2
324.3
432.4
154.9
960.8
72.1
68.8
144.1
34.4
137.6
103.2
720.6
68.8
864.7
72.1
137.6
108.1
143.4
288.2
129.0
25.8
720.6
480.4
648.5
103.2
103.2
51.6
51.6
68.8
960.8
77.4
1080.9
51.6
86.0
648.5
108.1
68.8
216.2
432.4
17.2
108.1
286.8
34.4
648.5
72.1
144.1
108.1
229.4
216.2
34.4
600.5
540.4
17.2
108.1
288.2
144.1
17.2
68.8
114.7
480.4
260.3
600.5
68.8
1080.9
68.8
288.2
172.1
51.6
34.4
137.6
103.2
1080.9
229.4
286.8
108.1
68.8
1080.9
216.2
103.2
720.6
108.1
34.4
72.1
86.0
600.5
103.2
137.6
108.1
51.6
108.1
432.4
864.7
216.2
72.1
103.2
229.4
288.2
72.1
432.4
144.1
480.4
25.8
154.9
51.6
154.9
172.1
72.1
68.8
103.2
540.4
480.4
108.1
137.6
137.6
144.1
72.1
51.6
720.6
114.7
77.4
600.5
720.6
51.6
288.2
51.6
36.0
77.4
36.0
172.1
103.2
864.7
17.2
17.2
144.1
288.2
1201
137.6
108.1
34.4
144.1
103.2
103.2
129.0
129.0
288.2
51.6
216.2
34.4
143.4
432.4
137.6
216.2
288.2
72.1
960.8
72.1
51.6
86.0
648.5
25.8
576.5
114.7
288.2
286.8
17.2
172.1
258.1
216.2
68.8
144.1
17.2
36.0
36.0
51.6
600.5
864.7
154.9
960.8
34.4
216.2
72.1
34.4
34.4
103.2
17.2
154.9
432.4
229.4
103.2
432.4
17.2
17.2
137.6
288.2
36.0
137.6
576.5
17.2
576.5
229.4
154.9
258.1
480.4
432.4
288.2
68.8
114.7
576.5
286.8
17.2
480.4
144.1
864.7
8.6
17.2
17.2
720.6
34.4
600.5
206.5
229.4
600.5
432.4
260.3
216.2
36.0
137.6
144.1
137.6
1201
648.5
324.3
17.2
114.7
144.1
25.8
72.1
480.4
8.6
288.2
288.2
480.4
154.9
51.6
216.2
108.1
143.4
144.1
34.4
648.5
576.5
103.2
36.0
432.4
51.6
216.2
648.5
648.5
72.1
8.6
108.1
720.6
68.8
86.0
324.3
720.6
103.2
286.8
216.2
137.6
144.1
51.6
480.4
648.5
600.5
36.0
720.6
154.9
103.2
108.1
36.0
288.2
1201
432.4
77.4
17.2
480.4
154.9
68.8
144.1
324.3
77.4
288.2
432.4
172.1
51.6
960.8
540.4
324.3
540.4
648.5
86.0
216.2
17.2
154.9
480.4
229.4
103.2
1201
103.2
540.4
68.8
540.4
17.2
432.4
144.1
216.2
648.5
17.2
34.4
216.2
206.5
288.2
720.6
286.8
1201
288.2
540.4
68.8
288.2
648.5
1201
72.1
103.2
86.0
480.4
143.4
86.0
17.2
68.8
286.8
172.1
144.1
216.2
8.6
8.6
114.7
720.6
34.4
103.2
17.2
144.1
720.6
260.3
143.4
648.5
143.4
206.5
720.6
1080.9
72.1
77.4
86.0
480.4
260.3
51.6
288.2
600.5
144.1
86.0
258.1
229.4
68.8
229.4
103.2
324.3
960.8
229.4
480.4
260.3
960.8
960.8
172.1
258.1
1201
144.1
34.4
864.7
144.1
68.8
34.4
77.4
34.4
36.0
51.6
108.1
229.4
72.1
648.5
432.4
72.1
17.2
286.8
68.8
129.0
129.0
36.0
576.5
72.1
72.1
154.9
72.1
540.4
72.1
144.1
432.4
540.4
25.8
144.1
103.2
8.6
258.1
17.2
216.2
648.5
216.2
288.2
25.8
216.2
17.2
103.2
324.3
17.2
36.0
286.8
72.1
68.8
8.6
108.1
68.8
25.8
77.4
72.1
720.6
1080.9
36.0
34.4
864.7
432.4
260.3
288.2
144.1
72.1
68.8
1080.9
114.7
1080.9
1201
144.1
25.8
137.6
34.4
34.4
648.5
77.4
260.3
34.4
260.3
34.4
480.4
324.3
864.7
103.2
216.2
720.6
77.4
143.4
143.4
144.1
286.8
216.2
72.1
143.4
36.0
17.2
229.4
260.3
648.5
1201
216.2
480.4
432.4
960.8
206.5
77.4
229.4
1080.9
432.4
144.1
288.2
432.4
108.1
540.4
17.2
172.1
154.9
103.2
129.0
172.1
72.1
8.6
68.8
960.8
51.6
206.5
480.4
216.2
72.1
72.1

8.6 17.2 36.0 72.1
17.2 34.4 72.1 144.1
25.8 51.6 108.1 216.2
34.4 68.8 144.1 288.2
51.6 103.2 216.2 432.4
68.8 137.6 288.2 576.5
77.4 154.9 324.3 648.5
86.0 172.1 360.3 720.6
103.2 206.5 432.4 864.7
114.7 229.4 480.4 960.8
129.0 258.1 540.4 1080.9
143.4 286.8 600.5 1201.0

2 5 8 11
5 8 11 14
7 10 13 16
10 13 16 19
14 17 20 23
18 21 24 27
19 22 25 28
20 23 26 29
25 19 31 34
27 30 33 36
30 33 36 39
32 35 38 41

