1024 3.0 0.0 1000.0 3 160 240 100

166.57197122293323 224.90481642044395
249.41039909743336 198.62271775659696
242.375491857717 152.22708136775313
15.638583848125997 183.36939934700519
172.6673504291992 55.931321335453696
2.4401959826336195 204.6247975890035
14.351941110459176 177.7486363229081
114.530894941589 103.4289604795901
147.88829172149318 102.14466665755317
49.16401616682653 248.7138959417524
19.332600180156895 71.64758991128207
157.32766210377645 60.980601607332986
221.18405100368224 100.99202573848571
9.358519552434274 109.00230777359745
141.73274987005067 219.69538785316277
248.47559281811647 19.628479219096022
78.32875704672784 219.81551935435527
17.25368490948631 2.5329662620398317
136.6503071650911 230.39580503505414
91.43247753563588 34.22763628095993
88.4581709302875 95.9990667532844
246.97301084105624 55.5302751396132
12.555723856307626 5.424105647288291
235.87487903598466 160.09516910950444
128.96892823084957 102.1332146275607
121.42206302446834 176.06305089820586
119.19656349904267 199.48932494580808
121.50346807740162 240.59783629839671
64.61362472529339 3.0088765206132684
195.71272527500815 178.67115080831698
159.51630888439902 198.57753272807258
5.827772694159849 53.654679863804596
89.84472730282458 55.20986556078414
241.30588336336558 214.32130858786192
110.4083343348377 106.36649866081976
201.83523254755474 17.223248654032687
3.813395147928167 102.84731640446806
55.67865147526821 144.11725569655246
157.87696620610572 50.450806819798245
152.50429114085776 50.51192391035378
21.447302347506803 12.488787938647189
67.29031055374335 130.45177177768934
202.90059993593326 241.86561927319474
103.63049379379252 99.17908823145521
179.14124923377366 147.5977135827506
198.98149237896286 140.3242469303333
226.2295013508041 1.7990771149151152
39.135404114866155 203.06100650901044
232.69258474880678 57.02734791577854
76.16191320189769 44.08341190663692
53.0494547876994 239.65541789050388
146.28904637551463 176.8243051688968
16.234281539037166 157.89382195159513
26.985672698743997 206.8588386983533
113.36724503588286 193.31341561636063
13.625908307589057 189.76511224894006
19.500903654418117 27.924441872884675
171.69655040494914 207.99556685935804
214.13410917049939 186.7283607803243
109.25131130202728 11.31737159119922
166.32917233567557 115.68635773003119
41.0723659823338 159.63112073281832
241.4721345049818 27.023032973591764
83.6730708416029 176.71299154137873
195.34935272568865 243.51283549715984
126.65554815431204 72.07587159473375
240.66723151435932 81.36388024334293
70.46730926222469 174.55985715348
41.261364811717854 239.23456605643077
117.81784000516618 105.14357521236894
129.13204087823158 31.12201669751166
170.25017418725506 13.44566235653588
109.55603054766871 217.7265136891509
227.16136062489016 226.8283449869715
111.60885632535886 210.99990950995883
33.11300701978983 137.14420275661507
132.13901714909497 58.22597416178646
3.463671496069909 152.19489636282893
63.26300286498057 165.79569855907084
31.997600812685683 27.093406608725278
203.251532528679 211.44150412267436
113.56548280616352 230.48812158283863
228.1064934731708 207.86271279844
79.8609671108746 87.8031160818806
4.6524579941485955 105.71478979897053
232.08703334571607 78.79994280296138
4.576028543047367 144.40427024459197
18.072181446036563 214.18276411566782
92.84973941316655 125.93139011558335
183.04274958374367 18.473653862753515
89.21863500399319 90.98472195688112
72.38725650454717 214.21820319627147
190.00370444361715 79.2169144631561
175.81025061549755 7.521068407289777
81.53250299402393 237.16625112260468
69.7467182333136 34.10339163918816
192.10411574642342 171.52150855704363
10.112352015537146 39.57730711019139
230.26537935163836 134.94330373741505
190.81561867024752 124.84918909042294
165.0176612159876 137.2076506355211
41.519955220468695 175.45898208328376
109.09791989127734 105.93956068932958
184.80042452795635 73.28053263308567
130.26147491456354 44.9990409687347
205.4292641377021 15.751103799127725
139.0326891743061 104.5765051000515
33.81764075802421 17.900746761696258
118.25809418693726 142.0327731962025
174.79696862229935 215.51211097896675
37.16784131929518 155.27739985247462
48.53755110087526 145.9786710850843
6.400647779159218 152.95031880708999
220.5414853886479 87.66558194164867
158.6761158648362 5.290618806338077
172.9778671200431 91.82744940942297
58.80505881567302 215.45087767287407
135.21038233517888 22.662938993897264
89.08534534016313 142.74633104983064
213.11646834478884 188.84663824736973
94.46784425632454 26.060481820634056
115.20405764670343 90.806520052603
227.39183541382778 203.23790374100855
75.07850919354405 152.7640309672616
149.446591761487 156.62460955270592
213.64982524406966 124.7718261190352
176.5071181302745 52.0792728592473
135.88694733184613 146.9888410643104
17.280477759360203 230.2360409092154
247.37973205362957 201.49869376203102
127.9099077813125 98.87520643093103
30.353801362933 80.8181380962065
244.62160566502436 30.128098054030744
147.56913211422128 20.3062613708615
59.435363334724904 11.93470577821451
226.18408457182653 58.34743872856404
119.53194205432257 123.875063843971
80.40184236665048 58.514550622859126
41.50462954536754 42.0732474515875
28.4779576152763 29.713363770452915
75.01370391919765 198.02992455115228
196.49862327573484 93.98747901998244
173.0434962755954 38.792993764262675
232.79527741777395 70.22625244257979
54.49955663356329 63.91594871256381
233.54088677447217 180.4271468110169
170.4378908772227 129.46430046889913
187.16976664806094 134.40113399715617
194.12488238874536 144.509836908724
237.6640010226018 45.93890760532557
204.59300354019334 189.35293475232461
115.05882472460414 222.92001660485394
107.86856307084142 156.8067450009215
164.71717988274207 200.45389019216046
119.20460419272585 109.94890961510528
68.99363874996858 12.007177405847697
188.19085091896824 78.92715297270533
68.70931165834807 120.85148090759674
54.25416501569738 39.368229899334835
55.41526815059134 66.31120435245461
18.13496725336114 246.45623166182767
160.9447354781025 25.769797352008737
180.4209205927157 18.83051545318551
177.06674258972134 129.5576672984392
126.53981207181373 226.46528893522952
8.44058227331071 74.77780195723865
232.35595275204236 135.21270883897674
128.1325368133419 212.04768362248302
227.76429290405522 69.83361501360038
99.28886067694043 73.23306541170726
88.72543140048228 242.21566847741917
163.99000399889113 210.3478809133878
140.11667929670568 39.27723009454176
231.7165975200606 13.713208017520879
209.29480168180007 143.63111213108962
227.64770386720332 226.848738820866
62.63973586093591 195.41273777674388
69.88767891582862 126.31420513176528
39.894561212336896 228.95955878715847
246.00567386103927 129.53169303656898
134.52561714431113 119.1373457850618
202.53625395904822 245.9964990380752
161.2145932123983 24.49339854237112
14.980167469652445 23.941778201929388
82.27348381536365 113.42111484797296
74.38494783052907 157.88234683730624
94.74868576839535 231.4902968063546
76.44447040239783 30.297832292836308
158.2050332374796 237.97556211135083
99.5539450985232 222.09354110287913
100.79988589089287 187.18038945932776
60.35787387314057 96.52406002182113
192.00849771278664 192.53510815619953
71.65923127876691 178.58471487425308
135.0224181824012 217.48071866119503
15.370813556052854 12.11379857096892
213.1045290759862 0.3380818907853522
19.375820480351248 202.5633040127032
64.65803141872772 247.73664945646541
126.97888274609409 195.33112543933058
229.17726645787386 61.095273476160564
75.89270165674131 135.79565760556028
9.989070660700982 246.97917290840059
126.57345662621813 205.84555187551297
207.75185593595535 6.911572157019874
20.673426449857118 35.48174041749305
140.11053926190343 10.293761648872469
165.09346258262337 80.49818276559215
40.61044116804913 23.239273414837918
27.61317709444483 208.1540740811754
5.020420214103788 111.56966948709653
103.25952011975123 162.0409131140591
42.20926919117626 89.13235544311401
83.79901231699927 22.672348505370838
71.5308862790472 60.78627291272465
153.786951688333 167.69408111717942
170.72035173068988 189.3182884256112
172.55610951013512 158.7754316056422
219.5139251069838 218.61688831375957
87.58994427852073 4.606399873790079
162.75154985789098 155.54149481691695
216.07487909873163 155.19604904058448
118.43621796918875 53.48656517741085
46.40623379093994 40.26382138485845
190.78501146315477 16.853626431475448
162.75097734525045 215.63632011474803
162.68598313139492 170.51184835082722
178.87133457778387 14.778698762607151
178.23362313853661 141.76486634770694
1.1914586319428655 114.3014599515682
59.731352753843666 161.78285267810435
184.37363168010333 184.5655029781019
151.286569740903 149.11802857430627
240.37669997401719 226.36779725438575
233.5472756840579 95.21019609418116
227.11014203097886 124.84443895099278
21.5663531079299 124.43924420526677
83.32773653499578 249.3519050872554
126.03469310219084 193.72047854088933
52.9410583055605 51.9609238837524
110.93748503424492 243.70312518889702
18.470237630313633 40.994743838588725
111.71587292600948 82.64448829162363
107.81421620438527 44.188793312379296
8.247204347377412 241.71038925201754
32.78003055882972 9.410207207460969
216.18427603469104 74.30891906386717
72.25493188294568 214.7081863278574
117.94095253047546 59.30033627053921
165.07393826643272 208.79305011719015
66.34428634456808 0.8257192218036613
158.93358765554552 173.75901055819813
46.60636643476684 223.4028128054095
11.777854128427606 110.95497702650265
221.2258638548406 44.93905644533047
239.19573522153834 114.37763164931228
53.40596896774283 159.25707454970973
54.27963217913556 58.00364808926567
62.77162745418791 197.11799114074856
18.93187048836423 31.599321515240476
16.897967845458105 114.26152285433253
77.00702744000287 173.94118641408264
123.72916208702856 53.324000355642056
82.791482432188 75.76148022687487
37.396360598263676 185.8257441874933
55.84296791700302 8.805918977661726
121.34264383266833 70.97819487924204
220.2811628773052 226.986858343837
130.64310316270908 204.52133851271978
108.51035235290324 241.66305467010372
75.77906552199187 162.4863422705225
164.07830126346548 44.10081455454842
87.2880675880599 207.78755809059797
77.17936806594902 193.84609733975068
50.620112508451136 216.74468080517252
175.71408474651327 22.641930005281306
133.9180012848893 201.76744905686422
66.3720789757393 105.95909886598679
155.1937547415965 162.6786462781074
212.32650531389876 220.80456470720534
189.39304404888873 235.35460818562504
37.18546970418715 62.863956037996324
241.83487298387678 17.15947831934897
58.778624666326216 75.65903050968976
99.73013206687139 190.3541872305474
92.44692477848038 229.75579516315244
189.3113425821095 52.76172270837054
158.95544330053764 137.0969795391101
228.79499578371602 238.5835156156973
88.33491672803645 144.98527254709344
50.606030715696384 249.4879908329548
80.87714201406459 101.57354931595755
33.43562875151107 239.79499460112558
36.45760949530722 193.81700367679204
106.14616345926989 221.28753838118132
120.16358252976012 83.75339988745722
100.52540843539349 152.43838783043998
246.61737455337132 143.23808155686905
150.7484737612718 177.55297161397436
133.41009898932788 146.89715422685447
192.51468342296616 148.40419407778188
90.92022437386069 222.0752119713329
149.1139489338657 201.50698705626044
194.09440990388833 155.2618907840884
111.16672295933283 29.080986879264
168.48312202989857 64.5104303585427
139.93360692751858 224.6189202184241
170.32089311724997 190.38977732395708
216.25927130592436 139.6449492699653
103.39033400756648 242.60118734151544
135.1937666608107 26.771769638956528
103.5486118143335 195.96399466117936
196.40516842444893 219.3312646454235
246.82364901624814 11.571844005083932
168.86186891811278 147.4211641508128
115.21412149626323 31.537636897332188
249.0258443641329 145.630178886387
119.00494421985245 192.36053630386354
145.4002111172609 220.49161548518146
112.3557277936286 72.16989571827098
63.40804224240587 188.22671400404585
135.3809963810028 135.89042987079156
211.8429673831818 180.5143104313073
43.39510457664256 214.96516222497482
65.52569520515708 242.97465233822797
41.510416175523865 163.3805446208082
9.129139970151023 28.23206462213229
41.69725620231882 107.24287507795715
38.85734005586744 146.73932608372894
66.9873472182666 28.204677762860815
165.1932759281877 142.27863417126662
106.67995132250391 210.88270012207198
50.12939351136225 140.58395160142075
142.92085879910383 77.06598739224424
190.22327537972998 68.43798095583634
178.9909772727315 23.943654410603504
52.24120805060875 165.69924929665805
194.11276692707037 192.3862071848083
242.91037222586914 226.46080209741552
197.36221294915958 171.9926985466179
113.4359246970072 84.13461306524333
56.23256126185469 107.71997965184987
134.09304615677704 112.254662147375
227.16649818036015 45.06845504354304
228.0280447269407 102.20723223710625
15.738374017026741 144.251577629931
118.50568955027555 133.24958842642695
146.19643175422345 154.41855664826178
76.24949033394982 191.74489459178255
80.27055135512728 40.495807093910706
173.45245791880467 135.3024551369549
102.87265113676337 96.75464318769633
91.40197983991023 36.57984051177393
121.93063199839416 141.3644602575029
134.00219935616718 138.4681519651547
11.114397729530767 241.60644835691414
133.89672755884956 45.94690059564249
68.88313675430385 139.90488744683933
196.75265636598044 67.62099678827377
192.3345450871748 89.05265256436972
132.11103204084475 164.68040990287733
89.94576333047976 166.1585707783298
149.6926502222841 176.016904235871
70.00715428813797 151.52943117714335
23.443117960011 199.12887697706645
181.34138795059118 239.03585484796662
102.82069108561414 163.10426317249133
199.0320789897984 62.15016956325933
135.85322774030197 232.64210691548706
93.10248713080522 82.9831247297097
58.14524571239957 38.61733623042923
118.0293378859606 34.97257933549921
130.07083038271463 248.20486221930375
195.20765643789287 221.22065487202374
134.86189455526252 141.02331909847177
53.7023715065944 73.44480956956434
162.58411262511547 118.06360937331131
63.044476362652865 171.573821477089
100.13356311447701 219.21990112621106
23.81776697860738 83.95919543616598
94.47013813044255 105.99554097317446
175.32706343036088 125.3742100110238
158.1849228484091 232.95242873501758
249.65707751322643 73.93395586756765
102.0835335135134 112.03231839306433
210.7213899637346 188.26860563190817
139.40287577461245 139.18917425424075
17.038855313190105 22.16055541735806
6.342679162329584 177.02983778068455
52.206602009917695 24.028724583013833
45.164879370463986 142.46273522544683
155.21668145595564 90.80667733916681
188.43627451129086 191.5544548357094
3.4792758042007654 184.8216251387722
141.3677758165943 24.271860218995744
149.59078749165138 239.07186459411457
70.22535884165967 159.60829026746256
148.34421475614272 146.6187747484958
119.21447929174772 131.20607492610912
106.01374072340175 11.286470818527878
179.21068268049206 69.91476426234749
86.42379942425494 187.07171910787383
173.05978719372865 92.85165675241602
185.78071166953478 41.025837607384815
42.67858264715652 82.74126710718343
224.21158770465232 28.089155509953834
242.96256644644416 158.49190503547828
139.88333195793925 135.70465655190478
79.70072185480929 207.9236346908361
148.5621149521377 202.2901252821617
249.38318858278788 144.36150014376696
171.54728891323415 157.3936901998587
236.70202090758409 156.77759355283843
83.16531382665273 213.75913655608068
29.204931611377717 5.29873554014948
155.5285585200804 77.04287845516544
9.47520819080186 119.7835299905761
182.40412095241766 200.2451304231799
226.65835672066626 88.88717845406707
142.11323142612898 91.99672868919778
140.6805574564198 210.8518718112411
73.48199869933732 61.801183305121185
160.01197355283293 212.12652645420096
158.2959927375406 134.31958880723124
20.079488830836766 140.5706674168765
56.74169352612882 63.83667891315176
61.89627174904741 196.05181637761385
79.61464766113369 83.31307366075194
204.22959863159988 17.738707631179988
92.77670185929985 185.68081122880034
244.3226430728374 123.7137930281573
96.55073088034393 95.98357938550394
151.75892410888375 49.429023006630935
30.4260439009468 217.4786139271868
48.49144735247618 20.163026160819385
228.538870959449 199.3979323724396
71.03731717342906 112.97723920922894
172.5484612888644 6.0618177207121535
101.00460196401265 69.62422714801761
222.94662736654027 15.961718509143546
33.045088436660706 62.450110137624776
168.14260145318485 65.54333856995298
41.80973594836787 74.66850938568147
48.39428931375728 144.70966850439277
89.7531327756067 237.23489746901535
163.74982021957615 34.64673155069018
102.49730605569337 37.814940998100646
122.80974118897828 121.44290861514467
102.6508154285256 3.7148963354586284
180.45890880693779 166.06424089518754
225.79292900147493 230.3408264640298
95.96294814870606 140.13934897825294
128.5715368226884 95.12282222351634
231.53733313961382 47.514658564343115
152.10637986817935 192.9785420410782
56.95072924180794 103.77390136857213
25.778235997646643 169.38635247222734
74.6113986381664 19.2727439911618
6.030803099141085 51.537203036440495
2.3499717822128288 130.72496392347264
10.094315510835534 120.50824436791288
106.37234335573147 244.43689750687255
106.53676880741058 147.558635537133
71.53602533297828 150.24655196100747
242.17305545768872 63.872617978444154
169.28545613889548 160.17586714440728
143.12982914179526 66.5372510500391
97.91874298752006 118.12259193355901
89.45694439917682 51.024895366225344
242.05592363804652 93.32601726600959
99.86740963257687 217.0812545215111
130.1150474043408 13.076361131840686
114.6728651929502 205.17093097929754
154.63650135751462 196.8679182320307
165.19219804194273 125.47153762465233
235.1323576074465 172.85249527788682
161.99709902765352 159.34369017886843
183.58476907655694 68.72699533749255
93.66684184952481 76.7254473067294
113.94460392479738 76.89363795164697
182.87603625974307 89.421519825854
53.819363013348664 75.33546744891697
31.029921574133006 106.12818834971365
137.24395697238108 174.92068302996012
14.096029509237134 220.94095229214503
54.85227739962298 240.52693652388524
54.266723581720186 238.7526835959526
175.52360284268093 25.646337804402535
98.33663792792858 60.98343792511965
176.4452744125907 40.13498070460511
109.6244120270537 218.34927907592342
89.17580986314763 82.20200708254696
220.25844112380463 159.52948347697108
22.42924556532644 218.19681292002105
206.8980221651779 61.19858592281399
105.43026619005302 197.9208141564867
151.77832422424086 207.90397593106033
167.52415363502695 98.0878242653443
89.72366866323281 224.17413776883552
170.11567292464608 109.32051894396272
47.113482397071024 150.32285268692385
117.49532479347388 218.2497695455936
204.58781670870655 23.75859859344573
220.4567538362973 209.3501869703565
17.904922346559577 95.72105489984301
48.422654451681254 154.43522345866063
126.51938871252061 172.31854044939325
205.60963962396906 27.03963177667476
169.33733632655097 43.099273897512305
149.48778603850664 109.7995027011421
6.719861516005343 112.52783369747429
61.50597399704883 98.82326589656962
46.288353902300685 220.9304938153434
13.125164172467258 181.68198809820026
214.51106330307883 31.145207548499226
17.761946596068945 210.49516090638656
167.8668111123106 182.17844508797057
235.59496038488984 14.231950363143648
224.24941186191086 97.00791227325159
86.61892418034778 18.59672149602487
122.0075891698465 90.62284001269916
194.05718411925915 222.71330498200447
111.0951220814221 110.07701513121016
31.96782351295946 102.22185300040665
5.51544454433156 10.814351346754902
184.67721565613746 217.92467393616528
156.6042882851961 19.902016496357867
148.01600673091556 174.44976731943578
66.61463263610682 226.7638165956075
244.92691457778045 125.79659008749589
92.62755728355934 215.7939281941135
218.70950435472585 18.4169322579045
124.44057031979571 50.192358677836836
163.6315742646946 69.18459210230102
17.123614099556928 199.16360550659795
85.97947621806892 154.99985591239846
34.70130936614396 154.65193963697828
50.01298060301029 35.43251276276899
81.45274466931582 239.41292715708403
44.754750352563214 249.8745821403626
240.79238899582325 177.38609985688112
124.63745626628905 60.09007334902028
249.46083127648262 174.6968275617573
1.8831867448409478 194.72409021564857
60.06995111193583 51.155095534848954
203.81193332513342 242.74325924336662
164.88031133659948 26.819156924131228
81.93396666660207 244.7453019551827
210.4883412664566 2.7518304888872747
237.1447172455868 1.726910672477544
68.31064457231561 233.66710672919976
29.52424741898013 114.4202863586889
37.20737629725029 14.971779335788055
42.41558864369291 243.1185716159369
38.35577512103 173.59333601532515
19.594976618621864 120.49720678253892
2.626243632410846 90.09932080370109
202.14908022493927 245.39744375216193
78.51211101745339 61.65677390434968
105.10849415483226 123.8365414913311
41.98844341205285 56.094179640703764
193.68894609638664 72.40017867970985
204.39470841526122 211.93794566513944
155.44033703933738 42.819437438556484
172.67859569402071 130.80458711148853
144.67594153909488 154.51598729483405
25.58884270329037 160.97123739066964
16.102735013337643 206.73558506980154
40.30298161996848 197.13880521768334
175.48688875459862 221.3512905148995
190.04919830222786 195.1754580609546
4.134743337317115 245.0361268331725
51.54030688805042 190.49476593632093
35.36730297160212 188.38493390904603
24.73416789019828 71.24313673444341
219.88260660105263 246.07358576942573
187.60391381020534 0.18991584186697774
120.91619370192238 184.70039895976115
89.73089881746813 136.85055350019837
102.83623311076465 30.46784069780856
170.80624446776883 156.45744473760234
21.128189370853757 53.626541434859845
189.07305294552708 55.04918645288037
96.3948461664239 180.58399673838625
150.8336393070927 199.17364259634846
155.43338800391595 181.78611296979716
172.8952759505183 184.86785219729862
238.9994880324452 112.8861545870736
213.16041242861382 4.495660314540934
185.488099101836 18.391611787364702
12.371740602885485 79.30845337279302
89.51831053058731 124.39959722199056
130.5876678422433 30.0679901164482
4.281661394921893 45.06801908698141
221.066853648989 197.6159588390112
121.1112391158318 160.97284528367948
150.31206694083227 143.00953809500336
166.35413127365365 48.29655418027229
110.87777452713554 71.15504634984087
146.8398956661707 194.77032230269305
69.78925630224361 21.118340675969737
214.10748958329017 134.99436674201775
130.1041845266879 160.5065672017012
184.00552923937911 54.509272106529785
247.4946459276544 165.72039349799226
21.634520251607114 159.77639147388797
183.53685917356978 211.468262251286
185.55055599608895 11.086382274863416
154.98571892135143 106.60093719811289
197.4776590661479 248.5810625305286
64.43523333683778 209.80204847433657
94.45140220434669 112.81644818523034
121.33914471064999 110.75959243171515
201.5032171692459 202.95303998965994
193.15314816309268 102.01134925116021
75.54203375723739 28.20636140010008
51.131729952052865 195.22288945418794
175.2598180953266 198.03397043187678
204.2479958838476 26.131664736022298
70.13206050358708 76.41886135128534
78.08024700416297 95.86861537808986
231.47073015811975 109.65092761679438
229.7750770014675 228.92854088276476
7.602310969904547 189.94580611039416
132.6625638567624 221.67478766050584
141.87106877597458 148.0850658355911
123.81084117483582 189.8684098878394
196.19690977656182 53.04703355724757
55.17985780956042 129.80942017361934
99.75545421713333 111.8244507575964
140.80523743415418 225.2794626773208
132.11211523694286 90.13416464378551
237.21102763082635 138.96720209979406
124.76390578619126 151.2622495096341
129.9538391504061 92.03142118392455
193.86889652563738 118.1608264370489
59.95690506836379 181.43324294052343
155.16577388958777 184.2831524125128
84.54300741659601 120.00705566817041
225.07260268810188 139.31832144593892
182.05653503271958 128.6549837780777
14.885466441002498 192.71096589429237
131.0430989700008 204.8251126494433
202.96645959875832 31.649117414176644
125.37982138213047 188.37525548664195
184.9386441973013 128.8198390598749
55.10977501955061 119.8799826656419
192.27794120665502 46.50979814775047
141.82226599817952 87.61997218921222
12.357188689375075 7.390922035589526
120.22655987950043 88.48529288822718
83.61927599185654 2.462362244855798
148.41170371646587 84.66929380601206
92.19086018815028 129.47480937096634
195.40817159827205 205.2394813522087
185.75026117204365 227.2485476010664
222.98667743531576 232.9191277178834
91.8938400266742 88.60141286102218
71.9929424726514 192.70397691122594
190.81568141251753 113.61812288685886
113.49667361936113 137.37103905195224
247.2592551923345 14.6859866227739
10.097164950613468 82.73759120264721
239.4639162770254 177.81600356370555
213.24361868557037 95.28726428730289
165.3138054412199 127.73545481332535
107.04925860687109 87.21714650192509
175.23129506447054 141.69364948352492
74.74756558347711 92.41734297266
38.72915132870988 223.46056315490782
148.45930888656252 192.02153454792662
246.11084493487732 165.88846177989765
225.8604092755482 4.807061731206236
249.47909639086436 111.6539593066134
176.52428697009077 173.47616115829172
133.93665207955857 205.6433202193277
86.39388535209605 231.90457343123134
160.73729082052807 69.77607802498918
110.62881592894108 165.02664763551834
216.6638120634752 60.24435352026683
37.28941170458544 41.604071837152674
217.74744825628366 80.03609381178059
190.62971501683214 57.85720450204445
19.29543347563073 186.31611420570775
215.98059500237937 229.66409706200668
168.57349376697033 217.442638423234
153.99777764570197 200.35399025472762
75.93464849700354 144.0691995908694
206.62040872667282 62.65986529510728
56.171969265352004 119.68968151062114
85.2954036709144 166.00633576245895
140.7116687068532 217.03563329873413
155.00874477106103 196.17278854539757
2.7851007578496842 170.22823438622717
141.32572216682667 240.88941893114225
54.4687732249147 37.27471587258807
144.97060816000055 27.934402330351215
55.71339019769686 155.12700115208798
153.12691843842885 83.75506521805943
106.28638914834832 5.752266469139594
229.0122204914151 102.00825204538421
120.22094778074077 54.51038945588721
92.45174820239824 141.88475156859806
187.55544340803303 3.8457799834327178
148.19997620807283 132.532307527041
160.79913796836823 2.4098931868405673
202.78633509943427 166.71226077914014
6.950668666317384 29.991738845217107
136.42256664446387 90.88817084509343
129.188042341379 235.51095254793736
162.21356181228342 164.4385503897836
198.17468138218973 230.0178101225193
239.70407339485413 176.85678187909826
212.25646632511763 108.6270628239818
7.084945360034345 183.25038454606596
187.07617902490364 154.05749409939298
52.68865887536536 229.55256072776945
69.46609526057934 11.137369682615278
233.9968540076055 238.78959880952198
122.05714385657099 44.88873646579813
185.06948477063924 71.6574351970658
72.14435792319293 147.25368923349933
209.6257148440057 98.49700689602963
99.97217235817254 111.4713393614346
232.38176329870075 109.25254309354618
233.02977248192659 55.34674818785043
219.7673265452366 215.86793213605108
85.67596799445043 136.36696479262972
214.75447236458982 213.05712320086508
5.48945374208068 151.44469645538211
241.7269479079366 78.22469946494553
243.4488514307516 229.05430328886948
57.20805935263734 12.4596886026134
178.152302791474 55.37571778614789
208.81217945647904 19.534256748429733
33.13845806187704 59.83952688570657
68.45461882454238 19.529938014198862
150.9322747165852 169.65590517758116
189.95084222432342 180.2658437739904
61.82287647333537 47.720112392736354
81.04701849674456 26.62487502251587
60.045534562785555 31.183438124585656
165.38365030152494 194.44726717379712
86.93160719608564 101.09854137515903
190.41838264406044 148.07154357790455
12.842338351010508 168.36797523266313
233.02639418127217 223.97841972255156
185.75707760147233 37.93078949769729
128.0735046539866 84.10862682306472
163.39874414078773 124.38390068069072
85.4802709428427 242.76328397965455
133.9575842406064 104.57597575706195
32.01332077997007 44.630661980446405
163.48334615601993 234.98659640739416
224.4684913383592 100.02701939159044
99.0676409729801 108.99915974871624
108.75754226985573 125.96373392359465
99.44390002121345 158.02466859010562
136.66791319520624 148.485696966591
26.35834267945203 32.280635032350766
32.59439613569323 235.05622542345256
57.660997054562344 188.9684866505539
98.37430948298554 118.88777870559683
198.7142501085698 183.9685820245973
186.35628755959763 50.87476426742335
237.93898461921947 200.2248906242132
124.0958143363173 85.20763952803354
242.0009108286214 116.27481434083947
96.48244902108524 28.676692238536276
204.32605959877023 227.3832349827783
48.68486791652727 190.32351451915034
36.690533256984374 46.75368745292066
218.8011630523847 223.6891859670097
186.29176216988478 184.23288132284432
210.64478104439863 188.91614158943835
4.276443753810949 160.0451882887395
200.30032358483692 5.934292304347
128.08639630908954 16.88167524455619
222.68961728271427 64.12453578149751
46.98469372989894 203.6587334749802
244.9968510315107 247.46906603908735
227.3489709087866 153.56731416555743
45.73123746058042 234.7089073748658
132.52909832406323 20.963681322117512
8.622626515776165 84.44944525248413
87.00236572964612 246.60693821990031
57.57338739466164 145.06919921532022
166.8694125920601 127.18630620938032
52.602528546401906 156.24255282542074
164.13424495108129 10.627005326040829
139.869550425875 3.207137882230704
246.06664750324086 163.86154826336664
16.910264630441457 44.26789986706678
188.9257565965837 103.24383364281816
42.789564907539656 183.4541600925153
49.67828421886977 25.931195530694062
147.63556727065006 64.61065325913256
219.12371790828723 221.47173031957269
113.8979361463924 152.582900237813
50.15358568046896 223.73547320056878
48.01593066246265 86.11389995686375
37.226092644624785 76.34227808919952
152.48245311429545 178.16528438823437
78.87735514120678 53.12779629512013
155.2523024843837 104.87355200685425
70.54082176949494 24.413343542809997
158.14550835192622 72.90746465416225
6.98754367481505 155.9537302179185
31.686866745276905 237.96645493481
61.74767133509948 243.51453638981985
194.61897647292548 59.33159268771757
127.84760059611047 42.96646429351739
41.176008263705654 117.75439296064697
46.99027920005208 70.414002866592
99.09992197881317 73.29475474711886
203.90168427584337 43.082253764332975
144.64876522085248 26.743210716191847
209.38024671297438 29.430620761673353
47.8339447779903 120.0275940437823
59.00034158385403 171.12032989694157
6.0689439285350755 248.49591987197525
196.8927367239915 54.350527455869965
117.54944645652182 171.11446053929077
187.9649968166508 23.517247953463606
161.2812681672244 52.84016795112612
113.89864768852001 55.16472330321681
20.36129788882465 68.51428696744452
179.9134557829982 63.88850131728094
101.98061839852826 222.34788357988486
112.88269079089167 211.550670460913
53.02847285179102 91.65503797429534
169.90683730230134 19.99711597659501
243.35555218521722 202.94226275197406
201.24737250755638 26.830838200473966
15.938565405625576 139.8011630309337
181.75414216242618 17.127603287745817
96.48127713846335 2.8080336168269104
155.15533722225078 53.84545036497562
54.667037878886575 85.76292354049048
129.21427638487074 113.21093234137106
175.94623012628463 19.66788591105012
77.73463208329498 181.97735491448472
217.17735946726341 195.66138755053296
216.35236408310308 2.6639250557219665
221.0025754602521 79.57929754140878
156.98354870924237 166.12939686049273
115.57442616616851 191.68970532530784
97.47050146047961 109.92333105614865
63.90602155067274 62.158466231456295
98.90155813444181 45.93931537346788
125.64253793001748 84.55908904670653
166.31011095306084 235.94246804705227
128.26442145123036 11.157668192077974
195.8074804156683 70.71996044763046
213.7821627260218 1.0989557550590834
163.9137120640755 141.86568614754555
168.19414485132063 185.10460407209254
107.39570534796539 149.22327558700712
137.3105649882967 43.03172500477429
200.0220828705595 168.26725235477838
116.03531699236646 180.03996326630758
32.20587157975208 76.60772337810695
96.34957490362531 197.8783732433292
139.48986000512437 193.99252857172704
5.846011070373053 89.14413468847765
229.50821938740543 148.76243336987739
168.1205987363403 164.80864953753255
186.9725432710782 98.97264653812454
155.93174153551018 124.73633686521629
98.3508524962117 37.92098501527716
54.91927315954204 225.85731537244737
110.53988583893987 73.64980055223269
0.3225099745526594 163.77257360235498
84.35567059950819 187.66816448889304
125.20253021711477 179.33519132099374
5.824794483116625 84.26286709944216
38.50188077855424 143.97731864447303
204.21017267292495 132.60762011958158
206.79546648240097 199.74117709972668
106.68396953911285 249.06410189332286
154.8870155341938 49.35773365477633
132.4991768421224 162.08729217576058
178.4175682928497 63.656287285234896
42.56407974587878 159.36144498732884
132.10967499999256 81.8769998408494
56.35977260302546 159.78849398157053
13.95958580617057 160.73362007376159
246.74687079012236 187.11982529066867
81.49193952023198 184.18845270865882
246.7859304246016 155.46554546196666
84.27065285108887 170.38225706137712
26.871299460348773 195.57388298597417
187.29573183410233 23.44764337749031
0.879378948890952 196.6816714007294
22.319260694642573 156.66805653692947
97.71765732560911 130.16135765831982
192.55975898975896 104.07012945466157
87.28369854652851 123.48350764333318
130.7045212753299 102.2626703298953
87.97409719590271 131.9838147012461
68.83634455278914 186.92490720707377
234.64324942562126 194.57608582074437
215.3818641082184 24.170086244400977
227.59732627174932 85.17919685210335
82.78375828570103 65.81873602008875
195.57541674112903 93.79820320585178
1.3672154662354996 6.0412500052292595
0.1532146566335657 203.6553447177424
64.67055082194386 136.55593023801475
97.15521630123034 178.76903919917694
34.5447201854224 192.85813453627796
187.0821435692547 141.5767608417999
5.650520857069158 137.94967365182634
6.110968152157225 168.68470819627126
192.8841306819967 227.82658314867956
13.127139883420735 248.0058519203621
219.24025058639694 96.90357243090675
90.90448473210105 138.26700532837341
95.972359538597 162.11911121952338
124.35479887937018 151.8779754633462
83.68244980992459 215.4720770258088
73.313377676788 12.685246598739235
148.44466325664436 210.09919955191017
166.88887649771485 185.8916189218831
51.65137351466825 16.33796692208003
151.5368605700747 193.22960521424628
192.7568541204717 172.3291321966185
232.88562729918962 191.61301210468457
12.835536842679657 141.987071446105
102.4981542416282 23.34965929965288
43.186108178812745 191.84631412423315
205.5099196368078 153.68244869060555
229.77400532074438 36.68446870526817
165.09782321709662 134.60415116753953
205.93810587752657 120.31589962006845
191.0330613746867 115.94316415133507
62.37812912395313 112.17261880282575
153.43406073821026 24.828310780885378
248.8349425850022 18.150476022934015
108.65607044208214 60.68635613409001
242.31476523221113 66.93064153415173
76.494291211688 120.09669665020652
59.992856551305486 195.1700683813933
202.8743792796147 132.7825708364638
204.3457528137142 136.62201941011023
89.8968189381757 84.15604324216785
112.00052873360353 154.10596409668037
190.60137642340837 24.503946377370244
65.65143175556513 111.3427790639967
177.85856360279723 130.8280907644969
177.30970875103446 198.44261366025583
161.7819046043013 201.19708337552925
127.83701715042936 44.27496395067448
140.49862673221045 228.83124391992015
42.278211613459874 30.355474235909703
152.54155468587948 4.373598625445341
96.23949881917235 58.21062777684555
57.131083407321206 60.32836946040879
136.80466072514548 58.30997182543449
130.37567121641717 167.89550111209928
131.3196502797149 225.75337974664873
96.66061780314305 216.70182881678096
10.482799155619894 163.29065600331865
249.47767427395587 238.62014229679957
121.64055348499345 132.20746431223833
42.27733744270245 115.59676921076655
120.269671603957 222.39143338323075
127.54685235751079 9.7651892593284
39.46167628543443 119.88491106952215
132.57135457704234 134.41469208683299
166.87211088556575 145.64353256204006
239.85250042033093 174.70859586477437
227.549102005454 153.119455314763
80.3664612335393 92.20188739803866
240.96758746757854 246.33066548386887
81.04923625198401 105.6537931870107
3.434987495648356 8.241025728885132
199.451711615824 14.084953924071247
73.8103749251833 71.97316997147016
240.80354380739573 79.4652674422246
219.04893564475017 216.00237798388636
104.12226929674908 228.82330207898661
164.2205015143132 3.6755692581598165
223.00892566075322 227.70468795242235
58.74480197023005 57.89476621230205
86.85977395946922 236.53232204075866
34.47653540842702 160.34643987455746
108.96647928005962 244.3210278190941
174.99141966784106 106.54710235917072
84.12068016641818 32.366328415202425
96.35713987210123 186.8420939873295
236.163525730616 136.10882159559097
97.9214921387754 234.7885226583804
42.108122880979124 199.77997521343593
108.64839503221637 213.59684984968357
85.06715226085751 245.46844431674674
205.5548444830702 187.22443734524066
184.9095200911086 26.01789897151946
73.4779047983988 78.72869388547082
225.3941438815131 151.8723788932582
92.55255730385134 113.073230350042
134.52394072788144 211.24040982730762
175.9094385640538 232.00013948476618
159.4863235218062 233.69549032944866
52.62631471100651 23.052450853659394
39.043615692562874 92.67410386125464
66.35973641511431 30.345890309673745
40.04696979364858 161.02801896281863
153.63135115462578 206.79092227577354
4.344579745888256 179.2379919597669
222.8326051308335 196.2659131935136
190.8553333497271 121.1291260647418
79.12104723698377 127.73495748206484
214.79500864672352 123.26011412734725
197.46920266622496 101.36547401777452
167.5789107738157 37.30318637830024
125.71489218370508 41.8613467707479
207.53071947372104 64.28249179108772
53.259353183010475 3.9275303626425115
231.20309039729682 178.86184467242282
220.54454889147544 186.19117677354666
130.38788039659684 223.64534578947163
89.27759078129414 168.57420886976723
33.992385712499825 27.411299387532534

161.7585233162138 223.13049401962812
245.18764147443355 192.2139468525174
236.38851008116995 148.48851977320334
11.556886161489171 177.09667412343205
170.43733180311065 52.67768743560819
3.2843919674396815 208.65712009087815
7.459879878226633 179.55125886448957
109.3971018940866 101.39950494867908
146.65371234999353 101.11602106376469
54.14696383616885 242.72755467257684
22.55507133506099 71.12903866497025
162.35611082577515 59.33114993134042
226.4839317966559 96.55973147184152
6.240825651560867 101.42912085286373
145.64045141434454 213.2082544346766
242.9576200955683 16.19833470291132
70.40516637230107 221.99701421355462
22.281120791370597 5.606298053060982
137.31956655111145 225.5960438460133
90.82573808299415 42.30716221913822
86.63011899681358 91.35613095975404
244.46473258790357 56.332660507905196
16.765700930359007 5.607446609029399
231.38279726429414 158.4018259593701
125.30684121062349 101.7281573903456
117.72780765936413 170.78316012736352
115.9785765782336 192.31703323744293
121.73647164631865 240.32446292473912
66.90277832671401 0.2220713198649582
188.0046033426345 181.87864053092176
164.12171320423138 198.8372545969852
4.7595871202763265 50.58903717863553
93.70168723870803 58.48965339782758
237.87383564496668 211.90554795884702
109.77042884399368 111.48102113877647
196.5246678744657 12.22090211562965
8.651489895789622 102.7446463907399
51.82705561997189 148.43191557758297
158.6343569878881 45.00425888933415
146.53319282200016 52.2120812341032
26.979955203061483 7.3024224231147965
68.87113810447836 133.56914487880815
195.0968653178334 242.76544302935008
102.50875340501298 92.92263053127978
176.61160430256092 146.45132052116844
198.12914500323006 138.66733035632265
220.74286181557815 2.297648225027288
35.81712767900788 208.95735152135984
237.32979459240687 56.56865313591042
76.00373557754197 49.7902307953948
54.84478276984722 242.6074432337459
144.29483026989595 171.19480326114328
18.861601002206463 165.74286529320514
30.395379726010503 201.5134925637743
115.74168242165645 196.67044186896422
12.175894295490597 184.98816162612394
21.34909667128798 33.38867779900964
173.24805971843554 200.488050552006
218.29362903047988 186.79518922855974
101.71906670435693 11.602987043946106
171.2156630321982 119.37084956741684
42.561889772107314 151.74535037055873
233.42418236786924 25.08933025870433
86.09679016041272 169.10414146761204
196.244605676321 245.87813992407416
125.35388341450887 64.76332041671279
240.3847988426793 75.79840387501588
72.32667590539457 170.1762222094702
48.90999234913562 240.70368035314215
125.04855331886533 108.51117516545739
123.07466631405323 27.916194888287727
173.39387921397415 19.708318891133253
110.61242963194168 217.2593849958376
224.97156015651876 223.26796941947075
119.80360399962659 211.59202498129122
38.746036709343066 135.68476966570745
127.00343871704453 58.12571049978099
5.105940748269921 155.11663673302593
64.36934433807706 158.5122718293253
30.949534049911048 26.265984739623967
203.68659466979415 205.94661038148854
113.33728170048151 233.12127148692508
230.9816742990296 207.79382264249398
77.53977357282321 91.57159119400535
4.991183411520161 111.83224490518687
229.18827178484662 77.9860380570754
2.9414288386932217 146.90280401836475
16.10165746552239 212.63463203957812
92.20886575249875 133.90679358236895
176.23528643831793 18.242811496105404
87.20194271395698 90.13005381882103
72.68318567011688 209.20616056741562
195.48314765412783 83.85888816131556
169.94247532674532 5.3658804443262875
84.51003565687829 229.4377696904192
66.87902829455547 32.05593029402781
185.53888861043134 167.47941508008148
4.126887302343841 38.58140417497416
224.66257483027445 132.60226916862464
198.56059699011962 122.79512336118597
162.4974292187798 134.73114279599278
36.55012532017182 181.82072070815747
106.13134392733592 103.2958350018608
188.9996002594209 70.6080838149191
131.73787805661055 53.22798595980327
207.73778095917996 19.204152143082936
136.84286190348257 100.91094569790454
32.98129979631106 11.48461347836413
119.57405276175798 140.9001625784881
179.76895605232392 217.87337716644174
35.30317433266317 152.17338882619234
47.38949503755779 142.08194018800103
12.654629492239694 148.2052368709065
225.46301194564163 86.88915960996127
158.28005676796198 3.7324608235072274
170.97406335130307 91.08937721359692
63.2052573573749 213.50529015177747
133.2487389391966 15.135790069627287
90.08392201415552 150.45314482497065
216.2383384909983 184.6257352665751
97.13791632877819 34.00739722957438
115.79979898248169 84.63204340684786
222.35227843209753 202.58110296780472
73.71481053888049 158.07217197542153
155.26900764422186 151.91717797512146
214.4750256037684 120.74782925454963
168.21574691144042 51.5780319332051
138.70049139846998 152.72164920832364
17.93250213941769 233.08967124380774
249.63604276446569 197.29688037291908
131.93930124733944 94.4531104514203
24.140432859885625 83.57580996104564
249.5402604583354 30.85394262851926
146.00048271511818 24.095948469950805
53.132434981682714 9.399841374721385
224.8030012728559 62.228173026133206
121.38379251054107 126.72446066492446
73.7339875393515 63.58458884466739
41.136386075502685 45.91299869613788
22.771022030734443 35.15157359812057
78.00656141568324 200.17503666859838
196.54125692623157 92.2683849311594
174.20519330647085 40.851385254043
239.98236803577615 73.1478920332276
56.04501308551305 70.9656706457839
231.49861316251864 180.9626176800395
171.2839497828052 135.21569212989542
187.13083106681557 129.28103904829103
197.31853241712588 142.28725651396186
232.75740388012306 41.387849801504146
197.30207730700172 186.7628814036451
120.8071777815482 221.53972927129163
112.95176499191153 157.41624849463076
166.50526965809516 207.8321294295498
117.27096529610903 111.5243870561719
76.07066329836034 14.626801130140699
181.69806042872818 75.86881599171016
61.078382260886684 118.0587764625002
47.43777968729021 43.727816173746824
54.48447747111759 71.38459010253906
15.18835000991922 243.26750136601223
164.15159240996468 26.74899359449723
185.29758260369863 19.2061324105767
182.85125037445164 129.644009458175
132.36417620006011 229.4189245231197
10.971124979728518 70.47694299993296
237.92048588642876 133.30885190508977
125.74122833360016 209.3151645386026
229.67805059030505 75.85209784932815
98.3861898610802 75.01074764472962
90.5335233007541 234.46100497992913
168.7923829816025 212.76841632513955
135.02189349471226 33.750276379924145
228.17055040493247 17.927132632717836
208.84511877595276 138.88939825584757
221.56847510172034 227.71238124941934
61.74342697343341 202.46019234187375
65.9778905757559 121.24577299185121
39.073045348407334 231.06448698742238
245.37059889761312 130.87334305119234
134.7871054438277 124.33996864548799
198.74789082413284 244.42958896944938
166.42564227262042 26.83303251496699
18.832608876150346 29.97529806216806
78.79245625463079 118.85691708909246
72.35659120447632 165.59425051951004
101.04869727414717 230.24113424182153
79.93274549387006 27.295053836057235
158.83634176952611 237.94517059388275
97.79473219278115 221.7719079498744
98.55102870869243 189.9952807025118
59.45784817967159 103.34509145640247
197.56404094185362 198.8187187076559
65.88966963359744 179.09928571852254
135.16098477734985 213.50938243928385
10.51583091005054 17.379500203974942
211.20448491799584 4.7816312369382
19.326205263948708 206.69000472611924
69.07381665438494 241.24831796922217
125.9109515728552 192.29600930695932
230.47735757304832 55.30941466660022
77.26334954973973 133.52912250852253
6.118333232039447 246.78555001660328
129.32213722347007 204.10882205573415
201.49140129902017 1.5319638796023882
18.992156773164766 43.52733832838512
140.78208568655688 2.176214748425415
161.54828024570048 86.61563865032277
36.16921093373296 29.54968839026276
33.012070663215766 201.99135526345694
8.289570106991635 106.81381218993945
99.55912080611418 168.16658149375917
43.92953091823651 95.81309401635043
75.76957583083829 24.414043550438276
67.31602439026909 66.3487847469286
153.60106542863338 167.11780918515169
167.1125929422091 181.78356263997895
173.38654056442243 163.11187647576773
222.47760518600683 224.4666072294641
88.83361843521314 5.894487980698776
158.39259406061012 158.0651372812145
218.91315212860755 161.13873807245852
122.22748250228382 47.91859586054314
42.31481089921377 33.808019200576524
189.4596156400125 18.84468444084064
159.85253068365782 220.1377946444621
156.76793917824176 168.98436359859363
175.06401929244706 16.69995661641857
170.21141987636378 143.43384763168393
0.15126048167019013 111.47031316742908
63.2159983875856 157.73901194300612
177.0701499291578 181.74477434736283
146.07456053416257 151.4723753357662
237.0839608537728 230.76025407845134
236.8898247640994 95.71596781313274
221.5560873103351 125.2178358124729
13.780837312312666 127.38470945010341
87.95611134888823 245.17257595376384
130.26993290326084 193.26066077998274
51.38208764955157 52.445417219472766
113.31006834406182 240.3546670275845
18.918865239645115 41.86584816813502
113.22150220032034 87.91391913635033
112.45370684607475 49.52992652426108
3.454923909945035 246.66545318941542
38.253518243427486 9.516316325178492
223.80600878969187 72.56817139587027
76.06862375347637 219.04051479122472
125.76836453563797 56.757750097831654
172.52617443818252 212.36906671079117
72.37267358679347 3.1103446960279446
151.29562411368937 176.52285623389366
41.761246052267495 217.8940669097005
12.830170680412895 108.73828714303208
218.7434121469699 47.34927631294622
233.4317315029043 108.59037157569968
54.643778985787264 163.00382511490665
56.20874684175267 59.95166659632559
66.14833010536033 196.85156096551782
13.740819882574778 25.43229082985751
12.978148230384374 117.05975368041766
72.84458602232488 176.76349990705592
125.93359590628003 54.39331597524627
78.27755611959445 72.1987995164525
40.72307983348733 182.1441246944911
57.12179162094519 5.548636510283922
116.69929463734985 69.75280821679114
220.50473438229946 231.44179039838528
136.56356297289503 198.8181471179522
106.1318477480463 237.91731188519321
79.6359875806228 165.73869456551026
168.80557890038125 48.23289406723158
83.80327520939385 206.44474312173668
79.60283623876185 187.23157072374224
46.23378581258261 219.35085011500774
172.12302537036115 28.789616152609916
137.62377560112185 206.95626410173224
67.0223300593559 98.55909437964796
155.5877335342183 167.84977597856613
213.29309028583174 224.0515697020668
191.52295297114873 232.1079040792609
40.59251590006937 67.02186848749339
236.3131649913605 11.370622079253462
55.606279074601225 83.36614045534066
96.64771767982627 188.409790375592
87.83031755812412 225.67207275304523
191.238412353323 50.51844223608709
157.2413658436476 131.49718758822496
230.06823349715586 242.27384360277435
94.4521827506547 143.75139055314335
47.541166140922655 249.0544218587056
75.99906002327452 101.97052227981415
28.02183897840127 244.10024790048902
36.7599781258652 195.0187452580453
106.31609306572123 229.25374700086402
123.69465898906846 87.19463530404006
99.82488834923306 157.2192493969338
249.56056255889305 142.86000513290136
152.21517775827903 181.21869311131053
127.22970861952632 148.38206602951226
189.5975163852617 147.42537959452397
87.3774295143342 220.91192526565547
151.06707856790914 198.52394255335278
197.60319882370757 157.0085712417321
113.62815606025467 21.403622347479974
163.22459891296737 58.42119723349645
148.16674962850504 223.45634726785104
171.47316557705014 190.41108045981866
219.19690825845476 134.90294229487887
99.5949564908607 239.35169342545288
141.23564697874298 26.985891832087855
110.9567603171162 194.93861666084203
188.83572830612042 219.3952722068682
244.16518167576785 10.321710306848948
163.48380713191852 147.44326796548282
113.46160984929921 36.47730528354193
242.83796587497415 142.82505302755956
115.15130082372777 193.8762235955102
146.3009293459429 215.1202491088312
117.66259316005825 78.61278674376221
56.57804413784259 192.68914459548296
141.68246674190596 136.9342396229035
209.46856763139803 174.78411568104093
44.165003067305555 210.57471401062273
66.372692449081 245.17852360768111
41.99666460951179 164.96866012375494
13.202254719253459 23.873213494629898
43.13956071330216 108.78170444632177
42.464767809118705 152.18407141263455
71.72672229608146 30.192880701490566
158.32459381244885 146.63313733775578
106.44769273682151 203.94245515543724
46.09134933566625 144.8953393669906
140.1409148122844 78.92321896773768
183.6875466165324 71.56887852707766
182.04149516004617 19.497023434970508
55.59987279650996 163.502092499166
191.4537952982365 187.4697353264669
243.93969392340767 223.16917999019122
205.32812118718667 169.77462702008708
111.41418348164045 86.52127626820932
48.553096472243205 105.00863755460182
135.2901346993305 107.71195792270619
234.95751689214248 46.83098936537561
225.16718721660268 98.78645113354814
22.359121111464237 145.6234757368838
124.02424582725504 131.5679362368054
148.1260109654824 147.44970769067336
69.00705222194526 187.7806091439791
85.05131110459419 41.083025348605254
178.0524719678057 129.81588451971749
97.71347389411608 99.50132061762423
96.83851552443576 37.57259049700268
123.45875008601148 135.2986850280453
129.23000743073416 131.4530601831851
14.124809603365291 239.18016277098047
137.75548750401873 52.67412801567606
66.98173377110272 145.47067936068143
193.97581053605214 71.73865849213357
193.41677924653965 90.81588967890048
132.5300237788394 162.65633959935386
96.80006328486157 169.74938226311593
155.3724426501937 177.02731175606573
78.0607370732235 149.7739278630949
30.576705673163783 199.06829279585855
180.81575616772793 232.58164448319184
107.98297542402827 167.11199322742567
205.72629286617595 58.3785179427101
131.4628952065093 228.6300776129782
86.56914246293815 84.70779145182966
63.05268805531067 42.67234526173902
118.23626287981797 36.519792080013076
130.30323485240865 240.49167336893294
192.11788463058335 228.131157532168
134.944994005855 148.78465536604764
56.500594255204234 80.85634124452423
166.2745744884776 118.64325936032041
56.74607094472231 172.06025982426664
92.62835080499504 220.29918554702724
29.084884788442206 77.43882753566672
92.04310015962308 105.17522583211478
180.5454716536775 129.26922561162027
159.42005620152133 226.047904322098
244.8135713670783 78.7796993704469
98.58038373939957 108.26406779209599
203.05116857711596 191.70423097087803
146.4779853334019 138.65440931659458
19.774960515861444 21.543977423298386
3.775809774033884 173.11756742358446
46.9162223141483 24.3731364126403
50.30636981165529 149.03368719337865
157.23920097409888 95.0090206854557
194.01845325652127 192.1782943562979
7.632657663395964 178.48715257376173
146.53405190295484 25.631616726538077
141.9907267544674 236.05993984301475
63.01862534473446 159.70087472705285
146.7007257840545 146.30147976302374
121.40915954182645 125.86510774726601
105.55721223966837 10.695883804623968
182.30768482946866 62.99628725095338
84.60468730547838 192.1877651390383
180.2043207725321 93.9502402231543
187.6603504170744 39.876698819888674
50.12582634012308 84.37489708707282
225.90123328240054 32.200155147376954
237.2027996263465 161.31939840256805
144.6431825536125 140.1697492001634
85.54296358559205 210.23158752533845
141.52596787311313 204.58491683043823
246.24003998775817 150.0614585027255
169.6901740318162 165.07317486100573
236.10349053576437 159.26187108460098
85.6298535817045 213.5053582125539
26.15992763782379 12.931033352218735
152.67072029608423 73.79918179730818
13.253011024927819 123.9921490149469
187.1001027075221 204.63755812461352
226.1965635070222 83.24250926998327
143.3762963301872 90.612717178769
143.29624534552835 217.39433843734864
73.91549689579612 64.48071400283503
165.70952866463978 217.9124955217086
157.6869823285623 138.6103051902442
26.469761175872907 141.0638685433235
53.825400156919166 65.59914931750716
62.5428694743963 190.04095574016986
78.4631631805781 77.86439127739722
207.0380287093543 11.231880017945423
95.37853403175336 193.27259027648566
245.4517453940952 118.49217025738082
103.2257103640935 99.82726539547897
149.93681135370403 51.64779109229506
23.63056990851023 219.2844514018138
54.361244282828295 22.457374572077693
226.10173199626374 192.48152044305644
69.42584112927102 120.45283434858045
168.649954723714 10.201585175413364
105.66761220955698 65.49400971653715
219.19505604808933 11.17778556456353
29.50254558518478 67.2453407611972
174.2736102624175 67.01566514848031
36.26070368041262 78.86268014549533
47.6672952257064 136.63942414860725
81.56461252595263 238.00968177676475
159.49274321831768 40.2617739325786
98.55872940136334 30.430619757911114
123.72228233543156 114.82128175092363
104.9082648977165 0.8980220052768606
176.56408890918627 169.15055248532528
219.4046383221816 229.24678981651095
93.65139268872386 136.77368719460097
136.92907279603415 94.48446844403755
232.14116851379697 43.88758618463609
146.7398352266966 188.14899549833032
62.223595201741865 106.07794015720532
20.558063846109032 163.33184156147564
80.40089446267848 22.799363655446964
7.430766755048557 52.92749893502172
1.6208604429986395 132.70398807715725
12.298870383134986 118.54505829951134
113.04796489054411 247.0346364785221
105.60917179412232 140.9036332414561
67.50298306695277 155.98017058939382
243.68120952157608 69.30564636391426
164.7170067233303 153.648707903549
141.1581190382087 64.31656860426766
99.46646164930195 120.0210193099253
89.79130712203414 46.696026699548725
242.79625609947817 92.49374548027383
104.0816289703951 215.54432249566358
134.82724789511138 17.741506878611286
106.43268557296808 203.29918896945776
150.97096441153187 192.03386376433423
171.17410263573763 127.6628046541529
237.06249439651722 171.41177637385883
169.28693619937627 161.34397439086732
184.88679291147804 62.109479244161435
92.51077185113435 69.74871262072836
109.35538559815627 72.93922563702546
188.49016380864816 91.02007073662271
53.214725440725836 73.3912778778395
36.24949851840276 101.87772382908403
144.52291996904094 172.9463437721873
14.20016216050335 217.9709759524532
51.9011563625055 247.3333031109663
61.16287807045692 243.46425982433786
183.16414671313464 26.323169633837434
97.4522267782112 67.9588433577692
176.84937669605046 45.61845294508371
105.69729472451891 223.05656555728817
97.39456181933018 80.5032247135001
218.18783495656285 167.61627938424715
19.911237506878177 215.70300701598444
203.434750665334 54.49859566397511
104.54437901662342 204.84900863927157
155.81579382058086 212.31787170601092
172.44890400181728 96.45858551152328
95.73860739376869 229.73965096791684
168.53845266966533 107.77106639244546
42.20708872180268 146.6760478060422
115.14390410227438 212.92342711850196
209.27924582629277 28.125291435719152
217.80099187721137 214.693901649812
25.13665555004249 97.66111149800663
51.35763932684398 156.45171663858213
133.53568466199246 167.99793119681425
213.87711999428026 26.21043142367671
170.10306550613132 43.64420332034486
153.57065418962702 114.54583713178252
8.200667227456687 110.59017382318822
58.46839414125524 93.55462040858318
49.289399787431606 219.7723599031632
17.897736414320022 178.04072398964593
215.1433717089418 35.07842737687108
23.114897310680394 207.164391337563
167.47363899015843 174.3509378778551
235.70939474043968 8.623432103023077
219.7430761656779 102.66195358131303
85.59311605787643 17.15101545598219
113.98090644769695 88.07235733993981
195.4806549207187 229.87227032275968
103.35724333130761 108.40765047705509
24.80730873025233 103.80667931431078
9.644184829631003 9.949165866403403
187.38950959287592 221.56593577928933
164.87623829783087 20.87368617885893
154.39705251407014 176.23224070573485
71.25301027268772 226.1958948257768
247.8575984239082 120.25619872308646
86.48467092720557 210.9251604004153
212.0758805670592 21.030917484446633
129.5716396270929 53.7089234231399
160.02479473435537 70.7756764366198
17.939772088472168 205.84267661368074
92.02738908294927 153.87729155178272
38.26680188298454 157.19628676812158
50.41148074486917 33.604562002775005
80.40725310377023 239.43600633401638
43.86044182243856 247.86686830726336
237.2782138183535 173.57255634008632
127.97968197064242 57.536425207696944
248.55183137092155 170.4702445351484
6.707603390518068 188.58506562346017
60.06301718018705 54.76670468100045
206.20009492104325 237.75427140496828
160.5711463631041 24.794232461212403
78.13424424147655 246.987167722141
217.529919071659 2.8299209671101835
237.9806578636894 7.7387535932536275
64.66913233030382 231.45401021070953
22.28923706515956 118.42195217960635
35.81347463450357 17.653496626953757
42.15004041887385 242.5313701906016
31.64302773791866 172.862156829637
18.349547151193747 127.8884187506858
8.057909026145115 92.62317941610127
203.37108347893928 242.7828356472128
77.06131036634135 58.65058119021971
106.03248198139947 119.52171623031832
41.93290590541235 59.632052916887694
192.9014733668588 71.81646685117099
198.74926259173637 212.44376242011123
163.61756210639606 40.577381364119006
175.83342602376362 129.17245293605282
144.72991853700532 150.28238808011727
31.119902314889565 166.8182526554149
17.96785390175365 206.96460357548267
43.47744409693072 196.84950703881015
183.36030194078816 221.693336328564
189.3553543530069 198.81687084322883
6.042201611978743 248.87048234825718
55.111754558975186 187.8583769982463
40.311978751620515 182.5161473018246
24.36763641080242 71.16974448947927
219.81505200817122 238.64311466598133
183.97856653167761 6.313028039485246
123.44901863711605 180.00481280149137
90.89395510959541 136.1009148878171
108.34725958602922 24.810660927965632
173.4262303575331 156.6253165681396
22.861103774723556 54.754240855889726
184.1118800878205 55.50954839171241
103.70441529045118 181.63231376137543
154.50432943610494 195.03100348253997
151.3924743305323 174.7893561716798
165.738465488909 187.92608062910912
242.14007271619093 113.98930404439001
216.5725515883282 8.055928313516619
182.6998905395476 23.303377046307194
8.974485788896342 76.78922472568708
86.35442079918424 130.03758256081335
131.54169293637952 29.08408321475636
10.225684997111184 46.64442604073204
215.93975779343523 196.1979224976741
126.27029020241662 157.6535068161641
151.67386974970705 143.42074791734206
159.96313602670563 50.285562064968396
104.88871676100544 69.86645984768161
150.64786286461907 193.71920036796433
68.35465869100959 16.55079026081385
211.68017599723646 142.5753655881873
135.41607120564473 154.0967052171411
191.74219134532413 52.55261533488745
240.82730306262226 167.38953122267426
27.817267649973136 163.04414492254034
182.75664668797484 214.30676794207685
193.71773246831643 13.31897292236181
156.30834048456865 114.05220914143827
193.9336304954374 248.65669953567001
62.597719000703265 217.93862009110006
99.95272977445168 115.84655988221526
125.27942612748608 107.26204613030055
205.95007417362785 200.9683257835388
194.34349131907456 107.86716559292417
71.44208259092156 34.24914899333886
56.19435062600572 192.41627144297962
172.224009692342 196.87037996329113
204.1762690263619 24.46436164153887
69.65338004351015 79.53497745159873
70.13356418928554 93.29591028641335
235.88240538598157 107.00620639233374
236.8385750037583 224.36744614677127
12.012418142951676 183.6167814817453
139.95473763227022 218.68862502961704
135.4121877827005 152.87585522430078
130.35145313692664 187.33570707453703
202.2375931075646 53.13808144677462
59.22186842564836 134.5539659996307
105.13451778423708 117.56083360341104
147.38213351202205 228.8734075853579
128.20151533241244 92.67404499056187
232.70169675885916 139.3861437008778
129.80479778085032 157.5551090599736
130.42557197653446 95.27132399791525
201.06045313232735 116.26301251147736
64.83963326446779 178.8404442449019
155.19074863496562 187.98889127722364
86.24171167664838 112.94813480286444
220.46365269889947 136.7635122303925
181.30165119273914 136.36165029603737
12.696781375444722 189.5681245762087
134.85717433191644 206.51733993451407
196.031571278721 30.525389305294944
120.16415578702991 185.20680766419093
192.49220232793564 131.20328832898767
57.62105555601554 117.55185170038237
187.90250473577854 48.6525089152785
142.3001695152196 90.27035817540089
8.103004199847803 0.9186885272770839
125.22005450492883 93.70185780088863
86.1074789114061 1.5772315716199026
148.42628745884926 85.2382557244692
90.4996378171587 136.78755072956116
193.17799317539897 209.72415343344093
179.89454289485417 227.94951394406118
218.01847540665 233.8119842331354
96.95685709036708 86.58537839803438
76.04909098787805 191.96448604513319
192.79353290386965 106.99085538020157
119.65732617925978 140.83931658028285
249.21628131867848 18.52551849551251
4.330311631192019 82.78246586312777
239.9495465591715 178.67741149289554
219.49218330094433 95.54226889839798
170.9136709927518 121.81335197268095
110.04348054722607 83.0798565674991
180.8286793661446 136.9338578404578
81.75618154080915 90.63702958144476
41.64536601169702 216.372654688015
141.93320485962678 192.93126830530787
245.80970514290428 165.2561108541864
231.64720535819941 6.942361664178137
245.6115038068852 118.68827538259427
182.62638551599076 171.98055472904525
129.83178746102845 207.93784870659854
79.7042137989617 229.89711024464796
158.82893953430448 67.24194870019993
106.06985094913155 160.2674304662481
220.72816143395934 66.79293942458955
37.87570080999725 34.6637710800477
225.3421792699037 78.41062076395711
191.7511409017733 50.83777924746421
15.626189147956826 190.3452503397935
221.2766881412588 224.05914979624887
162.29642037936 216.9893073666809
154.18745233614163 192.24296337297315
81.65243531235811 141.82740594156567
213.8259365575226 64.85608480309394
60.59631082729008 114.4002448663429
78.8810064736416 165.31713104690712
141.84270200720613 223.66601763365958
148.34239947887318 193.33979888985027
1.2351476259622185 171.66603081735104
138.015914869634 240.13016214875907
57.73133858419127 43.021434454229265
139.56100219015545 32.95329886477588
53.57458399049283 149.0573287562298
146.67059844316177 81.93337928411323
104.10138677955969 13.922698719819548
225.69275780829034 102.24223625009427
115.3889930021482 51.11278205088374
100.5684865366047 141.8764847808687
187.2419704070141 5.223649947789289
150.64613991933064 128.75143816539887
158.36520361864874 5.643997415146373
201.05201643867892 169.85496623957
8.804549338367801 35.12998970050893
142.30056194651016 86.37912326875544
122.9211398779087 231.25892407058984
165.53920843624854 159.48697342950666
204.1430849813239 235.92564979728263
238.53320493393662 171.39150802778633
210.75122475425505 113.68959084312
10.680978403520335 185.18486645801212
189.6135468953612 157.60402057138282
55.963011883196245 232.25564594723053
66.0044744468116 15.809041850352035
233.90818283089195 244.92695544681754
126.0435930547856 39.84105139901261
183.85601886530213 63.59656893925439
77.44548490166947 151.5712818923361
214.17783553307558 96.77285667993523
103.32713634553708 118.78337842680631
231.5960827119909 115.76653378915827
225.68582912760172 54.9178644978271
221.44807093907613 223.65038862918797
86.12531703169704 135.42660306521634
216.10010422938734 209.6506542114406
3.8831618082902644 148.78770736422308
241.6497680307582 83.81194879363737
240.6293400720676 231.6304369208359
60.68479574656705 13.437885419664786
182.35478019727645 58.63222757861697
212.11707438107646 19.86061841706771
29.97000923976778 66.34264719763777
63.91195211127771 18.33464555924122
148.66061664229778 167.8950108620967
189.8131479151433 183.06510123432716
58.582794968127935 49.39648408093855
79.04526810563634 31.573466810019713
65.95810330312423 33.71170838033902
169.39449448107248 188.49766052926043
82.6499808280042 104.4361978016886
196.7762288056088 152.09702502591597
6.888169999852034 168.62418509899797
237.02358365464136 219.07003011176644
177.89493746312397 39.10156516826585
123.59765641574965 87.2233759128276
158.00751816122613 128.11633159251554
92.1222006138869 247.60610415490416
138.65908339013663 101.72927390169878
35.49169330277177 42.74259449558529
164.24651597928013 229.17716073348993
225.62696432292623 92.14198357786738
92.96846403703987 103.64208038626873
108.49890598327016 130.89994725130327
97.06258747436428 154.60404723232543
139.61065517618158 143.80442920416536
28.296746074939648 35.16059478595876
25.291088332918072 236.41441742518788
55.90089412076688 194.41142666909994
99.72597571309208 125.95913609341707
203.94396109739355 181.54607376482224
184.83221093161072 49.76833171354566
240.4672940083876 197.16426547184795
120.12380262151991 86.094418493637
243.28334484951782 116.92584456610028
102.23100309645928 28.59811213791544
202.68546062025294 233.92380628661775
54.0083186620178 196.09217364172585
40.289632350906466 50.97371020988989
223.65728221928984 225.53892782507612
192.4627115438424 183.94114802367517
209.20832833503206 185.7722349521694
3.519653196825512 157.38627932437953
200.6067476850296 1.144775336918591
122.21450823741873 11.796168168300397
224.31290015492533 62.94663315960483
50.2667889002126 206.79541714837646
239.36423526168383 241.15884606310007
233.95704310361432 155.9732680169604
39.5780345340038 236.75390436525052
140.4094693426287 23.780669513849855
7.8343696088738755 91.70181184145513
89.59712165060132 241.1801339943963
56.01618893261143 140.32742268258406
165.38815792690147 133.44499782532395
55.38305884351799 154.13406360452728
167.8176908781607 6.862847089094737
135.67254888831107 7.009935688900182
245.24722660039774 168.3863020663038
13.426089047792717 47.26545449125416
187.0801699606678 109.3221299094288
37.82949824789469 185.04267276561404
43.97539021937447 29.844499144607685
141.55012665840272 68.41169647839726
213.71644841271376 227.35347471502243
119.56361462824844 158.22589518589842
44.63680692704838 223.3404811367872
44.464277014511026 84.08932817548009
40.0576599675713 76.7446938007412
154.1492692345127 177.9284183854335
86.43809842381495 54.88013720752791
154.19068353610098 97.83696297889801
75.69021425043496 29.64305434482295
157.2806701903648 66.96418337844149
9.55809121413187 149.56121872794216
32.9975670833734 231.51860991356068
56.23888113353539 238.9793817310768
187.86720313561042 58.75823225033216
126.61333852335751 43.000153454413685
42.50086080494555 110.37453942438144
50.34712169523547 66.29871671921752
95.22651559156346 65.98814969239888
210.75654118064034 39.02003545542823
147.23109810000997 22.78076616187158
206.8791542471483 28.555590297469262
51.48820500123111 125.51812748840338
59.13048441194929 177.6588075880415
13.899906806913693 248.41684877404623
201.17731224525298 54.56913471538963
114.74425567260444 177.97720741143385
192.8835309996829 28.679901658285516
167.106210531695 51.606604389605096
114.4065724472442 53.127031774655414
13.180811872895104 66.15070045932012
179.05399776709717 66.44282676552132
107.15154042880118 226.02443225414498
110.88916420753905 207.7158558422858
51.5805708939186 87.32120427081801
166.22890586512372 25.700788940699994
249.29082471583766 201.24836149245525
195.77013121767385 27.53582940117874
19.372080522806893 139.66541928788598
188.74531918365906 14.791773383132977
94.27278365281194 9.290305313913866
151.61362701208142 51.977322269291584
56.531867823063294 83.40779847145888
136.3413424216516 114.00449617413364
172.18309101824664 23.640102229853436
81.86558398080895 180.4223278651013
211.96325268561037 194.76099484307423
213.60702588793208 1.2094711651668977
218.90233647193824 82.22551537596448
154.72958456753764 169.17357435490473
115.46057989685197 191.12177436589144
94.84207374550039 103.37927579994668
59.89854396720001 59.30840596422796
94.78571471754465 45.36026503739163
132.0151020670575 90.14989676289944
167.24928292941595 240.1151523474687
120.92631373929696 14.897919174777813
200.7442388986292 68.43413481925687
217.99398507689043 7.561231516828803
172.03353580626032 141.6503995118565
167.92437900837052 178.66811525716903
108.5491938422922 156.91394293729175
137.50100137660593 35.03750866409455
193.81626780359937 170.11325105929504
116.8001202183128 175.09903085522595
32.63367105732018 72.49018906169763
93.50316525167757 193.93524522917605
136.67776468443452 197.56803665998436
0.5021760255446428 85.62725169532723
226.24896754439618 149.1550525785261
163.65777875810056 165.49571463304426
189.6433943162846 100.9604671620439
151.25575996748972 118.99093991855896
105.22499828206034 33.359870571193994
55.71958178392969 230.1999918163297
108.79542289764704 67.24382239622467
1.9781844602189402 171.7871859963866
82.96399865081338 186.0361938335034
117.91480515825853 180.43512560398753
11.844519898454365 82.67233780682204
34.61666715681341 147.51716874381856
207.5725864954018 138.4252398737675
203.6100416867486 198.4556100813244
111.36227719428604 249.48932698190785
158.46658802485126 53.465706518312004
129.9680427932528 165.39413248029388
183.48692568105272 68.62088203217134
40.06727062843207 163.39276338686483
136.96163389769873 82.6674853187522
62.17623979412751 153.83476573242635
20.010265697564535 162.6107534623064
245.55566652774542 179.76439124364785
74.56064574589053 188.53239574069093
247.30822960779682 158.64124305687747
89.09466725009005 176.6325369647034
30.72285221030624 193.6902208330045
191.66961379598283 20.333866472583562
6.606550465235728 190.48403822766033
28.375786027893202 162.48294678677897
94.25711107849378 126.70282554792043
186.82455880611178 107.20140028644795
86.89726084153163 131.3724065736747
130.58062396813358 100.4171579182001
82.08775941063662 127.60131046793188
76.67493782599844 187.48083650293606
228.98961857923857 196.83602635356186
215.4998702802583 29.4387060552721
233.24872109170522 89.63338319810727
87.41108047152488 61.468974204377666
203.29073939843295 92.1624994380089
5.7465934397762926 7.72847646210889
6.764292053704129 203.3107252197503
65.13446463578302 139.01977799809904
93.5787035224794 177.3924887084209
40.7278497879556 192.53897700044385
185.62158521796837 145.53331254662277
10.257735644193966 137.6546520577909
11.1700244996438 170.7227799135115
191.68321309964773 226.9814921371063
12.992942025478488 249.81479126805544
217.84631179915425 102.62057978806018
86.28460225894763 142.32948611562688
95.2788739667127 159.16475778517108
121.2987292077665 147.4095511466016
87.78009801090941 217.8681466100028
73.87585997133903 12.823031649101118
145.0339373380316 209.2990127637753
165.31496783296646 189.9291158729276
47.36104672065522 9.440052364885986
158.89404855231106 190.01794544524964
193.2378160948463 179.783469091977
237.26715559356452 198.47438630903434
13.98432766091115 137.6959561898153
106.18343007028888 16.98662046976662
44.7431740803991 185.55296237553068
205.37482011478397 149.45762010954027
223.1178820150465 31.920125017824873
166.3155884055604 126.23210317658327
204.29831462023023 117.25539845639058
194.07297909733083 117.90253396152575
59.50249339625535 112.49462918992035
150.3049753244212 17.667894759658047
248.19533517769582 18.39345971495357
103.27534147288969 58.079738467055385
249.7220169064768 68.53003156082934
78.01864395921265 119.04595998374757
60.16581196392737 187.7240747665794
205.92734269427544 129.37349409796497
208.5124076058042 139.97439523256298
91.46904727438346 77.85254182748552
104.05948385111513 154.5275701086121
188.13993986109702 26.718123050276294
62.2980131536226 111.49698258238516
183.0620392241748 131.27502761687148
182.64977028577078 201.2414469252821
159.48318076928157 204.75386527001623
121.51103633154739 44.35264013143936
146.64020743660052 229.0455103432452
44.65388552824145 31.709414122661705
156.96135795110905 2.4949955499798673
88.86293054346389 57.443169751059145
54.14620934114522 60.97184146066279
132.1896978915305 52.42791209999445
133.73090636132554 172.0220269450832
131.59644888555528 220.5477241318224
95.505987275842 219.90419921429879
10.891054433372766 157.32010624303246
246.02621787895703 231.62697228700821
115.87631417221434 137.52284374579403
40.9674555595447 108.08154577255965
116.17850034923305 222.77340739843945
121.42792959615242 9.696630312303196
45.78258499933699 115.14201596789181
134.0366349663441 136.05869165618233
160.5195762352512 148.80451734483245
237.2767842833442 170.0964106733647
220.01508563637177 154.59023567684613
85.11468765620863 88.70820819535105
236.96486240479342 239.3773539260094
83.7355934481793 112.55217632868003
3.005581298972632 3.4565873453889506
199.21921692691845 18.860960253300473
74.90902620318471 65.78206461648742
237.99075030537836 86.6876652949802
215.30236521103825 213.6438237481022
97.21554464799675 231.2596171071202
164.65367218632178 4.729483171145493
220.97681790750147 223.57185285249832
63.40194560063736 55.91676547139007
87.40658804339155 244.9059434810308
36.40510539427713 164.64107621836274
115.5603761163149 240.33973577994928
171.769849328084 100.99045833930705
90.25618482556963 27.189509743516027
103.30844448210682 185.10229796815173
231.87160562970217 138.4153528744439
102.35594490437686 236.75354462144708
41.9664272556095 200.61879441308432
114.71550078037104 210.34554368243758
88.7824810719457 242.55382302573352
201.0323107787392 190.27412207401898
186.42492778728572 20.618304480717885
72.18927614437548 84.77308360643201
224.26099544826664 157.46514934153365
84.4586267086594 113.95881468738861
141.0933371465017 209.761694220107
176.38616577736624 236.18453804053118
154.43506772599736 228.16915762277335
57.232712482013035 17.273554218919212
35.7707042497222 94.83658125781635
64.99048210478576 31.738074231299677
36.425115674684065 157.6100168299141
152.79318938394286 212.58392253387117
2.8296422891828654 184.69709277047446
219.58624335040113 197.73635844722858
188.42201887921297 116.07686803698333
80.50647372064378 134.67484105140994
214.45125607525253 127.58063124137725
203.55228625740943 100.22646979799558
161.12466162939012 32.2119581669788
117.75010921767709 40.433777144825186
204.48245804105167 58.7305647770264
54.360417102324945 0.914774844885724
235.44230630354156 181.55981823343834
226.93447454956 190.75858569661088
133.84925481031198 222.6752170590777
92.36341267091223 161.53957736373226
35.16441794272965 21.56864852753482

129.0
17.2
480.4
51.6
72.1
51.6
108.1
206.5
600.5
137.6
432.4
137.6
17.2
144.1
432.4
216.2
216.2
34.4
432.4
144.1
229.4
68.8
432.4
648.5
216.2
77.4
1080.9
25.8
480.4
206.5
288.2
720.6
540.4
260.3
103.2
103.2
229.4
288.2
432.4
114.7
129.0
103.2
286.8
36.0
324.3
68.8
154.9
864.7
154.9
51.6
77.4
103.2
206.5
154.9
51.6
432.4
1201
324.3
36.0
114.7
432.4
216.2
324.3
86.0
1201
576.5
720.6
260.3
137.6
77.4
68.8
103.2
864.7
229.4
288.2
540.4
17.2
286.8
216.2
172.1
216.2
216.2
288.2
25.8
720.6
68.8
206.5
720.6
143.4
68.8
144.1
720.6
576.5
36.0
648.5
8.6
17.2
600.5
286.8
17.2
51.6
86.0
143.4
68.8
216.2
172.1
260.3
648.5
216.2
34.4
103.2
68.8
114.7
103.2
68.8
576.5
432.4
68.8
432.4
288.2
77.4
77.4
17.2
25.8
114.7
144.1
144.1
720.6
34.4
144.1
258.1
600.5
86.0
288.2
36.0
51.6
86.0
260.3
17.2
324.3
114.7
229.4
68.8
324.3
51.6
864.7
648.5
600.5
480.4
216.2
432.4
129.0
34.4
600.5
103.2
540.4
154.9
34.4
258.1
144.1
258.1
86.0
114.7
286.8
17.2
540.4
86.0
143.4
51.6
1201
432.4
34.4
114.7
77.4
172.1
216.2
432.4
172.1
154.9
229.4
960.8
108.1
600.5
480.4
8.6
864.7
216.2
143.4
540.4
17.2
576.5
34.4
68.8
17.2
72.1
51.6
137.6
77.4
8.6
720.6
68.8
72.1
540.4
600.5
288.2
25.8
216.2
288.2
25.8
206.5
540.4
137.6
480.4
129.0
172.1
137.6
77.4
34.4
108.1
114.7
103.2
17.2
77.4
432.4
1080.9
51.6
34.4
540.4
286.8
34.4
154.9
540.4
17.2
114.7
103.2
129.0
432.4
143.4
1201
25.8
258.1
108.1
129.0
432.4
86.0
103.2
432.4
77.4
51.6
154.9
34.4
324.3
72.1
540.4
960.8
143.4
324.3
432.4
103.2
540.4
600.5
129.0
540.4
648.5
324.3
288.2
144.1
17.2
68.8
286.8
34.4
86.0
144.1
103.2
144.1
260.3
216.2
229.4
34.4
137.6
51.6
864.7
72.1
258.1
540.4
288.2
144.1
68.8
86.0
1201
600.5
51.6
72.1
36.0
103.2
432.4
144.1
206.5
720.6
286.8
960.8
864.7
86.0
25.8
36.0
1080.9
68.8
600.5
68.8
36.0
288.2
72.1
206.5
432.4
108.1
144.1
8.6
960.8
960.8
68.8
86.0
144.1
154.9
108.1
1080.9
720.6
480.4
129.0
114.7
34.4
129.0
432.4
258.1
960.8
258.1
260.3
17.2
129.0
72.1
480.4
143.4
1201
17.2
172.1
600.5
143.4
144.1
143.4
103.2
216.2
72.1
68.8
17.2
34.4
108.1
68.8
480.4
25.8
324.3
144.1
68.8
51.6
229.4
260.3
137.6
540.4
77.4
103.2
648.5
258.1
8.6
68.8
103.2
17.2
172.1
600.5
25.8
154.9
51.6
206.5
137.6
960.8
576.5
108.1
68.8
1080.9
258.1
143.4
144.1
108.1
143.4
8.6
77.4
648.5
286.8
68.8
480.4
960.8
258.1
114.7
17.2
8.6
540.4
216.2
288.2
8.6
216.2
17.2
8.6
216.2
432.4
540.4
172.1
25.8
68.8
154.9
576.5
258.1
1080.9
144.1
68.8
103.2
72.1
1080.9
34.4
432.4
77.4
648.5
8.6
648.5
68.8
324.3
34.4
1080.9
36.0
229.4
68.8
51.6
432.4
1201
51.6
17.2
103.2
432.4
129.0
143.4
1080.9
720.6
68.8
34.4
648.5
77.4
172.1
17.2
144.1
720.6
17.2
216.2
1201
206.5
144.1
72.1
103.2
229.4
432.4
144.1
103.2
480.4
286.8
288.2
144.1
25.8
17.2
103.2
108.1
36.0
432.4
720.6
1201
288.2
229.4
103.2
480.4
576.5
17.2
288.2
144.1
108.1
143.4
720.6
8.6
206.5
576.5
72.1
648.5
108.1
172.1
137.6
144.1
540.4
68.8
172.1
103.2
600.5
34.4
600.5
25.8
108.1
1201
960.8
68.8
68.8
144.1
108.1
72.1
34.4
34.4
51.6
324.3
260.3
34.4
1201
206.5
144.1
25.8
480.4
108.1
960.8
103.2
137.6
72.1
432.4
480.4
72.1
144.1
137.6
103.2
51.6
1201
260.3
480.4
25.8
260.3
288.2
216.2
1080.9
77.4
648.5
137.6
480.4
8.6
154.9
144.1
1201
960.8
288.2
229.4
103.2
129.0
1080.9
77.4
172.1
68.8
72.1
172.1
34.4
1201
51.6
103.2
72.1
720.6
68.8
324.3
34.4
34.4
600.5
432.4
154.9
216.2
1080.9
286.8
68.8
103.2
216.2
960.8
17.2
34.4
216.2
51.6
17.2
286.8
143.4
8.6
260.3
154.9
143.4
258.1
114.7
540.4
68.8
129.0
154.9
77.4
286.8
72.1
25.8
51.6
960.8
864.7
72.1
72.1
864.7
324.3
34.4
229.4
17.2
432.4
17.2
288.2
51.6
324.3
137.6
129.0
36.0
51.6
960.8
324.3
1201
229.4
480.4
540.4
86.0
288.2
8.6
68.8
34.4
216.2
86.0
129.0
25.8
258.1
34.4
137.6
720.6
8.6
103.2
1201
1080.9
86.0
286.8
114.7
17.2
129.0
72.1
51.6
864.7
77.4
108.1
72.1
144.1
288.2
144.1
864.7
1080.9
432.4
432.4
288.2
68.8
260.3
648.5
36.0
51.6
72.1
143.4
324.3
216.2
1201
172.1
229.4
103.2
540.4
51.6
216.2
17.2
144.1
576.5
258.1
137.6
25.8
576.5
8.6
86.0
17.2
51.6
144.1
288.2
260.3
172.1
129.0
103.2
216.2
260.3
960.8
34.4
206.5
1201
103.2
286.8
206.5
103.2
1201
8.6
103.2
288.2
288.2
480.4
114.7
324.3
103.2
144.1
432.4
288.2
86.0
103.2
288.2
34.4
206.5
648.5
216.2
137.6
154.9
1201
540.4
72.1
17.2
103.2
288.2
288.2
432.4
229.4
144.1
108.1
129.0
864.7
1080.9
216.2
172.1
216.2
172.1
600.5
600.5
480.4
144.1
51.6
600.5
206.5
103.2
648.5
648.5
144.1
17.2
17.2
864.7
68.8
25.8
51.6
36.0
432.4
229.4
720.6
68.8
260.3
258.1
129.0
72.1
154.9
260.3
600.5
480.4
286.8
216.2
154.9
480.4
648.5
129.0
103.2
34.4
260.3
103.2
144.1
154.9
864.7
260.3
720.6
108.1
144.1
103.2
103.2
72.1
144.1
576.5
103.2
648.5
1201
137.6
288.2
432.4
540.4
154.9
68.8
216.2
17.2
288.2
103.2
172.1
288.2
103.2
17.2
143.4
103.2
68.8
576.5
137.6
68.8
432.4
144.1
229.4
540.4
154.9
51.6
8.6
68.8
1080.9
1201
229.4
960.8
144.1
206.5
34.4
17.2
108.1
206.5
34.4
144.1
1080.9
172.1
540.4
286.8
576.5
103.2
25.8
86.0
288.2
960.8
288.2
648.5
216.2
144.1
137.6
216.2
25.8
720.6
648.5
72.1
34.4
1201
260.3
103.2
154.9
648.5
216.2
114.7
286.8
324.3
720.6
34.4
8.6
114.7
540.4
286.8
288.2
72.1
17.2
540.4
540.4
144.1
36.0
864.7
103.2
68.8
144.1
68.8
77.4
72.1
720.6
114.7
103.2
25.8
1080.9
129.0
51.6
576.5
432.4
108.1
108.1
600.5
137.6
432.4
51.6
114.7
86.0
129.0
432.4
86.0
720.6
216.2
600.5
216.2
258.1
480.4
260.3
17.2
206.5
576.5
8.6
286.8
114.7
432.4
51.6
8.6
216.2
576.5
86.0
258.1
25.8
720.6
154.9
114.7
17.2
17.2
720.6
288.2
288.2
288.2
206.5
864.7
432.4
34.4
288.2
1080.9
108.1
143.4
432.4
324.3
1080.9
77.4
480.4
720.6
648.5
34.4
260.3
576.5
51.6
540.4
648.5
864.7
68.8
576.5
258.1
154.9
229.4
17.2
86.0
68.8
114.7
154.9
25.8
260.3
286.8
68.8
34.4
137.6
648.5
288.2
288.2
108.1
216.2
324.3
1080.9
86.0
172.1
288.2
648.5
1201
1201
17.2
103.2
648.5
480.4
172.1
324.3
144.1
172.1
960.8
72.1
258.1
960.8
576.5
648.5
77.4
25.8
576.5
8.6
137.6
540.4
34.4
25.8
600.5
25.8
77.4
103.2
137.6
103.2
68.8

8.6 17.2 36.0 72.1
17.2 34.4 72.1 144.1
25.8 51.6 108.1 216.2
34.4 68.8 144.1 288.2
51.6 103.2 216.2 432.4
68.8 137.6 288.2 576.5
77.4 154.9 324.3 648.5
86.0 172.1 360.3 720.6
103.2 206.5 432.4 864.7
114.7 229.4 480.4 960.8
129.0 258.1 540.4 1080.9
143.4 286.8 600.5 1201.0

2 5 8 11
5 8 11 14
7 10 13 16
10 13 16 19
14 17 20 23
18 21 24 27
19 22 25 28
20 23 26 29
25 19 31 34
27 30 33 36
30 33 36 39
32 35 38 41

