32 3.0 0.0 1000.0 3 160 240 100

0.59378507734964 30.43118247048887
218.40398817697385 138.52742654555254
43.00772275085748 92.906530805254
175.1725591305437 244.44334806214866
236.18585602723203 85.58258119122611
155.26027728853717 12.501746036839151
185.61330353731327 15.20707330716059
188.7304224372149 196.14147819080978
82.64683728224337 47.12652490948274
236.6229321598341 73.28022283385721
85.0716113755639 109.314372882265
101.21151618454735 148.63667296061234
51.191616985828055 143.0461668483518
112.14260474147252 84.59682456929795
25.858831501923916 184.45908834349677
64.30349450095727 0.5337837451375727
230.6656620168448 157.42249297037188
123.31331261374245 112.98347498889885
44.38913496352942 140.68742289476432
243.0298315655617 131.43252832924733
95.18131122478285 137.86613700074784
118.18034564855695 127.62855958055955
242.54831459659204 202.69824780321898
2.894132433909319 6.945412059699757
113.97726347166947 3.1243254815411237
237.4165961728932 30.926668899155047
128.8890616128563 12.964102673924561
64.55475690293994 170.5611777084588
37.1043132436433 14.656030872134462
38.39105236836268 172.9008598846645
4.757131434687145 130.4171577817403
123.64567654863451 231.32774249391795

1.9806276495227537 28.42793439970684
219.8060095255959 138.52054462747176
45.82929792117432 99.91460902548465
174.32125925928364 244.13677174621836
240.80805269022315 87.63061503138955
153.76135863445168 8.654305564115699
187.13923129599547 8.6186995309806
190.43637868205533 198.755833076857
87.6737051337318 44.67795903862867
231.21494844974393 79.81132719321218
88.77459607563581 106.5096386403151
99.79750079898353 150.8296517923445
55.894036768371265 149.34283666911594
119.58655709325095 84.78791472390712
18.863251355686007 187.3996516391802
71.65017549779196 3.9229517320520104
230.9408708614816 161.54772553970855
119.30347881564876 111.37110804552134
47.89811854593851 143.0329879958191
247.5112948580394 129.39293817250766
93.82816481136832 136.9208478519719
112.48279857877591 132.62746007426003
244.31827072523336 195.53562275035
2.489593391428291 3.705188264921
108.03053597807835 5.199955045599447
230.8366617738193 31.662818342983734
132.7560450780609 13.71509428790696
70.13452473691179 170.84295086292542
34.55051353272792 14.71283951053834
33.74781756741868 174.94905975351156
11.592131551882822 128.21429981879393
120.2962822953568 238.16270684923626

1165.2580632284744
318.47206127745875
933.8631928217875
298.5655627976839
740.1553941791451
766.1990803840682
271.376767572384
669.8802904682033
772.3382696610411
813.7946266508335
732.1108414625677
1151.9118786118645
178.59395395379752
509.91487305868185
1053.278880847041
727.3342808989338
1200.0753242390822
1078.9731080749207
770.3670252361649
493.94329496008874
896.9478415448679
967.5056647407008
162.17300619179102
1048.744167825716
290.3616906798766
207.89620263539473
138.86000235770314
585.5718450321627
593.4439175730648
779.0991299001404
631.5586542436469
1112.3579650239953

8.6 17.2 36.0 72.1
17.2 34.4 72.1 144.1
25.8 51.6 108.1 216.2
34.4 68.8 144.1 288.2
51.6 103.2 216.2 432.4
68.8 137.6 288.2 576.5
77.4 154.9 324.3 648.5
86.0 172.1 360.3 720.6
103.2 206.5 432.4 864.7
114.7 229.4 480.4 960.8
129.0 258.1 540.4 1080.9
143.4 286.8 600.5 1201.0

2 5 8 11
5 8 11 14
7 10 13 16
10 13 16 19
14 17 20 23
18 21 24 27
19 22 25 28
20 23 26 29
25 19 31 34
27 30 33 36
30 33 36 39
32 35 38 41

