32 3.0 0.0 1000.0 3 160 240 100

5.838253128506221 215.79655648637882
8.720033884843382 69.09459562839182
108.1216669528407 32.40153476633947
158.77399486422564 242.6834581813733
108.12512080383718 122.4921125529749
202.80350285445252 157.47560811421909
37.332045599281024 107.53595246424585
79.75320382835821 219.03209963104652
137.96286417917165 28.920856574866953
40.05234657167719 175.97961251708026
116.40070033025509 214.2189498477712
64.15593061826513 71.93980611305362
33.64160827363 246.39904785221998
182.34270686511618 102.27001109077085
33.38880232843289 75.23480278853332
148.33252188687723 111.75140490908025
128.22643413055806 80.02487081651249
34.38632970385644 41.5277158240433
143.29034099292218 230.4578348902416
146.0023270697067 0.0905586768275568
180.97400136691417 118.73857965243889
156.674232297739 111.00266863400485
105.71892041030462 90.2873170782044
42.220844249145905 240.17712512080362
10.53910950502207 204.45587184061554
93.03754241481643 183.12594846984
198.92423140823172 246.3902611192438
103.79558522366294 160.8830474406966
36.980408950256034 199.27946333237054
159.26479995157078 187.14694935267508
84.38890298698212 232.70556398843405
125.72319636608987 14.72528882962909

0.21023177196202725 215.56077670146678
13.240514185054286 72.33772408918065
104.08189653232547 32.80141403628522
160.45156601705153 241.8122452685909
104.20369560647907 128.34785828582747
208.13553854848715 158.61476568609385
32.60290193206281 102.33519924204865
81.11326166870214 225.2264604320753
132.58597953856233 24.758758247474116
38.520567463565804 180.88840451831766
119.82101194357908 208.51558070190188
56.21099920419129 70.70861413114949
39.72076875463604 249.42478843654894
175.34097387903518 98.92997350166505
35.166425090699754 72.16156961335707
147.9461908118134 114.57912405939344
128.84449334061247 85.27055832179755
37.81656568011738 49.00185381560732
144.9850185202977 236.96227414584126
143.3705079960744 6.892525038192543
183.5907012886026 113.04960645409321
157.8556230712157 103.36301045167585
109.63688969114848 91.88704035051981
39.43912337823044 245.88504885243904
7.09855660925815 208.92673421256126
99.09743017058206 184.8743340103858
197.85669906922257 243.0937009548379
107.6151824454688 163.33007228666506
36.70737433111837 196.12833478838724
167.43072109530692 189.40122670247348
77.65142627958238 228.4390135323763
133.90077380674012 15.81261621867891

212.45898129026006
156.18639226256911
229.57587025025393
927.3448052291525
313.59514974335366
696.956975395228
826.970956724151
881.5920016905461
1186.6666167780754
392.8627558126261
801.9446908422063
358.17842247578994
343.315348207628
1178.8377978705882
883.6001408575464
519.4860935776053
662.7693550644201
1015.0536124087786
385.78539700988574
678.8217764859229
962.2130471278379
1005.1067238498222
435.6908382115821
642.3908950631999
745.2791135249323
4.796246408501039
21.312759230929743
769.6592807884075
652.0884123138451
1156.6129130634981
167.13235581725468
109.60835209357565

8.6 17.2 36.0 72.1
17.2 34.4 72.1 144.1
25.8 51.6 108.1 216.2
34.4 68.8 144.1 288.2
51.6 103.2 216.2 432.4
68.8 137.6 288.2 576.5
77.4 154.9 324.3 648.5
86.0 172.1 360.3 720.6
103.2 206.5 432.4 864.7
114.7 229.4 480.4 960.8
129.0 258.1 540.4 1080.9
143.4 286.8 600.5 1201.0

2 5 8 11
5 8 11 14
7 10 13 16
10 13 16 19
14 17 20 23
18 21 24 27
19 22 25 28
20 23 26 29
25 19 31 34
27 30 33 36
30 33 36 39
32 35 38 41

