32 3.0 0.0 1000.0 3 160 240 100

97.96867038891664 20.195206633148
201.12839161187276 125.69464812909534
95.12596210957695 141.75196339353266
191.72113239035338 130.13797804757692
176.28070309368178 174.0034805646632
139.2914953216421 208.21699152233833
61.36997039805045 78.59031702800581
125.63099078642662 24.61031143531145
89.48460200675682 203.16155897598907
152.97149305328125 60.69917146210682
98.02903251489492 50.2574658437821
182.8151462651502 82.16436139503894
68.55044359749476 248.67196913131477
85.39614653429304 123.29450538952466
229.34765835750744 244.00571744274689
196.82977181838635 238.1013310678746
84.46805844237201 162.98841285548184
20.143960381079378 156.46336495993546
183.79592904664958 160.08016713975283
129.947074147549 4.830752789700882
133.54873445498947 84.68598235363758
190.77913755903012 96.32893611186755
242.42621807866925 172.27029531098083
171.04549874310098 187.3038341019364
133.2282070689679 179.02261571534734
79.8904088150686 137.30803916703346
43.08059734322392 221.0876008962532
75.4172270553973 120.43087500177654
95.54622513765499 106.05039631208318
188.3138423920745 32.56573310135613
181.5533792220383 214.35583885197
46.175752437708134 75.5994052612834

97.99889700859607 20.079141592428545
199.90963728357954 127.73366702148628
96.33968463286833 133.54979509566328
192.49703518059684 134.65093512710806
179.0324557661053 167.98935120285518
140.20956014684907 215.03374642134415
63.976717369656846 77.67296240570259
128.50033847406476 17.645169828578748
88.45919871898472 202.79475942323313
144.9040850888365 61.873992722226156
92.28289346490543 44.21528969190902
181.30897144205963 84.6457291651638
66.14180090690245 240.76660927629558
86.87443089927679 117.17938580532167
226.85831875373145 243.38890756214073
196.3574733479476 242.9627291713673
92.08847145315139 166.4521472731053
17.209272070933313 162.77416079061558
180.45963910866607 153.234957636021
126.17647198761523 3.489662847375424
131.12222360078468 85.66154150619454
194.25590934998982 92.96479879406819
239.52312538239534 178.75023333835065
166.2200781835651 185.7493542549973
130.46285824142052 177.02529735939535
80.05880204405754 131.06625069600796
42.618934308275456 221.52548258621133
79.76889730065362 117.96220795315102
96.70112895264462 105.60725199171483
189.07073511148275 37.81167714134409
173.54168978394364 214.308220935078
39.39808249405688 78.6525977318553

653.7453921809918
27.317540522712648
628.67366545632
63.19430024635133
1066.8858917689583
1126.4178945894162
242.36743307231677
1181.6578761182639
1064.3282259463845
1173.409011373218
351.4599195097078
122.29894096695435
688.2967306947796
554.1415676131033
973.3501089656082
1042.3859861085452
457.09242480201345
144.46283650425522
781.4242331865248
348.64135457190616
824.2882710395854
286.6994059085261
314.5744019859381
470.35197430183285
565.6064097736983
1057.8663699761764
749.5600284412318
286.67770500785065
831.6548845218249
16.159118621995564
434.9468628243755
1035.8950658308386

8.6 17.2 36.0 72.1
17.2 34.4 72.1 144.1
25.8 51.6 108.1 216.2
34.4 68.8 144.1 288.2
51.6 103.2 216.2 432.4
68.8 137.6 288.2 576.5
77.4 154.9 324.3 648.5
86.0 172.1 360.3 720.6
103.2 206.5 432.4 864.7
114.7 229.4 480.4 960.8
129.0 258.1 540.4 1080.9
143.4 286.8 600.5 1201.0

2 5 8 11
5 8 11 14
7 10 13 16
10 13 16 19
14 17 20 23
18 21 24 27
19 22 25 28
20 23 26 29
25 19 31 34
27 30 33 36
30 33 36 39
32 35 38 41

