32 3.0 0.0 1000.0 3 160 240 100

151.5572328134905 26.22854400628291
213.78427006750928 176.43720671554848
55.72485770376542 108.8088984917012
59.893911999905875 138.55087781541093
213.7780141513379 98.94150303484459
14.208893724961758 164.7454046724852
38.8698214257355 240.45233850826057
12.894179433388913 138.35869261766152
104.24238486081536 127.84805655574729
41.50900662004545 209.18086574802135
73.27233183471039 79.38624252711529
45.558948510499576 190.1887813999183
172.23718993658295 135.19757727839715
100.00769883930654 158.4300441796893
56.24649664545189 159.51389090041073
215.3923754012898 74.56347801909419
243.99179247906986 84.95276570225455
137.60850078123028 25.22004245978912
176.10974653950942 185.53088718359982
53.57305485205324 234.35954283401585
5.103540575259996 26.384037909563673
64.64288429130349 233.11220939459307
187.8133773178047 210.99559057579557
22.958208348389103 191.794500480209
35.605271463924645 233.75209747520458
128.96607987398957 177.50338310844927
28.596356857315097 236.4009607255197
216.72698311971243 2.958890494731331
92.93140271025796 7.497903037812309
170.32626529294518 98.12943616800277
106.15238184798808 113.73384484555157
208.53010994239995 177.82878405947818

144.22661309305266 27.057203844504468
209.22864865945095 178.5641893955103
54.43071813080363 109.90077212647655
61.210113631039896 135.06273520566697
209.8410369359319 97.54385733678234
19.289627157650397 169.75300607822217
35.672290862070135 239.09941156051082
7.906520451830406 134.85605081553305
104.11760311156657 120.63453379417241
44.07316218287996 204.22039694065862
67.5612597736599 75.51192734011863
44.75719712580575 186.37009223299907
170.92503054533015 136.7601163322015
92.43661474224038 155.20671494656355
55.83903659185782 154.04327372111098
216.6408078031693 69.05288217862845
237.9484538327405 82.511509592754
130.74783324253755 27.512279224240515
169.73274418569662 181.66900535611322
48.48071291177272 236.12990826355346
9.777524042205442 24.45406427890867
67.70566716263903 235.08143977855568
195.1694439642228 211.68448657827676
28.792552751883804 190.10839844620293
30.05706411635922 233.37407780135769
127.48631452112922 179.81200217621776
26.381002593928336 241.7604321891297
213.3124759492845 7.804895644056758
100.25986362629527 9.499839571595475
166.069150847384 97.98249274743323
110.34800773757148 109.97889043232364
210.38631154342474 180.67823355056922

337.6049898767749
782.1169518333315
731.582528922183
242.1923417504494
987.1676177342594
623.0331132838744
581.9896638610197
545.9353539022261
529.0793724965866
687.1000333684158
890.5838967123988
93.49669987608287
542.4906178136739
553.6707103089227
1110.7635578471354
961.5008407538882
833.9235543364734
657.8356608186149
131.6231593772921
478.3436579894426
573.5280209344928
1143.9920057689922
689.4575400071855
691.1791470982058
475.4209731693182
101.97468508482308
1098.7466717767543
949.07271625399
954.1739248662233
150.78623710155028
540.4590668785489
939.6408395621266

8.6 17.2 36.0 72.1
17.2 34.4 72.1 144.1
25.8 51.6 108.1 216.2
34.4 68.8 144.1 288.2
51.6 103.2 216.2 432.4
68.8 137.6 288.2 576.5
77.4 154.9 324.3 648.5
86.0 172.1 360.3 720.6
103.2 206.5 432.4 864.7
114.7 229.4 480.4 960.8
129.0 258.1 540.4 1080.9
143.4 286.8 600.5 1201.0

2 5 8 11
5 8 11 14
7 10 13 16
10 13 16 19
14 17 20 23
18 21 24 27
19 22 25 28
20 23 26 29
25 19 31 34
27 30 33 36
30 33 36 39
32 35 38 41

