32 3.0 0.0 1000.0 3 160 240 100

59.456346139556885 23.714630250138118
100.51277951561934 69.8141835919123
207.0869641208964 58.56931896552972
59.414118525262516 222.97424671198328
79.07176930412763 25.908082551345107
221.86145274975857 83.54660378619458
223.92217543360877 218.17872310866377
109.95870697607171 177.40596762752676
35.600237212044 222.6076644525732
139.3627490282951 189.23930328304195
136.63107258787284 139.13561942361693
218.72956316753164 123.31948511002605
233.56598102790537 98.1990541507576
18.412821989520435 211.2300681869877
140.3403770985544 97.83982829935015
185.52584334615264 173.55188023367612
152.10064432707665 73.96184528689994
176.6191421489101 230.20430047119703
31.259798356102237 222.97498653299365
198.33983147400212 49.94702137772128
159.76417963253374 85.57704663478124
230.64310139074828 135.56728861536425
60.19259175630498 12.458573814421891
105.68594617769081 207.27002355144867
123.59576934925029 131.77177505223605
101.35956679974834 98.92680129177747
155.61979328752483 19.701226998196013
148.8747567728399 196.2447152591592
132.2360775569444 195.6445722942109
106.18332085329402 197.0719295653808
59.14393971352116 199.0109877125176
9.699365674152915 25.176284169994428

54.97132326090326 30.27201662129547
96.11338816090797 65.8110125827199
202.85812855896467 60.23122444846868
66.49242300446268 227.63085784525626
74.77252504757023 21.652618257729795
221.59142707837174 82.29377222323403
231.5171713420366 215.09836837116393
112.26238622026987 176.4072895915416
31.133560977968074 218.20799212816755
134.7386231264602 187.6422893594136
141.81932516477877 135.9503078245761
215.08028986349623 122.17078152400678
228.64843544654875 101.90436799821515
13.120219919975028 211.09705671310093
138.64067022937607 102.41784767477313
178.9981542016622 169.47070195910268
148.22560912241056 69.68676176321415
172.07151923437917 227.33915169743747
39.48330150264326 224.38493790183654
206.60461534625355 51.437388975779456
166.47852183275202 81.02482472582426
232.00700464817302 143.87429747387628
64.55911242722608 8.98104427895402
105.77595730729539 210.57851003507284
129.47758595378411 129.3979625418628
102.85416330432717 102.58612958703952
153.9170624846778 15.430957103651888
144.6981669481378 193.88246735023594
137.57564981019286 191.16827378046838
101.02428920601209 202.2543070615329
59.19962437235121 193.84524440650597
5.5651296100901195 31.31259864020927

482.904393296679
420.783623103884
678.0991849017271
248.78433239187447
241.76353503180852
614.6092205001743
1172.6174908063938
243.22840544762448
977.7773760271953
270.10440179898654
680.7039630854086
34.192183196479306
1073.6899532283358
1089.5636626878866
915.5916745259486
138.5369048953661
1076.4058676387867
966.08863105421
586.1642639813531
80.71287124236595
1118.312527327926
172.66546265918413
613.8914549140012
693.0462193923809
905.1106068007398
155.9192846696475
718.5403141967729
98.37093267242342
1124.2214324228748
618.2785190083231
936.9463763107818
823.0328921852564

8.6 17.2 36.0 72.1
17.2 34.4 72.1 144.1
25.8 51.6 108.1 216.2
34.4 68.8 144.1 288.2
51.6 103.2 216.2 432.4
68.8 137.6 288.2 576.5
77.4 154.9 324.3 648.5
86.0 172.1 360.3 720.6
103.2 206.5 432.4 864.7
114.7 229.4 480.4 960.8
129.0 258.1 540.4 1080.9
143.4 286.8 600.5 1201.0

2 5 8 11
5 8 11 14
7 10 13 16
10 13 16 19
14 17 20 23
18 21 24 27
19 22 25 28
20 23 26 29
25 19 31 34
27 30 33 36
30 33 36 39
32 35 38 41

