32 3.0 0.0 1000.0 3 160 240 100

200.02649953289864 112.45809728022229
212.75390525230023 33.04383768963831
239.84943775364363 138.6144132852654
45.65223698019036 96.22732772641595
35.662704809792864 62.52658620274007
175.81949161374664 83.17767416140126
209.3332351634293 237.39969023561025
168.22002986714745 99.01939396981005
184.08365802358662 156.85940386380636
185.34025983465062 193.57314448485317
24.499260856466478 20.1135738594439
220.4113183293381 138.0467753178429
126.52768311180029 156.7560344909623
78.70271259413245 207.7803597285009
229.9694651770922 64.80842420506555
203.8657364089709 127.43464712610592
132.85496182448554 118.9224972353943
29.800679797707787 192.19052254854208
52.19238947912877 82.66463924682657
225.46747098370838 47.62583947704393
92.69556222688679 87.15004897078407
78.41148512617299 65.98847900747893
206.64795645866116 18.716015063624912
23.125552613820876 119.99147056239426
60.981428954235916 97.00740532295987
162.2727310689756 105.18755820223876
13.938398872686136 200.7073645646715
55.537349808838066 242.0341744783141
88.08055353093849 186.7214598494511
162.68897640626545 12.493907355396322
93.77616858630967 223.8472192956143
231.40556208031566 179.64566539418976

197.9845641394956 118.90815400227295
213.54736412307284 25.094880337718838
235.12320847948314 141.00681401619357
44.326349653003724 91.85799451838186
34.30585915315273 66.0100465370933
170.9299890716031 87.72089258899376
211.56926206195337 236.96047213836974
174.9292536778606 96.55043923752591
178.13538096438674 152.91090665233386
181.44194226424025 196.60805716789883
28.211467124495737 25.24225474825201
215.17689657207592 132.01248114502363
123.23409772806157 163.3864279252277
85.82463220761343 209.60978873597864
231.99601635346556 71.13138441630876
211.69616152026586 126.90402815953932
137.63272020859088 113.05555960103547
26.751859061292212 185.1568201906477
56.18578899056356 87.2264704769237
228.10950304761678 54.84301023799415
95.42272507948518 91.43885595293486
81.48561363304881 59.15894326530796
208.76356087095044 26.700242980313842
14.737542529530302 120.16830768725029
66.42095270800452 98.41356793438425
156.33913353741363 100.90137057385265
17.312675519071064 203.9243296847142
54.576283111415854 241.7067213956565
86.44009061240592 181.87242973379736
165.5992741903282 13.98041569598385
91.53655449633499 217.4550279866763
225.01325735331068 176.37098655242733

68.8
68.8
286.8
34.4
72.1
260.3
286.8
36.0
114.7
172.1
229.4
114.7
540.4
129.0
51.6
286.8
258.1
17.2
36.0
137.6
229.4
600.5
68.8
260.3
103.2
77.4
216.2
72.1
229.4
34.4
36.0
103.2

8.6 17.2 36.0 72.1
17.2 34.4 72.1 144.1
25.8 51.6 108.1 216.2
34.4 68.8 144.1 288.2
51.6 103.2 216.2 432.4
68.8 137.6 288.2 576.5
77.4 154.9 324.3 648.5
86.0 172.1 360.3 720.6
103.2 206.5 432.4 864.7
114.7 229.4 480.4 960.8
129.0 258.1 540.4 1080.9
143.4 286.8 600.5 1201.0

2 5 8 11
5 8 11 14
7 10 13 16
10 13 16 19
14 17 20 23
18 21 24 27
19 22 25 28
20 23 26 29
25 19 31 34
27 30 33 36
30 33 36 39
32 35 38 41

