32 3.0 0.0 1000.0 3 160 240 100

100.32653065894068 105.60914873731974
137.4923653699378 149.36700662172524
85.4396813511222 208.1237672021492
138.21914234060213 79.08904473606265
107.54161972437848 220.9106996805435
113.60604331630623 221.82204904039278
10.272700771691955 46.65487603519489
218.4755889186342 240.77274978345955
164.13799400449605 148.58868866133145
57.99145612889248 40.844313241247875
188.68031099071084 154.31023157689347
160.11509901900934 121.87108879458061
35.88062980327481 202.23416214847737
176.55390050327094 129.54601674428565
58.794519680157784 48.92532169621489
200.48701057982416 239.9486809570445
19.961062089328742 112.02127171452575
11.362344043269829 90.59947424205292
68.83726101015164 41.88757105722918
180.04704282627364 95.16095049475915
111.06681332440141 69.84527753168415
22.390595104614718 36.12985617695536
6.753822862165249 154.7289031535008
74.67206789705166 44.01954053774304
102.9296167985926 40.43063007488909
12.888386925876267 18.85682622244281
7.746084947739873 1.444093251232792
194.2630756759815 99.13731988493049
213.35708635704978 25.448407848980114
54.73584312781646 43.10997718062243
144.36337854700875 124.1255381701426
180.58719696913408 91.7499324693861

105.54943143644347 105.27350299220484
137.23728118481483 148.59974265693836
81.06612022222312 203.04454188679944
134.39044383491543 81.84238670415778
110.09274119100371 227.30783325285975
107.87843339311377 227.13526341183209
9.515936589311963 38.63310185981133
211.22850541835908 244.786447383036
166.25800739558034 141.16919684291187
59.35476972437548 47.70435082067564
181.9766095586887 152.8849423748149
157.41657134136565 119.72896213066969
29.88666990886793 205.5847720752429
180.86566971855052 133.41340306876498
57.92251073892607 41.50765345289134
197.3496710744214 247.33761726968083
18.925773075725573 112.76854370518465
8.78278832626922 84.68335389511486
73.8735787867464 39.62909054539646
179.4674058779804 94.74869659191137
109.80101803678882 74.12214560020331
21.436066257662922 38.127162192990035
2.1577220748356662 157.31827212715058
75.3891374423171 40.41631439924717
97.28733867842315 34.42568721893155
16.83308605515585 19.25104415437967
13.94461862568952 3.6374293478543542
187.51034195285195 101.8696856236235
219.42019368768314 20.4446235123448
61.47963209404525 48.16553712014013
144.5156446198794 124.14495489317484
178.180405993746 88.37788735041352

34.4
51.6
68.8
144.1
600.5
114.7
229.4
34.4
137.6
288.2
260.3
25.8
51.6
36.0
260.3
72.1
72.1
72.1
72.1
286.8
36.0
34.4
540.4
600.5
129.0
129.0
288.2
129.0
137.6
25.8
480.4
51.6

8.6 17.2 36.0 72.1
17.2 34.4 72.1 144.1
25.8 51.6 108.1 216.2
34.4 68.8 144.1 288.2
51.6 103.2 216.2 432.4
68.8 137.6 288.2 576.5
77.4 154.9 324.3 648.5
86.0 172.1 360.3 720.6
103.2 206.5 432.4 864.7
114.7 229.4 480.4 960.8
129.0 258.1 540.4 1080.9
143.4 286.8 600.5 1201.0

2 5 8 11
5 8 11 14
7 10 13 16
10 13 16 19
14 17 20 23
18 21 24 27
19 22 25 28
20 23 26 29
25 19 31 34
27 30 33 36
30 33 36 39
32 35 38 41

