32 3.0 0.0 1000.0 3 160 240 100

72.59768839490945 176.11470350515597
101.9845325077943 95.67297950505385
248.37837290325857 6.456701558407385
237.10488725882126 200.00438379316213
190.00989085876026 210.3908071729074
175.19005561742708 134.0830140176288
29.170859138816617 18.036450418374457
180.97514809856006 217.12902205063406
121.12763977777227 213.8663869932102
36.74979661201083 153.83070303355248
212.13844734423662 50.690223441265644
183.5201566537384 117.37933429072756
152.30922316970106 200.13950145100964
83.59469501176764 143.53277321134507
173.149468154385 185.51749144392218
2.456383139701257 75.99654296057645
159.96058695542428 16.691735005079284
242.2401835009384 117.89705115148588
77.89223929103039 50.760107764197066
157.06468560645263 130.6923213910329
86.81323636563287 84.47506342938718
185.55167937459748 185.41417500114585
232.21793439928646 8.82439487123768
160.56899506002122 165.08171919302902
107.53248395137396 177.77409002248956
240.26973998394413 5.229490311333462
66.8648434859363 187.55176091986235
232.98574023296973 210.99551068098916
185.26682699744893 39.83458665205789
120.41640279046636 116.58148095529408
173.55147758919492 178.1032973354247
150.6870622327319 163.8511917443636

68.09628030412593 180.60098803490789
108.29401566337174 90.89734463169214
245.93027000650892 1.818807559643254
242.70414036099095 202.53956744743692
195.06123194766357 213.7677135922462
175.78777423740868 130.91767980894573
25.234183024360394 16.915477844806876
175.66353250048124 217.14815254769798
115.88170934599667 210.98177348964524
39.73212621822022 150.7950159164262
209.73204430376978 50.108226181381916
186.43602672516937 112.10837615764926
150.87330387990963 207.2801642982074
83.5198039214964 143.60692256950358
173.25096272825965 191.7920593691436
8.386633455808672 72.12640973045673
152.93805937732165 12.149166459557048
246.32326631115507 119.51536352526631
82.20649983069542 55.6956384162601
154.40896078134662 134.3432737970911
88.42684624903272 82.09659711638137
183.8462106705113 182.60242942947306
237.82676846747952 4.379235349962651
162.98857071529414 172.63118816900555
106.53745529918163 174.66062603525458
233.7764803614158 7.192455220502686
68.34002346051274 188.58445506386343
226.141391344646 206.3154454516277
181.67042147341627 38.284371307910845
121.99026931629558 121.73446345231434
166.98155894417673 178.15800113082153
148.0591456937052 158.67376353006824

108.1
154.9
8.6
286.8
432.4
324.3
8.6
260.3
229.4
34.4
114.7
68.8
172.1
77.4
480.4
480.4
129.0
103.2
600.5
34.4
103.2
51.6
34.4
8.6
51.6
260.3
258.1
600.5
17.2
34.4
432.4
51.6

8.6 17.2 36.0 72.1
17.2 34.4 72.1 144.1
25.8 51.6 108.1 216.2
34.4 68.8 144.1 288.2
51.6 103.2 216.2 432.4
68.8 137.6 288.2 576.5
77.4 154.9 324.3 648.5
86.0 172.1 360.3 720.6
103.2 206.5 432.4 864.7
114.7 229.4 480.4 960.8
129.0 258.1 540.4 1080.9
143.4 286.8 600.5 1201.0

2 5 8 11
5 8 11 14
7 10 13 16
10 13 16 19
14 17 20 23
18 21 24 27
19 22 25 28
20 23 26 29
25 19 31 34
27 30 33 36
30 33 36 39
32 35 38 41

