128 3.0 0.0 1000.0 3 160 240 100

83.03529066800728 28.42269018423749
127.23021434535389 72.55501584612145
2.9201899804136566 174.7809511009875
219.68448670569992 11.827310562066318
90.8812436305756 222.8057495555238
132.45616128868255 31.070019440278124
193.49343694714466 42.353272319089946
9.953040316170892 100.16200145251395
29.378151212280017 237.93647967635013
117.48951412085314 50.141265400180686
246.85220603419728 111.50864712932454
113.9774997174583 230.44982490174547
158.02950865846475 31.271532253309946
223.1104666163077 161.79497594702383
150.67232631816387 17.592403053886237
146.70622298650542 109.96009319118937
139.2395422372215 80.81289429497131
24.030028132160485 16.16923801372222
135.70351020136494 90.80957004450329
159.73844797149945 200.1520321489559
239.19636542832257 81.00045531152209
123.61817422516866 184.5996595559155
134.779967634984 204.1467504188931
93.3634190053714 102.56853073241301
117.18236760008668 146.94147713401995
153.4535482581397 122.5485185304136
147.20856494847837 237.17761556141366
247.35499360424473 132.3967854359063
0.882425721729807 141.28722022864395
178.6319328188899 210.90830058876276
148.84170586537755 138.08393724238078
159.25788433655154 20.879585131187955
52.697280893445914 240.5053697688265
195.38408639854214 1.9025387297293972
172.3467229909999 26.725672868242235
116.9552084243157 150.67803006484633
91.51250914476691 226.45135232128368
212.30331319955138 88.13686894863285
207.20306420044778 166.4095614477209
161.6121888311512 86.62422361197366
128.46060811214844 44.87427986196926
232.1990019194738 1.3123362697055607
30.623525250805834 54.02596969631726
42.674479802176066 245.43551349926156
152.15214032816309 100.56332535001216
146.48950356316394 20.650393539852846
166.37203973640675 42.28977956114352
41.314758734075696 140.03419388584427
199.84296965121158 35.0509852879112
180.30675428420602 136.81251553817197
176.67137946368416 149.87421204653324
196.73993389689036 162.5798222501592
167.2273684100173 182.56316297102074
26.270776445151938 93.93964989115833
170.45758874123206 83.02076002046041
25.310963660501116 15.831817285993699
180.53607628601165 120.39140121167155
121.16604870320197 121.3212382179708
208.30871799765836 29.94197926611103
191.2393523584507 18.853228866562404
246.38383831927095 21.411625149043516
37.72181665221069 65.28251128885343
53.219914505336554 11.686096886578845
179.44532754080635 33.36826263657225
178.37189331215384 229.21161645264587
90.42699869958454 53.22910092261124
125.7119302840144 171.34232390954458
150.10612816422054 26.093833294848018
128.56710615605184 32.622465394513135
42.18016333023181 207.66398527390325
24.136557722825856 135.10349549846472
230.52284185992417 45.870498175970944
104.73167799841731 61.73158878750626
146.71447317675063 154.52420067021436
14.289635556432895 104.92333230224062
53.73644337044292 13.677050812849117
127.08655774913218 108.49502665780066
16.902786671370297 34.95148688030808
245.37849328666127 157.52967700924057
147.50353498908734 239.10585394528053
139.5514722535938 74.51219446971302
214.25305401804852 32.84569483558769
88.93522795493219 202.2539754382475
113.39787591773809 200.96296765300997
195.5813083178098 124.17661811777572
121.61915639477705 69.50436503086391
64.63338847465167 233.73179709349674
206.46400020756855 178.51524515659818
132.44621014040607 63.213077903757714
172.2458199757542 219.359559064362
190.07672513158343 82.98928806949496
79.76712375608133 49.979477922478836
107.45571420307375 70.77632858586824
98.55143481739553 249.64468159554147
226.9107977041818 41.14730469023778
56.59029898645371 61.58315233014755
53.874536760743275 30.554332639099513
192.23167386267085 238.3708613219712
163.78322645015723 142.83865521242816
176.735798679017 73.30577058728932
226.16987563199018 148.65408288880033
173.6482004961307 101.32868613367992
219.46022631852043 181.79014426594037
228.73536973259107 113.2006683004986
233.35324024984703 152.67312828057578
136.0339438138429 221.6710374836636
77.9282725226044 247.30173830992047
92.87898497101726 25.434539621480983
68.35512012303022 64.08739393296256
2.8109734011677876 174.81878401384344
149.31234461166295 61.93251525484889
233.33756043582366 99.19028238623898
229.9503520773952 104.47808249568857
82.15270107483941 166.44962831251797
15.267637862564658 97.34742641160047
188.91042644950616 201.6384145126133
142.90991131564738 179.59506819551297
11.458169607651975 162.92094916260788
65.48599430890073 175.3409090221664
77.76988528462947 212.15083966497482
12.736029618472589 42.271533748508006
125.7617129255618 87.15541806194784
150.78747426920168 178.96020134483743
213.3706418628621 199.1542959342484
87.02994594041114 134.18474376352546
55.06949194313626 233.03316871804617
146.47393171514935 110.83381738346887
65.00904174518007 94.93944380711342

85.88084847620284 26.602177780746693
119.44453266909069 75.66811626011963
4.668149327269166 182.55261287489392
221.1849631817347 10.655208768987373
85.11744800060848 225.3423753860731
135.02416195828874 30.488936209340512
193.0404706007673 36.04958302304567
5.928652259685641 95.42827939888376
27.524692527172185 231.12081406742536
121.39186957717754 50.864925536887625
247.46043319913588 104.29031754546095
115.1635850561894 232.78538799697372
157.33271174812631 28.38681221821096
226.62839940519004 156.94167271051293
145.21320925969582 16.82688547063893
143.2428573589137 102.36590411228983
141.14335820150234 74.75765322977863
22.061328597473118 15.766751806933211
133.9128194788355 83.19561407706067
151.7623903277137 200.91585972520267
239.5839802259443 85.78916984492996
123.78034908058633 187.77669463604866
129.0391101367589 199.05199419216996
94.33660798395394 98.56945972635927
113.75838462397105 153.63730770764056
161.2824480908502 125.2931665296319
149.62490445706808 241.37259258977633
246.47742052481465 127.42326007116417
3.954991985670453 137.93353682819316
184.85054536211433 208.74599860537424
150.6341691643106 140.67536276012493
167.42402645944503 20.976234106628272
57.669158395441094 238.99699049060948
193.80539573054998 9.301461085117923
170.53932696384928 22.628110292194
116.0844589510694 152.3005169542505
96.82513901632625 224.32200327702893
209.06345266962938 85.60676023590422
211.27945694295138 171.45775765165538
158.03789317103008 92.6216727709048
128.1944622811916 41.61659902238712
234.34748369739253 6.239779192030392
25.213525754993775 47.9074732256336
36.02974973569112 243.49386847658943
153.32611792401036 101.98465896691253
140.29220445258971 25.063646619437634
166.48223881376722 41.395763196333704
38.60227224399415 143.5416545012305
203.71752142787795 28.734862108212273
180.9015481890881 138.26868476344114
172.96267748104384 151.99122204222587
194.79861124937275 170.7232330715769
173.21003350167376 177.10237217002813
33.20878921805354 94.29594288174279
163.48141354741753 83.1375354981659
21.67753333885583 21.972393389135313
187.5396681165165 121.53068160362326
117.36434436271404 125.48013976135117
207.69808367937117 24.207364633060475
184.41548534544472 17.174246716087886
242.77720629574262 22.023658680921766
40.91377228971185 65.51565605206503
57.650124880420314 8.446647847887151
175.92732789125384 31.024141125061465
171.32752147129634 228.600207368296
97.16710433939122 52.592799447106984
130.16504425333056 167.54326429149268
148.51684360786982 25.731767951710783
127.44600211833465 37.50500920282063
48.31773701357708 212.74493920551083
23.343033076297203 136.7307433832645
228.72799810361872 48.247637300717486
108.76819898489664 58.72123601435803
138.85398788085675 151.9402812191302
17.226832704553637 108.32146219290578
54.1595278352002 10.027293600787107
124.67099307471585 107.4753125822994
16.918751832714406 26.553416436787103
239.88653586573616 162.34556949450553
144.74659768902725 241.5357560388885
134.66309112253987 78.22983545090686
221.47195996726532 32.27929614111982
83.52470827921505 203.41953327084582
110.37656840606869 198.2001970606895
194.41954026471788 121.18778043024051
120.41823802452143 67.11777674647904
61.58618464450688 238.77320972830677
203.035509969949 185.37106231248512
135.06944690563583 67.70529487643128
170.29320005520364 218.97991391007258
194.8872867829042 89.91979064097528
72.4862436590405 53.53655625988748
103.79181941871343 63.46002609183657
105.7566968738724 249.43235943940238
222.76338453952164 45.27368972349116
50.54701462269773 61.788618248576235
57.6892626541913 26.359409015661416
197.97394610367368 236.10483520007432
169.9715985722371 140.80304142643655
177.06706008801063 66.88932280374883
229.89999069543805 141.62858225046867
177.55181962687183 100.3709484035815
213.99982722765535 182.7352653769086
227.06154004601015 106.19232960705432
234.86609147012106 149.17476904657468
140.6678475782361 219.64513341685685
73.47000386980201 244.365773975721
88.81761903732959 24.89243849055031
66.12453179650385 70.20687164051121
4.3585455901230254 174.53798194467174
155.7009040279458 56.410960935714655
237.87731245322567 99.29548757637987
231.65596006221799 100.25984690588282
81.22620530820781 171.6932285872649
17.25924423194858 93.57820812867182
185.36966333869813 200.5102135127436
145.23591493218848 172.3615711434508
15.398244249329728 158.99420347887292
64.2211216606467 180.30270028999882
83.15337736253267 216.62476667731363
10.453887178942356 41.07864594799101
118.47696011689126 90.45431381092858
146.81242373810474 179.05006797353792
213.35285979936666 201.85460114386044
83.05495004758892 134.4782085825816
48.97162500711258 230.8968728674942
141.13355523210754 105.46157186654445
69.15489528755941 97.44782287407396

17.2
17.2
129.0
480.4
17.2
720.6
129.0
68.8
34.4
34.4
103.2
144.1
258.1
114.7
960.8
72.1
288.2
864.7
51.6
286.8
432.4
103.2
206.5
720.6
129.0
103.2
288.2
480.4
286.8
68.8
103.2
1080.9
72.1
77.4
137.6
68.8
144.1
206.5
72.1
51.6
129.0
108.1
480.4
103.2
34.4
288.2
324.3
324.3
258.1
864.7
540.4
432.4
51.6
480.4
1080.9
1201
540.4
17.2
143.4
25.8
72.1
324.3
432.4
540.4
143.4
229.4
103.2
143.4
1201
51.6
600.5
86.0
206.5
8.6
72.1
86.0
648.5
103.2
108.1
25.8
25.8
720.6
172.1
34.4
540.4
77.4
600.5
137.6
17.2
258.1
648.5
206.5
137.6
144.1
108.1
108.1
86.0
34.4
72.1
25.8
258.1
260.3
172.1
144.1
72.1
540.4
51.6
25.8
600.5
34.4
144.1
144.1
137.6
648.5
25.8
77.4
206.5
68.8
17.2
36.0
103.2
51.6
648.5
72.1
17.2
172.1
648.5
480.4

8.6 17.2 36.0 72.1
17.2 34.4 72.1 144.1
25.8 51.6 108.1 216.2
34.4 68.8 144.1 288.2
51.6 103.2 216.2 432.4
68.8 137.6 288.2 576.5
77.4 154.9 324.3 648.5
86.0 172.1 360.3 720.6
103.2 206.5 432.4 864.7
114.7 229.4 480.4 960.8
129.0 258.1 540.4 1080.9
143.4 286.8 600.5 1201.0

2 5 8 11
5 8 11 14
7 10 13 16
10 13 16 19
14 17 20 23
18 21 24 27
19 22 25 28
20 23 26 29
25 19 31 34
27 30 33 36
30 33 36 39
32 35 38 41

