128 3.0 0.0 1000.0 3 160 240 100

8.251061090479128 193.15998264473498
201.5467637929153 233.45900675236032
62.605303323771594 196.77397277019057
248.962658307494 111.44220225450546
187.87664732543493 216.83713543036086
72.38157516371064 218.81586215591324
64.97280349717713 241.65136276856828
163.02297041166202 88.06712911139336
137.06942554773306 227.62553841887197
143.9426723140773 24.83354529627102
99.04351223854974 81.0321382122632
48.756479568490775 67.92087546634998
174.12939775329374 231.72833604734043
56.79578414438369 68.8786346740035
50.48285552005838 21.674765695597344
223.20301542505774 137.08501245659892
115.19697304279141 68.767951685478
154.58677931204167 101.65650882124405
34.220598496369156 249.53808654246217
104.1844796075205 180.52071204599358
35.65299357861415 6.344871418224457
121.43852753213424 193.8297461088134
146.7708168904191 176.96568035388975
44.96449914162398 112.4438345091727
46.26769165443101 4.037268736955424
226.66060018403817 219.7134104760612
145.4229310857634 39.933473895674226
36.41279747393828 15.013985986167683
124.89523751628361 49.899088498683994
99.93989398080808 181.22569500045657
2.5729950942768864 241.32692729112193
58.44194538320793 36.115819640612976
94.78406773816872 194.90606222499488
133.19013363511516 93.66741137584111
236.75534757331604 188.68769326512222
86.72260487513434 26.473448751882707
94.00933488490426 0.46552914883338237
17.713413941244426 73.87443176491007
170.46021995547608 179.66762010742687
8.489182251712968 84.43469911343924
208.94921594530888 117.20773570977421
47.380169947425415 118.3483591805024
201.44886041099963 55.68353848645521
236.8583031598832 119.61705383252716
34.364714329490646 99.2959520397218
167.59117409870152 148.79326885902856
64.04262791806443 234.94502634665955
133.28823178085437 20.82991486785038
229.07709085846702 38.379201618004785
24.891987621090795 132.0183934758536
245.72113265685124 194.4987489895307
242.46749576462935 42.188946058040386
44.802422038266485 69.05326244510879
50.25393914965564 91.21038568858525
239.32004781278218 245.81502416200794
96.3844948129397 247.17206655502667
159.49118716423945 152.79943707418363
91.04543898490792 32.84056074206582
185.20905569937827 141.87992947016141
228.76704870578305 181.07198909398412
9.094810381503448 115.69585800381779
228.57305085957324 188.66029889117902
52.06589006527168 146.00627372921767
45.07940034374885 90.69078531081615
6.870144533827283 182.51179291598532
96.08324747246385 116.68462267363495
208.8580479307229 32.495234840933
101.38803797381674 135.17125965121576
102.7276998622294 144.63134364416834
62.034490887783264 235.77568177538592
1.1861190075978523 164.60718596525598
171.08008476805645 210.5642271319493
245.0291776785522 97.5739277334618
46.745700280051736 62.64357723524705
208.0307137656968 116.72089330811328
102.08263600868838 211.51857479488416
74.59866397186255 227.07069409931654
194.21803120261072 123.31046902304405
107.13176957307624 8.43620918249538
12.310817480461727 54.763637064834505
1.1852993314041271 20.125667569612343
32.45852351919803 229.56255743188476
21.681137471047634 41.29753226000993
92.45627630021235 219.03427785443984
2.5700130623382833 186.36834400625045
108.51242140286577 97.56512869057055
237.83574038789098 224.60745698000596
55.48088747053878 133.74310227862043
108.70081088637463 60.97901804559341
235.85815932741346 191.55028455661926
9.705766697663043 171.39912785444656
41.46715202722942 174.34408468223668
122.83080576238983 107.08979425111387
103.51117498828752 87.79586964759304
193.66584821675372 1.959932178031365
64.36286566487357 31.842462660329613
22.310332374955944 21.022212491606325
41.8100148254055 55.59421736472603
209.6267881224758 171.76740047239932
23.292835040692296 63.8394752953787
71.03078921787461 216.73197354801644
67.08458587376781 200.77359453985935
29.2293395096081 15.256429469385324
141.53565951127518 155.67184548683326
3.284221516985819 31.62092742233022
212.9208268286535 26.512347740950045
128.86134468671548 245.41353405620342
238.82118113440052 51.15337652099786
53.91177236093242 40.477782394741006
27.039514110436368 134.50452913446432
165.1131449895705 182.2063922475785
143.8041765400256 203.06711358251792
43.26425516547483 107.62052071979411
241.3046267661833 155.56255398503686
192.9162509708028 200.84705996149196
188.8598968435197 82.19988790494548
105.35173662265373 123.35227806875304
195.83842635614025 46.26836273293533
89.51642681118169 158.6739493791282
241.39107267162984 142.19530151920733
31.661772121370944 213.39331186334104
158.29365993405986 169.25274938091118
152.89066311729587 68.99151935331612
31.72526691276009 162.4462572005522
173.56313599743146 117.07348612764038
58.74385733646187 145.93294545218274
84.86623298257967 75.12484029734273
197.7265999142803 48.10169898327099

9.822053631623056 187.73669390116356
207.2118714946899 236.95255125005386
63.65338430693942 194.4735503046683
247.22593749134134 104.08958178654842
181.21604607806262 216.45797442943984
68.15718485529872 225.78511500455647
66.22818273130088 249.60481299618925
157.3367990918391 92.2505410923348
132.55625395617514 224.93527446838826
150.46038902545445 23.754197596755315
105.21095649043258 86.56269974953318
48.454007155286774 71.76106665287196
169.56405627481644 226.82350591731577
51.59874062475189 74.66648242725968
43.441687181477256 18.077941137305153
221.5249512978473 136.48089883501038
116.37606156718155 70.41750127047139
149.7588924860962 105.79846949295269
33.061080283235455 249.85254058205302
98.09560478824125 177.0837602512036
39.07649126747259 12.072807889785514
121.95820841583041 195.44364395779203
143.60877785725896 174.94718966025863
48.61629247655252 114.30860972120851
53.18062555521316 0.42300594032015915
231.82377748528313 219.7480016910816
138.3833223093339 36.93395302606464
37.84747112407477 18.10508256554219
122.29002474951264 56.53919119016515
107.6546116668523 180.2847227138531
3.8435848305777287 242.591385504772
62.07736634880281 33.49058720107054
102.87985102254657 192.67621022331605
134.97740074055153 92.30357945393288
232.91565836612685 182.4767613383026
84.48099732815176 31.717257073550222
88.95998019964708 3.4214381384697345
20.70315199810785 74.87782002256301
176.3257151578037 175.81356757711174
3.615177637142253 89.23379691998956
207.15920314456022 122.25484027937944
50.099884630095765 124.80490690324608
204.52656456946247 61.94854690553508
232.34220718505267 122.94942629205144
28.645641319923033 103.34851504300757
163.68257749331406 150.5516679140639
64.56033618402033 233.54485944376592
133.7514923255458 16.983418061436716
229.24450509733583 34.84447005451086
23.29172764272794 133.41164618527995
247.66800098315065 189.5610585085002
238.81921513312335 41.84009297259003
40.42736795414403 68.66473543552928
54.55751800370068 89.0332690657025
246.14838959682442 245.52183008257248
95.52815296896856 248.95156078151925
167.72008394425208 153.5269654415241
95.30288504287554 32.52932261241706
179.31296304307978 142.5616597900943
227.32298037115936 174.67011305734016
9.512978361580299 116.03693481449834
224.45615241249357 190.5600985851274
51.97082988931761 144.59501280358347
45.9667707726604 96.97761556854536
3.2314287676539766 176.68475045803692
96.14072105593775 111.65279056911152
206.2476351357394 36.592397647287555
107.76698977279125 139.57968967373372
106.32407008377184 147.78122670600416
58.80228977733101 237.23734753096167
1.044898397037558 161.03366823062638
174.11452207849328 212.40434113359518
249.24289712567182 92.24584754375051
53.94519961879615 64.72743205638653
200.77789012672852 120.16914535676787
94.12169020096559 212.80311284954058
72.61236280817643 222.48713805231407
195.1628213214001 127.92122698920045
110.9495650469893 8.872256923471127
17.449801487372437 58.25536416905669
2.199232592634881 20.09120466374789
31.4843076255128 225.2632627933844
21.990795328701434 47.389820817099334
86.85761344393109 221.6969367361019
2.849288117073301 185.50250013197552
105.06170134413065 95.54081587227518
240.60044775939664 227.0813529303985
54.61589154328703 136.5802828211979
111.84207223636236 57.22412759305559
240.61516301390535 195.706669686866
11.293784993998468 164.30053904082453
37.473836182765865 173.8629653133476
127.65457628519661 104.20869297246016
102.31154785200086 79.98260114676853
190.8579412423972 7.772183305549407
64.6571675626187 39.566678794371036
22.223496116195534 13.517672132472763
45.57003022743686 54.1072511008186
216.28197145996384 173.95349053396617
29.89774993228317 62.57127400515999
73.63016641937296 211.7487929997324
65.39765231983303 198.1185367023465
21.852684817676632 14.05970283027716
142.66657637619284 157.44068485265032
6.8333001623256955 38.51326777370187
218.62210915174822 25.25770991472956
122.58393283111863 246.89147425728996
243.9728020929593 53.84586981918893
55.64690212351361 46.771771498042874
24.250017181880633 128.78785917141053
159.7992748311729 177.80226930538396
146.04212018892022 203.11392019144347
45.25531546929529 102.14395913575646
243.42556962071072 153.43409487303018
187.45086314897407 202.8818320593394
190.4158218404526 89.40771926098063
106.75432265952547 128.77038730478142
196.9704600314376 53.99530807554168
85.53382298099652 151.6850135125634
237.49193305327702 142.44487404936675
33.000543595766985 208.22569264865484
154.45896932830547 171.06888254197662
147.7913655044334 63.98912769504839
31.44279226769961 170.58413274547905
167.5303539403526 122.65416477746093
65.93011731441503 143.5796261564976
83.08884233999369 74.25796772984913
191.99638181209477 44.60563780025004

36.0
137.6
34.4
216.2
172.1
137.6
51.6
216.2
114.7
1080.9
36.0
72.1
68.8
34.4
51.6
480.4
216.2
172.1
288.2
34.4
288.2
154.9
288.2
25.8
1201
154.9
103.2
144.1
137.6
286.8
960.8
480.4
229.4
260.3
576.5
129.0
34.4
25.8
480.4
8.6
17.2
260.3
25.8
960.8
206.5
216.2
154.9
103.2
600.5
154.9
143.4
258.1
216.2
103.2
258.1
154.9
172.1
260.3
68.8
216.2
576.5
129.0
143.4
103.2
17.2
103.2
72.1
648.5
72.1
960.8
34.4
1201
72.1
86.0
77.4
480.4
129.0
648.5
324.3
480.4
260.3
216.2
600.5
144.1
25.8
648.5
17.2
103.2
432.4
36.0
864.7
1080.9
144.1
286.8
540.4
720.6
143.4
129.0
25.8
68.8
258.1
68.8
51.6
576.5
864.7
432.4
216.2
216.2
960.8
286.8
432.4
17.2
72.1
143.4
144.1
960.8
144.1
432.4
864.7
17.2
286.8
229.4
258.1
960.8
216.2
229.4
480.4
172.1

8.6 17.2 36.0 72.1
17.2 34.4 72.1 144.1
25.8 51.6 108.1 216.2
34.4 68.8 144.1 288.2
51.6 103.2 216.2 432.4
68.8 137.6 288.2 576.5
77.4 154.9 324.3 648.5
86.0 172.1 360.3 720.6
103.2 206.5 432.4 864.7
114.7 229.4 480.4 960.8
129.0 258.1 540.4 1080.9
143.4 286.8 600.5 1201.0

2 5 8 11
5 8 11 14
7 10 13 16
10 13 16 19
14 17 20 23
18 21 24 27
19 22 25 28
20 23 26 29
25 19 31 34
27 30 33 36
30 33 36 39
32 35 38 41

