8 3.0 0.0 1000.0 3 160 240 100

9.139135883551697 234.05670485126512
219.78960439576764 53.93449851649743
196.71305073665079 54.030881985455885
146.13159829700297 129.20771009712266
47.321402721971076 106.32887020876706
10.020748620925806 181.2689801264457
212.22968713522476 218.0269811541493
144.86942356923385 113.66948449607675

11.234863331012313 226.32991833741562
226.3338763520347 50.061143737156726
195.10082955190788 58.49745106492305
144.26392920668775 127.81161894157434
47.57454505718839 105.20675329096044
15.743504833643286 179.3306035210509
209.31259239048484 224.83262907185173
137.6419608511973 116.24187770751035

289.88461167137774
204.4812477303996
434.40448416977677
685.6866892025859
1015.8192775320923
343.8005865307574
39.55848568217109
328.5787302099839

8.6 17.2 36.0 72.1
17.2 34.4 72.1 144.1
25.8 51.6 108.1 216.2
34.4 68.8 144.1 288.2
51.6 103.2 216.2 432.4
68.8 137.6 288.2 576.5
77.4 154.9 324.3 648.5
86.0 172.1 360.3 720.6
103.2 206.5 432.4 864.7
114.7 229.4 480.4 960.8
129.0 258.1 540.4 1080.9
143.4 286.8 600.5 1201.0

2 5 8 11
5 8 11 14
7 10 13 16
10 13 16 19
14 17 20 23
18 21 24 27
19 22 25 28
20 23 26 29
25 19 31 34
27 30 33 36
30 33 36 39
32 35 38 41

