8 3.0 0.0 1000.0 3 160 240 100

111.3847498373654 123.0484755016174
137.36409598749447 14.337090526146373
101.87469199124655 135.0080929469022
32.3774654645814 108.0395349635782
194.8049093556328 105.07018585476519
243.58716983893478 144.40360529552856
164.12424514476137 157.39842218324208
74.86132318964076 84.15311265792083

110.04361014898231 128.91188997488163
141.50319980895674 7.755661850973844
95.91652266775746 137.8666722220274
36.46639049047862 102.62319574558501
202.13195865305212 107.75823055271358
241.01020274507718 142.63420319582417
165.06109373169437 152.5574893450894
78.31984926554783 91.59902672808057

783.7163031800872
769.1774572469322
648.0573701190254
771.8131265618355
78.35655350676197
300.2493879709142
663.9345298101805
310.3658078958129

8.6 17.2 36.0 72.1
17.2 34.4 72.1 144.1
25.8 51.6 108.1 216.2
34.4 68.8 144.1 288.2
51.6 103.2 216.2 432.4
68.8 137.6 288.2 576.5
77.4 154.9 324.3 648.5
86.0 172.1 360.3 720.6
103.2 206.5 432.4 864.7
114.7 229.4 480.4 960.8
129.0 258.1 540.4 1080.9
143.4 286.8 600.5 1201.0

2 5 8 11
5 8 11 14
7 10 13 16
10 13 16 19
14 17 20 23
18 21 24 27
19 22 25 28
20 23 26 29
25 19 31 34
27 30 33 36
30 33 36 39
32 35 38 41

