8 3.0 0.0 1000.0 3 160 240 100

221.85293285936845 178.8071978351463
204.5540835101001 122.90665406193784
69.1439161538219 25.287626895589778
145.8092779005058 75.72183001793911
237.86981615540927 26.316495559726484
61.33069628238938 18.15530450404265
108.00546697966998 94.75890154998329
203.31324160487944 116.41794361602203

221.16208443661193 183.80495711161788
204.43657345957138 122.36954496687738
66.88863404510406 29.661624423213212
147.41826249675762 76.5032707898082
237.3027730464301 29.7381959867431
59.559334667116296 25.279800675796217
107.94359509472493 96.31052498892079
204.77411556055404 111.604031099488

7.424838004618389
1175.0710766978862
788.8866446810111
758.3416124506015
607.6959831766853
861.8086524423001
962.8925041279571
1119.5803771736375

8.6 17.2 36.0 72.1
17.2 34.4 72.1 144.1
25.8 51.6 108.1 216.2
34.4 68.8 144.1 288.2
51.6 103.2 216.2 432.4
68.8 137.6 288.2 576.5
77.4 154.9 324.3 648.5
86.0 172.1 360.3 720.6
103.2 206.5 432.4 864.7
114.7 229.4 480.4 960.8
129.0 258.1 540.4 1080.9
143.4 286.8 600.5 1201.0

2 5 8 11
5 8 11 14
7 10 13 16
10 13 16 19
14 17 20 23
18 21 24 27
19 22 25 28
20 23 26 29
25 19 31 34
27 30 33 36
30 33 36 39
32 35 38 41

