8 3.0 0.0 1000.0 3 160 240 100

247.6613429658744 65.39068902600226
244.41427120874843 1.8360702775524207
63.75758482825503 211.34799016733746
139.63769161009566 222.58161570091139
35.211029683725556 165.41065442658532
107.89538731918361 82.61554223384493
244.98652345177564 216.737881599065
210.16437407072945 41.03716371250702

239.67314894376946 65.46211390006171
245.48092779301524 2.499245249127396
61.946141944086015 213.82654849214396
138.9203974030035 230.34373204162443
38.168127665058535 162.52180805224117
109.42804410100612 79.38818187498087
242.67757905425395 223.70325659777788
208.3450359160834 37.75202121973128

206.5
143.4
286.8
480.4
8.6
36.0
172.1
17.2

8.6 17.2 36.0 72.1
17.2 34.4 72.1 144.1
25.8 51.6 108.1 216.2
34.4 68.8 144.1 288.2
51.6 103.2 216.2 432.4
68.8 137.6 288.2 576.5
77.4 154.9 324.3 648.5
86.0 172.1 360.3 720.6
103.2 206.5 432.4 864.7
114.7 229.4 480.4 960.8
129.0 258.1 540.4 1080.9
143.4 286.8 600.5 1201.0

2 5 8 11
5 8 11 14
7 10 13 16
10 13 16 19
14 17 20 23
18 21 24 27
19 22 25 28
20 23 26 29
25 19 31 34
27 30 33 36
30 33 36 39
32 35 38 41

