8 3.0 0.0 1000.0 3 160 240 100

55.819815821436634 161.08125328524775
227.39913609987568 72.39840511833643
178.62815763463206 148.06584079177807
111.55632537627503 51.38114896023871
179.41426460102423 184.4650506770733
201.0695339647681 214.80343816149332
171.8981746846127 102.00658223472597
157.84433576793668 169.51392546598794

53.465278339911634 156.3048212440011
229.38512057919695 79.03481124469933
185.19021605444408 151.51275228335746
114.1602720623849 52.686112139026434
181.85363531939768 184.6193434886964
203.92287375568353 210.99121715654985
179.1070403153238 100.23034032051315
163.92766455855985 170.60374532480665

129.0
154.9
34.4
103.2
540.4
68.8
206.5
68.8

8.6 17.2 36.0 72.1
17.2 34.4 72.1 144.1
25.8 51.6 108.1 216.2
34.4 68.8 144.1 288.2
51.6 103.2 216.2 432.4
68.8 137.6 288.2 576.5
77.4 154.9 324.3 648.5
86.0 172.1 360.3 720.6
103.2 206.5 432.4 864.7
114.7 229.4 480.4 960.8
129.0 258.1 540.4 1080.9
143.4 286.8 600.5 1201.0

2 5 8 11
5 8 11 14
7 10 13 16
10 13 16 19
14 17 20 23
18 21 24 27
19 22 25 28
20 23 26 29
25 19 31 34
27 30 33 36
30 33 36 39
32 35 38 41

