8 3.0 0.0 1000.0 3 160 240 100

58.62074506042717 183.7646679381168
237.85897726433063 36.65415274057538
75.31162111251801 244.77890439305975
175.8996335780463 135.38179641075482
242.5516492156212 75.72823146499572
211.1012800199005 78.25965493990728
158.27273820010578 193.6135962749709
124.41089248244965 34.66196204236327

59.99292525420141 176.52843043861708
239.61672291877184 43.09553062745117
83.64911990092475 246.23240582899018
176.08703969376498 131.54348557285888
249.75873959872493 75.80403484210235
214.11156659272262 79.91997920007704
163.10687387519175 191.10178323891444
124.78093555984937 35.02080925180653

108.1
51.6
480.4
129.0
540.4
77.4
260.3
68.8

8.6 17.2 36.0 72.1
17.2 34.4 72.1 144.1
25.8 51.6 108.1 216.2
34.4 68.8 144.1 288.2
51.6 103.2 216.2 432.4
68.8 137.6 288.2 576.5
77.4 154.9 324.3 648.5
86.0 172.1 360.3 720.6
103.2 206.5 432.4 864.7
114.7 229.4 480.4 960.8
129.0 258.1 540.4 1080.9
143.4 286.8 600.5 1201.0

2 5 8 11
5 8 11 14
7 10 13 16
10 13 16 19
14 17 20 23
18 21 24 27
19 22 25 28
20 23 26 29
25 19 31 34
27 30 33 36
30 33 36 39
32 35 38 41

