8 3.0 0.0 1000.0 3 160 240 100

135.24451180250554 10.883949177284663
234.5681260700492 166.63272505627756
119.91136941481511 99.50867713039874
213.63832505632055 195.96706731007532
70.44580319749876 58.516587915662164
20.92265874952287 247.74349215365365
22.421076457513873 127.55651258202933
174.98802101950616 157.01744821723304

141.82393677087316 5.858620696169659
231.55951142898843 166.29239117449117
125.01323098314029 99.40936315180066
208.06649966235736 190.27082408009656
64.47092838014909 59.52631357111965
26.767413304638694 247.89282831130734
23.50723695131701 132.11061222989088
177.098239457921 161.79403006916561

34.4
34.4
258.1
72.1
172.1
172.1
206.5
34.4

8.6 17.2 36.0 72.1
17.2 34.4 72.1 144.1
25.8 51.6 108.1 216.2
34.4 68.8 144.1 288.2
51.6 103.2 216.2 432.4
68.8 137.6 288.2 576.5
77.4 154.9 324.3 648.5
86.0 172.1 360.3 720.6
103.2 206.5 432.4 864.7
114.7 229.4 480.4 960.8
129.0 258.1 540.4 1080.9
143.4 286.8 600.5 1201.0

2 5 8 11
5 8 11 14
7 10 13 16
10 13 16 19
14 17 20 23
18 21 24 27
19 22 25 28
20 23 26 29
25 19 31 34
27 30 33 36
30 33 36 39
32 35 38 41

