256 3.0 0.0 1000.0 3 160 240 100

134.95803350117794 37.76565976408933
245.45212344500445 166.8505103688294
237.26251702827184 36.841522179300284
100.68870311265584 140.24193528061076
190.99824273361423 215.49467934632074
72.4512183622382 133.67039257476907
147.14197192556037 208.47354758647654
133.33698555599898 110.82296097002897
22.104830852381184 16.42494847365458
206.39162352892478 128.12511924022647
210.9589428538702 94.93717714508642
118.10110626596828 110.88252046977651
15.376699128361759 170.28826659920935
200.32042790002862 121.35100492490764
196.51360074391263 140.02029631562692
215.89391620614455 91.59355191374371
187.28933675729763 5.237999872741317
230.55668875038117 75.72777318213089
223.08132443750554 12.127802811775917
249.03336858413047 163.81714450472558
147.17279597554443 81.65305960133276
145.8723050871329 123.93090830814512
109.34937265195211 35.559168071425226
82.03289076384279 71.16594688227715
38.581193911967596 235.64667981514106
233.9639734568064 228.85362905407462
116.10716799097598 143.27825549332147
77.97574610204389 109.87822556708227
48.956828202969874 179.7720703228969
102.34138608483201 154.33030042296522
104.16680993912655 42.76305452993545
237.9477914912223 135.11912406957927
168.22416928330844 81.58781770712689
243.05673438945453 183.88654690782624
193.73598441157134 84.22415911220635
18.45896103394251 123.89268071283988
165.60390213245907 243.57709076275393
222.15666284409252 30.456679914316414
194.94327697763444 116.0778588053265
51.283142042697186 2.952267829680805
87.75148741382365 212.2868689660593
98.70095958888653 113.97626769501895
163.25250983297664 55.193107147992585
147.460600347294 83.73269296253503
35.103876553502026 124.95849783466504
66.68167451304205 159.89323152028726
55.464389170040484 7.164432287268402
231.96389173923112 243.89583993509288
56.197060311000634 46.646537449642004
3.9861514892713945 96.0222246789274
141.54477555726524 154.10555852049933
114.82349812184769 178.63548701047293
231.09445354460829 138.02045566267665
19.18661272167385 50.12675435487837
189.8535162740838 177.29500886055226
225.07914213200323 58.14377921374009
235.2868551271313 80.88396760247363
31.200633865351545 136.7388009988382
13.897405835190197 213.2460966447578
243.7322624636586 211.18712267535332
81.1605081994182 198.4364453601448
26.290572436496934 112.87894006923946
31.404603870464122 93.67764198956493
216.72677177801492 204.2999758884395
198.1389284010267 226.65629319018916
149.2808193607806 187.83003077753818
208.5100836743868 63.24490815700429
177.57895182063353 74.39571742709641
212.9273728783211 103.3009683550481
75.05393804066613 167.88499792169694
249.72397114486265 191.10359402158025
39.36215937576085 9.909436852277299
90.03412654804815 2.88401471951355
166.614587804274 94.66593216911404
211.9232640219925 44.371809210361654
66.7691615235944 80.53849842146404
209.53017232078412 103.17645299696909
148.21623420251746 212.99972668754307
4.7838691971917315 66.89274972589459
167.77061258073326 3.092942365385265
111.42861584222504 219.25068641696325
130.35487929208645 219.61152116434516
173.3355878894991 182.2734254629527
133.42235753708252 55.26822430683101
56.66986158311197 158.41714830376552
192.7040554783683 208.76030242024794
27.48977358839022 198.80907982769742
125.3712715480183 154.67771048741812
116.79311669267669 219.97328224182644
140.04610448443492 243.08328147284885
247.36666528804247 24.526675934878924
35.851359579588845 84.25794660100011
169.08643644471658 68.66778597271362
133.38582245856503 24.864990648104325
33.51562470788686 83.22002368359396
73.88323614308426 183.50800697748343
177.0145667819466 1.370287581975549
66.01901590288576 114.3565684794886
91.29073942533314 112.50271589997828
213.13771667727758 180.89701331691452
207.97033390464864 242.46240303203186
164.372588691963 32.01737619846456
26.67742100998474 32.818413932252824
98.01960861104011 134.02467328899587
43.640344375585364 114.72170581376587
195.46702390372684 174.96671736280723
10.457495054863376 231.74129228993144
110.54713555011594 212.9018697083601
30.56446423084516 147.82036255367598
71.64382047692791 235.81795025766337
102.27903840459679 24.26483454853251
24.843043437910023 190.4445453699018
85.9497683370892 30.069842937335363
48.42293828329294 81.62761513145506
100.81116970847107 16.471421598920788
226.55002387681307 78.9946262172764
186.6763059102952 127.13878453174118
65.85340467232741 207.03939610591226
51.11861200510151 213.0548272994949
122.07121279163472 222.04406768534247
137.55381149412418 217.27540889880046
55.51924327584509 39.25852376011582
37.93537876965081 88.56532171193757
247.03169608855626 75.36074163881496
52.54927404597448 8.807906125645026
245.94823307599904 232.9052547440925
199.78613823916746 123.31112630336516
200.79904359495615 79.99620956342213
182.706261536535 7.149157146666724
30.802162104522996 223.90282265638876
243.05769204958756 4.39208658191731
33.883438123812695 234.18324117589663
155.29369046688393 53.38148700383918
32.60130856000437 7.104380729253207
95.68582388596167 237.41114793550483
52.85241866473977 90.16475138169253
40.64029642579628 110.51861594546678
60.79260694964198 66.20828052164013
48.98934413149295 187.05552610015692
241.61463327943477 103.80157481331686
67.67670302163754 106.782130679184
147.36903659075742 139.959225578439
197.74812980484668 232.11902693584548
5.104197056651355 229.97393240721055
60.96568251841336 29.9307620081537
183.54228975162977 149.69007607702923
23.059653938544866 155.6435315993607
187.06382936852484 217.01010681932294
198.4930856490313 163.041331151898
65.96274883925956 83.19922176329517
46.488104130556735 238.45537555093614
119.23739699433344 217.22300881497895
190.69363657310626 11.481945892776318
221.12855207394077 169.9405141741946
172.5079759074157 186.88062733815696
138.72354694254594 27.48739925237939
47.21828317874674 226.1103605814206
42.79546683270177 26.537247950203597
87.75793977550414 119.09683305601459
222.39051991613525 48.58083806858904
204.75802759327263 242.56418872696497
127.911517808117 225.64598996606634
66.39835940208647 93.18942955388296
174.0594978696389 151.50545982743873
108.71810312664243 58.00971525075302
92.86894799199388 86.42598220125063
51.98389121048494 235.62653577834098
109.59316408732514 98.26660414762658
56.22238591108663 3.497728361422925
172.78981990925928 88.78303674078711
110.50632587091589 209.1636557183827
81.61081164196918 115.52423082708066
8.438665565227431 75.30092435445063
68.78129539885033 134.90280695416254
77.325205386758 70.72918284487842
138.12178247268176 218.33770341611935
81.18317984852325 224.85270666610253
67.12454256015118 74.18449609005303
177.5001995059521 94.37306706238118
168.0437628983154 67.28879708908866
202.5191609501904 39.18545860015529
247.6113513971452 244.3401425224894
200.0405464126079 238.02538930239058
119.22387394426379 68.7556970027613
36.4289111465885 80.04596415993687
148.95684859273314 196.6468648949374
15.241653326393767 39.25733965745465
110.36599750504372 123.80409224435168
231.59310520092959 214.44841143667895
17.610111843830488 186.72024092235694
54.74270023839592 191.62160922532118
72.06218658398184 178.47418637675008
218.72021787460787 160.57601490660235
194.18286527831617 146.27464892205757
83.47250494833835 2.2939796158314154
147.950095680248 159.79406070309616
84.54888312419322 12.3440349402949
200.89090237931697 172.8229366095635
225.02852289645045 36.18689959566562
5.063712369475226 28.08243478969219
231.4216263774183 31.01347475940419
83.57094769622014 219.42744511296888
145.03469616034582 153.83609411833544
116.65250090512646 176.5103881381954
241.26817389160306 153.48918283774339
219.1376637146967 15.910233642445426
107.30992885013107 16.450870253565146
140.93172516468908 53.211153309327045
176.4107871775756 248.7325424345541
108.60756188194745 150.97682219449962
182.19549674559985 118.27600001544103
122.07654243953583 16.460312923126498
3.982784097726788 229.93168403428194
145.311671193648 67.62668435741165
177.07330203395364 191.58249186876694
248.79430106552383 61.67163052673511
73.68787559079392 246.5220463791515
129.4030242548808 96.7168737337023
140.1448901685874 23.602711178447006
248.4238795184408 130.25802111081023
125.1921660946943 46.35041353722283
30.0512379223907 202.3178530138109
21.964847946917942 80.14051660146346
60.35391619370822 98.94263576726073
237.764163536749 68.49054238409205
104.23930553566655 75.00702195123002
68.68262871554387 161.15829801809247
122.60123799713394 198.24566604560323
155.58879535960327 150.99156773168164
134.3516713562254 219.74004186348316
170.6118979380413 5.102442726070161
1.8507876608908902 125.90114533183957
87.24711959173881 33.38666706150137
17.524209144138908 235.10328471204565
84.97691473741087 249.56711214031787
96.22316490371632 34.04387730683484
86.62584025794604 77.62026704642102
150.99621071874049 6.756782738523842
41.56007341543805 74.65503905028159
207.9289484735723 232.4023770653302
67.3983897525259 110.83488838902406
222.6384121456134 4.428260590477128
203.96357559491776 18.24620945011765
68.17582895418623 32.74572246255039
60.63185629705528 10.91431584019878
178.6822982464493 22.271896848929746
147.6300033735652 47.77367764018714
234.90314567537823 102.96354522337042
112.26229390447179 84.97235352437713
133.3943123783775 247.80601818458263
115.67903179531736 7.092901220894177
154.86751606007076 24.572830367157213
103.6253905929432 3.5927817230395895
107.61945188774303 200.9165393565577
143.20161998132187 154.04184456217874
20.73075575630706 165.8550753436247

140.3554721894726 42.285702234241526
245.84040003193624 167.73732827042244
242.8395968026865 32.69230315263755
92.93344947302276 143.30149940749013
186.30236532619574 209.06407344608903
76.82834537581981 135.53639294189998
144.37781517480832 210.48065943420954
131.1715024197436 116.5594227670319
21.718366611402278 24.894766688613153
207.3674339305163 123.1736580897885
207.94000558102067 90.15108219650547
118.15684779021596 112.52196984985574
10.58238859044977 175.44094955542417
204.33791877417426 120.70398725566075
201.98510027245587 136.96513165921445
217.65618598629493 90.27283336563893
182.247205449983 11.982013360041899
237.61176682104121 79.25417681348787
226.41298621983196 9.014239516948964
241.2439598896576 161.1125383636888
144.58308856533714 75.85400906079748
145.90791453640207 123.97708807217775
112.79766935452132 38.086098284601356
85.45201595069967 76.17974567733046
42.822877609880656 229.19571207627362
231.4014958795911 224.85389634035317
109.29316180916351 141.57393578036564
84.47867253964525 107.27460422992729
46.83589556844997 186.84428453171355
98.19820646051713 147.8403372301764
99.40845758229011 41.03702791743816
237.62996709327916 129.0504132974777
173.3239772825774 79.65545789294926
246.00599180664318 177.61558746539177
191.1646574738163 79.95406231944735
26.3298103820678 120.86682065941406
168.86973607565076 240.85215192682972
224.16772128793716 35.21632430964661
193.6500330926791 113.12019413963412
50.299364827425336 1.3092352187435707
84.483978817647 219.4918929852749
101.57971724701265 111.22105452411391
163.28021074004417 50.97249244465549
153.5816014740591 88.29497730611962
34.18485962397508 119.2573291885175
72.366866018714 163.67399600746447
48.61121474221042 8.559763127974046
228.65338116262043 248.80937593319462
61.61595931100619 42.10291550255249
10.325915917807322 92.65037762952605
139.43260558965795 147.17304849568674
114.95777788897102 184.0596528793344
229.50552439639324 130.16301670156906
24.76378525146583 47.37820147870983
187.00628169365942 179.3403618225302
225.96750500900185 51.2751948826026
228.48228701727004 84.51213534669316
31.658598106467235 129.55099328945545
6.994727093072917 212.87511015117525
236.78938318929298 206.81867026100662
83.56305695143648 197.91936036842583
24.39075259334389 108.64622363373586
28.891463081284208 91.32106375340207
212.10328100189042 200.73772118587706
201.94395219282893 223.2341321145681
142.90444629559536 189.7543409545912
213.22958368454448 66.87362277524747
173.51690289703063 72.95189010405866
216.41251716308142 106.44213482114841
72.86635505218413 160.92514782972347
248.56202795748973 199.5059752059748
33.059139367529355 12.644392258168018
90.72927375648601 3.900989151361528
164.15090006701254 93.45944380497271
208.78315019559182 48.870368974424814
73.7747052967743 82.47719653506711
204.01832588318567 106.98488082474627
143.02245203336324 215.63413391126753
7.543003050365344 60.745578768114264
170.60399121162794 0.3633431741840998
113.5810743913741 216.72236190995184
133.6000569334045 215.05484159512133
167.31764360057664 178.04834951276396
130.4971161822687 62.157137633200826
51.31147582027559 163.0903931643427
191.3841563872164 201.33516509526913
26.26855563648034 190.57493235548023
127.95645061119554 161.84669277257743
120.4940725296458 216.3756842652377
146.21749763411134 247.36000999792714
243.20277879375357 20.51950788246726
33.575162597289406 90.3893682075699
171.51174976089897 67.89078509774946
137.84303979697975 31.168485389112544
38.026681479756434 89.54018726049298
79.27580685936775 186.55764390966314
172.48575368910355 2.973483355572737
67.02779092026775 109.54796188770955
95.11330384389197 119.74484614723366
214.41847456839827 187.15201585210443
213.46190011182932 238.33508310810612
167.90283869805893 37.541184374887045
30.531334071210587 32.020231556065674
96.93728480813222 130.40416587131332
39.45107523017249 120.33173663344576
194.19461998028962 174.77819527840666
13.574200811187792 238.22353800859972
106.24456606457738 210.5776935493047
29.32132128690523 145.54923191360155
67.1011758404029 241.2132115144474
95.54122751606678 26.90714700341765
27.353629740795583 184.45193847540608
79.98085525179319 24.88007258372202
51.70633335806743 82.89987166141496
96.87073418753906 17.306148751121462
218.52601480997117 80.0801789459957
186.05900112085334 123.32458417864348
60.19207921708214 210.88903625350218
46.450973776437806 208.77043818404417
122.7414554166252 215.17730734195706
132.66328611507458 216.10542827951076
57.78932618085095 42.44716797277334
32.6806859800082 89.32012256100252
249.4007658294671 75.81107999160014
54.70798021442852 1.6646708097070861
242.5060348420211 234.30649882312017
202.42672011814872 126.36063201399053
196.2231553761215 85.64850765742219
175.1395990413345 4.334514407592277
36.031707158831836 217.2343387135746
238.26461234834713 5.33346757443745
40.99981685764057 237.0111354349952
162.2017883843092 56.28163825562291
31.203798557658065 11.422977248702699
88.46727595775373 238.071083379704
56.78598760857042 89.09210548941537
34.83926918290989 106.54314424445835
65.94803142488855 66.54314290405169
55.871119573959625 190.94892372380326
238.05832894101388 108.1925306681547
72.58152020029596 100.73077719895798
140.7695940944086 135.7001126034301
201.07523780200353 237.8437717238937
4.164731427732909 228.66551068578406
62.830581621988344 27.22498987818833
179.0529255591553 142.88236485783602
20.723346199641362 158.15185442850762
184.27556520591116 218.70106381544065
200.7241923988702 160.40331462402517
60.6068886677531 87.05730898791275
52.238788647760245 242.6007560516101
116.35369122514308 222.60932133270222
192.4540553608098 13.914396418074599
221.13938223487511 176.59033454252267
180.0186117671036 189.67586690953925
135.53158746654623 26.031234054180537
53.69929848937682 226.87912869128246
43.17518490386085 21.154424017463896
87.52094294559065 111.52350166168392
222.47901913058482 54.104847788866984
207.1973670649949 243.23766505903993
124.67133214290624 232.84736677775106
64.9644142613027 94.30722730614369
174.36713135586916 148.32553386960123
108.88134662463756 62.98653668648221
91.72289872276818 85.32710959828977
48.926189587007066 231.79220398193814
104.83336602072687 94.14405502661563
54.118090504406965 0.8617853449651713
169.15459673368503 94.9755284133017
110.48688292267094 207.2677423228666
82.6292462379479 122.92197807558564
3.937772713119486 77.12149284998515
73.05670881391457 141.61244987799745
74.63754818702378 68.8383227094096
137.446118257464 214.18913895819864
81.34156123393078 225.34118128281995
65.0754914945495 77.45175048279602
171.71738044298644 92.31909405923885
168.26266484687991 71.55719308944845
208.65444936473426 34.16831489114017
246.45995213686138 236.08733599185933
198.34938920529945 236.7545173392999
121.11863358051583 68.19877865470883
38.60637170649292 81.43740106733041
150.75413297239683 202.41709205161212
10.720198612906046 43.37013979776738
103.18474301599578 120.1801011747503
230.96709615899348 210.29422553220633
14.429243974493577 178.87875928644445
54.866421527104414 183.93540724666747
70.41221990953423 184.42875306306416
212.87635301986373 158.69458976970228
189.23994918123478 151.24276374265278
86.4049187044707 4.601542583382051
148.54570244655952 156.6672959054195
84.48650148892084 16.633811683893775
202.3049568192952 177.86129436878892
229.68509945448764 40.320700447530946
7.199904583337913 22.3855710720747
239.80946801335472 30.81113082747863
82.59641411481364 215.06614827353647
138.61953918770786 150.74530661198216
114.25147046406803 172.71411572759274
247.30625332581525 156.38077889919535
218.5441295727187 16.335605815335054
108.75046775448632 10.993513054691512
147.887706325148 55.2981333558275
170.9629513471567 249.83942862152188
111.39489308291186 147.06054387804105
190.52604239195367 118.21179649500074
115.79995661010919 14.57420184692751
5.659840334508254 237.45553358243959
142.87529114532384 60.14463664027969
170.1702669326932 195.40926683279974
244.58246583651405 59.24274057078924
69.840914836667 239.10807389303346
126.33548748055823 96.39047440760149
141.44932131091872 23.09308339314986
246.83434853596543 132.86094570639716
130.28510374244618 49.86670809101643
29.19695112271292 194.98150997631842
17.36998337650464 84.18532569578288
58.613239189812624 96.194494823577
240.52823628556956 71.63850440716755
111.96722111767546 77.23262668373631
67.63126469391281 163.45512047272322
121.48780925139421 194.73800270788348
158.22675039633032 146.48627222397258
134.35212693063977 217.50738860706463
166.29307181213684 4.2523396113325065
9.066974699871 124.82431238514202
81.56126617390017 27.22133438317792
18.373520143270593 241.4482979149012
78.05820016571386 249.32871815008522
97.33736670647794 28.334752667861203
90.49381724537444 80.98977228807566
155.27368829331164 5.080447351977352
41.81087988814738 68.44740214141626
207.72296624243918 235.9981703011683
70.77029823792635 104.63666117330078
222.73483820254975 2.9554138612485903
201.00840717802205 16.96310277102306
70.85439510116112 32.581848194217166
60.45854347826887 7.321358674070632
180.5019949902531 22.376269686117915
150.50236948250785 52.57371359695917
236.0172222537753 108.39465693224693
111.65864469895668 77.13284092565958
136.4790798029822 241.63634701990554
116.73462572360977 3.3525913979373936
154.48131245267672 19.21328131235883
106.49835688840493 11.362492956704662
112.61150017978014 200.11809900606644
142.42933152519018 149.7562262174028
29.057742879092185 166.16931926560798

1169.059063898243
300.3945283347504
1059.986811627106
36.15028317653478
1107.936553263298
1053.6401714688832
557.0997430439367
525.1352881054045
22.54095847745119
90.06649530258589
1061.6012369572047
627.2360543904656
562.2897917658488
894.7382295372449
623.84947930561
312.3612505730176
694.21169419453
143.42151895069313
875.0855681809445
187.9170636148296
510.6081141731589
672.4087944346904
868.2538434681434
878.2559012593882
912.6674165222897
877.4579799580338
417.745028790057
1120.135046871443
147.88142540410658
561.0159031923397
1083.1944523335294
856.3468453002857
425.22814344754687
478.04337001760854
761.867374279556
996.9124664200151
218.28994592275802
592.0691070636552
1033.8962587693134
590.663447953442
1008.4588323074986
844.6235660251608
936.6164800925113
1068.1483997992293
248.785052481474
1138.4925811970813
931.0603389443119
822.7324405041184
825.368482233417
581.1591255508264
420.7094649673517
1009.3941934392146
1125.0099919812174
417.897340021093
1117.454162841303
1004.96205442323
493.9755313856602
521.6007011645397
12.082546942657212
864.2510822022738
185.92743402958942
450.35404960600977
652.7156924162889
788.5556958703481
419.74479413969567
1016.0832297726383
148.17068461340466
963.1270873580503
216.73358020264976
616.6740428161029
1170.0337994293704
627.4278614662664
296.7762210562372
499.3689268196735
1174.9378892568568
780.6518187289947
1148.1816629110615
1005.0770475484135
435.09004229761035
566.8955485446699
357.69178192754487
156.47660257721475
118.57636825713676
344.23535499316034
407.40121819914344
1189.205208288183
19.97207620384932
12.251951519249596
614.1084556239086
918.3128526752745
124.68861578730882
558.5568993652801
383.79365505207795
135.96754371952662
1171.4847346835395
1006.5645089113076
792.5166777829559
1084.307473197532
1023.8312363845832
1148.0303018857178
563.5427825114932
404.6021595854457
95.02398214002096
650.8480253506374
265.7498441001793
295.0659961133771
292.6431288072622
346.5543538573106
494.0213584976168
85.53964855776935
675.4930489555262
1199.9039813615063
1056.0917551282623
692.5074398966163
520.8965808073244
1036.5928452325327
1171.9279098227428
977.7781822168039
424.19131073722184
345.7171417015703
424.9908059355176
558.744330518932
210.54862512111563
987.7832429853098
1094.638489969379
220.72729401302124
954.0576894729023
747.9638954798841
28.739327327857268
405.2814691600926
191.50465817564353
1116.4308412721534
885.203221277956
761.5011622806488
1184.1892344754654
28.625133534075694
917.7724232325455
930.4245631518428
870.2810480183464
1090.768292476847
325.890047508231
830.8642581755347
735.7804510796686
426.72310809273944
1055.6947783302542
1175.8939716234972
496.3471813440362
268.50265931483403
358.2142999287596
278.434920881267
417.12468399458436
1168.5675251975322
1133.8731813973943
298.7280085400247
193.1721352460911
993.1462958561309
265.6454917628834
444.7904895406406
1102.8295249020443
210.9364162419977
1172.2756659429485
458.33807204684405
53.66788428232052
755.4402366829102
47.81174914414974
569.1613827688869
10.119726142572178
108.36226561372946
611.0498389641948
14.22346175853504
974.8458938097427
813.5170854804264
101.38281948296863
297.95765613659495
724.0481078536399
65.63228798202164
393.26266496359585
568.2412964235059
569.674559934454
11.931158555841069
646.0433357538692
188.60366421418598
386.38582802759396
140.31538506885076
319.64994900317816
1116.8112881563873
93.32433503111851
144.8768416387155
330.28276026607944
793.900310327073
568.8362433898003
558.4998761685721
355.6920191657266
798.1982670620594
135.0054325184562
499.4267988949573
1013.9545150707481
193.4411996464324
310.11439571892123
1002.9099935613662
1047.57452775562
56.23643608804516
487.79608198340674
176.9974657404892
37.948208117619245
288.56995299278645
297.5820944811767
1073.3637589714601
121.60004250582227
543.9501763314491
735.4517926833321
370.97995983955985
1097.511656547891
149.53384683359576
270.3055030593238
982.7571506417728
236.89141832635414
378.41722886721647
444.12481978263736
67.65164392361345
988.2856467750282
512.1082250379134
446.8408271311872
745.4424408881644
914.4332137136741
141.03407214053763
8.840469865673652
760.7467424985933
582.9546700470933
254.72190420579528
879.4388435059548
657.4384817205655
696.4499755418896
263.4798757615711
967.5176527425114
665.8090183848625
839.906709087366
268.69204193193434
969.273900180659
213.66558413252366
479.1443242361314
841.8345501056949
957.8690111355279
450.4761596572076
373.0926992345402
95.67455048600414
24.16767613496646
52.39077430045091
239.44177819376873
522.1445057697608
736.1818918466386
96.51372442054422
1109.3400969656682
760.724536798171
608.55188660911
529.0383463275681

8.6 17.2 36.0 72.1
17.2 34.4 72.1 144.1
25.8 51.6 108.1 216.2
34.4 68.8 144.1 288.2
51.6 103.2 216.2 432.4
68.8 137.6 288.2 576.5
77.4 154.9 324.3 648.5
86.0 172.1 360.3 720.6
103.2 206.5 432.4 864.7
114.7 229.4 480.4 960.8
129.0 258.1 540.4 1080.9
143.4 286.8 600.5 1201.0

2 5 8 11
5 8 11 14
7 10 13 16
10 13 16 19
14 17 20 23
18 21 24 27
19 22 25 28
20 23 26 29
25 19 31 34
27 30 33 36
30 33 36 39
32 35 38 41

