256 3.0 0.0 1000.0 3 160 240 100

53.38353996335135 25.823130330382554
219.32480711650487 206.41490375829827
205.48235734573788 187.39294914520673
228.66937426545505 176.04913124154123
191.42283359658512 216.5428789516517
74.35201585436016 142.9323184343413
19.723027769120797 69.65603413936799
123.30112218085334 238.71917597316462
240.1956261637066 196.41196606120673
59.25049687390352 107.0686604312093
117.07046484863498 198.42080218646672
21.6762549115182 158.48763296823157
107.7130147135845 200.83008213556005
88.32851482503864 61.93259221102465
42.487511001941314 204.76429618162544
47.578426831229734 232.55260049791897
90.0864374513087 226.1709527281339
16.65469011223375 101.56941898092064
142.33774222465092 245.0355058234156
112.05507798898543 40.987220684204104
88.51925050416689 66.21586161935905
226.4875098942855 205.85817394545057
13.721007127558055 169.41038612887652
181.11956631140887 171.75316249548155
92.27245107960006 239.47114921361032
79.98203221511082 169.51602864333103
207.94969791332122 209.9543298898959
212.761993631052 19.987273063139355
29.252657765112932 50.74363473321847
63.387984865665324 48.478432515286215
208.94703827652285 229.07590195816636
116.49089989374156 164.63458468941414
101.14597050988897 104.87419398002801
172.97807490211915 161.01530332762428
36.50169954621346 222.6995594916871
205.05758524604636 167.9019716107612
248.81266764497428 168.13497783347677
222.59006938700057 44.9392812404851
121.28987855982274 236.45566013819806
84.7491109256657 81.52909681186257
135.18727040599614 103.50230285081327
0.34655288708518306 207.28608468410323
221.256698240012 234.86124646523163
182.02015105748194 169.67882726324228
49.22094389009962 41.52850448771006
192.27641205958832 15.579569816806222
93.70077975704086 83.45986351121998
56.55380384462955 90.1871617218129
54.602239795245424 209.05994999822389
183.55688162642753 172.01498351585766
136.11258165989847 151.70572738147445
247.6010956733379 100.08029505825783
187.93017172065865 124.13187085991828
116.30472302665129 127.71894440187451
73.04323643980531 247.30360764742179
164.80929908928033 185.8251471047865
37.56950007335041 31.367274774756204
37.35167158064912 56.44182333438078
105.45507228505735 192.2038633643242
223.61197781439077 59.730892700005086
225.1507890199135 147.29882642636184
84.75960919867728 185.59870840352914
120.18622732969995 214.04109960783495
12.71588718200875 234.6809261470621
211.51814592719276 35.30385458730845
2.9404555211806627 40.70018968107578
149.92583779711077 135.87817241933936
152.97544650900352 201.88576871280654
99.48362764213512 209.2846079768825
234.98538991440466 54.665943846353535
247.1507000668174 143.35576960240377
84.12730685534484 144.4605554554019
245.40197785494001 44.34421197835076
113.89355430875831 247.5858639085557
65.55917139172712 126.52587941581484
247.16058230103843 215.7389866289702
66.04458651635922 126.31092334853605
126.02939979242959 159.9503633804284
207.10693400911626 225.0529587459169
50.784134693082656 228.12351886245136
241.49791530294013 132.36293003552865
151.88048881006168 26.505093208033294
159.60226994833093 69.67977658828003
208.02358080079225 11.905726780901432
152.81618793482872 158.1017142329979
191.13866893292044 79.26812494910418
183.06170169507192 89.72839867017876
201.60458360844282 178.44355666099293
84.77858314648121 17.40685134269765
63.46301633025478 166.79025952136476
233.4484218114522 127.49658497802552
155.3279272199158 200.06358933168406
20.5599576732641 95.48769974590036
128.9718997605244 221.7656270546524
171.70411297990717 60.08623113533701
211.20212512624488 220.92761384091233
48.60669737554154 98.54567334093414
6.8394878134348245 206.4894283769365
4.0986998100121514 126.00848399934031
101.89294363936202 103.37342290602456
52.35541830671164 69.81264347392089
111.76195592016481 219.85628157982714
8.676882956781567 110.89867612194382
175.74333186013268 200.79383654657144
112.38608188677343 127.18551814219848
212.1684680667644 89.52531113602666
117.42865092996227 139.72882074119494
66.45288361889327 92.44790924786955
245.41310537716876 247.86368569236157
132.54782499049085 73.88996816316984
142.90290877917582 241.47465712028355
167.14730071866694 3.649639606592342
184.70088554453997 96.6659936498673
152.58334825741372 135.43419116688733
134.9812746488085 62.347019784695256
94.30294564467609 12.336653663230612
46.93728635117559 61.21291035590157
237.16730380575208 118.60247281421232
48.36428914078533 111.9382253323711
103.41728639295525 221.98781832478
169.35947876224475 183.16266715474225
62.37887243295562 119.5312032826897
199.2461840568637 243.1949816262706
81.15868703832749 205.0742207507081
247.78264556082226 68.7868879633605
8.620115219292678 58.129955129571755
173.90876555567422 129.43434801453571
217.5255279904527 13.478309352831507
71.78366950659174 206.21285170425676
215.02041158689406 156.39073649293178
65.06673799553519 157.56326369681315
0.9894497235672928 49.707617258363285
9.672156413852607 207.68106737628892
57.759316553743886 233.05523567829727
98.18815407836279 215.32350128684925
89.98346499880181 202.53285196461007
43.89675646763838 25.023015240538015
147.02156174504083 189.6897099505924
114.96682976542394 130.55808462231755
19.20088085276847 66.83121761483812
102.94937282562228 136.58192150179525
15.453608341123608 163.71516811921566
100.33215163764314 30.237197854736635
100.51442167749013 69.5180510564013
170.76036109477172 183.11509330871084
131.97465463950317 155.449957396553
1.4086411269575994 190.3662162616924
89.88132526233278 201.22018697154402
31.949998753566717 176.88246991089636
231.64207159779042 73.34336903809002
178.8237147876827 190.70280212522587
22.423112860689265 26.65683603083596
104.40290379039787 73.5401716021065
146.85039973997405 248.55643816576787
213.23087390089674 97.33458488451558
10.438188655309377 85.19425221222032
28.660089989929638 249.5633820089545
246.70401048684866 167.31881133630299
139.41723038286764 141.86585581223457
180.02271555527997 12.203392755072763
171.44959748337655 182.69112002166068
84.73945549213049 11.97601124307171
237.78592754099859 165.39585103824547
173.34565966441474 150.26592740417883
70.3875900261979 219.54602845445734
93.27511286619078 106.22920970525657
249.87602775918026 86.18765611170429
167.0802426935429 94.31317388912308
203.06435515460137 82.7664606399189
181.88684728784895 109.13656271474584
174.7561868167886 22.33617476784819
239.12777798305447 143.07803965339582
248.08212171853495 123.90308136532168
35.11335736077065 45.97444176748572
28.400875313591477 168.65147999936227
173.8115416007597 17.648820755575112
127.81599831187724 158.65844291200372
240.727750672944 138.27384044950676
12.451125419554677 118.69346608757917
172.67469294871228 80.4870099707418
120.41275489055336 120.51475155490887
33.82284644366004 129.93243768512735
1.6166740073924601 32.875709412459905
243.9575352269269 110.17975020955603
154.7679365960327 81.38309971095384
172.69670807970735 95.34079861742813
131.01050600622898 249.80024808417895
52.064386989921246 23.111564401791185
16.089239637205736 101.94553929122591
80.81388323201085 31.34458910258042
136.85074297270415 60.109626204055935
111.65998301268398 168.42053853823228
236.55594025228513 31.843820954323476
12.361056130080373 190.9090921949301
230.61380583100146 46.41378124417156
198.10779729652992 162.49979925761073
5.777826850980189 85.91903332034934
103.03761606634401 219.27358500897535
14.06446060897451 110.48901336951967
49.1445695313561 165.13994089976964
64.34087493102666 57.98530146624148
238.6405470625127 126.95162541965476
94.95369072539222 154.4109319049541
52.3732237043453 58.696018146918746
135.7221606316546 123.19281242662223
41.073478299082836 53.950918554042076
194.8369126254293 231.89704937267487
50.87781390664797 31.856815030017692
101.65928557326248 187.54361804106753
218.73305265793394 47.73237137840197
3.8474288560495786 107.93283790781733
104.44816459469486 54.272217242089944
148.31747258098642 248.3543955422916
115.87244227398538 202.93264330856917
247.57045420307765 54.51246057197631
164.4339502844027 75.98577045795201
73.57834593286888 82.41852323772284
191.66997347138053 136.49286143121356
122.28851770245477 185.97026930539934
217.43388104347866 185.0663014336703
70.17543919927502 1.9178551079017947
110.61179986717116 27.107382932068298
68.67766012111792 45.185025132544496
118.98195547018356 62.62424143592868
75.43208809980284 220.75433998097358
192.19966948782496 29.38457297828273
90.11136850777665 27.773852951201246
25.246976049921404 158.80814872238773
69.57696185913329 222.50035898759117
194.1043872926644 111.26432333141162
130.29881118451308 45.435352616471306
63.04253182510894 142.64142563176176
10.698932045464987 51.43210910197457
130.62407261765293 188.9572579545969
155.6095765439873 187.5885851901309
177.98988430002498 89.62151573476943
4.96796992905571 155.74793820598057
98.75419546881794 27.15060961931573
119.10943788130058 57.838208350240535
149.78228736887692 0.38655666645917575
104.21730847266899 69.93777207775814
209.23597999562 244.9752507533962
153.68229402544898 119.33191146854755
170.96401806101645 244.94065147916675
120.46697914266937 12.987356428898893
204.79758969621307 96.76872949878529
29.270199913420754 35.063274691104176
89.55029512226386 181.50952051682452
66.67406315882934 173.3026999426418
125.53144430389551 210.6961544410939
158.70361099139413 83.70400033024264
238.77211083860152 177.08419909127244
109.21179053969252 210.68586251936665
195.4457310122329 174.92431697454302
229.91060494902433 7.074249458802306
195.91273112615778 101.99392436584701

53.62376918013967 21.749483997126063
226.96590181646863 205.90603626119886
205.70602783534005 181.61633660322062
225.28586255585918 173.96391182671795
184.74104495140423 213.55547129653667
77.46480233177932 136.45669563222404
24.475619663414104 67.14984602590502
124.91537672190586 231.23768832373048
240.07125551159513 202.31352414479042
53.013213390502244 110.16039372245642
113.57688984609285 204.14525962741678
22.762859389704044 153.254482518671
109.60637882263211 200.5454584422337
88.47587366393623 59.0233155844199
43.119516113558994 196.5087087117527
47.55134120084698 238.37978341258102
94.38981874371751 227.17952751041267
15.225360336297012 98.0506688075024
136.8861972649323 243.9856287329205
112.88092952617382 40.1746142015415
91.39572421101222 74.09066591951724
233.77743795395628 208.8268008895867
15.128305502207507 177.61641297759124
179.4478747004018 165.01865724177648
90.13817732741231 239.21203542140287
83.1396073152141 163.71620440124997
203.67591740144903 211.0579521412717
206.64671357413903 21.10070509644807
33.08014355970862 57.39405166596331
55.77277978321934 50.36456299310335
210.75698471951833 223.46067189048009
113.52455771291972 162.8758467854211
97.87358598256846 102.08648305078596
167.90177740000289 163.7813474759776
33.948168355056985 222.43964135691044
206.10832239996114 160.75938967331754
248.80116241501523 168.25443218582524
225.22584531157258 42.06587922812971
123.0377602947155 237.6868057872674
82.97879657750396 83.55564344322141
136.06200673598426 108.27604094593859
2.107594263993373 209.11523056949096
222.08787937593598 228.72030481439614
185.13265734964608 163.5756893403301
56.76695540120954 42.02202127840884
194.59980098524667 19.6275680329846
90.97878738020727 81.91606636692497
51.661543006696455 86.47270270790536
51.77338192061309 210.8033737933798
179.5305132351337 171.62309996088595
138.3412620845632 157.53236024604416
244.89209994786583 96.23409586912568
186.31830154889795 129.8760062768441
109.34946831008955 128.15937575905446
78.16020075254124 245.22346236830933
162.42937280496776 189.44304946878557
37.494449161905834 33.78378689525716
40.23640788925209 59.87675153122307
103.02513659976579 199.7410360002932
224.50569336363924 52.74756018823365
231.97422207965732 143.54231702804535
84.30573625541199 185.3629570601177
124.95032204817342 210.39802060424145
15.022719156701392 237.84343246138897
216.9122889154252 34.74830712254984
7.89191838385489 36.84273141926494
155.89906565888495 134.92165582337236
156.40124022564316 205.61610160644557
92.46801208726674 207.28578127210167
234.54823885535689 62.7604992924497
242.24738426136847 142.78276164646365
84.06417313174974 138.70130752536627
244.12190412788433 36.921941772582095
108.5461093930486 246.41614266654716
62.082049417318316 122.11341187157332
246.19711624934538 210.2977099972468
71.6577996400517 122.46265232036494
123.9852680708419 163.2844603392791
212.87566498462976 219.54128114392415
49.47306371841157 228.59441168437775
239.96527222624468 135.23111388262654
159.33750168335513 29.833373080787624
155.7306119186221 74.26368626206705
207.76378925484065 9.684222275606308
146.93749032051232 156.80558105751683
198.30686805992138 80.46474514871935
179.4965689887953 85.66494613065109
196.0302425338243 183.9416098546889
92.41619365101211 16.57738161107991
64.7361749985291 174.66569570598443
237.77448021015508 123.23602538398474
157.4168057147699 205.06591861275595
20.16388847096573 99.80406067113393
125.80856935401464 221.36022482044413
174.02139096480857 64.72296969465525
214.7797815360875 219.7304294293852
51.11199275451664 94.8637616697344
10.365738024811222 200.43405614654296
6.1769717317002035 126.80757399993891
100.21606379194475 103.89799635698321
53.119956264345205 75.39670237625695
104.56819435949416 223.5641651383443
12.708081061216902 111.37235975777583
168.32328253664957 199.93663411918013
106.82694682314833 126.86918700111383
215.55813315156573 91.39914223124384
115.32467324526974 143.6982569564802
67.84733966403041 100.15049792753608
239.15230153634724 247.89936723531943
129.3541870479873 80.70268722219006
144.53331148277687 245.41628744442818
172.06332421002477 5.815190817211907
180.72766737070737 92.69873146759483
150.56208165317045 142.9777013290529
134.23851100608286 63.572982006178115
100.88274808003833 7.917822539590919
54.169490550338786 64.82702039693794
232.84182990801244 123.78046276299503
47.01417059080792 112.88600867361583
99.20108294177562 220.10796415811646
165.9384266713402 190.3116373451683
55.27433936376511 118.37650377128278
201.5864607077327 248.1671851442529
77.61424913619253 203.89133862381854
243.26972633053447 73.09067605147455
5.012080526442503 57.050521733984034
168.35374342390477 127.11664214613758
214.89843895768794 6.413464847245725
70.91970482337231 200.10445909106835
217.11459621976104 148.1707749557995
67.4641718639128 151.7386740499785
3.0277013769478 48.78371580598376
10.948679065213518 201.42187865917379
62.659713997688634 234.9321170837922
91.91710016186721 215.02066408793144
84.20709977682195 202.02199967866136
38.753093336572206 30.91240381974317
145.8765196479793 190.39563195401334
114.11070148162808 138.22088056403635
23.910476976525928 70.23978019550245
102.65658580565598 136.7430329011967
9.955974864979595 169.9264506213813
92.68787444277432 30.216135075701256
99.73606958344791 69.92095421464411
164.6008507649751 182.60522905578247
127.33591950235632 151.93170590408337
0.9657287201035869 182.12554284531276
87.47598126820499 199.4507006329835
33.04890879938502 183.494242806106
233.94527577856195 75.31339933660026
184.59350227289482 190.5409307426589
29.438439373697168 26.76936110748712
103.73307933992746 74.8189358382787
147.55794828696378 242.2333020838986
219.44482372595914 92.96062188961929
3.7038947152117085 87.76632984865668
25.04808437054931 248.05033610581057
245.30815351259372 173.4012505891691
143.76461620525936 134.95775218382258
180.39295780857114 10.372752456220324
177.53289810458554 185.16672496519462
82.72721354806556 4.36737764084702
242.5886735062625 161.36816818151715
173.91449206823708 143.11114353822646
77.4256019904949 217.52551759080262
98.11240030633276 109.30838308293609
245.21307256089864 80.45283546710277
159.68755842091082 97.6180033934442
207.35039491342212 75.88967537294431
183.28417675280056 109.88675015903144
177.4073801382799 30.11514034663601
237.6738238616881 148.79403351163413
249.7971601052269 131.54902673639472
29.265265459479217 50.42213107511554
32.59779205884969 174.38832344212707
175.71876807693238 22.165288601117606
125.36644060851853 152.26455871377894
244.15004502186648 143.5617746221042
6.852012484089593 114.92733918389078
175.4940715752582 73.44651121170112
117.56108167850893 116.19601266577445
38.24203544359295 125.91497045424858
4.910223241593292 38.10984022272121
238.2224731495393 108.92449080829932
151.45725419340883 76.56875196777882
178.23244243247925 93.02327542970035
124.83670594995202 246.02631287021407
53.0575389115277 26.125723757775525
12.25369400109505 103.95051589023433
77.22892410687982 32.913002826021305
142.4885152029395 65.89708293879323
117.22091834645606 169.90483040713323
233.4975967958913 33.87132468704765
19.022603804338427 186.65471839315018
231.21511145810683 43.3659045136065
192.98320370329355 165.152125790156
6.206934781233548 86.09251210696198
104.25385059658693 217.4389454571841
12.937010946317995 104.58404748426564
43.34439298985318 162.16747872813954
67.64672554082124 53.97921633311326
238.774832034187 133.97619544672202
96.69495723469174 160.44319528356664
57.50101987969572 55.93817182303962
136.50049066595597 121.26125588096909
46.91730682059109 59.337402941913865
188.22850662239472 229.0182973310548
52.036970323628005 28.233713956329176
106.54829182594239 185.8682063892403
223.44378825260839 42.58141138189289
7.929245264351681 110.12568637474936
97.30999351927427 56.826095177548744
148.67236579058059 245.19481717039986
122.58732058247729 205.16981776484542
242.70907401032065 54.96400531349144
166.4235831086763 82.70656027058124
70.95110959106249 89.08326604178349
186.6145585772719 141.84560097301997
127.26636553942753 182.16036432981304
210.44763528222398 181.87149093786067
72.65392842950317 2.1914860061220676
116.57953930552839 28.986397659014536
66.05070542583802 39.03997993550379
113.28094026632785 59.10269197807636
82.37386199951072 224.78067859698274
196.85654422244318 26.362032219426233
86.27757854441006 20.894272148315157
32.09625330523555 161.26803143871084
77.71131760731787 223.4131890807093
200.20551187618523 113.69591549624344
133.829571172183 43.34268181107276
57.41828133932162 148.3493977261056
4.750584241049404 54.86030856198604
134.41150309554266 187.5398816593521
153.5643720157165 186.0616211328156
176.4185369565146 91.23338003820774
2.1505075122051354 154.42690322333686
90.40864980013482 27.201928794027747
115.9933214964162 50.45041108748319
151.00926190610332 0.281560317822116
112.58719429081329 69.83567266624993
216.7839091876322 245.58181206315302
149.92431647123803 114.12060028225135
169.31407977813024 238.07419144617677
123.07357986785483 9.713103291770608
210.7635152103248 93.94072907383536
31.671780887415817 36.62238854019198
83.17348427498727 185.56202677733137
62.489372418212035 173.00556378205454
129.5867103321348 213.0394935013099
163.89180672695352 90.06347509561758
240.23224900112422 185.20102507285617
104.69386305411518 211.68642495707562
190.58426106125344 172.8284916868229
227.54091785922782 13.730469927878936
195.59629865881013 106.69132469392228

1043.599113469299
1124.0266984981051
822.3732334163703
1183.568269084681
135.27262130386774
50.26979482669405
1181.2302624861768
763.9222786381989
154.3810505846176
441.3145269360744
901.0429042924369
528.2698596985061
1045.2392402945572
519.949554505929
1115.0839993159743
667.7287740204483
936.3714002741025
333.80375938456797
875.4916677261607
765.5623119412217
611.0162757879018
211.44382733931045
1102.652836010452
373.34895424142115
840.7590212498549
164.10337925036302
228.40249522421624
430.38120827971323
488.6461647757336
991.0587853898213
23.869647974269164
896.6029629391244
125.62462578434773
1048.1789276359189
835.9154751250816
567.3861166205023
704.3201020237756
607.0980202376816
74.07089554708836
484.24286791916
88.59866332249214
606.6775932538033
1035.0446320022104
474.09345223866063
1132.7444381223436
264.41058860284693
71.75210364012781
54.33711327237518
682.9988697703525
816.8651530420747
77.46444429851023
461.6833991576956
799.6292947561992
495.9337588821397
938.6337638394505
698.771496480999
652.2633466993012
621.7414019599183
354.2373183777838
789.1747940669977
77.16690912508068
771.3771047361646
370.17943922826925
458.1749228846601
66.1167156968622
720.8452919368649
782.5684609326047
773.1170338403383
1033.8107888399338
827.7488735763148
980.1088611733622
99.34109713218193
1040.436085227137
1193.5345392520871
1175.6000894856454
295.7020175771509
68.4430184395829
1177.179655435373
19.282188804335153
476.4785084648586
107.17058254605921
650.6280677681027
315.80705918587284
697.2666619704539
289.08468426960076
299.88879234463695
485.2603385194631
1107.6659345965566
979.9951439078228
930.1554052550129
844.1554777339355
1150.6501298476262
387.74256494503487
972.3103122968868
756.5239670205254
632.2637854712442
214.98864281393352
58.06778268790721
66.16887173006167
1108.9150252525171
801.1690791120092
571.7160210499188
247.94731410041115
297.57491892658277
201.06816672756872
782.520805353931
721.3208366596343
1127.7156307965552
323.7348484490397
2.7744474863486124
985.5298914147666
105.14837431685098
40.96155642597553
631.817136256229
15.195944605135113
784.9091070680789
425.45296759360565
1005.6165324278699
238.07041756121083
683.401352904525
1143.1816575252083
943.4115272068652
181.97893989763742
788.4090099632699
308.32393538313136
763.6337939881411
720.0329646772288
613.1721547577575
604.06449858733
275.4807006630386
959.5485959618463
47.86378126415382
297.62476587240076
500.7323879099863
562.7086461064091
15.543655460256188
485.47839933453355
385.6003862362938
574.4846136844156
1145.2380260785687
689.4127973880547
1032.6463427641124
487.3484922785749
757.437765078932
12.797939417798778
633.3879278309597
1177.7689542073495
373.1263142558821
637.2361445636595
504.93583036275896
376.53889092792434
458.8283734199359
1057.1709831263415
56.09177174159674
998.0205275420464
384.1266140457809
701.1673143828002
520.5884583343616
359.12033249597977
352.4630831943931
855.1323768834562
942.1360280365823
844.33014307974
1102.8195508739661
126.02698294637231
1198.631247221854
666.3601073397681
817.7566026059937
48.0258764863049
307.2295338500088
1004.85758061076
897.9791129603057
416.4131111816213
217.10998122071254
901.5699557741162
1171.0550823259807
275.62684608988394
387.5216326878622
715.1278482501219
269.812542518571
139.5936552429892
483.2923679626716
983.3105221895604
1192.3078890296763
656.3508380130226
757.4218491280872
339.7117020754398
9.136002137557155
1035.0905333688368
413.5465451002487
106.80143211469198
217.53777671405564
78.2294786681084
1098.0908732845735
98.74353910583541
730.0741974311957
29.0316850111422
305.7993584316052
910.1471309343356
379.75933145103767
348.8868274221322
952.6062296564498
483.89537712329644
1030.8607642147588
576.3108610382715
1146.4552675227228
883.0434649169488
51.24852149448466
942.6276769627547
297.69308362419224
727.2886547289673
736.0204031284536
1114.6719547399525
952.1564709939687
231.80209979829982
419.006601266292
443.2180940450384
670.7262469399855
480.22639617495327
268.9193955303299
511.7568984544224
116.38822300677265
664.6119078219102
530.7706695261019
787.8373407414408
224.35136082004647
510.99349100404896
999.3903669523343
391.5872385984215
200.9435405343949
1129.1559806916011
841.209482427218
1188.2966736643868
845.0275473394828
330.29451156933527
43.41168421418908
435.55820036223645
867.7143642650088
384.030389222361
788.6062975340498
369.8826356106154
922.9889114526883
339.3621294555505
867.3305126705012
674.4417127270376
466.62740302557245
313.053324457979
58.57971986843345
998.5822501756046
1020.0953272122493
1100.0428389144104
22.94202900920576
912.3231295247856
1124.4354592091718
904.7478809332632
802.3750854031247

8.6 17.2 36.0 72.1
17.2 34.4 72.1 144.1
25.8 51.6 108.1 216.2
34.4 68.8 144.1 288.2
51.6 103.2 216.2 432.4
68.8 137.6 288.2 576.5
77.4 154.9 324.3 648.5
86.0 172.1 360.3 720.6
103.2 206.5 432.4 864.7
114.7 229.4 480.4 960.8
129.0 258.1 540.4 1080.9
143.4 286.8 600.5 1201.0

2 5 8 11
5 8 11 14
7 10 13 16
10 13 16 19
14 17 20 23
18 21 24 27
19 22 25 28
20 23 26 29
25 19 31 34
27 30 33 36
30 33 36 39
32 35 38 41

