256 3.0 0.0 1000.0 3 160 240 100

174.5666703684846 46.56109144508078
204.5092637840394 65.8079757311483
192.82557352632392 86.20141866114095
196.8089286962737 144.85445896298828
30.07704835239988 209.7971939962196
187.10229666180695 98.99754614999267
49.968028608082136 86.72665712129398
23.4468128870621 66.52789349978907
88.92000525359434 209.78950540260027
150.7290478084227 45.67416779991041
92.44209091573543 237.3979052615174
76.82801518318439 152.44881042483033
79.94821927389947 233.71024203714668
163.10728043499577 67.61983983617326
16.34071082891933 187.93151561781852
14.816395105404306 125.89801848635587
195.93587272214378 119.34235448838062
184.90174361236265 87.86894662251218
104.73603845568283 36.52327529126961
90.71186629381691 232.9788323662465
41.61599235164701 204.1737158160337
101.28882283270308 171.82518274283748
240.22696705028483 18.667897778653963
52.99517619697566 208.44640853360582
97.07535931985085 154.5570876884
239.4760826904316 239.72436476361872
192.0139200957142 100.49511591504529
208.77389116590115 31.3024300742
196.08337727646307 121.0573657183823
127.40977668881715 145.28311809198075
208.8619932719953 246.62822804739596
216.96192218103846 115.82256377560223
208.4957832822831 245.6537208684539
206.82883957064087 44.868365621173886
215.52066630806507 167.41301264729347
50.88188492388504 86.34370499166353
18.639456345141998 239.91083732541676
65.84392611635062 209.35289690777972
141.52454641193646 37.19874011692884
211.4302717605642 135.9419680322751
204.23631014313924 65.33275631817551
10.952927619879427 174.6549452998527
111.24493575635877 4.487609436669232
81.29778596203677 218.64137490182898
118.24333233337317 129.4196815694043
99.93751881252096 28.21318249175489
170.06898619860232 244.75679268976967
177.59237012684054 214.74280152018792
198.02914375482192 4.794834419023508
152.04180455654242 56.425383144322325
52.66783985576018 41.73564669488544
32.6628052359034 174.48737288260287
162.71561004842889 166.59818022496998
200.673891162462 205.10746062991865
6.641759823851206 201.399554874622
108.3928543849611 192.53397841956533
9.147087164916496 134.68705021882798
50.750344475033735 80.29147993924252
10.54475072696423 160.32331321903422
82.23242678047818 86.76582610038119
89.77349077964472 18.780520549745077
136.48049759629274 211.16339553444465
74.42389651028428 60.10181725025629
15.200888378606919 15.167305993843499
75.27414526526535 74.77582010901219
137.32510057792436 2.0696034393347382
0.9860417876343119 140.57186222151344
138.67171062935606 248.61591285391842
37.83043746540335 97.34229902391353
168.47954080443355 142.93744422205455
229.5722342009575 243.4166383105233
176.14564404538746 138.69714504164799
194.97256106942703 234.05694121943594
122.1822235092779 129.21275970182788
242.3645075313508 102.24042243393922
125.29234076266584 233.27707029282294
144.10824715088614 227.4647949058298
127.8285844430608 216.34116963798522
159.59907747756168 112.7665393604434
234.06222360908956 97.1249213020216
158.69956373330106 65.71993654268685
69.88049380535335 246.1586117282743
47.842674168713515 24.61544205163274
176.06902352119806 203.34193817223053
98.44023746830676 205.08062399509282
231.13191263661867 173.47990332147535
67.36256169638624 15.258003260893604
27.614059248280753 108.88207730485055
4.975137710924144 131.74689102329205
85.51565926999058 205.43931950212993
178.70218690722675 125.62793389510391
206.02825407179773 113.37603125953366
79.12713009230696 60.930635371893054
1.6248715720262041 215.94540600170487
172.23301846184884 245.4212147843067
61.46651880918708 247.80856483524556
162.29445683434525 83.9015971788106
80.1234119852662 102.99878602526738
208.55747417440372 0.16551586123689233
90.0676761848326 191.27851833482325
204.6000543255207 237.6545667400126
182.8004301274236 84.39434180752345
112.06109219703522 21.815285766310755
83.16391779570634 4.616961415687765
96.04639699239875 247.000170425242
178.0275185893025 30.989180769894766
167.1889160908599 92.08973812584864
235.54822732303845 32.41717511156656
106.92502055907569 105.70050365094744
210.10552638845425 208.61249770582756
31.018431869775238 244.08373042241345
238.0522700285185 110.69322909022436
132.37264806629747 222.64296509075402
11.471857784322136 243.33593517465766
126.07477017863086 141.73106266906356
40.02813462894428 217.04146737183387
141.87327161598105 10.042802519873383
61.99025632333116 170.05216163649683
102.80489618902841 69.84402666183645
139.86362852250102 236.07666712305053
80.09397398775903 158.07400350945764
17.04188224927211 154.31366236825917
243.89825439616013 136.8421331818136
43.61173428066745 196.33864118730426
50.28069074866348 223.01043380703504
110.90127824362958 199.02770012015492
169.02146532779463 60.95613600963698
68.37050747665735 148.88510004149973
85.42363627006685 66.299998262877
146.557985508334 109.07056458094932
123.93663181833934 97.7942522838188
18.16657958510645 33.42481968569902
235.68936992851926 22.127669288216577
120.80599109634905 100.2812665850786
138.2522491651904 200.08067261284148
47.956069557423625 105.9706999468458
218.48039997669923 99.30225204751004
176.90672228529723 110.28415543690512
173.40773538105222 144.96746720156685
157.36574776291127 34.28336977344984
98.12827419296774 171.87646530635683
190.36369174010593 75.63220311567603
113.0920823844579 2.587327358692076
246.57192149125913 194.45132404967384
47.068721502432545 165.39563698857475
188.60382224730697 95.10990591479296
159.28413571759623 42.500479687363594
196.00866783195696 101.58992363900398
205.60636440053517 236.97992186539534
20.201443552631037 120.88110050208772
72.28314100907055 119.53755080240924
44.52363542634832 153.93231283277188
145.85916363313922 181.8972989865303
86.32298025998031 204.1382684135387
159.47791579297382 73.1210265821296
162.19036273703458 87.65119518896076
223.415390402102 220.28240141890703
36.13298263674217 3.1017161245951996
158.4646924748034 90.32946036973897
146.96896546256428 184.0040800753133
80.13090156725033 112.06010415072629
216.42433025177277 249.13129029544496
133.68816449011877 53.39518589475753
234.15639784025586 57.39900562744385
28.322652587515513 137.22647588774103
208.59805057006815 46.035555071845785
154.72983802330762 223.78707128313206
154.8422546858001 62.82220756385487
169.70300965621897 105.94516164023871
35.44216184750848 249.99446168029033
132.67629646851503 27.710594930841076
209.04564967484558 50.685383929434614
178.58022897635763 178.79771432941246
134.63303202796914 28.093086152258195
178.33286678983634 31.0494704878152
26.724435747735058 158.74718249033359
68.58307417370833 74.7385368802363
63.9769279923198 129.77598449777034
18.525585572466806 185.5868007926796
94.43258841245233 149.65441790081064
90.56561050905823 97.07598423288464
90.68073636651289 238.8800472793882
193.47905349741004 249.49560410732022
187.86802105615905 145.29231250991492
67.48905354114376 221.5363463950263
189.7002078987669 156.10934735354428
11.940999751781645 69.27158541491151
56.69149012638605 123.43306046333394
191.89189314599975 155.5939538832937
245.3652912371923 1.2836194846212734
46.300646126829854 10.133750060766333
122.74813785722213 128.8611824180592
173.13275796183385 8.907949349409277
144.78966170742572 80.47916429127217
71.74940097939967 141.57195676260127
186.51996700920915 225.65200228953697
44.11047423207934 199.1517690541663
198.91494332264622 195.43097990591681
235.6349820564703 3.6382129553000633
97.78722971622769 56.72587362484971
245.3591820136125 166.0297487389836
86.32839501251857 35.40064528585074
88.50433130493323 9.282648491410805
91.9673064702507 14.219324829259888
180.5118035404338 101.02167962248429
73.35500896867994 12.607710103813147
245.6491516731379 205.50691302256408
88.29617085362807 21.044446514525085
179.05843037609728 144.42043808073558
214.38267962423586 232.035182671983
103.36029380564551 75.3910950752818
45.986478230117925 139.57902919261917
187.90075532959966 72.72550308652151
204.18031688879861 64.02167280595566
7.317327624296988 93.58742719337249
183.52181162321432 182.3197390014963
240.08716802630096 243.44571494539656
21.458740675560612 105.31035744276132
180.69031094970566 144.1267075462327
44.03949824739589 161.80596707549378
52.279621749791175 216.67285616959455
96.89721101707455 229.37743852031716
178.18557842227202 116.46638381595709
79.9780974531325 33.139082243844456
211.37997668050173 7.755306232974296
201.57042048995115 33.52594260058936
190.20649731367817 114.42543256176155
67.10848874178288 157.97460678528938
31.70132332239703 176.74629801438925
73.9425549975578 111.37871914854816
183.1484492896555 223.36368338258274
182.81741548105674 6.838520850148772
111.02657968619695 148.28695929078285
99.04861105354229 6.290326273226427
70.83022599524857 114.74644950488246
147.54644196987223 88.60969670808765
235.43870437217544 23.34579338937029
244.41394078901556 161.93700933763176
78.39191031822357 105.35101924883972
214.86207254630233 6.223690165040346
22.77557728487567 248.56917589434218
220.1279987386311 31.89249767889374
225.5124501149339 20.764400486784655
141.2330642710239 112.16719995181535
76.39728699127014 36.04863935547495
151.81002621134635 114.22185984715067
240.7360823132047 58.07245986641457
113.6011849137743 189.95506040568387
42.16817292525526 101.19794431976409
179.83935306936797 170.61989137110675
83.53425622618086 221.87297867159157
132.9200683048717 146.63124023160034
175.05501941392737 230.93617598093533
40.788735862928945 138.65355236128156
76.386040389053 244.72138074810286
208.93698406122806 216.07114272058598

174.96030626465992 39.14969627717535
203.11807034941864 61.21118456315106
194.64518955304544 93.43589254802035
194.43744955785613 152.89040794192584
37.68780983010936 207.75263098470865
187.9761558875785 97.0732405302142
56.40375338707956 87.2145799453565
29.403100871184613 71.64406320352654
87.19738951372635 212.09791830684375
144.29251279788048 42.78924172935331
91.17705132538306 232.65902198121537
81.63363752942674 150.1320517958621
87.0612936079114 236.536398671702
158.18193680606515 64.55882978361721
15.269994397753228 192.05831376755464
14.388516475744323 129.67002608403098
191.02422712276805 118.83256343792226
186.2795276727585 89.49717213800024
100.41454928027832 40.286401787823
93.55385281725754 229.7331578559978
40.84078647414588 202.45193719777313
108.81412853637312 169.18339578556174
247.58456988104874 21.782342292492597
57.78652887069702 210.6971707783201
95.84471926993245 162.10227194987755
231.6445977076596 241.6398605240147
195.48041889563243 95.65496937803772
209.639525002702 37.68521502332506
193.9317732191185 123.22173914901796
122.9332283861367 150.4142651245452
207.11699135614725 241.0696621846105
223.3921147772547 120.99530142781964
212.89435924134074 244.19135573810462
207.0707306888194 41.47859722998445
223.59062230852922 165.91621072967695
50.834163790902025 88.86098366016729
13.926367169835085 244.13495880618558
64.63494730617805 202.67162194731574
138.83714912573876 43.31072505435593
214.32127349385308 136.3811921215282
196.87826980450822 68.88353190459604
12.415952151355187 166.9372894429776
108.47229360676947 5.723539942543098
85.41503736778495 215.89549841305512
114.20389621053495 126.18621579519801
94.40097439520562 23.002237012637067
169.4457457828833 248.47092441482073
177.38435770257166 221.36724106601395
192.56241281385977 6.7382600321259645
150.17769205670191 54.00888297669898
53.99795679790467 44.990592814242305
36.90239012100699 172.377879347941
166.23146041961326 161.8928637489999
195.8308105924596 198.98102127688017
5.142466267905988 194.75083600884247
105.23763681834339 189.32113146600324
2.3390126313572734 138.32365608392334
47.21889845984034 87.56929563287275
13.812309085615315 154.94928614247831
84.87240455617037 80.10464721916735
95.95791250912852 15.359839253244106
132.98324351178232 205.64767992710682
68.23665084919536 56.754945780925965
20.10968579075373 13.838188013768043
76.95981814941308 70.5826393553087
138.03605742734985 0.4827387075466427
2.89957368896665 132.75956461249723
138.4149504774891 249.64576620275218
38.1869975394736 97.90821499935623
164.17428570988216 137.80380668506126
227.8319461577382 247.23393332085212
182.44168577007636 137.6931215665141
199.62064532695354 229.73747029389753
123.83047376891929 133.4733532432102
249.09724241595237 97.58867338606017
128.162645428427 239.92185532894024
148.3290423966541 234.2827495842846
124.80534503901889 224.1834229822313
158.48175049164104 106.67065519883295
228.2270445206876 96.38388771444217
159.09864815943982 58.75827410881276
62.90295829068746 244.7471483306537
48.035465435634165 21.838266572408532
179.82810257862565 207.86670802960276
96.09264389807109 203.2217627754212
234.25622307719019 177.9141281698266
75.73257278145876 15.161707128822199
33.87657289129508 107.56154323935307
2.7989379683431292 123.84249279254342
78.96127008231562 208.86821423789925
183.74768865369526 126.20376369541192
212.33393541485853 109.04002144495887
85.3735755351125 64.46703000242634
1.6532984301260434 216.2830539756859
176.8775306352986 239.3220804969894
66.17501356540035 245.0553308006739
163.36829630675268 81.27018717217408
83.95509699407683 108.55306513031135
212.43213914750177 2.1699323886744115
86.01398954994147 191.50344644111667
197.56593315519467 237.3314989550596
180.30940524907064 80.50538092273973
113.33421397728144 13.904176412798591
78.90024920077904 3.2468792619033406
100.53955472694857 246.20377049293708
178.32558412657332 24.807397508242317
161.7972879966962 92.52373448067688
230.44745176837958 27.779355020112945
109.57397711595048 107.0529874059572
214.33547968913598 211.53208386499927
23.751713455664873 241.91017524368607
232.42557888909715 104.6332991879505
134.51061696368689 226.42096181636464
19.44022273930157 242.2634855659957
121.57433464683697 139.7075263848564
35.39310979754903 218.12597792289475
141.3902908990255 16.477046475531136
54.82556570246502 169.15936422801315
99.58575200444014 77.11363896720857
136.42183944899605 231.7571292515375
74.94852673502133 164.75868117362245
13.499025868522779 147.40884708833153
245.72391970639973 133.86073159497334
45.26592779986896 201.4100910182241
50.08922278708705 227.35594976756266
113.04495510687823 206.17202173984256
161.88682402018947 61.36453461229666
68.57075589601932 155.72579571212273
89.54947934329944 64.59666306548176
142.19678273248164 102.57635424913994
129.28743095246494 91.64723901437425
21.835792217806322 36.22749962341623
242.92424190132806 20.883397964975988
112.75514172483884 99.91296431645493
134.3488279239259 195.48298281928598
42.626700346236056 99.42152415995201
215.08259977731166 98.6408019550106
181.814920927919 105.77880914631235
181.31833896133216 143.3642489941133
155.2481029913825 38.92788103121772
94.65442060653581 166.43463691704284
190.29856443307844 73.49837644334583
107.42746214168064 5.5484818519078996
247.80699271954586 201.9509042618232
44.56314135883921 157.67014637162302
190.4305928851271 95.2585378479859
157.05452824299172 35.71760640159316
195.5703612535448 106.29595213704582
201.81515608735538 231.848506716851
25.436259684797125 115.90692453238636
74.73383398249045 126.63809989303232
47.24271905697297 148.99950298730164
148.77114252934496 176.23658246664502
84.1971912598783 199.1709089752105
157.04386391501623 74.14995889853121
157.00430605703866 91.21108899775177
220.59131329620323 221.89155183569625
28.130155337920097 3.643168428000415
154.3450660026117 95.27507322467437
142.10845387801842 188.48689765300728
76.06241960658919 117.45218430308385
220.96733093244995 246.8274743392626
134.01122372572848 56.50611180321716
240.4382190820418 52.42623021272866
31.94397164564866 133.3995719576731
206.98752917982983 42.78373113430836
158.66308614680673 219.53538257328555
161.2375588286878 57.83051493892924
165.76904593187933 98.6834209532098
35.503679535005716 245.01592360292514
136.4845154374519 22.827919021931347
209.39871786233942 48.08282432797723
177.34379478440817 184.52006425697692
138.1297198745074 35.192402351879984
180.16614074382878 34.12214622878321
23.90440654837403 156.11368092192052
65.25738477934837 72.18243746765174
59.57369205881738 132.23468968864412
18.26695705323195 181.0674164894048
88.7547431959253 151.31770441230674
87.20408269321581 99.18409078138788
89.45045745798177 236.84445227442694
194.91678362909727 247.01721585598392
184.06372928654756 141.5881959025134
73.23014428753935 223.29545145848135
185.91318447298556 153.1148541897742
13.58720209409961 72.42560851088375
61.089009772544586 122.14582612581651
199.594269775078 155.0244017905643
243.85388403915297 7.107019420119598
49.90530013239078 10.506891330766432
124.72034712987737 125.23952443540074
170.20809524863856 7.831159358210909
145.5898827041101 82.79481508004699
76.33652613652797 136.6506313157582
187.38818335857644 230.97814425104121
36.95892716647073 197.24256326477123
205.65400659666648 194.37504262813388
239.38162288731635 0.5824007623241034
104.30979578359037 61.90343128554102
248.00026896228107 166.7828330718531
89.28236142355037 31.510302702853515
94.09420855385319 8.666135001678816
88.93915602956176 9.339659062858718
178.86330479706308 106.70634638237777
69.59087894338836 5.8830965518887615
242.30801467499808 208.3350296714377
86.04804334569354 24.875251601012284
179.76626489470988 152.5484559517627
213.6885163718364 228.8324557289918
103.70578865741453 73.28905184132407
48.044069949148174 137.5518834102068
193.59237710506355 75.28181079005397
198.4610529985303 62.13669432044006
8.034380545235752 93.79447758043597
187.35365765211708 189.40558642279956
231.81210077208044 244.05888660640505
26.420810799718502 100.10661904589082
173.59738390672177 142.54711645596342
49.09541954662519 157.506677053897
56.57524844611977 215.86154370003507
91.51835378742201 227.01349974031785
179.31407608760526 112.58334378429564
84.60172462387993 28.097043006490992
212.71850069772606 11.024340880442491
206.12515600563768 30.860553849962418
195.10345261737297 112.68931432390009
62.423879892054366 159.59517001765622
39.02892341916958 178.7724100221947
70.18696678572766 107.66003779819475
179.86802936137212 225.00270939677944
188.56424157384066 3.0265125369676182
114.1473401922004 150.00232419965312
103.93180230779478 6.5702111841898505
70.4549416622299 115.96022929318073
142.75128340455572 93.21975542913161
230.65700223260757 24.412637526977004
239.71566890032128 168.60883352610028
78.07693424830443 105.28827165875393
213.7735459520018 11.143903851636134
21.586113017220104 249.59648041651639
217.35440587576596 24.222295608751416
226.9005121314209 21.4887053583733
139.11557773608197 110.02651812965868
83.18889235081714 31.619759790879748
144.96710792037058 116.46090382349506
244.97714036310055 65.06893046494005
115.13761046715653 191.8632528191489
36.134465491894225 104.85432371340767
182.9567417855227 177.90510229643655
77.44049399486889 217.4396430685396
133.94030836721367 138.28277598658585
169.69085623241222 235.57300369701855
45.041265626560744 140.86311767248824
79.13305797675918 245.18050969388898
213.92215570123264 212.26400371290129

509.6542323653953
829.2696508063245
605.7569509808068
149.56204908727128
299.31881052596503
1068.4666729549494
414.29173063173187
199.5893479754269
906.4496683439454
1149.6640379792025
262.26953384144616
75.00411951246716
558.2289758235113
663.7676561362671
232.26743444745708
800.8806916567507
293.280320070681
1058.978101312212
1038.716439621502
327.81949198839163
395.39079940108127
644.3443303538505
771.9736930352269
9.362167736860785
689.9473332182927
594.3167540056855
953.3070479662143
452.41993034551933
1049.9527598486693
710.8438262260676
95.14920669907615
144.48926580057375
930.9904471344888
280.3690878905082
371.049492277595
357.3294177806109
1174.7109088553455
817.7181763510946
203.33377116083494
482.8364318686255
1146.1687261172062
880.7559384653083
768.2620837079144
590.9193451492621
980.5964595846884
667.4672223615895
34.37052850608332
437.82315692890444
167.9846866918288
659.9896553075469
229.23665689001524
251.46228990898214
1024.0685696795197
464.03404115951236
659.7362815300388
304.72815917251046
414.4189633257001
572.4987846750238
170.1851437541288
602.4465649182673
991.4248567201591
836.1582216338774
879.456368949071
171.70845297911555
513.4598860966098
13.525702551910486
603.4249229134019
593.2771281307736
881.514949317006
690.7717758843872
175.22240312429764
1077.8346849779944
1026.7961083071832
162.63657973181648
1164.5010116154156
524.2635042054311
363.96370912753906
633.5762608965188
354.53702776999273
689.0527527118813
748.6722478683315
688.0178586458612
436.1420827607044
988.464164140848
10.837628748429983
823.9350499067082
98.94217919226091
888.5577215958447
467.0331954634037
1061.562090161883
625.9062704206718
315.89145969914586
845.5390113920007
914.8074771212625
559.9662957555369
961.7142442843726
278.0783690661886
170.69343865682433
138.12991962987957
614.4061197034592
809.0179881367937
717.926981530613
760.6582171018587
736.8041114014866
99.7340828060159
1168.1334724548833
553.0707253724019
83.85096324062121
27.895974974377076
474.5162232383196
187.38166178654535
1172.2345282576425
316.654771962239
209.25221956084462
651.0657017460891
514.7297227806968
969.992578006086
511.1349986182406
807.684288713467
843.8036707210246
61.08067205709656
319.3995251361888
524.0380455608904
11.964873765646757
514.7531817613901
262.9294226291157
2.2263129973238547
354.6771558632737
1002.3704436686363
37.570490137745864
265.81577901513845
803.3582978461114
1.5769388815065501
8.953270651709575
534.7186751532339
1189.7922172523968
742.6362232529353
734.9858137586225
953.0798201685088
139.28901270276745
598.4162751921443
593.1162171826882
873.3001408535864
494.0232690355471
863.0162584851183
27.53742118655193
642.0776609167328
1153.768116743683
372.3384837058882
285.28123499920673
462.45404978778015
422.2137179276928
685.0584744426443
763.5718812823509
1182.7955456956831
546.1158525257688
122.86096382216827
950.5885780852051
209.9053047115518
171.78728771081413
382.83530134927526
736.4826504468441
42.64696503879218
931.2011224349875
1050.4983896649414
199.4357987449437
801.512254017921
526.8364885093852
676.2142271362176
136.51744354732293
193.74767438664276
536.3177969492651
413.578415986337
780.9315810936494
929.8772239563343
1120.8046931985252
1048.3516979359715
373.7139424087057
873.7739812923618
298.887093968165
561.4547512149175
782.0439884998501
513.4511206282378
316.91458892773255
111.84690158919891
949.0938994589221
1102.1145642882261
974.3778871642976
945.9685727915769
1083.4679526014563
1088.2911384087374
28.792375207337578
17.22267768653321
0.062349990646141884
1193.1106977510897
446.16686540611585
1020.7547141630727
712.1191088017969
857.3664645433653
197.13494817285917
292.4801405444759
395.845512609061
142.2364522618829
914.1493979725275
919.8994228120087
47.47013703769641
812.993435616772
249.48666897475633
966.1901084784356
713.3030995316109
1089.1551573374018
770.4587909248517
829.701989794701
1025.968528461455
1131.852937978346
888.5519969861028
166.93037330014744
45.09836234897933
295.93833913936436
490.19333883453925
832.1966579719989
499.10201585557206
1132.8372057968713
781.4224323197866
101.11795341177353
887.24222338816
301.42785092800256
180.08621093104176
1062.414336663929
750.9768350324969
775.3603291915387
100.4481337247377
163.5004694431846
270.824552403743
76.81451360411717
220.00195179090224
374.82376432580594
657.8361411787488
1081.9702504172512
937.5868224577611
146.5314603699365
591.3491624140587
791.6222626671374
690.663279719204
304.49143198666485
294.34199222109146
54.40461747607128
155.6678386377232
73.14608514521535
302.3734073349529
751.4388821433781
828.0943479244986
1067.058524054367
285.3548024910906
1083.2092948166544
621.101087309325

8.6 17.2 36.0 72.1
17.2 34.4 72.1 144.1
25.8 51.6 108.1 216.2
34.4 68.8 144.1 288.2
51.6 103.2 216.2 432.4
68.8 137.6 288.2 576.5
77.4 154.9 324.3 648.5
86.0 172.1 360.3 720.6
103.2 206.5 432.4 864.7
114.7 229.4 480.4 960.8
129.0 258.1 540.4 1080.9
143.4 286.8 600.5 1201.0

2 5 8 11
5 8 11 14
7 10 13 16
10 13 16 19
14 17 20 23
18 21 24 27
19 22 25 28
20 23 26 29
25 19 31 34
27 30 33 36
30 33 36 39
32 35 38 41

