256 3.0 0.0 1000.0 3 160 240 100

185.18605890669988 145.56313889416165
165.06521162667454 165.3541093812392
81.87675257734963 16.26595128026473
117.83668780924181 13.422975633751472
24.63852042477943 196.74153847070053
153.98010640149508 88.96875474906041
163.6894906175618 5.71327553476883
232.774044614712 129.07256877659816
236.6328038277022 75.71395019310451
139.60270096666275 214.23204422645264
29.311389417089995 7.034315352623416
94.34716576957217 118.58270579748695
166.04335150667362 236.89653002072552
100.06549220277763 186.3413623044956
176.30119185616513 79.1459758424666
63.99623705623636 2.0926055886990316
203.30475534523103 34.74853262697308
246.1139428270349 93.2195006946795
129.41322411400677 20.331925836755637
153.27001165275712 159.0405206258147
92.33081423829057 71.94654372023138
136.77484714395104 113.89743755967494
207.82303967890522 26.733190263662415
58.287442972341566 10.692151653202197
214.16757407036422 158.97589051118905
243.21660189997772 97.49792825298553
144.16482182900324 131.80628773955166
4.1255611979307 130.77908716545778
44.62032719213113 159.19910620743212
128.37635530685858 128.9750060254667
78.36107409327875 21.723470086577407
159.339420082682 51.633120385051825
211.97617937338777 115.29050201774635
196.76579686416173 56.42696871805678
21.74246816116618 115.90597856758767
179.51860810803512 160.95570723762643
235.02699882770514 58.06236537533441
142.61652112412233 121.5470521758947
215.0925581467187 189.55007167494773
61.19678822153615 172.36539247858624
44.99433405019704 100.49681333274879
52.51053956482138 15.82764325783012
66.2946909982513 183.77562006509092
103.73520005218944 241.28309088658403
7.975733424720493 109.19824962096972
177.7867360329847 225.6652555413034
140.92335139839648 86.0524957260591
13.353601608179167 249.90302922270476
190.29323365234868 223.26775332307972
120.58315958755276 168.25116320527243
94.4529181195417 58.180523385844424
69.33656160469457 226.48818157730423
3.2514367046688752 134.55609904121079
205.96034194474214 183.09321118568528
46.93819392742962 17.41398547840517
238.93002851805025 184.843106238229
123.12780236100726 178.14244519027815
215.81614441893655 213.50527260691834
89.90269708478726 170.65739445502317
139.4631901479601 186.54422320433054
139.44318661939036 113.54258894733452
131.49332211074727 176.90967160788279
205.13291378511994 147.7190790213951
224.20643849663813 224.82025730787458
148.22799660989742 205.1130959845923
101.72385929320008 109.4693690722137
82.46141762025519 69.3740607453393
39.45948011417386 17.11136199444499
157.59582000949217 159.64104879850797
114.8837304330334 151.22563025791038
36.989388546225854 221.89628654556267
141.82000106870734 75.88804740865537
79.7160932143006 213.8428390509612
2.7109852199896087 233.25146694143734
100.86126455252514 150.40079559004408
27.704544684244244 208.49143015345695
116.10361013111137 203.68471343058022
71.41687354871834 233.4035434885214
103.03349586259542 42.74673793426559
228.89246696381085 230.68706649308757
184.09631370896335 145.68088506778665
193.47311361208145 12.6553908688182
212.56031305778913 233.86373657503196
237.98806492895443 237.1771623901414
130.80958913448615 173.81722866909365
133.01135727219372 149.68477936992193
156.9611628280205 108.03267474107878
112.60511778744284 237.0024098381248
116.26522676095163 173.5697899916008
13.026181949160026 204.81238954094297
4.238322585837312 30.84342954768754
111.9535260602067 84.24711563228773
142.19622429730663 244.31039407725117
208.47080173983994 199.95185373112054
210.68272951055806 185.56800530192334
177.04847807713284 219.76258302784632
30.844115120836125 4.040863826927588
169.6057968634783 103.49468806717971
162.23027140027082 182.42560252660647
135.8892168362977 58.11594479873652
21.51375931230867 194.02029794310096
93.14391705511191 55.0873101032695
18.14810612459433 150.1650412285669
149.63257174746755 139.90215043181647
59.12260418015924 222.61061674705172
86.81479702517187 197.13818495524677
191.15672697879592 162.6007331061051
231.92509359818115 87.63624010987195
69.86449557491822 101.9887677942151
122.50354581749426 32.535182196576336
196.90037483024304 123.5676190386539
242.75393276957922 82.2373719595941
231.5255542538389 229.2417682349118
206.43544841270258 106.2361247714555
58.29468841759139 230.60726339904969
110.56234482722942 141.84546751938692
235.32649042329243 199.77390782571314
83.79885481984917 166.03363940265822
172.86027947258395 44.47383025684351
235.4759463267497 95.19288610781642
220.12701507387263 54.679283249252805
12.332005929738655 32.58436576984905
13.254918281593836 151.5018337076714
202.4830601869842 8.258218461650257
218.41228124669502 178.1416299826387
44.3166464991665 25.507088044234127
95.29559350044909 212.1483239076641
215.4955749758753 193.9934049835889
83.13709125071347 44.128655218654636
7.033712886054366 69.38303139259625
166.1467289051499 84.90090275945883
117.89716419719656 53.53832235935727
225.53614167138787 2.907063160447393
119.06209143259572 127.1324914889197
215.13485716775125 40.97109836829394
26.825336958325618 203.146004557056
177.96792616902437 105.51336816510428
117.0615545803222 164.72798516579388
64.41446320319099 9.855130409475915
157.4763098936332 214.7032503982801
2.2604044607957565 120.77623445444613
215.41714562002062 98.52056371928155
172.2490994226708 243.9339519096339
195.79813279777088 205.18699187679314
58.22675265374552 53.37259807691302
190.97506560664587 206.48294235259638
171.64852690497185 42.72208838009212
183.0766299916794 20.8819922644459
192.2967286134306 162.5552759547374
2.475533703100857 223.27138679293674
160.5071299442193 177.71873318622303
179.02064916531037 123.30137855459891
110.0175280281279 119.11569471881143
19.481136133909033 237.66658641253616
244.45464911557642 22.202668178070954
227.23977484328302 155.05131351227075
225.20910028524307 91.1294432286241
247.42736065160702 57.76054993073271
8.364544268477186 39.4727903881705
142.00375718223123 85.418511323225
200.34170787218304 198.00944384778256
155.1762818882323 156.89572116711054
58.023912738817934 76.6371937529447
228.92455759812336 86.6249382423812
6.53133692593319 204.32035998524836
65.41739629832965 46.774580769050445
14.866361259035537 108.16685395700537
225.3683742032774 188.5605948546112
244.54664401744355 213.14228269578814
62.05260036996735 48.12763800408601
239.8180872343637 244.87779504377872
161.5143364639477 64.40546478747372
88.56463220608188 197.2333459489318
55.87925787782455 184.43149314574404
199.21340838868298 186.8020065537928
46.923746697272314 73.32968646133378
29.30118144900973 228.68191017845072
33.22052759037031 99.86904998694482
35.82082985804261 104.29449290644449
234.33163778936654 197.58867596009372
80.49684112352867 179.31332526774693
192.72833823289957 26.358651150430042
104.36990398037868 0.3863930371497404
23.2372678995717 106.09234395408757
227.97103524721464 11.31864415323336
7.781128122808539 236.7959750056918
100.81344871488996 231.333133504958
122.02760611439106 214.73053949592236
107.76479284357418 50.79184259873029
195.6557486799764 1.5695413925898016
40.30319578681582 82.81562153206579
219.56496578275136 226.8433944657079
128.91494692996707 133.26722792775962
36.18763198688596 220.15068360855855
208.6667820196972 77.06256455615598
33.64081492214602 192.38753972388778
8.665723996522878 101.4932501441545
66.10863803690017 208.35154037277584
58.21425092624419 51.015308137592754
85.06962990286901 130.34234825984402
233.6389248263075 54.71607157896802
102.97569487032231 33.6582124302795
235.7031604770876 23.56560630277854
96.48745267259635 144.47422769157984
22.148884606715075 56.17385092797192
109.04850842781057 58.155806798469435
162.71301850940398 90.54307649086482
68.41016208688103 201.30179491381776
230.85373941144854 10.007064806336757
52.776314165920354 7.761359533603324
11.634322377927885 83.35218197479519
159.48770228222205 236.87497032148295
171.44466222744649 128.0433825276225
175.0122683299298 73.59182488596838
147.33754142121902 27.860924596173064
150.42205622368493 75.1355449693067
214.4394013824506 103.69891159741707
166.39242627364416 239.88226134870828
192.98593576049853 197.42511220717375
159.73913109711242 80.84871910578221
231.71398544339334 196.09371488514103
68.32547494098564 49.800350536383625
94.82488385407973 245.53168496958543
187.01390158607768 142.53686560284294
238.24960720834943 207.35189380942427
37.15207341752619 112.57196579595663
42.80819889861223 211.192380099615
231.29421211592984 138.50778451518124
184.4283350750059 48.149451777730086
176.92420221442794 9.13753203020809
226.07473893945843 231.43064167277072
206.20395077503994 101.22915151326711
171.60651316614664 45.54153950540907
125.31489496237837 30.84358676399454
110.18611136517639 218.47277669158905
193.24070597360245 106.21950518955076
119.15099706285976 31.750218135601386
26.682266822417784 152.63724495932624
154.1984994628442 226.1649630407374
111.9814911730106 31.221887258360393
172.88640157554238 174.0515848633236
168.79446985628127 198.65848938029723
241.2372845925184 68.9821675145903
209.88560903278363 48.984197213139765
201.0063211014966 142.18652990728415
177.32967832977457 0.5548031428662947
222.17774942983155 21.330631715786364
173.21087260632348 17.966901100484435
146.90226591198234 210.43483050974964
154.85079315521978 99.15909427125571
98.2573279100657 218.46132963457927
137.65597801639709 238.81000215383747
239.20742472208113 202.98377417381076
92.64020530364381 143.64525861330026
95.23433018277535 48.037739075625474
163.16237429689735 194.33791751823847

180.94942748216127 140.40268185628753
173.01352459261642 162.39367933316638
74.80499320698314 16.563150894195466
120.42247891949515 19.471258880406655
31.92073675180318 194.0473391089442
152.09421270892577 91.6854219279841
159.7529322682502 4.726613847432781
240.61219622216666 130.43642046637646
233.6856851950352 72.87898148585262
145.67098091487813 216.92714549337745
34.00113987660683 12.405032837761759
96.82850159844972 122.62388190498322
166.19604777614074 233.6212629032207
101.60601616980072 181.98304935189665
176.00730730119395 81.29233927707527
69.785614180472 2.1636182468656173
208.5957207257674 40.75614083599655
246.78796334150468 93.64427266975794
125.89749503145181 24.73283344194077
161.14630968691915 161.79764224380133
89.89873170190863 77.64745241858803
141.49422133308104 111.75624811095172
204.4064683077693 23.589275212104827
62.03969129054937 3.5685591183768075
211.14463514898335 161.16217356349955
238.5820697760031 104.4550547240273
143.98804319690097 134.87560350314544
12.309502118425575 130.6085495760225
50.57710517169972 163.65548441822318
122.05206133414265 124.0090331438222
76.42700337946565 18.824992127313173
160.38913569471484 58.63962821206392
211.68377981644457 117.2076727025578
191.23211703861318 54.42077664255182
18.09901328705757 121.4364758751331
172.56729665330758 157.22318639405873
234.6196690330929 60.73125414352998
142.39082065490433 120.17158063239938
213.30764815069554 190.94763701768954
60.42087609065949 179.43906774192314
49.49285318599023 105.26725813828259
55.2132431997695 12.720880269829177
60.78041684022312 177.71079634670002
107.55884497829734 242.70977158866026
11.26528607193511 110.94105197308973
174.34630880105072 232.33155813511496
138.52329927748528 82.80054858188605
12.257005993072777 247.01231743209158
187.55948847314033 230.5643594440151
117.91208743627784 172.59700511152425
92.571501741785 55.81089342656079
70.17523265971587 231.08510073400493
5.774448163095719 132.48278565925665
205.35277012752155 180.11363195565843
51.28007064512974 21.144236424903458
238.3515941158804 185.9007873345994
129.1143095570036 173.48494346804029
218.03545777904 215.8621657735873
97.4109171792725 173.59309614587906
140.67109605968938 189.0151961660625
136.12752985014794 115.25041023630064
139.24061564874782 174.4495684244701
205.6397073295385 140.88425366462815
219.86146157140556 218.71651616817917
153.41347812065908 205.50489449914753
94.82042639942745 108.14461903509134
78.60961876100131 70.01844556374832
46.00289234277005 21.520880850254333
154.8493678775427 158.0466844010488
121.0841865498567 156.48182161629097
38.44925330565785 224.86323452629392
143.38823429184103 74.32301809037837
84.4945279517892 217.34286210840642
1.80863767157749 239.07072334380646
96.67196553625155 145.93682831717302
19.9424968781671 206.7795478989347
119.01599927328697 198.5856651077329
70.74714277135014 229.01200418400276
100.05818417637913 42.84777767209014
230.15945160193994 237.41054858338782
181.082543589652 140.9769121218985
199.6516749050756 11.427829477211993
217.55154087201163 240.23328312917894
236.89734815018355 244.15742543449218
126.78011906451265 178.72291007462206
130.84492942838213 155.30104562052898
157.6356674649544 108.95727172541572
109.31915177200813 238.9981177926209
118.035221053887 175.36797435766871
19.567970739518465 201.5919571103357
6.067577774476224 34.51637549264727
115.06535718527475 90.5488262677027
146.341566488963 238.01670194163253
201.24703360796744 201.79134809089888
209.1675807478479 184.15672986959112
181.24689924222224 219.03777916308434
28.037912473204557 4.55656139224625
177.07698242260645 106.92629752276441
168.9196260394323 179.53587629833658
128.61280867584372 57.33975329721941
25.673425442333002 193.1716031705672
93.32559734062285 58.27056721801932
19.01741835254961 144.91133125524132
151.4313879451092 143.93160435624472
55.46086531807706 222.34675981736498
82.83088638465522 204.5393191183366
191.13639432235746 158.1537890737811
233.21940657849012 82.13125881617047
65.94923075009113 102.97838988890928
118.46080975418835 29.532062061431052
198.58352016129595 118.65585897498046
242.531441428879 76.221659281647
226.52885218341146 234.33934076004672
200.8883274898133 108.36727485433114
63.05089595600613 235.99929376135037
111.765552800152 145.49399473189783
238.59452610492082 206.86681599223147
88.56661080000214 170.20899310280504
172.57331646885737 40.05888710826389
239.34197473929518 91.13803018642567
221.9518994761453 54.01448552800983
12.291457973873321 24.713424033552894
14.712541222976661 151.73194870572618
205.2340006449695 6.452615275505447
213.6924254279798 184.61325880151458
49.18930024825688 26.771843484869052
103.31955349379714 214.7990179083455
210.02576963836827 195.5781621882215
82.12285094590958 42.00199227292148
12.669461395518528 71.62417048578806
172.83332130208834 88.07360158738953
121.67691504300029 48.78313152194971
232.1589620480891 7.208459583821325
121.73788462477891 123.19303136837512
217.06575204553263 37.94041977334817
22.83198194526992 207.94196561550729
174.2790867290177 102.09684232795816
119.22697488341558 167.4084649812741
65.8818771673712 14.807237899547715
164.34404916216255 211.26866326916505
3.180098203756754 128.1641301560445
212.9062427815453 97.41231234602468
168.12521764717997 236.73594034705687
188.8888688909937 203.61881083657673
54.89953977866771 59.1645571399044
196.88885086439822 210.37783297290775
169.1437779710781 48.20528727806436
177.19012922853184 26.085901645263142
197.21122184251848 165.27401224879063
6.24846539656268 219.43960669238857
161.39824730070896 171.81777371971975
176.00366574730288 124.41337152027727
103.54494184171261 115.55149489438438
20.939839105980795 238.72267215989768
239.2258756506241 27.737410003896816
228.43080191010225 159.90366859901323
227.76142277495583 85.00785322715079
246.73653111572833 64.16873017919292
6.13473085358801 34.66026877549005
147.73003568949807 84.68269230887549
197.48880867745578 200.14356130481377
152.92705573392416 157.39775174778478
63.46589228123961 71.0701611465493
221.86517597491508 89.70718526246344
12.935654946385766 200.6027180543486
59.388898727139264 47.34746796729916
21.931290786121078 106.90519676458007
227.8688505384106 192.78621395342196
238.7779974135763 212.95254024667764
59.77766202748355 48.27167924386405
240.0733822718559 239.21724464769372
160.77950628284808 59.94720680195123
89.86419401590548 201.67145017874878
50.29242192399333 185.51610087407997
203.61256575364865 189.02044257306355
41.574829710578854 68.95809490663221
27.571573219313834 234.9744044952539
31.482771066069727 107.65333587732678
29.153144876734398 102.1104430007819
232.91234917348493 197.01046327508675
83.90252827088831 183.8816641322312
189.31717512186307 19.254020419934818
97.81971785813649 1.3561789194876384
16.311766618354955 105.32082599390627
230.25076374098094 11.190655383859188
5.069883737141789 232.84900934513746
107.05273434391746 233.16185055371182
122.6349338588183 210.51503745787815
109.95801819289977 46.408639785866846
195.30659801956122 9.28797321736613
41.59611562288326 79.88205953778188
213.66960201147114 232.3771944969004
135.0935508359857 133.2770597305779
34.09427050143124 223.572836199277
208.47603069896059 79.5697086532787
34.93132205988497 188.59126543848294
8.23009882808401 102.91526718283492
62.475947005175 208.94934583375365
63.59970484103611 55.365836883445596
80.01319444900382 129.42911324684408
234.83365044881447 53.45318568363458
105.72535345193262 35.56428653500013
229.02894873688138 26.82614791517396
88.61244101396359 142.10692324714236
22.4667037882221 61.95222917145923
107.02751261568949 53.91767058184985
165.15951628330737 86.19112797981715
66.86984020433049 195.43745075664776
235.02681238992673 5.656211719543197
46.29606999782362 11.465368263186948
11.652669036538278 79.39688826565234
157.10116083017076 240.0653286238843
175.5847540719078 130.3447524128861
178.84418140634176 80.77234247838346
148.01517544065504 29.339968371645764
157.33425662314193 75.60207226602824
212.6979146720877 95.45472181568546
171.62714603337892 244.9126611534783
186.0049588402128 195.2431148322863
160.3949670550826 77.56978078421972
235.88015329661866 193.55117193639578
64.69950228681276 50.59902014728942
86.4035985869275 244.77111177432604
179.78705929694596 142.2073327627342
237.97330144781802 208.86315649123648
35.887977766512954 117.59156724398434
48.807907546118635 212.75703711958636
227.82868685929313 134.89304781488642
188.06869040635465 42.258611760066536
181.9957409495989 15.28419043637666
223.34199836831874 226.46071977480742
212.64243768931655 105.75603470288883
170.70789821019994 49.408633881844
128.44126490514358 27.471608061636786
103.20103032233524 217.36633548218106
189.3911789081324 108.23293140441803
124.49858516784914 37.077375956370034
31.405947408623735 159.54871720554104
154.31021531536467 218.66240643153094
116.70835924746123 32.90294305394803
165.24457797634165 177.24573130721146
165.79386311695558 201.0025809054089
239.54795105487122 63.516926025999204
217.57339423209862 46.25133083677685
195.87835276769212 144.7859199894457
177.51986381541232 2.3328975226880324
224.0900409648309 24.705938430864048
179.67576374995235 19.735498352648207
144.95915291493205 212.2196294384599
161.13780850839308 100.34482106287443
96.83364695885163 225.39246389605802
135.1532983239004 236.92778894717725
232.8839615785898 201.48562698989204
93.2396152803916 146.92333873723595
99.88225188058047 44.9376896992632
158.51082391594352 197.9792948192068

624.5379885190354
634.6582282673872
440.66878016419116
664.9270733809008
632.0697870695938
119.9787026536742
696.418172139147
142.91584830637012
473.741804480259
1010.692944552487
351.1170741070613
1029.8149876191328
345.3454466545645
716.455577201455
376.8092140133018
525.1900874918546
117.12299580856363
535.8561201508113
908.6754496972841
437.0004696735005
641.731706126921
304.08325057665655
1039.9255941035508
114.16946924786144
814.7877056944358
1017.9674798504992
134.7516864095215
333.49328778694445
790.1012310865806
1022.4753830681217
355.17472678394165
810.9621960667135
375.02762804226137
422.803753242394
663.2444591153906
1098.7998517754793
358.74399681473636
488.6915087007895
967.4870718202918
660.1093168003297
694.491344098204
876.9694512797913
443.5392099683227
1067.4919770853899
64.29891104377094
605.7730952713474
481.8783255666403
342.0824785193804
678.975210622107
49.11346898207594
52.346638289855555
178.07694583727755
881.2939955126869
974.3196184046777
82.2471290382509
444.7722398097324
245.37943289460964
1088.4112416474757
606.1893161407266
221.19174949773773
734.0469755812724
623.0209831702069
637.5645436793194
582.0495680852277
9.654279282383193
570.4197073443036
753.2749299585076
718.2650332799459
704.8479688105812
867.6596384589383
343.41384509829896
869.5413558992694
242.5185950544035
1069.5283507554725
302.9746848896764
376.453089506346
468.2753798210963
331.1197677078908
868.5998018716283
816.935359910463
587.131742031025
898.5202205380389
494.94657744822325
850.0859905290683
966.6378924012116
580.2632089918482
602.273407311876
1084.240426271939
699.8500156227658
212.93468767166743
98.92998987190722
751.8670288274282
669.0379105001746
1117.6060575490894
399.14389133749273
923.2479039850585
476.9960331227249
889.6402021372298
167.10960426949651
232.4761590723042
44.60708640067338
730.0479394589531
654.5494453377335
1155.5531136246773
4.566518851926586
1063.4764383174515
636.8489779331497
38.059362370310595
378.2585245046261
16.42989724551256
647.5533384990792
1036.658203081932
1007.1332818996287
1064.3366894981448
686.1422438984612
100.86023578120377
1182.2596143723179
1074.7449544052763
470.07459656106226
269.9253707408627
986.7187485059328
765.5547628162327
401.3130852293329
1122.5023417481095
758.1610329612134
634.7418484899758
263.7845399556743
272.2649694159399
1055.5629874850583
635.8128240568169
266.8705499084184
735.4123231084372
872.2233021099406
507.909017231728
291.0308759068827
489.3136104564822
563.9268195269366
526.719686011579
155.44984256114617
706.1075717963786
509.7601615197673
153.72213475658273
824.5639663939099
740.8111939701577
590.9281771494802
1085.511676944768
1154.0115767927628
132.21883911792995
737.8647407190966
313.2481600151469
1156.2357498166994
747.6012059156824
736.2296430920487
155.14825424377992
230.48817043012048
794.2751128706788
323.5518466429282
173.87382140956387
869.3360829411125
739.0178378043362
920.0991572575023
253.31490187655996
589.7880062787527
183.31279199818297
286.6355184459489
460.9840129901805
1187.8698907919852
23.40207788225571
227.82066310086552
146.4604197562972
1100.4787427910526
719.8978895622968
1119.1805632255068
795.5801022833233
1035.789398558844
1040.0273868619604
687.9133180977551
481.5209886929899
285.13525666753014
941.2575956117495
962.9197249175324
560.1526041326489
465.7902669550811
990.7178596587811
682.6933207106292
881.6589175627395
626.377078917684
537.0896163606925
501.01944394681215
1197.4881946646362
612.6656996142239
582.7479886963105
750.3169792425018
450.7858636490465
708.5602625346309
531.3998490662807
925.9035642049025
860.3738110790844
24.70153121491779
679.2316305742521
316.74402575473647
325.80667543034997
292.35195886610853
1108.1736644323837
87.65987267837984
303.5173829624173
23.263718466900187
512.4650980511917
20.738053622061766
1094.791545777465
350.09426249810645
15.753228278328924
83.10052384913745
257.5546566497144
566.6679703096592
485.94441296718554
111.7622453266279
1169.9717454418928
589.8945812276497
26.011062216857475
90.20996370848053
536.7947095788486
1089.0012935138184
303.5886138279653
309.5510955462409
1035.3588627467602
461.0076567489414
101.7920575246554
731.1111681441623
1013.0968147878565
322.00263033388296
968.4054634145606
736.454426397076
1088.0643859262545
85.18705124376565
324.34632145848434
992.1651351119293
440.4020718502411
509.0492554379972
1155.3199688390182
314.04411440403686
696.6063092875512
6.43688958719868
468.5026791595573
148.66345040915772
1198.1636808698058
1116.2337134075478
201.7941651534242
24.468464770973906
1150.23994800902
697.9361456207472
964.1305151198499
627.8520682160221
907.4932899529815
141.72894329167968
356.72673244469456

8.6 17.2 36.0 72.1
17.2 34.4 72.1 144.1
25.8 51.6 108.1 216.2
34.4 68.8 144.1 288.2
51.6 103.2 216.2 432.4
68.8 137.6 288.2 576.5
77.4 154.9 324.3 648.5
86.0 172.1 360.3 720.6
103.2 206.5 432.4 864.7
114.7 229.4 480.4 960.8
129.0 258.1 540.4 1080.9
143.4 286.8 600.5 1201.0

2 5 8 11
5 8 11 14
7 10 13 16
10 13 16 19
14 17 20 23
18 21 24 27
19 22 25 28
20 23 26 29
25 19 31 34
27 30 33 36
30 33 36 39
32 35 38 41

