256 3.0 0.0 1000.0 3 160 240 100

188.25649096405076 207.0393774386205
135.40177922076091 228.46229981550852
121.84156468564063 132.8129744494333
88.1428734291592 49.658926812872345
20.442789603096813 128.40928150820687
212.39909575144847 218.7383261779707
167.05234140438893 176.5159715707661
234.28125894929192 27.981965536352988
189.53299445971192 57.37764240297244
168.71927739554525 102.97418902068814
137.2908082168615 74.84137509089797
58.46641182798787 194.0020699797094
115.93868118776632 40.7192350281777
90.56591426416405 41.628596096405204
219.49945613435003 172.13769750798633
32.71770830848564 148.1832768978674
22.103644095312625 177.91534507246212
3.0132942272409755 161.7515908184969
11.573900113115847 8.621743323739771
135.21938437274764 245.29786545713762
4.921352020298975 88.78956312948907
242.9481586134347 105.65719150584083
51.79253064068265 192.5011767150172
153.45513394405287 50.266062458089564
131.3687429516601 160.21985681287202
238.87257755524212 220.14998503688238
30.043442208826125 147.00698474128905
55.703707121369824 19.155391975119617
232.348407717906 176.79067724575918
87.81323213612346 240.45818446905102
105.64919553270211 173.83476672214783
137.6536711941496 190.43262529691575
50.79891160487138 64.27474662003402
16.91354740531881 91.18597041538689
99.61551828651535 121.72303078679414
8.734535591936627 130.18861029769315
201.06817988117666 1.2845068315106845
239.57487288984208 110.65505598746117
79.57259057984503 3.034768659615689
133.94241864681726 118.40502218909388
210.00823084842196 118.36379010436096
162.20273686935533 2.495964560405156
131.45871409739595 183.81436542759067
156.85736028990218 91.95422330155498
240.75891335959582 26.133053372091126
171.16765395990004 97.56459937400693
151.63646619577545 30.63519636788345
216.01236398388534 99.69145717195043
197.66449298258735 237.14981534572064
35.45853126016446 125.08413638697819
95.93812966340043 83.21874721449393
147.57652513920743 140.2118948570061
50.05954376569643 139.99108972143316
224.23378193828904 17.553764538290995
7.388332319010981 175.08705357209303
239.9604613135864 206.20413600846328
230.78489772654703 212.59862005051923
217.32450079545993 13.154422771165963
193.40000162600745 203.85351796325892
215.72143317280504 101.18640547161176
171.45425771920713 120.33615479502576
198.3994463987269 110.49631471551852
117.21248013353944 167.11543030259966
197.51149863932443 238.09304212290198
2.8253998048354823 236.85177217374263
168.93406351717633 54.37190181606732
111.18476591726531 132.78780389605205
178.01219951437582 161.14351146486405
73.31707470558064 206.27717314951173
16.004005182308433 236.72092823783433
13.245320488464134 131.51431309724165
102.96425861523097 123.63060742392626
182.5839017616265 109.59289221113461
28.84073425589345 192.72005479947333
236.06636824723043 167.4978284088732
249.51957002109216 89.50633784078799
73.36801013518007 90.76698999596746
225.8380080830527 169.2575398582093
3.118148277725247 215.18137876618536
5.3293596304548885 49.92997287024956
233.8747818168175 175.90682379547553
57.70740254660994 71.05272700784568
196.40970821494463 112.66508604590774
189.8252585506754 227.97293702123704
116.28448188820128 137.40537698302262
58.879226485243244 108.16382079733886
86.0215744380393 166.38683526842678
164.60815145200084 47.57234956342427
26.810768643217074 13.199589373473625
81.97331915918244 179.69578568434588
165.58066557168067 89.51675304185652
7.632081768686766 243.77146021493868
177.56502686786695 122.61296263463667
129.0123935941753 124.85095595141263
152.34961068622928 81.57421007043567
134.07777734208787 27.755762948676736
176.94539456234085 63.6597725904163
183.1647363026736 70.49282659316314
23.35973419592985 119.24234451580801
1.4307494334797888 104.50103176684198
229.70365012069786 76.47770894857261
184.62915558698353 168.01316548624865
27.561689894986696 187.51360037049963
213.96942040685343 26.221175084943148
206.03904353382478 142.36867110705757
234.33817458745992 240.92931138375243
20.162516403816028 156.6298133147671
230.1526072622067 191.48193082542184
86.48374942026824 131.85089497601058
88.33010769833643 24.015753890894693
2.845761519639056 68.57980763057458
62.84632363843667 75.67142677148875
205.6849550450514 39.93232236271055
185.97024629770988 136.66822579135612
201.11671797833392 215.89375122999886
180.91634464161982 175.75885657762333
201.38734780155917 176.5837497625054
207.30444959137864 197.5741939456398
112.16398713637776 247.53580651109752
52.209459014092076 152.7965652679736
241.10245326753275 110.09561929557293
219.833006814962 77.24898126881385
99.12597420283717 20.49635039184089
170.3186855630023 159.3137554267976
73.89830436168742 191.0599188458518
139.58227105485054 200.515366059766
20.62462165021098 17.478365996665442
14.370495274976747 231.80393050394184
149.90869638094992 152.46764827982145
17.527630541041006 184.05624684672878
132.27896400777794 29.506558355745895
162.42095110155057 188.96664420586112
197.39508100791602 8.402797136798368
101.3216101245207 179.4144423738475
199.038877002014 36.17735275107395
20.114636214035226 184.4134111695271
76.39544598499943 191.70405626447953
166.42301059418725 149.63157995436575
93.71711542701361 157.20515973391164
53.35782707845163 108.8783317978626
196.9960666756843 245.2263994371079
99.09352947791403 230.2471095206511
1.217523764535322 107.92607948712313
142.0786107328038 155.5239770073189
144.75528022472395 89.39319276307428
248.36654538871747 20.29354787156726
172.5350279620954 138.19790473394147
157.21590026875512 235.94080832650215
213.4852220208297 246.75496607399626
175.03786183186324 168.19882530170167
206.32908049062553 180.1842001417728
115.83547150514495 72.13722302960801
140.9440149907239 230.07614110316433
116.15951073067338 212.71836199193885
196.92936659544284 113.37074631703517
236.3666526602005 195.49969457626108
35.71986737506805 111.90471030307143
59.556135696868736 89.33480802925045
198.33048643413588 193.8985932495896
126.35598602976333 146.8084802594037
21.02057989819886 114.66126750119135
177.84805381122055 4.798938825506749
80.56034145828328 135.38041334106697
150.28167877595124 136.34986434675668
187.17450128539798 162.58740454802117
151.76326172466366 31.870893801290045
22.85085006809212 158.8932232081779
4.504761372287253 28.470658469231637
145.23022461712418 162.9908436569272
173.2287013472118 124.23896229973025
186.03778843068523 222.0207543186337
155.30095196637996 25.307020287799492
58.06047841887063 96.30563143177928
119.83276221815123 107.50659141838453
224.25753508318817 61.57899889330193
139.30492582627525 67.36439306925135
111.16541955889136 92.60327004510036
134.62082606802554 124.10766503825398
153.4367264591931 29.03451104622709
114.36453397042834 161.3490836962804
231.45903272859238 97.01867898876748
80.6452469782045 227.1071462115566
148.18898136162636 166.31114178196756
97.76909336312345 238.93460889543366
101.23056383730933 175.55831296896548
245.17769624649117 6.77380247655962
177.49104598533643 131.91356935251662
26.86635989214067 117.81769424253294
41.884355799088915 36.55140768742718
80.63907747322784 223.80719352347387
39.488953089917565 163.55739557754174
232.71427280307367 53.24976064343376
139.24060554530922 129.91762353780234
188.65384955761954 224.15740197828404
106.8936414561478 195.60172625039516
203.21033044076228 178.78945339482922
195.21999926695642 149.26062763553344
89.77845151866023 122.42187467059243
161.88573984153143 36.76149802430176
151.14427103539987 199.47518236679068
30.201637620074024 198.60757229629155
192.90859682627072 187.1876698994868
109.38879413243768 176.30707521618987
69.20737549135966 40.76476119983316
235.28176995589973 43.97633116859656
74.63602320928322 218.31893869342593
76.43883366437953 64.67071506497129
145.76232357164054 36.364511138722854
229.0159158380522 47.06828492994691
240.52416120913492 59.997041073989955
68.07691272919944 90.9696182590044
220.20818435486768 113.60236469225241
166.20408346716832 237.2848648938421
73.17358751732003 231.74570971088573
85.87889144188007 194.61159512042687
53.316648162122085 146.3595436543349
176.93258548740943 226.42501248350004
27.38851954186733 239.30627426688758
69.68881266478286 116.49702448531427
171.16310346989818 117.4711887059401
224.82739349311976 175.71780995923126
23.871703460515036 60.727820054292806
18.606472353153325 199.5396250207989
18.026298453120702 49.434274028909876
150.89172684705463 95.0814740370452
124.0040039938583 226.36281836354436
204.07208548872487 176.36930213473715
171.16943651651445 127.81661344304923
113.39450482564386 192.8292433460165
68.7631325917537 23.26838502124509
8.954765077350213 224.49220364298955
34.13379217544915 67.0632426295232
147.4320404655924 101.0511359761998
46.13572946778993 178.14360457093
65.88619983411661 206.7007144000066
53.231918736685564 150.25702071393678
220.27372621462902 93.75418539806158
222.58236285551203 86.18667765245144
53.58292199243017 165.1986865993518
236.0128137450807 31.562474153677496
159.91786331887582 89.63432324325731
21.203619111890948 37.59518952521035
202.63147387224535 234.4888010776826
242.8852166854412 62.22537026242595
94.75707132388351 204.040195705163
116.29427961482264 239.63552493730305
169.8779046072514 98.6654574332794
122.87815705967076 165.53537137896524
194.09588658367383 10.904958985528957
101.11655530058339 144.98362191858428
165.10836000719064 160.55804397378043
179.62619135444658 204.58076362258302
0.7708270332814626 7.634585408781536
170.4401299906087 140.21481303052454
223.04912035623752 206.22521646575547
63.54691518595904 1.6382947753224852

184.07904335453003 201.9344760695221
136.77089233167064 234.36082542634847
116.33404206793202 133.56293977430505
92.26827262534096 42.70743803861296
20.40652290606615 121.67697449641773
214.1099379344988 213.2713493624625
164.2300062263557 172.14393116760658
236.7682985695991 23.064849176696907
195.5016056868701 53.34519727484038
173.70614935001169 97.69650153116724
144.44383855306435 75.81975675258725
55.348677979302515 192.26398206526946
114.653728166772 33.422459046038824
94.4342220238528 34.61293158454301
219.68610750567288 165.84326930018273
31.40234782246437 140.99996136629775
23.54324645287742 169.78165169278313
2.465323230225025 164.96931560735715
18.593083307644893 9.832648755826012
130.32819590619877 241.08841381477293
7.384124015913374 81.48395987034345
237.16497292684724 109.24970888323227
52.89048849527239 196.14370548022208
149.62513455285978 51.382972911755616
124.81642569760201 161.7349139986595
238.02859094647692 225.9222034617946
34.21582410091628 145.48876748690694
51.27764849108291 20.674219516103378
231.05712191868693 177.20469546488079
87.0601862704723 232.15336143790609
113.28816998481767 172.70640734270557
136.58006432727464 195.88900600421837
53.11257651313878 61.40870737935225
11.821971279361021 93.70237917497658
99.86672301502401 127.16690854876869
11.362378672223644 124.08594400833672
194.88597088108648 3.892545524079166
240.32904156071794 113.64768007548795
79.49557681356184 2.7518361612788866
127.02439742654461 119.88665725892683
214.54900423650068 123.07553013746852
156.10218182722522 3.4712119546808085
126.64652948688338 187.0182365971598
160.39936850474257 90.15244321876823
240.75042741780243 34.1484877817449
168.64001638681313 99.29601963995866
159.888589829903 31.327109395498375
212.0482317630157 97.04233617244212
192.11923371513154 240.18056873926488
36.54406796406029 129.93830291371387
97.69712823620195 89.5418247511803
140.90341939811924 138.91270469136126
46.565050558387746 147.00259004221286
216.8315775744054 14.405919353603553
1.2409411900367318 177.8139167216387
246.39483118312415 200.6919570122058
224.70924556463765 218.25954069380688
210.815013445257 14.537721184178565
200.0841170401609 199.06297800797
219.22551640299915 94.63032870750513
175.4746381152987 113.5424465676122
195.19210315958168 105.14828118023317
118.51757038535993 159.02730682301993
204.58951927618165 241.0257865871122
0.036264571856486905 230.0351363939442
172.3923807391125 54.10468684017366
116.31097024260225 138.6597627494191
180.09190177697778 160.112290648132
81.67083001732436 205.39549142247128
14.841442349275425 233.2651531730082
12.669771562660442 139.47717962302812
107.09304637609223 117.93308995710989
185.1492507463869 115.93907841938899
23.36125960025462 188.6951229496608
233.27104462083162 165.7607294197598
243.04710912332757 89.43607330582276
68.24414120720562 94.75133857794965
231.45111936944716 171.6621942487552
4.7868968496627415 221.61828666669686
5.307355312161394 46.15852572195222
228.04489853830586 173.29511732084862
53.67493875816237 71.2981146031014
201.10251030292736 116.84684642585289
184.73396969521704 229.08423214573017
116.41454612814853 134.01495749712495
59.84099494985543 115.77642797932994
94.11893458856798 167.5934653417447
166.8130791496822 55.455561132189416
20.376547012177948 11.324519477991041
79.56414777480924 175.47062972749634
161.1602255226924 88.54489113619759
12.998188268961625 249.16328245449367
178.2213185297745 114.24449343920931
123.79243430309187 126.97637074299539
154.00384382945157 86.60407637665764
137.4823721375186 24.205243384769037
173.3373521607446 57.25262092953193
186.8748236272101 76.02532090080507
30.64904996118828 122.75828038707346
4.497288309678909 106.64955808389026
228.4028669953875 72.71951688174114
177.48099357199362 172.19204163695133
26.57962838396563 195.89024377267708
220.66506321995107 29.426590882521086
212.3341702515333 136.76038337821677
231.0677078774308 246.73292461177394
23.580550358499874 159.49070282023683
229.75393686954328 199.39306919903785
91.19682437561866 130.9058601259489
91.91574172050571 20.603594650798197
3.0004218492110377 62.97473970026579
67.08253126511013 76.86086428395345
209.51227480067212 43.04095049658061
184.42945561013417 130.44260607209242
196.1966455798827 216.9900938477378
182.49935373608983 175.79207684287772
204.9047168661097 180.31156905713596
207.1434667427075 204.2963511638132
114.65096770742133 247.05548943521922
45.13743082646565 148.58597489464995
234.77994683934466 112.50606559454907
218.94880693289372 81.02745876535866
96.41657061281065 16.18415427382286
171.70930653172053 160.57881279011661
79.2760199893213 197.05403674160058
143.62416275964247 200.9054094399455
19.739232297954047 10.089977798825617
10.285343976382116 236.5060312894879
145.42506757538246 159.29790946313113
19.58599914780884 186.27354518612088
130.71033653833973 35.21847845567813
157.4158900612068 186.80083875101172
203.1064065947742 12.698856945172531
102.15764860494436 178.7483593974873
206.778661852338 36.91898600227489
16.68567889014791 179.6226454730144
80.5273887179502 186.2793487127727
170.03328040494554 151.8123351789751
88.71561153713101 156.32363255455007
51.61913118982414 103.37201943144184
195.35239875470748 246.3630051610824
98.2224846447802 226.53880700509663
3.812987331918843 108.96997180748514
138.6924031160762 160.52470123309686
136.68005986888673 87.8974414742823
242.79612906546575 21.823357813504224
169.39433216041527 133.6936744539102
157.3330079708185 240.00260584865225
211.74767175875039 245.41607969456064
178.96562517747765 170.28884806858593
206.2462773418132 174.46842039581335
108.07997086298718 74.84231994144217
139.84250804986067 221.72635597833155
108.62343568591606 216.34613976590776
197.95005260175984 111.85203365453475
236.95077923626218 200.6280040486576
31.087859685043156 105.01088282322532
59.57022181628127 96.2661123962916
201.01077565653694 200.3101524321086
118.11203999053696 145.48531377985145
19.65701663429817 107.7428672597268
182.55887444407392 2.6345342436809025
76.44225467818175 128.9009849651835
143.9964206977722 140.69040770758886
188.40366096128668 157.31283621919812
147.92736057037206 36.01334007351753
19.176312744021068 156.6216016523182
10.06013082449969 28.230194670840064
150.95019064217212 167.67304616467896
165.79877755662355 128.33600439332773
181.89174820103398 219.0388664698437
147.08422508565548 27.02840599021328
61.042968813315944 104.20132206985063
121.95465593720695 104.29502499385637
225.7830083269179 56.31790701820247
133.35826871824275 62.82039029051587
109.88817986565009 100.32576381360056
133.92750998200836 131.62787261017115
154.47421931309503 27.172707543041685
108.42419540352749 157.08046398408683
237.1314115508921 99.59949474703156
86.85960718171334 227.00193649758194
145.3653478982703 165.8551268282302
95.95938478726471 243.55268137852696
98.91734349681592 178.73662854897896
240.00543346574676 6.492763090927473
184.91029466551544 131.4837885648758
28.59201057203842 119.84967859301548
42.26947210537105 34.39948647621072
85.44393971358993 228.54969809640716
36.25219811637276 161.53369249998659
227.00665845439858 48.887250499394575
134.57169524007 127.43787460318539
190.18973026295572 221.96723808633956
99.93086087068464 192.37314110112433
209.95615298799007 181.108601082098
200.58145445960554 144.61927006207665
91.28709937747479 126.20140294195723
159.73840970398422 44.57059866032617
159.326464053444 200.9610465610017
36.87341193566329 201.8109704700203
196.01030750286532 191.39381471763528
103.26787165029356 172.98235098112946
65.90463717301192 44.84373796946184
230.86733536511173 45.31647885191861
72.45911386831058 225.46930075844432
84.76687034587584 66.2147158263213
150.16298440751086 30.261841047964477
223.04654453061804 51.940043808099965
239.47078799012874 61.3930464371176
69.83664456478711 85.50039743267382
215.228160710776 115.76656386999093
171.19136043295313 234.7202810715235
78.98328390728906 235.19363231133715
85.7124040028758 190.6531039640518
46.91645361304392 146.0340461205151
177.9907040832969 218.90054864002806
20.406225537339314 239.30222393009672
77.05475652102025 112.7052572879001
169.3434368042306 117.58141228008468
226.53071601238827 169.78585595682853
20.023046605706668 55.540816521178925
12.228277566462054 197.6555353610234
12.97238367519013 54.96636642944427
145.61134858119408 99.7077033747816
123.91659973811079 230.75793900302824
202.98824675885444 182.20208613132442
173.210930237531 128.55930291353047
110.83452700518883 190.74732671190924
68.97246463989661 24.0320817421569
12.942613024819138 221.58497990544592
37.07615540517056 62.738003437635555
151.60868316468043 104.73116032316146
45.90897882923578 175.04806489281478
64.14875211942619 203.356507720835
60.23451232567617 152.3657524209952
226.2648381524814 88.23777122916535
224.56167926843355 93.18307401601372
55.14788730188563 168.76687189023465
232.19360615712762 35.67158813818741
165.45881574088259 85.55895253423701
23.393146913450792 38.69703312754794
197.48123422277018 236.22566419911877
248.73058769683715 65.1866850611837
91.06438892532847 198.20631491636667
115.30265370381836 239.42824227021205
166.68429756964 95.16500956199442
125.87911489354717 168.94113904560362
198.50076926121733 10.79226070249209
105.33306340223231 144.67667693245093
164.4394926068828 155.18304202654247
179.41245137720375 204.80511973853035
4.848719214652103 10.755115979719093
171.25159619940143 146.1790013489388
222.59143515265433 199.07871570611672
58.41548239439256 7.200683768044891

114.7
77.4
108.1
324.3
103.2
260.3
68.8
25.8
540.4
172.1
86.0
206.5
114.7
432.4
229.4
72.1
8.6
324.3
77.4
540.4
432.4
432.4
144.1
288.2
51.6
206.5
216.2
17.2
36.0
143.4
432.4
480.4
86.0
17.2
86.0
36.0
86.0
137.6
600.5
51.6
68.8
143.4
36.0
103.2
172.1
144.1
77.4
114.7
34.4
51.6
540.4
114.7
68.8
137.6
143.4
286.8
108.1
103.2
36.0
144.1
36.0
25.8
103.2
34.4
129.0
540.4
324.3
432.4
86.0
172.1
229.4
114.7
432.4
72.1
72.1
103.2
17.2
172.1
72.1
51.6
144.1
34.4
260.3
288.2
154.9
324.3
114.7
260.3
324.3
172.1
137.6
229.4
324.3
34.4
600.5
144.1
288.2
34.4
172.1
129.0
68.8
34.4
34.4
103.2
17.2
172.1
324.3
206.5
137.6
143.4
72.1
8.6
51.6
108.1
17.2
540.4
86.0
51.6
216.2
288.2
324.3
51.6
154.9
216.2
25.8
34.4
172.1
103.2
114.7
154.9
137.6
216.2
77.4
286.8
68.8
103.2
172.1
286.8
258.1
144.1
172.1
8.6
288.2
258.1
68.8
288.2
103.2
286.8
108.1
51.6
68.8
51.6
154.9
137.6
103.2
600.5
288.2
286.8
25.8
72.1
51.6
72.1
258.1
86.0
36.0
154.9
172.1
172.1
143.4
154.9
260.3
286.8
108.1
324.3
206.5
77.4
540.4
324.3
17.2
17.2
77.4
34.4
172.1
17.2
108.1
258.1
286.8
103.2
172.1
36.0
229.4
72.1
36.0
68.8
600.5
540.4
25.8
540.4
143.4
216.2
172.1
25.8
260.3
216.2
25.8
206.5
103.2
144.1
540.4
206.5
51.6
17.2
108.1
206.5
17.2
154.9
108.1
600.5
34.4
103.2
229.4
103.2
258.1
72.1
17.2
72.1
108.1
68.8
51.6
17.2
86.0
432.4
258.1
17.2
103.2
144.1
72.1
229.4
86.0
51.6
108.1
103.2
103.2
103.2
324.3
432.4
324.3
86.0
229.4
432.4
77.4
258.1
229.4
600.5
288.2
172.1

8.6 17.2 36.0 72.1
17.2 34.4 72.1 144.1
25.8 51.6 108.1 216.2
34.4 68.8 144.1 288.2
51.6 103.2 216.2 432.4
68.8 137.6 288.2 576.5
77.4 154.9 324.3 648.5
86.0 172.1 360.3 720.6
103.2 206.5 432.4 864.7
114.7 229.4 480.4 960.8
129.0 258.1 540.4 1080.9
143.4 286.8 600.5 1201.0

2 5 8 11
5 8 11 14
7 10 13 16
10 13 16 19
14 17 20 23
18 21 24 27
19 22 25 28
20 23 26 29
25 19 31 34
27 30 33 36
30 33 36 39
32 35 38 41

