256 3.0 0.0 1000.0 3 160 240 100

98.72867618806188 108.15257202663284
20.007307986033645 50.41475462762046
237.09245474124467 234.05815918108348
129.18349342452177 126.1426287020463
121.00370260787929 230.33285064465056
167.9419720914965 221.07212836142315
123.64235314645741 49.77162239739882
150.19979453403496 31.867620020613913
227.94895853084262 50.56811321382851
100.41295131829622 143.47426349925826
125.98152039543997 175.98588490235613
28.42456764403767 82.67545449655597
91.68920568233396 131.49879154693406
90.6828707865636 201.710788301411
94.39967750067385 216.15719109191275
6.303060035958374 118.9667834970947
159.73002583510558 213.56080593606362
79.3071228648274 109.81841281322733
38.942026759209575 216.2403829521677
192.8221305922371 177.45802906198912
138.33687028274483 239.57551437165387
124.58900044618038 232.14754293684058
151.8087366251706 192.52223721096826
192.62013133632226 207.08316898977725
6.5515873841799355 162.74844806756656
190.84021230186642 4.193057726889437
62.31465316202803 217.0502225140118
85.15967373154403 175.99991226064876
217.00107415950032 183.4739920412086
94.62216393159134 126.57355003015641
196.22937933670804 192.23933585750524
113.43971435067282 37.75111849219287
187.88890810137082 239.0371577727886
99.00245613506489 50.69232466676451
85.80462715055023 124.90236402791268
239.84432594462396 18.308299570612558
183.2032535916843 106.44461998029864
106.91294341727168 76.17310691921239
42.21175368015506 33.220711318693255
225.19522099595184 193.84327041453082
65.22444473935421 175.606605707329
47.32925381552483 127.04613276252144
208.86178265441055 168.07087818457484
165.90313674038623 151.08758461988492
174.0527077679962 6.894961603992611
194.00910434589557 204.88225341384344
23.492461764860945 230.30921972764926
16.40627209241183 18.754096903049273
139.26460836263345 209.9102056615297
216.7288029859225 208.8075976569777
249.28172955542962 0.01772590593671075
157.2430572402787 59.46906612014821
19.668063365784054 85.48139026427903
245.52486422326476 25.861376577996115
24.184943905929874 55.34899031125281
237.68720361770625 180.62327568425889
41.71961087403584 16.307936577252992
225.85951198143712 28.70568533181528
67.65610562018561 143.23912585365093
239.79798982266516 195.78525447363106
113.48110827447263 192.14033395394074
231.89176744841325 245.7534081482893
142.2451488510603 83.03387721131728
129.53964773459407 163.5517707936685
64.21544373031848 26.557364538623755
132.95857904897485 24.239031182535538
109.76963663056202 41.1469874449214
62.37044202997474 159.94867815393525
198.25889651452098 144.71220882289788
184.14411061657478 235.52117829187995
4.503309290088353 119.70901436771273
222.1745546822202 167.13470680714926
22.898250130686442 87.67358694780947
167.45599371382133 102.54272744801254
142.9085633515652 25.40123329099217
97.06887449267964 99.57443457649944
103.0361007385448 95.12868629093477
192.96823586658732 167.2956779787887
18.066345342203167 67.14700012068035
117.912721989863 170.6800649958319
21.680655141694317 127.24517942020194
39.41497481148307 97.98546195834071
26.7922474881252 147.91899674131264
159.30300541499136 46.93159086041596
46.12944396979954 173.02692222983782
66.43355220250008 32.37575003980009
35.87162718032202 159.20395499493296
154.5524452094517 129.8327833262551
2.5015297328842556 245.93257278817504
105.03005116754596 30.225354165794222
128.45175892900625 149.8309018645406
183.64154525771406 164.37650159630385
17.939425396796633 116.24562924723847
208.46375836018487 45.629430309048594
150.800058727287 235.43762202487935
21.6314763885426 65.00102004018385
153.45619674905666 220.18554813774318
112.66485163385842 25.97235325179109
81.44460723383403 62.209312623358606
2.390950247554785 31.164500497859958
105.42798510867615 32.72005130293704
122.6786904151185 189.48964302075373
0.23562467974591605 128.48565035988472
232.08212069950423 71.58678857608614
163.5305772252633 235.91898996823065
215.5725644755516 73.24950822652305
7.135500504918152 212.8866712296451
21.146984700216365 126.50258474874026
102.26921597859959 103.00657767527463
233.84786950249068 103.80129477235106
246.4835681386199 80.51219541567443
139.31377908535907 53.072681243851314
231.24146435476848 118.82800674969413
197.68910214966218 58.631128013516914
78.48776387642883 233.0319611461295
11.07429855063452 192.0372632567266
196.38278383808745 108.70952298060632
236.95278022787681 228.60896361328346
236.08191892974364 175.4191086914212
198.1808363888098 147.677975961483
147.4128614176973 27.64938876175263
79.31159409024896 102.13752982644361
246.8458058744716 45.515740448283246
195.73531345949127 134.09850792746826
149.5500477451326 163.08316682990107
136.20269432287554 26.098543820402192
13.89184172053623 237.84405170743025
158.84214604091008 157.50885953945877
132.99899744277707 219.2482816838797
182.75982275324532 171.25486797743133
244.56320564911212 67.88444810461588
63.94983094558312 141.42075328283036
32.8457317974952 167.16682029615652
149.22804236310296 178.118662369607
47.532838237304226 39.82175963131587
72.4776729037804 88.0377472343615
36.35035243762499 80.42413828312405
248.9157191810829 73.58672496205115
152.73299033971045 56.968139581144165
235.55879154484882 212.98805786809373
202.17747106335057 205.06414179851564
80.97276960672406 70.96273111540808
46.217280381849605 45.09345525413333
62.18855938229165 81.91406913188673
195.0897428044518 136.87561226567377
59.40214344874803 7.9340228583535675
241.1715219902187 48.06926334338471
51.6646215821229 45.7314886501716
180.88473390839397 192.43996572637136
153.90934750317473 63.951280966838944
12.745814926053644 21.152127667935172
196.0127298503577 171.46303814246158
125.99137217962195 130.97863552749436
113.24013954920731 247.46055633699268
220.14497859123492 197.40541159076716
187.75094985421694 77.3221653428797
235.67117787250066 82.53612587382086
122.95248264955555 24.601118919148345
192.63711720375292 145.98250959866755
116.53190352149629 24.24863070795841
163.71498955903024 11.186108580732546
173.1827981023321 55.16456605714598
62.67644167107528 109.3078088824777
28.002482203538126 198.41648897690553
140.05725563716433 20.337881867318387
87.97750260900791 129.31066122190416
163.9964911700232 82.52582748683693
109.24129178477266 78.4903727318166
205.90122266116512 76.79671104561004
93.60203576339937 45.233057096108695
14.438395422187389 19.2322007564914
47.90052547503887 116.90003139188917
101.70188486426865 162.12124648024934
205.76551940455613 39.22659190320118
37.80955532308008 190.1473007822043
223.3581436762373 18.322999272131156
103.3304635353264 114.1469817703355
193.33134171536727 197.4335741863607
183.02314515272943 23.80394484395576
21.488374879357007 153.71837716704658
166.23556675400982 235.07181685177008
217.99490851630623 205.80514053991936
181.80814908584176 145.63476878109387
229.35651120868937 167.99149998175167
144.1513916599343 175.710655554573
118.47345288963659 152.26276672777428
226.08674684186548 3.0750995150253537
45.57534435954672 186.08897130130651
199.446963229575 154.59243628401225
10.731476261476885 166.2923189523799
50.149181633749485 164.54606000634118
167.9319655082141 211.0144727548485
140.08945865134655 127.49974381270007
161.39780585950137 157.89318693030071
219.12699909507614 155.17303804676072
6.200432435913116 197.7235537141729
51.448935647967545 6.9030360598184295
127.94401453305018 49.160597727634816
117.14572726014258 14.504670506338634
39.68109252921367 159.95863679454294
58.39594450098887 39.6568675573602
173.37214945163575 149.60922743844714
159.07601855515003 47.36707536609616
170.28239549303925 10.062403481954114
20.95005428194102 8.761700245323468
28.997199708889504 83.27374639448531
206.84312930559759 53.62596255565408
159.1829116057333 90.69983344501512
218.9615898593353 178.68817422394528
96.54410526977178 42.296278338263605
80.14640622701066 226.52563324077
90.54754605790622 7.108174632230513
18.40807992185939 37.9261506091349
75.13698383289638 177.8644498627338
93.12470000373132 106.23330972841991
237.20680523491868 163.99069290081428
5.218523126105129 15.768243769351791
111.44166011273308 115.25251017391818
15.953233742439982 217.7154495752766
51.54341708746002 45.26671059984602
230.1486114599369 34.198851753176776
171.96475611662763 43.20125431851432
221.09406968499403 183.04163908991947
152.03876485843082 138.2210138219561
106.80909195565417 24.465469352215163
34.63730971003287 209.40612784169411
150.87331021613517 236.56255131013995
110.15926149079769 233.45957993703317
140.04236026984958 221.26288723448081
26.216993314869736 88.04619991223356
185.66030969192516 25.99515936466565
92.68893737778716 125.88783585768724
81.58728219341688 236.76902403403312
198.721420958973 141.21444061351352
127.02398535345685 161.48613104972625
131.13791299333323 225.24848127314584
44.96138583106976 112.15740787431037
207.5118657430876 7.613713082628704
53.8773230642208 85.98248757510666
231.46397949271383 32.88111563157406
99.5860240140723 192.2895827160398
132.85333480064395 122.04652754927505
188.0263604427993 219.50599398042291
209.6947938212976 129.8346700412812
94.99207057072503 240.27004739588514
5.447660000597071 157.44778989503266
8.61296748508672 58.872647604763465
238.13833497343307 6.450366521182083
247.3708420102765 2.3291486210845482
108.98195791353673 185.1545351770035
85.26150737024903 27.684391832816598
130.9141880537178 134.17422648806794
229.73496394771126 77.99015253533831
210.35500440336273 114.43194989686457
35.05733096626123 207.0195891705444
236.18757741157367 114.87131552093905

103.51734294409695 104.25635762679796
15.74553359741912 52.625886656934576
238.82365687640848 234.62250736922658
131.75971175136138 127.64815338277313
129.18700884592153 231.1564144624194
169.00085711724788 229.4252556646989
131.24915593725217 46.153313641055625
147.32646779330375 27.116815838353347
226.11624631857887 51.81331059308905
98.74502542823066 149.00385567426238
131.7608029920978 178.71628378112345
22.35191648341711 83.389274159658
84.22296109645508 133.3081631019687
89.01427693012218 202.92717047010774
92.4076881567547 224.13516307677244
12.030771632297016 114.36593411210639
166.81566903839192 212.28446697152285
79.48821398237493 110.2171926796719
42.844571683013754 212.2706196514436
191.8944999889862 170.76331648252977
132.1433948285157 236.86833397528534
122.4597160698013 226.95102411188844
152.91872716017502 197.95210733920487
200.93747624857212 207.6457465704387
14.817209076605693 164.54112185971678
190.8588776738507 12.67665782040886
68.81654838092204 219.25864535993946
86.2892960343509 171.05050837387353
223.43278947725113 183.56984173156448
91.33038510679053 133.30257568812857
195.43846971168443 196.80861436398422
117.72040135780371 31.48200087753017
182.41308256778862 234.53237360649533
102.35260260162535 51.77236126551149
90.98291656876084 127.66266134328036
242.87250385765424 14.01366100210663
189.71419722363578 102.11822297447345
107.21729357193352 73.13908333766167
44.61423194199088 31.39648695548644
222.74456174555252 191.1271229987013
63.73504477892403 168.94931337111967
45.79347947079037 132.53716705120246
214.25638975377782 163.93787408958147
173.22644747940893 153.9356582380461
174.56140255084497 7.108979339701948
193.5470411609525 207.655813348191
23.112300712274823 238.78269570061042
13.908187978641573 17.6882923199031
132.15859219105826 206.0471323782595
220.59651736086462 210.4058396473009
243.52667460445082 5.886655902905908
159.80092027298858 53.91827130283147
21.262508526049633 77.49523091086618
244.27713340523707 18.03413047941957
25.705026940635033 52.90721266946471
238.7883378334396 174.731755547097
41.8007045720602 20.72161553676105
220.43672466108953 32.77900062333969
75.16344439596071 139.32923864874417
246.07904043839685 197.74943080104458
109.64444499714205 196.10812841310567
237.20723180399293 248.28432340841195
143.32962466772406 80.59417332973389
125.2562722636559 170.6461185111917
59.263044772305484 31.92805401604104
134.6233529169932 17.023667128502257
113.32690356413411 37.595517485997156
60.61815380938126 157.22144618358365
203.6931696700255 149.82523427373064
189.58632620500342 229.32769053014275
7.9341717121551305 127.00179633812522
230.01513398472116 169.5603640890616
24.795105419271103 85.66424716007873
163.33049379223795 98.03968166220467
146.48961180288035 32.330707942305416
104.14946161732921 100.04999322434385
109.94602250234139 95.7033227302102
188.31052515091372 163.70286475054593
14.33052362150225 66.43402712099893
122.2723430480466 176.49630796848578
18.364922554545803 121.686676699969
40.69582879836983 95.99694888814398
24.654871167750308 145.7895750816382
155.77468937552698 47.30323833383785
41.532350856747364 172.73178896597173
69.29810669834046 37.81009621871792
40.21578235230047 163.6612374418692
157.39394870168246 129.1782617900301
0.7570933860554241 238.74445457508415
110.21672253753314 33.395634372867214
128.85523215397208 156.0678217035486
190.42197586768899 161.54203404305392
20.400294025482964 114.34389702391265
204.20426569914156 42.030671350108825
152.98147968145713 235.5780324403757
25.55495981723488 63.07051400233285
145.27197543076403 220.95831878356853
105.15150316012559 29.113087335910976
77.43876254607693 64.9669793020311
4.624962144890748 35.56951489139115
107.29147194320358 35.861309109698205
120.4370677180847 192.93975489199687
6.738066392170033 124.32509013571483
232.2970404993884 76.18686135521577
167.56034326058418 239.10726391110197
209.4306209449037 69.93289149318157
3.7662198072043465 220.4623215059782
21.768884893979546 118.6697624140223
98.36516716507795 103.65380775652564
229.75939118220907 108.25262056256413
244.64286825172383 87.08253598758944
135.7151687294569 59.77833154097695
232.25568339606014 120.76690818403632
196.3881291507057 55.685902264148545
78.18139447800188 228.4303894424514
14.994617792168818 196.02291631774543
189.67347202779303 104.88348493326441
242.57539351027177 233.0984050702757
237.07277694423516 177.50284483515236
202.14371917180617 140.42912355913896
150.5117607570831 26.03318623189904
78.6033839591069 110.50936237251375
247.51550297169587 44.0055034690974
193.66938193083772 130.75619404153292
157.6959761702991 163.6853117762637
137.0770534102166 24.00596402293434
19.785466309132776 235.4371589584853
163.83783721369355 156.65969398261066
136.1453423483857 216.24767816298038
183.00120003968405 177.17726533526414
243.42313538913655 60.322704092851204
59.345515637220956 138.1922300037383
26.17267486075814 166.17496502640893
153.90647301161493 180.62404859136794
47.059720279153424 35.39651372845898
67.67839253801344 87.31941703963372
41.410216426851136 83.559446937676
249.26952871894744 73.50185311014087
148.01933122618382 52.53838860793245
239.8386139772765 213.88828322077507
201.5047046243212 212.73351963662316
79.16350989500492 66.99872868793847
44.39421299132296 45.58268206887819
67.43508507096429 75.99379626924465
193.39930005670257 135.49756322560626
66.41976902732685 7.558254229086875
246.02321561492369 44.11233254957114
55.29678521733819 38.19674024275571
178.3724440945067 190.18042507927467
150.7742851123757 56.158365239207114
12.817579252923094 14.95392343433674
193.58080646231085 171.36414478529326
124.41272178060086 125.70524819498067
107.59735027843634 248.8166032967979
226.50636523896935 195.54574642179162
193.8160138234548 76.24896363890355
235.02620250586142 85.00780889030568
130.39881798436997 28.12767473435468
199.31960929207855 147.5458511495084
117.82443317749178 29.132705488892185
161.17735297028577 17.34525140322901
178.04483430343666 51.212214920454024
63.92379749439195 113.57955695381649
30.833738565111762 201.2176520326805
134.36088368292397 15.334744302094638
90.87641311803635 127.56676179260882
167.6771800839451 81.78525849074612
111.52055468888238 76.46570606075976
204.29246867760966 84.48389033514844
88.60850477042709 49.71923936296288
15.886490756276878 11.009654849140487
46.21549204599229 116.85885407036962
107.13892088059964 167.04342996050372
211.34908955254778 38.91523594194843
37.97706549907401 181.91608592965616
221.8611814505132 13.189996301119278
100.74738175878522 111.60589080784916
190.19511070613856 191.21371797463533
179.43666193617102 28.832729106960524
15.628359735499448 154.22052072298783
169.12999663821714 236.15913262135248
213.14172074726852 203.9467311525347
177.63101735385197 149.92622060734934
235.28789279942953 166.24866294682093
141.7832983474393 176.20866751254377
125.64871995446123 149.7620733432818
227.13294364985327 0.22766270352592155
48.32792620678295 184.00788424586705
197.79516501396225 147.71136318875386
15.585655467841242 161.4605762318808
48.549084264329025 163.0967023390368
167.0868957976049 204.6667548005519
141.38290549226008 123.53579247617652
168.73805373873586 154.56512799672936
217.15522180835356 148.14539722183528
7.658709800703795 194.6139484044432
48.76857635192503 13.86287936885297
128.47044494027926 49.687899554021584
113.61850264096849 13.545788660278003
36.289360271622385 154.89867048954235
61.134515081176424 34.660166052115585
180.13760359608716 149.31383931395604
153.91942872133015 53.19445123584659
167.37650803751876 7.348058349064296
15.865529336702377 4.620340800382733
28.15585011857072 83.48535431214054
204.28380528348535 57.4798752548068
153.64478721964974 93.7584998752542
219.76934634703156 186.0532141085608
103.7317057858969 43.56392793788974
85.43347418431493 219.95093283194493
96.91638991052365 5.532721188347689
20.90397008874756 38.67250547723247
68.27997642819722 175.51721465770825
96.22844790026313 106.92760489706204
237.94935105253094 172.20923528939474
7.775257538555735 13.877336210692064
116.8815598244033 113.93425251752939
10.264923252084001 216.04598641039433
48.09128651699471 49.048079087629034
226.54471417552617 35.38354962935675
172.55198169912643 48.61911637599709
213.42840682069493 181.67614238951958
147.41461468141688 131.28229521734153
111.63390401152016 18.509052295778122
34.450528309995924 204.25890467567817
151.54232297951344 236.53706440443725
113.76970917524997 241.0964970394003
139.98132350342271 214.8927286078783
32.63183292140734 85.68696280472551
184.29118279018599 28.612485288660782
85.8715640983059 129.23132617088405
81.70321591304067 244.26438859598736
205.74183483980278 142.934282312039
122.27903336072221 163.63881437851788
131.1615392926607 223.8705017585858
44.30512259926353 108.92882735347662
200.1706622983412 11.192835992969108
60.330035417031496 85.07807372257089
226.71151695842877 29.903439689346612
98.25598497930358 198.55574462949554
138.6837065183503 119.24955661479741
181.45277798505597 218.37559864260146
216.56254908568857 130.08595609924964
91.02071458868902 242.63154545370918
11.182933207395578 158.06431362519928
0.3887584879410655 60.12471851645309
242.25130632763998 3.773972830478006
245.80777833386827 10.045525737502226
103.6744057507268 186.9989576794198
82.81565497850174 24.99681520198213
125.14995721218885 137.64275354169328
231.14102583991684 76.96508158391416
216.84230846833472 117.84282346107148
38.2682747609768 213.56132330789762
239.85892684798196 120.27314640225987

77.4
51.6
114.7
260.3
137.6
324.3
72.1
206.5
137.6
8.6
154.9
229.4
17.2
17.2
72.1
480.4
137.6
286.8
108.1
77.4
129.0
480.4
103.2
68.8
8.6
480.4
103.2
34.4
432.4
216.2
86.0
143.4
72.1
34.4
68.8
172.1
540.4
288.2
600.5
51.6
8.6
68.8
114.7
154.9
154.9
258.1
86.0
216.2
77.4
68.8
129.0
258.1
103.2
288.2
86.0
103.2
17.2
129.0
288.2
103.2
103.2
25.8
258.1
86.0
324.3
103.2
72.1
216.2
17.2
108.1
51.6
154.9
34.4
103.2
129.0
25.8
258.1
216.2
432.4
77.4
137.6
260.3
17.2
324.3
36.0
129.0
34.4
480.4
172.1
540.4
68.8
114.7
25.8
17.2
34.4
25.8
34.4
206.5
51.6
72.1
288.2
154.9
68.8
206.5
216.2
286.8
129.0
114.7
154.9
480.4
206.5
432.4
144.1
25.8
137.6
144.1
77.4
114.7
286.8
206.5
229.4
51.6
260.3
206.5
108.1
172.1
137.6
600.5
86.0
77.4
216.2
600.5
216.2
432.4
17.2
258.1
324.3
72.1
258.1
288.2
72.1
206.5
72.1
129.0
103.2
51.6
17.2
25.8
36.0
324.3
8.6
286.8
288.2
77.4
114.7
206.5
68.8
143.4
17.2
540.4
114.7
77.4
34.4
36.0
36.0
172.1
229.4
154.9
34.4
288.2
36.0
34.4
600.5
129.0
229.4
172.1
540.4
86.0
51.6
51.6
72.1
17.2
216.2
25.8
108.1
480.4
143.4
68.8
137.6
68.8
72.1
17.2
68.8
86.0
17.2
144.1
154.9
324.3
25.8
34.4
36.0
114.7
103.2
600.5
154.9
286.8
288.2
114.7
68.8
172.1
172.1
36.0
68.8
129.0
432.4
86.0
68.8
72.1
51.6
25.8
103.2
68.8
258.1
103.2
86.0
86.0
286.8
600.5
108.1
206.5
129.0
286.8
288.2
8.6
103.2
51.6
600.5
137.6
480.4
143.4
144.1
108.1
172.1
258.1
229.4
172.1
172.1
129.0
129.0
51.6
229.4
540.4
77.4
286.8
540.4
108.1

8.6 17.2 36.0 72.1
17.2 34.4 72.1 144.1
25.8 51.6 108.1 216.2
34.4 68.8 144.1 288.2
51.6 103.2 216.2 432.4
68.8 137.6 288.2 576.5
77.4 154.9 324.3 648.5
86.0 172.1 360.3 720.6
103.2 206.5 432.4 864.7
114.7 229.4 480.4 960.8
129.0 258.1 540.4 1080.9
143.4 286.8 600.5 1201.0

2 5 8 11
5 8 11 14
7 10 13 16
10 13 16 19
14 17 20 23
18 21 24 27
19 22 25 28
20 23 26 29
25 19 31 34
27 30 33 36
30 33 36 39
32 35 38 41

