256 3.0 0.0 1000.0 3 160 240 100

67.96008810790272 150.271677373695
210.6047441493852 129.29582616864963
211.15228833510682 199.22886410795346
237.46508327175835 14.644679350249879
230.8786303142045 117.44335664101321
223.52076248233152 181.8610517301426
45.397079990528475 185.4579327385819
194.16992159233075 56.99134817099413
148.44174606421177 208.4679049839508
28.591523045381734 109.57629708137259
71.74112398399848 212.44643890677577
99.1050159596949 76.8312593106488
169.08144382163286 111.85721161508158
202.03720923714187 142.75403905459558
26.499946311558663 128.46782334961827
156.3570580463604 1.1283467257024449
39.096445063687064 111.0376267377818
13.02754050629945 231.16135848216632
76.38302661865318 110.31355216798246
63.028520072374334 124.29811808712807
190.68722013611955 199.62759829015914
118.64874125947877 107.51713659735124
138.77023710585786 227.8909474246109
247.79020109805467 132.496889477281
212.5758871904105 143.11867745087196
55.734507786096316 204.2304380805624
228.81839271934712 98.24511234046851
141.45417664945737 102.89851716437181
108.14593700701613 24.01273920140834
232.08611236660832 167.26590225478483
75.27155950243217 210.91984518791742
143.08482168226004 30.578893866604282
106.75812742129531 245.87841322038605
183.9909950869438 15.93888759335274
50.69134241934498 67.78581825899829
169.0486214481302 35.821078413719455
182.7337308521362 193.29463606328645
141.47534186476707 47.31437856335102
90.5051817313259 98.12780602935995
30.338737193188692 6.021501549507397
101.22455422375673 90.58319148809849
184.00602179673055 148.27806171088054
212.62857159459395 56.86014976268455
70.35812205802705 46.59441688030066
28.670966827013117 237.91326154114324
95.11554969736282 199.34448029322897
181.40969914852295 226.6865404294269
52.00691379793126 221.19685445619348
198.3697372076264 211.2069466530385
120.1063828417277 152.16262916208973
101.17083696137915 104.46617062266372
83.52001734404557 186.2296848870035
38.015717113408705 90.82624516561852
62.1149370146763 114.37188927913547
82.08934550647123 61.86281062409032
244.52565126426148 228.00440954028088
106.57355135240878 31.064713655764436
124.69075394555514 149.77064206814455
163.7623856614565 20.275578813672286
75.37048455070641 207.20691795988313
58.90617080931476 237.4115329594266
21.594323928858213 30.55580431948676
149.1541718872882 243.12674707464046
26.670714185711873 72.79188888958707
23.734076654439022 135.50218796737587
97.10891228883717 40.096743212430034
2.6048292144444094 159.07547267498614
184.73120782243876 125.16698349038933
163.70237106073017 74.02253307418377
104.72878833291435 66.7452999281124
23.463015424392967 75.3517883944414
78.51587889400061 241.41183844045617
147.66678369330805 198.1651372475414
15.64160800147063 223.28090995324416
43.909136843892114 60.73534534847766
35.02830484887293 182.7143025620191
143.00793033922182 248.88562126716823
239.60759662860397 85.28509405543439
75.24949788179003 243.57984392130444
30.118331951470513 100.59702508453205
58.777217432006644 82.68674216693458
92.23216924619793 72.0848806232833
118.27956996517858 88.32708203867237
34.83513761106105 174.35443100653262
136.89164495638906 74.01966327014523
241.1767315567958 79.95347702783285
57.26539100433226 103.03282078002107
125.48026070787368 210.83052023121147
136.82837323527406 106.0450290694339
18.05559434623971 180.32253876289076
27.300072787852987 91.26352181969274
125.70556377276881 28.975963217411028
246.65696515517604 62.690273849692254
188.77305154654553 185.94919269698897
129.4195192809607 63.24176530241901
158.29997858508102 3.1607475815232657
41.48384265808377 122.90716798835393
141.3413093717062 82.87240886430395
213.5950355518305 44.8566677361471
139.6910503089758 120.11235892583547
70.12791395481192 180.98488941779098
85.65433318269841 53.79574217574379
223.62666748857453 203.0790306422107
240.8310830427128 124.8697850851589
82.8695403349666 30.66360996728551
119.65016477918056 84.29841576445463
197.75408897282722 158.3987266270229
101.93164379708386 42.492307404850024
191.74890085882362 11.121093160727986
132.85137460200826 8.682806011793303
52.25239123070635 76.85677191379223
228.24004202966242 246.06590644204897
184.32724337214722 227.35008460934665
206.9260077515606 77.1728239845764
229.80412440075963 120.61422302106243
24.935959368158095 148.64922992577183
225.95668850374602 147.5878936655538
79.3098256908089 117.84266987208403
236.2184379082069 112.56398597980457
40.532024904314845 221.5813146700254
148.5445292414173 215.78750797765923
124.33944740666098 225.15241928894253
152.0503747948337 60.292425390585905
162.90767290113658 20.987018252337954
238.88698684643643 40.24116007914944
134.09980210623226 46.39229494278829
69.60744592182245 106.27936069569397
229.80607521165024 216.64870811369377
191.1235014620403 144.97747444384277
173.36559308332252 197.62878745589742
87.80989292863087 154.22709354125854
185.07408352578915 80.05103761581589
218.17973201286492 57.65102449671636
123.19584513120479 122.13238534498808
78.54866834451751 91.49887486861336
139.98520931761323 48.710898433604434
224.35306769788565 196.18181233458444
186.10439395597552 63.936209274823966
202.79263199286626 104.37380764438836
244.13195031842946 12.146519724769488
98.6163560501711 241.83969383984157
160.17263219581994 147.7307439138125
10.889031692894097 124.93183081496035
39.27490518587101 84.85888666540217
55.13211031160742 113.20335238091639
91.81677001893424 188.4688360199035
77.32063197916031 114.82082677318381
62.21193853962145 99.01478490485674
46.0983069849836 31.12245787157239
20.86712213249939 165.21686133849212
177.4587888699977 134.69362278889304
42.23828854348885 66.678876553946
229.54410576018265 48.897324052068065
36.731360067561866 173.89314307432633
92.83707346181691 236.46846813098605
220.52485567181145 172.06426076779337
126.3479886085971 137.9562908892551
141.2370958927886 225.94831763507446
110.31095035576189 22.477996539957108
125.29284943665475 82.73778820409203
73.11434038548661 75.05390221954971
23.41591945152813 242.87163717223325
119.55464355015263 149.25102564467372
85.82342776016594 26.033737458916185
94.12844846559062 130.35200452096538
47.923212016517866 50.911160646062356
105.12159634462304 106.99509334339288
30.303499736623994 180.6792480836321
39.87406909484614 39.34424378561807
75.27805234252422 110.87514668075457
90.24418087797237 84.83864534316929
238.74731752843243 140.00047144095672
35.127032719140914 162.1920670848359
127.0186968355606 126.29725898203431
154.7726320068288 244.88289099662333
94.70591328415045 225.3613176301265
174.7056229250942 17.406441278441793
53.55953001442487 67.85622989101361
46.49202681204531 57.9921437099272
214.02646326908805 47.1594955109918
17.008611612714496 72.94525358584953
225.29774762619647 29.560102315925178
182.9650916174577 6.856703934275399
232.38503485790844 78.95775653469254
178.63544787547542 20.421915790121037
91.63944067729796 210.11380517192907
127.232411225298 78.74960489022709
112.4098482683672 36.35141115355836
168.2854038755838 150.14362784444955
60.094079317133065 131.65049804955882
122.7781417458181 4.329644779681313
136.18025248922078 187.86756700714596
197.6518419356336 230.0678949906947
24.379870355135836 15.53215640586042
23.41653752220088 240.84661683648292
118.98542142509983 62.60143777610633
248.78390233996768 149.01573317227508
132.17766292422883 233.5829131632263
169.72360095333846 28.41036452719181
223.28400632931192 72.73600031711808
203.4106658515986 25.692029242120856
113.97434039906504 68.44297090490437
22.661676222874043 186.28254914612342
232.55626838860573 123.09147121476813
106.50790249796493 172.1517322108228
190.78496032438522 189.9900756171694
151.9361257927136 212.53179477337835
233.4086927632265 84.0425545622755
231.63195616941596 161.77050039275036
120.30025111065282 100.0538723872553
166.57209112136624 38.629287091895975
63.2547754143952 245.28939697362583
108.5079940360589 166.18049491533932
220.20672728818008 140.5907821077293
69.24978940159407 206.86376480131287
186.22818296114792 125.6960166120519
54.684815053822945 193.03484035473406
185.64872962203117 22.666174060096438
164.492522988256 132.07659109629282
105.33303833334975 61.11926546657853
200.79627991919534 126.05918566948388
195.87549811823018 29.11846951894745
210.56240530202456 215.6710275910708
120.46106032308118 70.56501795548046
170.9235189300157 220.03759998309357
42.103762161307095 133.1871911796277
208.33007648729685 197.2451662948127
192.8068514011286 159.7897769873095
45.10801696031205 112.39853634759564
91.62237785316776 101.5463186397651
170.50914284511302 136.81433494741734
30.446826598694717 13.800604612875883
175.69556063150583 31.794091979068156
30.83049952207184 47.43807935979838
54.78113624945782 212.61015289060416
95.70658453304212 35.612257356710224
118.01259430669373 21.271900386723523
112.85447289584604 20.729899822171216
102.00307243407211 225.70044701416856
146.1728096651783 94.9722373521521
224.2494009913893 4.944649758771708
10.42956825318081 77.40508330972453
95.78623506465833 232.90512283001772
181.60496985360763 39.735601580574624
190.24214276059448 40.4998911781578
239.86206454137334 19.89245200713877
184.06105374807962 44.38937600446549
24.80407128462428 167.2885495165191
127.00235685102876 56.15305730927589
77.79700795647848 110.88297171908604
104.96717099609454 172.8575638251951
239.26741402446257 216.3379410774061
5.655837249319728 195.13788544672235
20.658188749369643 71.87730850783278
93.7167481119979 236.2480406759845
110.02958441581423 204.6267001338419

75.02256673564395 145.8247467475952
204.2550033596903 130.98001457702318
212.56857343434422 198.19402527266368
232.77245728597333 17.835455968830573
228.3700696707182 115.28720461546493
229.02604765724945 184.7859240112404
48.0602041993185 184.42894624958893
199.8443194388477 61.42861717364504
143.28841745760397 212.45164385070936
26.373502595690574 115.64263430383006
75.2999727469296 213.51460940501062
104.00079226993827 73.3312210992805
167.69555971333642 109.99817008171576
199.31011645839226 145.89638830156835
25.759311015919025 120.023033434072
159.6956982975982 5.833026856370882
37.47856655923773 106.47526230843454
16.80679206842975 233.20146979379928
74.76900134037032 113.74157080508981
61.39342890199967 122.688439964058
195.1397817187562 193.38688413008026
119.4167412019195 112.15817962504987
143.95540903909472 221.35130590426226
248.98570652716606 130.58187006079618
217.4952995183389 141.8891602975092
56.2350534659693 202.60138436014358
234.79673718586136 100.37804698815566
149.04132716779176 103.88632776836543
107.44748341015556 28.587131157614188
230.627633943653 174.5654047360568
73.33429199725933 209.67451561306504
137.91103799379883 24.81283679352686
110.81734372151469 246.48801068158508
182.87543079695286 16.00490119811185
51.73856441718516 69.529773402112
164.035893404304 34.60185243051861
178.5448476945599 195.5204167838082
139.93682634423587 46.153983011181204
83.1211908537462 95.12431192820223
28.003071832986365 4.432857585038141
99.25863166450755 90.73557195627963
183.04143607840783 151.93915799177074
214.02685131181235 59.25808325387227
76.43075756712797 43.47495999220102
27.66552438970793 233.6905474694895
92.14254132588005 202.81277130274285
183.26495478036816 230.01092551202257
54.88048203184487 225.95294033616906
193.3107490557175 216.62760108097666
116.14292175088225 156.71293576535504
102.88675434610626 99.46595571990096
88.4035710341371 188.07849635887868
42.22729678007148 89.58576937665569
57.720248212155546 120.22011449526617
83.16649129001364 54.64220320567797
242.89849510905688 226.6070730404604
109.04311972984732 32.999758855872976
119.92363579952703 151.82738199144248
168.068319798207 15.737224394840654
70.56931669741587 205.38495349786672
59.18764174649691 244.83608050937914
22.239816358237295 37.61542589610375
142.80357233826112 240.2000602277045
20.579331688600544 75.80042836442134
21.54415381357211 140.20771248779195
91.25869878021378 41.051432636936504
4.693645420009135 166.8667285086945
184.90525948603647 121.27024824233982
158.53347152329553 77.39716573249363
97.61837925453875 68.9153814022224
19.679468265341978 79.36571183780056
79.97978413123718 243.164496090282
151.11179573827462 200.51895196114347
8.484184165603647 218.9104491171716
45.663102321992945 66.90964884224739
33.519948440097814 184.67621040380757
137.5350300976016 249.5781188563108
236.49407590256624 82.15694182692553
69.9220087852421 247.83594175564394
35.44671264396732 106.74442184801427
56.87878384020828 83.91803087570368
91.93801262667084 71.7867937650724
122.81664827515071 91.19172120894281
30.117955620345 174.7576407903977
140.49705880297776 72.38133038085718
238.43370223426447 79.38633731915785
54.216004274546926 104.79421630287902
120.16570045895786 208.4491734006045
139.05472435201602 99.38785524997023
17.88750891233032 172.97155590852722
20.32772558769591 91.66401509547009
123.91140793068803 31.36921378632046
248.72923408995314 56.851840009917694
192.47177507402165 182.40598381912122
125.99823024427093 65.18816392278595
162.59064251146782 6.515495371724411
48.38896859855102 119.11978510970036
143.09867469593914 77.87969612977041
212.5887201881423 39.942440393428676
133.86589233171088 119.71650545398305
66.36198710242682 188.5351522151527
89.48679658233758 56.4872505483513
220.6161152093097 196.10834745265555
239.93397455316003 118.73736257540976
90.66012345717303 32.36768830243344
125.81611166690281 81.32848131340786
200.85097105268238 156.24594367309098
95.99139887098183 41.937173996556275
194.98213622330692 3.996293376243909
129.6200837902032 6.540432462097207
51.16286639837428 78.2895219701524
220.0267339059302 244.14970192748657
179.97553216684514 221.63297785781933
204.60168431551725 82.58690582783507
233.3272365192097 114.28242646557763
27.39556482924438 155.8680013085772
224.20158755151408 155.37758503601353
77.54005743659151 114.47074353808762
237.26444137250536 109.13657039433016
32.79070526658109 219.32627819384746
149.26795270347435 208.33937252368742
121.24657676211525 232.92052943764148
155.3580700091632 61.75558481812074
159.21874475772867 22.857742468650326
235.45779858000188 37.037877010866445
139.49276420240116 43.07718381693293
75.51998828063464 105.62341045859195
233.47567620131107 215.6104092098115
197.33092120252664 144.45894773903265
169.64548012317218 190.7327504862816
83.50251095341801 147.7415234447658
190.36050019141243 75.82486362399632
225.76906622133745 60.9054492427335
122.0262125894059 126.66913498756541
79.11793147103019 98.94287828129694
132.22473723437238 49.31722602826935
225.08347914567682 195.0762525244651
183.92483637367778 62.88689296526304
204.66730931719127 106.97062491695335
238.34931115008163 6.828337338825041
101.24166284488913 249.2119619601559
160.70160906965387 145.56792839738534
17.237461465079264 127.75299496552276
35.789951514156535 87.08884028354436
61.94964026410143 117.80160622275469
88.99001536576759 184.2280103948215
75.89181497864847 118.94992036543894
61.299965219548 100.61830792740965
37.94990466824927 29.74728928986736
25.743834987559026 161.30262094178087
172.69288633681626 128.85807554225164
41.09250981403528 62.217825857566886
228.0496605465517 49.35685025704753
40.35913719653281 166.37724866946783
97.41222569398025 231.89221612607955
221.0463584253339 165.5934412555555
121.22229409659863 134.51765879816696
137.92093214528353 219.21991689583697
107.403705570884 22.073939354008893
119.77964872648722 84.00062151524756
71.2653891233701 75.4698521797946
29.022303127431314 239.2434124226463
125.35109873684041 148.54753341584558
82.51392309128883 32.15873080441414
90.78348507825935 135.12321900006762
40.809487125532065 51.923045731405715
108.75626422234077 106.44392088542992
27.65117085361507 175.92446858801685
41.111498744336394 39.21570154384998
74.30190481233056 114.96181403971222
85.16973780848063 88.13900720390389
245.7468239652071 139.40609586130122
35.20199449440051 169.8697793804503
124.93117755369354 123.30568553228983
162.4897201862847 242.6399245586471
95.75719960553062 228.72858095445264
181.6211075639799 16.422334510632325
46.26757135397358 64.2481006328062
47.581045493692216 53.100784300133654
206.485794557333 48.479719440309154
14.842960802341542 79.6997129156998
223.0939277504029 24.5053013430441
183.22761173354965 0.4271463085611382
225.71520581713594 82.68279118143973
179.23540032396798 15.344657857620403
84.86552448555146 209.85563875763006
121.03654848355488 76.60968535388302
112.60847976218466 35.48258157989298
160.76116727195725 146.89838744912836
59.8073918627639 125.88667359845596
125.2634483270161 3.0865548217328955
131.83468604979495 194.61274691786096
201.41820835085773 225.50916032873496
24.458392051223605 22.00059291967574
25.00676126733606 236.05850108785899
113.7880904132908 59.51611452970218
242.91919561381792 151.82323904596905
130.10260174152396 229.63609527889267
174.91918093228446 31.48158058099154
227.28203677002557 74.21289602141296
211.01323355137504 25.001701779743644
116.56516985813633 75.58513155391321
26.215794906138374 182.85452469045705
231.04103142878571 129.69684437156135
105.50203641111835 164.0720193465484
196.71975524150716 192.06601787955262
153.0392701623241 207.80422407609203
234.19224579666445 82.3949936624479
226.3531233045527 168.1123850335336
114.16178585611975 99.42277720288872
170.82377635121838 38.797761319197654
61.8292855581154 245.2484551214709
109.18425570704085 171.31042510573565
216.70001640154078 139.4962017131249
64.33871017738993 203.5071180603413
186.40511598081 132.40043321557675
61.38750148342817 191.7166189383069
182.36386091262165 16.62894269524215
161.75207757477705 137.00481933240127
101.12056284948265 63.894354856153136
204.3216026192571 132.99143159565423
203.06757094645897 27.675045955842332
211.5062720108817 218.9258482502463
123.02548538341334 71.36762616623066
178.06149512554686 223.99315699659323
45.54760703990393 138.76246430943002
215.03274461297545 202.28556946619796
190.0125708543882 158.5226338496953
51.540088818878615 113.17562255746358
91.52704947696833 105.53015483221218
174.30369163424683 138.78236012853733
32.14117756051921 19.05582340046297
179.78163875668304 35.366471200148794
22.38210800886761 46.711766895541906
55.77913251720765 208.99398484644013
98.27960148274154 34.85393613847532
121.19352679552733 15.815418038314045
110.76825291523615 13.273229518516366
105.1415525637056 226.64297669215568
139.51412393343983 94.59294185409514
217.1296428852313 5.796609128969621
15.703086177009496 75.0888416036348
91.597571559353 227.88045868943038
178.86332639540208 36.30470384186354
191.2620671618283 41.26259642071939
243.16879848443514 22.64688683079391
179.8864901749216 39.06166256672983
24.390751475357213 160.74413483895214
134.8916142443975 57.11911662548994
77.65621790605914 109.46937680243835
98.59505266373186 174.0023036958005
239.7628307866892 221.0373215932765
9.280510738795739 201.0044420280176
17.47296930955411 71.46673832540424
91.75193251081687 233.03438503538084
117.41421547499375 200.88033824461473

206.5
260.3
17.2
129.0
36.0
432.4
258.1
258.1
72.1
108.1
216.2
540.4
432.4
216.2
103.2
51.6
216.2
172.1
34.4
34.4
68.8
103.2
540.4
34.4
72.1
68.8
86.0
600.5
216.2
144.1
260.3
540.4
108.1
77.4
137.6
108.1
68.8
114.7
154.9
108.1
288.2
103.2
206.5
258.1
34.4
129.0
108.1
8.6
86.0
216.2
540.4
172.1
600.5
172.1
324.3
114.7
68.8
51.6
114.7
432.4
129.0
17.2
25.8
17.2
129.0
480.4
68.8
540.4
154.9
286.8
154.9
288.2
324.3
103.2
17.2
8.6
34.4
288.2
480.4
540.4
129.0
216.2
172.1
137.6
229.4
34.4
17.2
172.1
324.3
172.1
8.6
540.4
34.4
143.4
288.2
324.3
172.1
108.1
260.3
258.1
103.2
17.2
17.2
114.7
103.2
144.1
260.3
77.4
51.6
154.9
172.1
137.6
8.6
86.0
34.4
103.2
72.1
36.0
288.2
8.6
216.2
68.8
103.2
229.4
86.0
600.5
258.1
432.4
77.4
25.8
286.8
34.4
229.4
172.1
8.6
25.8
36.0
77.4
229.4
137.6
540.4
77.4
108.1
103.2
480.4
480.4
172.1
68.8
77.4
480.4
324.3
17.2
17.2
34.4
143.4
103.2
68.8
25.8
34.4
216.2
288.2
17.2
324.3
258.1
68.8
77.4
34.4
480.4
286.8
36.0
324.3
51.6
72.1
103.2
206.5
154.9
77.4
154.9
286.8
103.2
206.5
480.4
8.6
68.8
216.2
68.8
51.6
72.1
600.5
129.0
154.9
103.2
324.3
216.2
286.8
432.4
72.1
286.8
108.1
103.2
154.9
288.2
114.7
600.5
68.8
154.9
114.7
34.4
258.1
86.0
154.9
286.8
103.2
34.4
324.3
103.2
103.2
324.3
286.8
51.6
36.0
324.3
154.9
286.8
258.1
229.4
432.4
286.8
77.4
108.1
206.5
540.4
8.6
68.8
600.5
86.0
260.3
36.0
258.1
260.3
229.4
68.8
17.2
206.5
288.2
17.2
34.4
137.6
143.4
288.2
286.8
288.2
77.4
51.6
103.2
72.1

8.6 17.2 36.0 72.1
17.2 34.4 72.1 144.1
25.8 51.6 108.1 216.2
34.4 68.8 144.1 288.2
51.6 103.2 216.2 432.4
68.8 137.6 288.2 576.5
77.4 154.9 324.3 648.5
86.0 172.1 360.3 720.6
103.2 206.5 432.4 864.7
114.7 229.4 480.4 960.8
129.0 258.1 540.4 1080.9
143.4 286.8 600.5 1201.0

2 5 8 11
5 8 11 14
7 10 13 16
10 13 16 19
14 17 20 23
18 21 24 27
19 22 25 28
20 23 26 29
25 19 31 34
27 30 33 36
30 33 36 39
32 35 38 41

