256 3.0 0.0 1000.0 3 160 240 100

32.60506628350124 201.06521813170792
163.7513280717019 120.81391839077773
1.1138659013227858 204.22612550565867
163.80670734424854 5.829959351623726
247.49723274525488 166.72228190062222
147.18943377899336 163.55346314685156
166.27964980367406 161.83024902415113
181.60678479393746 104.53543525553587
124.88727512753769 187.2999839769019
4.3360166466655246 56.715934386599024
52.069233185966816 152.4398952434555
87.88931711547171 190.66624554674527
196.1557340445037 232.6385784080696
13.54721046479579 54.295785530980964
114.11586034582669 138.74469221766518
17.24889602032012 47.3487950331829
149.2429846122017 151.87866925587767
100.05419434431676 208.70431766224553
153.1025692343924 21.236128035764327
185.16697190841248 12.369686839516476
128.9400966700241 55.10009609098157
86.06482321454595 1.0618309555152916
21.298660516383876 103.74968112413319
143.81329232843953 37.910746508393935
144.57218197427932 6.052408344546873
28.79556729785662 149.08860917142917
76.45842717018495 25.77134311944862
248.78553120458767 62.45300998891917
65.13524322073053 205.59943948644192
23.624719756410283 145.20022774904186
25.783586270516746 0.9925753643986734
48.15435878614757 122.789933622313
241.71290469225278 120.60523367010312
139.97356004127718 38.781055853641305
33.12859715516828 163.01555482092894
208.76795017076265 92.69975088488594
53.3400000702183 233.26278512362845
122.13446807086737 223.86839660112494
180.39988921207865 227.0296274319645
228.09116958537308 74.91708971227781
89.67571319029005 194.45497949739348
170.00400588945925 195.88630376775654
182.98595827938206 209.66597841755575
239.6342151614858 162.01820846514929
158.40199131839063 243.178044870045
2.5107378166967234 114.05371662111422
123.0597666158147 76.50063588977011
187.60344209816836 93.88032663757537
178.25217339086007 152.7451781221139
9.582878113697374 236.0691800692407
101.98957004357592 141.621528911199
202.78200852159532 70.75803415521142
218.0131603590731 80.90135917898772
211.32607688304626 233.03246146293216
28.796673333224664 120.30179061093895
69.06728439447384 191.48654788826926
227.6220980886705 30.159226953451636
19.613764250382914 152.8692775481691
149.54438400641402 197.5448777284166
111.92983896368119 179.5317654767412
140.76850628510942 111.65064465445992
34.57085691995268 68.03497356596117
65.44636940539736 115.82672673044387
111.03118132677525 28.049975488687927
13.298170333183979 119.05516418377826
197.17504066544993 249.07739886121604
242.01972774650378 38.30943329885073
51.94183646232145 163.40189833129915
58.71183193016372 84.12389471135567
131.03994218722235 163.36930086134737
199.9969954236927 73.76614657379743
243.5109615671206 105.03482849297971
164.40124574434827 83.82031068788376
117.63080045607636 44.37414042966034
176.75700692659427 28.463993920917584
93.74545198745982 98.20227146112273
147.8898844008736 184.3659156173235
110.22897539904838 221.54781309274955
111.57226011716814 55.391433819097195
77.81525397953628 84.2707342022852
51.349128846144175 30.719696172772785
184.79934489241964 15.560230890633742
10.903933884570671 64.47701664238201
20.53432474465677 0.8970593107757163
161.98837355506075 228.96702160933725
152.93263914799232 202.96362247526136
167.47573124057786 200.58114602829303
111.29685454494812 18.59251216566274
140.4837940791458 174.3972376574282
149.67926506138713 204.04926789456889
47.3140750804327 132.40112025707262
156.2780878797141 179.2942965609486
196.87416509158305 237.57418527075595
34.129155133230036 130.817787756422
118.293482509475 92.33539950775615
65.00475083582563 69.19941993727186
211.29996788220865 21.243857308326287
180.34507369643376 63.882985699757924
46.370320559568356 226.1019155038934
114.95589986033322 95.003769995058
11.905353417188625 184.2064285619745
216.11526957044236 78.91878371415082
66.41002318322927 50.58383178111975
163.07241764958016 36.10351654571745
20.325982850341735 9.760481817447708
100.04071018558017 210.92464248366093
98.50283790229153 208.5571490361567
229.6707950601924 202.87565293175328
205.2425900244031 232.58265806949294
119.05492916265928 233.81221865846913
84.31837486721768 40.304015749975555
87.87698496749735 249.8968057178858
58.617051492312335 20.703875121898918
220.4430275103783 100.92386562155761
121.74223071818375 240.66440165874042
99.48798694697378 167.6282691817556
237.72095459388987 70.21658906853776
143.22135406845678 111.49338245602289
243.17624838178907 233.32725667144445
237.54126469017834 105.32893032421106
62.00541248144894 125.25185692441649
33.43863281638032 239.53470590823372
53.10031105769303 147.1358200269213
153.03300979102443 35.60729742349012
230.37591733219259 153.02207008657678
216.24437514654915 185.34012038438237
148.9787754436041 7.054694174601056
0.6588743917192164 8.914800929233968
160.0453059887887 171.5454129071373
62.72548475069484 28.820398725744155
58.59838352722241 235.33186731799236
88.42965734988364 243.91368308584197
138.3427611491557 188.0437534385249
228.46704075280948 81.6220203253418
173.5793888500703 57.044966393592574
93.72258003560601 98.43295825852464
9.931586882447135 130.7477175441593
146.94507904868172 16.350994768636884
187.07109019541986 234.78511060745612
49.21665954652657 207.87107134576036
172.75929279790856 223.45195301207352
198.80407971084412 58.68448326551295
197.06834338067375 49.295277288611494
170.09892307597352 113.53224425318665
68.26567916072865 99.43756961681314
46.28895888439485 42.80129146193698
85.5423653327135 38.64522509282309
66.86701063602376 198.0686290357903
94.87836921659235 113.7855636552082
79.86720061632718 11.723819583425914
191.74399294146693 55.54849834902021
46.784041811644165 4.305334739296562
172.14394377520622 138.39851577799448
198.16700547742852 27.993658763560358
53.66739353070435 111.78746896192001
163.9874264000469 121.0488632419423
203.83853641156247 208.66624042330326
136.55673584433688 112.12664013309917
129.26772031020704 167.72864225302652
116.76084448658 75.68042325075045
183.86877063025148 149.17842229005774
147.82065614364203 114.05201951179208
113.93381841763144 214.68222416066823
51.74747367565369 110.70745279552072
83.07553858017123 168.740766963495
174.49842793382746 115.8553994605216
145.86088659124522 166.74527440245845
244.82107536645714 86.820213833633
212.83344511556697 68.7751608449381
52.73134782291858 142.64528600899683
208.0333807379359 161.07153895108945
122.32573286889698 50.474844544772694
211.00702222131994 249.9515144777765
143.07398736381114 219.26687427933453
13.717321460795684 0.9855065303308042
211.8969606430754 107.59208587331554
13.016094901700109 199.85917916859697
109.52319302140526 191.1190684265859
187.7718182373637 216.57073141424317
66.6344960770128 75.52147701978946
224.98190874944677 43.42434150055727
71.96320817148091 99.03380758795444
144.70010032420356 12.037701327102718
39.999150291720795 89.14122179588297
83.21662569431143 51.52738057171033
143.61772675902728 32.27980289553839
13.45462706768885 207.41274648643164
13.263406488755125 99.44532136277218
130.53348589147524 195.50055671207767
32.04656584054128 10.805701848169258
202.77311613216108 162.95063954040904
91.60963299772254 24.47968600521444
199.66237280961911 176.89063988186592
223.12042430276819 119.79536880851974
143.36792576363175 209.26000484793417
209.63291908690468 100.58491954943838
204.65731675229395 160.06824607449045
41.136687735494974 155.58909926110186
22.161842276868292 170.81878882946782
161.0204395663499 113.6197685496459
60.94948516158835 22.298524381068052
128.0919423178119 49.75886807922738
191.32210590077156 111.62259399583208
203.24230197635535 249.9607552737889
121.58178390002014 163.59741007578103
78.58914122919022 129.47417279913506
150.7871611569759 98.75829179809139
27.839552271372693 137.75774799209097
50.75253132100391 79.65090723050233
190.99794602390807 139.9449179224772
167.79454874193644 193.45172340492135
22.93089053065142 164.25430331252838
207.1911721102619 198.68227875258242
83.75033517726996 100.92700979262092
10.302514612500257 121.64750871846667
150.08588716963695 237.95160960963364
36.15608653826968 236.4100460205572
213.68978991028206 167.62510524219815
109.46419577537034 105.29299020640585
54.957671777102675 143.77115287408202
12.443689772733773 3.6864543207090206
234.79540618283485 53.722587813573114
34.69680052809482 124.621800721154
234.87869924209448 49.45791973932806
227.04950313403498 202.6050069429582
42.54401641865091 238.94348953933496
215.10158270410278 35.79342981381522
114.38495005924054 8.167847868996049
244.96502713303894 43.82490654651697
5.189165475886409 223.82867885143455
134.53409135599065 152.9705524246222
78.0901908620502 220.38702558813756
75.70068207796245 214.44739571131012
51.763211662961304 144.4828210345535
225.36561795910364 161.28519572443383
133.51808745285592 125.99467636584816
94.56580770687393 118.60486618773575
213.6453710734747 191.7910999574064
111.39598111679555 44.21943303128223
52.467006106422716 80.00512251220962
185.3290302613938 82.04441676226362
21.773256751085324 49.031818463099675
173.98922644608686 143.5590691025588
147.5523588884124 243.83202343332187
159.2439446796872 219.14504123995533
64.24407414158031 221.53793800522828
36.086429743794476 2.7195983513044197
48.68009523614902 202.09854282900002
30.047472771997597 240.3329505433173
248.98381738610604 237.21917457483062
195.42474375067968 227.76611692437405
13.917359118882477 34.12280540736023
81.7685590896392 141.87187849452764
112.08002970940173 137.1493541579915
42.62073137105477 63.5732040409632
77.02267858147174 233.78931589438102

29.15192013033316 203.30972949505522
168.43863402529374 123.96686329989528
2.8368408619138252 199.46947438268833
171.65264521714303 4.19734641527858
246.48393817196092 168.64183798835103
146.27689431557832 162.68938002912756
165.8333962882635 163.70882329283103
181.14374927344204 100.68598444741316
119.4798723589563 183.66743522524297
6.135168406588481 49.91813078657953
47.476494059682516 149.0032787101555
87.24641550593194 186.67586910996488
202.33749522682191 238.00244419446597
12.040068872213094 57.16857534552305
109.47353877926616 133.21662274391343
9.968767130954959 45.25890907095217
146.25640079382535 156.10433481529165
104.23479308468143 206.54214536583171
151.25191270833807 20.35980644669039
184.39297633549901 17.84735870784271
125.25592579482154 59.17267000784363
86.30568511084196 5.484720461165798
18.2539383837049 97.28715193914914
143.7344799536011 39.79528547372041
142.09132501894905 2.771038979870216
34.93635162668837 149.5100784381312
74.49253532095638 19.904176416765758
249.43551260361474 69.19728882093452
62.13886341683553 204.28615658921413
27.306352660519284 140.98889967430966
25.743812916827537 8.958881447022089
49.98659298713037 130.35457409834495
237.3827309929638 126.18676028007866
144.21153128973322 38.7163013172073
34.134260181303524 162.0006145475452
214.9183401275969 89.78622967538702
48.15015302814149 235.3380903841355
124.21507692171524 230.6341372595845
180.70730747832582 223.3748857081213
226.9946222728126 82.88347302847058
89.46820807223943 197.49301316558888
174.73751759033166 200.2868680985701
185.88117658047625 207.39386463108298
246.24155534478933 158.34449217687643
159.40492293779377 236.98326324613978
2.8715207300024637 106.54491033447205
117.19846156439617 74.14104031504436
193.21793794136073 98.08417890389659
178.5445046517973 149.9987140158869
10.010270597465675 234.7389003530367
106.27685650540968 136.41066399181037
206.82223254790864 65.08313112605077
217.98221554652446 82.25483661514313
213.0946136628296 227.98857567798322
21.370214446355924 118.67408460859386
70.74940764012328 193.69737235733305
225.59562066979865 28.168468665949657
14.275065547133565 147.37768507375893
148.49871869954487 192.87882922014472
106.05498963889836 179.6783673756656
146.80139300721322 106.18540769106602
40.29695369883496 65.88546907751177
70.32082820190952 109.02550743947303
110.54009210803287 35.37302522943225
10.740559843338355 119.25682052728534
194.8512582303724 245.56010818763835
243.88915578598932 36.89896712857729
49.77657709350702 162.1043364387825
64.26036000415311 85.15254821081064
136.69745204113036 158.17172243534804
198.66594546985203 71.66612490668258
243.65213327164022 100.99353905865502
165.77215582433166 84.266142030135
123.94755470272115 47.75321403632699
176.46573993520155 36.06170329812517
88.58639963268142 96.63154082601802
141.7250944845506 186.57929345573234
110.80839329071335 221.96024833248217
117.04827770982385 59.97344866068377
78.72569270677005 78.66817918219601
47.65221680939985 38.25703654330809
193.21166456469305 15.73500210867268
7.1364433731054 71.27868404211468
24.893765877490786 3.66029014442798
166.15389454435416 222.15630998050162
147.50796829213272 199.662488306381
164.3687924531934 195.93938789014138
108.43755658856027 12.721464934218552
144.10574617426764 171.20916733595007
148.83350988518686 207.11559101500242
47.66190018382069 131.61946541011451
152.66481570433996 186.62767504431483
196.49442033283592 231.67816339142817
35.025616944021344 127.13080000018526
121.69052763144173 87.69616605422544
65.29717419635753 67.05565180702308
207.96153952801978 18.576747445860743
181.9584373825669 69.3033441509791
50.52130814702713 220.4959530964904
117.28713754875497 93.74792966232101
12.569095790367719 180.0922141524648
222.24169279691588 80.889829395148
65.71200613884976 51.08979869114039
158.6915262352354 33.12831401747213
19.123908871222312 3.7360805303408293
101.05166140658461 213.39124895727565
97.53644375118381 209.97448825491284
230.73025917577263 197.13193766891922
199.30601365493763 235.67446749441277
119.90585667058728 233.5678628513953
77.07824598079463 36.25072370576604
84.78374188018675 244.82754691045847
63.78751068916108 17.777436555648922
220.44913304977194 96.80263274940762
114.80769200294138 236.21057666691212
99.22619575809591 170.37425295395883
239.23795473505277 64.71707798941095
138.3919537042475 112.4615493956943
235.75963267369968 230.49546892545817
243.93267599119451 105.09234900838196
69.17645755601548 124.38119672151257
31.818778603274755 237.636741434109
45.705146908056214 145.9918614805245
152.68572844458356 31.47564854784149
224.5717765938953 150.16885391244668
216.37999226810211 193.7602894699339
152.08792246113688 7.608104294341667
8.088524801316998 6.540844980206545
157.93383858997976 173.31096225860665
62.463882956658026 26.685074887747405
52.477078926314896 232.68655888169366
86.60902588423822 242.54399322026416
143.74253025215125 189.11808973277357
223.81180391322397 77.8147412346194
177.9486621530728 64.17820498461238
99.11121904517204 94.89968641870999
7.6683957565834575 127.06302203876912
141.87607733443787 21.74590326248904
184.89149178241144 231.61013041569313
43.03952625858376 211.1131470803464
166.85576265126633 227.14341366945698
192.23868648343418 57.85301993245972
197.42466078691083 44.33959505121299
162.32928883973008 111.9507261292349
73.63497921020945 105.45459678119082
43.57963957332783 41.275199649934066
90.66852470434338 41.79874162990135
69.24575465473221 190.20043688561566
99.05349238008407 106.69831661229742
81.05205917069799 8.863443934890386
186.12595553198335 54.251112027072054
46.65963403724396 6.658051908869811
177.65235648140933 137.16480882267348
201.16993899740703 27.413591337409393
50.57598961782847 104.69852775402727
170.68989421020055 122.02922506264707
209.65303342830956 207.48306956788932
138.43758944477824 109.55531470485715
132.0855875198415 169.47719942771548
117.71450158795257 81.23903559437359
190.23919110297348 146.62574383911186
153.08440447676568 119.82881547355196
117.96175224570338 217.5113564600034
58.50604118871824 110.90647967452944
83.0116514989725 165.46462515211863
177.46267032224827 114.55566381186394
148.57990633386902 172.01075596187226
236.7485260312249 87.85425260234933
217.97515086735976 72.25557635814697
55.52382112012863 138.39619065195916
202.97258301502427 158.76381190841997
118.14635458585418 56.307243573705314
211.05712962566741 248.5892621355042
151.33847779020843 221.09691149668325
14.532504840886528 4.546901601909542
210.83567484217252 107.43643686396337
10.759614165584242 200.45216263136666
104.92605050186243 188.7916506290943
192.2986828193131 210.29086645059496
61.8810806043098 73.78658580960301
222.9773498818123 43.30438737158668
70.15593320358543 91.85202028813289
144.083826854903 18.48749587222831
40.830492480455675 91.08525818775034
81.67500170909544 45.67247752436429
151.73339323655168 30.423694454254996
19.33571083900601 213.08077333007535
14.487816110105578 96.37063471451052
135.89704167433135 199.20275545981235
33.93271158800235 14.837789838757804
200.76521873309997 166.57245143317078
89.32761247281509 26.60507850520466
205.16123521085458 180.29977526554035
231.4591631350038 120.22145283790742
141.45258880183295 206.94932281587313
204.54912954246367 103.19570291975144
200.72171987762684 166.47417787850074
45.00409342605035 160.68689119888205
28.85210367851779 172.59946767965144
161.16606834540482 119.74482554863266
58.73582399276556 14.326088884562937
122.93716782130879 54.94651625708791
189.22217703025444 112.48836112646771
196.77997029296327 246.59002574101078
116.5448946233042 160.05704401358804
73.82676069411207 130.07189807644468
144.88848476424258 93.98214268831597
26.827671809808525 134.51326099743176
44.09102103287099 74.9319635856039
183.6715303795362 143.88925404694294
168.3288969223544 195.09438678401966
17.216632107233455 166.51048779396456
200.79121879761593 194.89128564524552
81.03646013202459 93.85746469311806
14.159792958895522 127.68882051514028
149.95263416627336 231.15628332712794
30.545400547999453 241.640282390376
208.65947454869547 160.8873633559812
108.27744273729611 104.9504436562631
51.66674841527596 144.09192229036154
4.93918217846398 1.8735224648013804
237.4711305717848 58.84888141771547
39.891338524420256 121.13662440514467
234.33914740579246 57.40466753613854
230.54259667099717 202.31364893493551
39.38498167604978 240.39706277136256
214.8187204205465 42.46701449174739
113.02855537502087 2.5705845448185105
249.98008396065654 40.072713736863385
7.209867159431532 217.3418090424378
137.2954975189386 153.97382441700034
76.1664085651991 212.73965042902117
82.73287736415355 216.81081483375732
48.95703331350354 145.71585068550442
223.6067221170632 167.85617295010044
136.94930942812823 130.88435729840305
88.16309965280104 116.16207880480516
212.36934335449237 192.42710358101843
111.9918769274651 46.25416126940971
58.53425029891901 84.53650430351631
179.8017636100967 84.42738231879851
28.171049872671272 51.78704044369378
181.2447216923808 146.99609459558428
147.66644428702807 240.91756576102307
153.75945055136998 220.65850481296576
59.250003211220815 221.22028064094735
32.778597987764115 9.648047299295609
53.43639986826043 202.85859411632896
23.251565762714172 236.9067746969647
245.54791919841608 232.7962656798505
192.93370619127128 234.3256393720757
20.620864679883944 33.96953787860218
84.85363542922909 143.41592571188895
112.46042838372061 141.78790879844055
40.43572718300387 65.61880215387839
80.86995208861225 234.04656708945825

77.4
51.6
260.3
432.4
72.1
154.9
34.4
600.5
34.4
143.4
17.2
216.2
51.6
129.0
114.7
216.2
36.0
540.4
229.4
25.8
77.4
68.8
72.1
34.4
129.0
260.3
286.8
154.9
216.2
258.1
600.5
137.6
229.4
8.6
25.8
540.4
137.6
216.2
600.5
51.6
540.4
17.2
432.4
129.0
600.5
103.2
68.8
34.4
324.3
143.4
480.4
25.8
324.3
72.1
68.8
229.4
432.4
108.1
288.2
68.8
77.4
143.4
229.4
114.7
143.4
108.1
137.6
34.4
206.5
144.1
137.6
86.0
34.4
34.4
260.3
68.8
260.3
144.1
68.8
258.1
68.8
51.6
260.3
68.8
216.2
114.7
144.1
72.1
68.8
432.4
36.0
8.6
51.6
103.2
114.7
206.5
144.1
86.0
144.1
206.5
324.3
288.2
68.8
600.5
68.8
229.4
129.0
103.2
34.4
137.6
258.1
172.1
34.4
114.7
480.4
34.4
51.6
600.5
77.4
103.2
540.4
103.2
51.6
144.1
114.7
143.4
216.2
286.8
51.6
103.2
68.8
51.6
143.4
600.5
34.4
68.8
540.4
288.2
260.3
34.4
103.2
206.5
480.4
206.5
108.1
34.4
8.6
229.4
286.8
34.4
172.1
144.1
432.4
51.6
72.1
258.1
25.8
86.0
36.0
540.4
68.8
260.3
25.8
286.8
86.0
260.3
51.6
288.2
540.4
103.2
260.3
36.0
51.6
206.5
324.3
258.1
51.6
432.4
137.6
103.2
108.1
86.0
229.4
258.1
600.5
432.4
540.4
432.4
68.8
51.6
17.2
17.2
103.2
51.6
286.8
77.4
129.0
432.4
600.5
154.9
86.0
129.0
36.0
77.4
154.9
206.5
324.3
17.2
137.6
154.9
144.1
72.1
51.6
129.0
324.3
229.4
17.2
68.8
68.8
286.8
114.7
172.1
68.8
432.4
51.6
216.2
34.4
86.0
172.1
216.2
129.0
216.2
129.0
17.2
68.8
77.4
216.2
260.3
206.5
260.3
34.4
129.0
25.8
72.1
51.6
324.3
34.4
51.6
51.6
68.8
72.1
143.4
154.9
114.7
108.1
103.2

8.6 17.2 36.0 72.1
17.2 34.4 72.1 144.1
25.8 51.6 108.1 216.2
34.4 68.8 144.1 288.2
51.6 103.2 216.2 432.4
68.8 137.6 288.2 576.5
77.4 154.9 324.3 648.5
86.0 172.1 360.3 720.6
103.2 206.5 432.4 864.7
114.7 229.4 480.4 960.8
129.0 258.1 540.4 1080.9
143.4 286.8 600.5 1201.0

2 5 8 11
5 8 11 14
7 10 13 16
10 13 16 19
14 17 20 23
18 21 24 27
19 22 25 28
20 23 26 29
25 19 31 34
27 30 33 36
30 33 36 39
32 35 38 41

