64 3.0 0.0 1000.0 3 160 240 100

179.99537096693797 122.47263124800828
95.54447823545325 143.72796403127268
5.629719778599329 4.196676372298535
14.452585112695038 175.31435704095858
185.28293932737324 161.7612644203259
194.8542079162844 70.23753986328613
166.92245694803478 50.80356553961551
183.65745631999926 19.45773780585003
47.245823435663134 0.6726952788332907
3.149548614983427 158.78353095543864
84.72598007113105 186.5173796032981
28.31107922334894 216.9059510072862
102.49583693373512 113.88871878595758
173.93849568250664 31.925338288643303
54.76877830057347 0.3379554374316196
116.62911967728812 171.14333028407552
52.8952129114981 23.353890954340596
15.149804626584828 16.38372426420079
208.09334544877268 162.25075216205374
169.06802059808152 207.05586051535772
104.05760811436058 228.82530792237364
190.7266183173254 38.57227187031867
48.81446652507101 133.3909681269023
202.28511790389783 89.52305341183792
48.10292792416809 169.51314188145145
40.40853088860569 143.84376794384812
13.377923114433004 65.6248361967294
207.26451264864895 143.49029663928656
101.44005546868118 200.5385124342845
210.555833810125 248.1967666016208
101.99848465367967 141.83358870469297
154.99065792963822 72.93327910547819
226.16749237170134 31.44672387340572
93.36565028788583 186.34571715798958
92.00439265444288 121.74309208045686
201.55721413815715 186.9522607714025
113.88537035703034 23.42421636105163
126.56212984297241 181.34272762056494
140.19039788542452 213.08094325137847
33.29499478853432 135.5466330926368
121.50208497044859 101.5116996959023
66.95323925173136 209.2081323271539
74.30307174258355 182.53116001270993
33.261330110908396 190.74741042042209
33.57534689783748 5.879650498359423
163.5467654219969 120.69948219733439
32.92367750809025 84.60605508714019
195.3087743231281 246.80310746354658
97.7302866542454 233.66747210754153
101.45135948838852 185.59337270755043
42.570979359358944 41.04292165128148
98.60953953850873 59.989279853755825
140.28431612842294 201.27715934868968
2.1552689107580125 82.62855659814988
13.133904329406976 164.0248308015349
244.05429452216916 184.35584812708845
177.36544644388266 36.99919711146551
86.2420914188404 37.565444952269964
31.126110915930262 9.996539106367608
61.55470652593295 2.7973212809553614
43.647331415794355 150.56509088042822
95.79035316899231 168.5691860557066
18.071713270025295 181.1587666872176
224.5931817636003 244.15820192575902

181.94102243324036 115.49449547723457
91.91688215334479 136.40774908933426
10.337596859012145 1.1356385060861396
11.262658662298087 180.21390546335556
182.07179473046185 165.05475546668353
197.1779206304195 66.59094301068019
173.23881730842763 48.00846509773488
181.08286565184872 22.90291819107859
50.63444228497663 1.790294167458517
6.303731287372244 152.1985753420056
84.5652809681999 178.07915494041342
35.414122984719825 221.25544484129233
108.01352147173216 112.00202720107222
173.04750708191082 38.193428927768366
56.52307047722327 8.218057967997321
116.36769801910727 175.822095672452
54.32045318264933 23.687337349135777
12.736581254867014 14.540991144945863
215.35679748185134 164.6790241061976
169.21158740990938 214.4632582005902
100.50154537182543 222.3765746158616
188.7804242092314 45.20060352700925
44.67122397608625 126.49756925582831
201.03727541306566 82.26473706510914
43.0160713706772 173.70418675163296
36.896695742525715 144.8762904371891
14.535837720557026 66.4378819692838
202.16759133432046 146.86394996174445
98.30444172491381 202.079653197809
206.77900035416246 246.96176980287868
107.92726376284512 142.5035753359823
150.00510302925142 74.27157746140072
225.53812574426138 28.322447313866128
92.49753691222499 178.96481583374535
85.09844196859866 123.70370596373739
207.39648154077153 189.333842664026
116.05545143496835 23.091264853816075
130.1265272187791 180.10483419496146
136.0105592804153 209.9795233265002
32.93368946154707 141.9397504859325
115.52588072663129 100.00003940351307
69.11511999136735 213.19450894933587
74.61290241578395 189.6758200894402
27.95471787072945 192.34275696959583
30.38989619369939 1.3242699640101663
171.3492014121449 120.65055802294486
24.883991822009065 84.53401335609942
189.69998497324977 245.86758401822377
102.41382385055961 235.59309616331797
93.32352168038646 186.37405133977109
49.81951777056945 43.12171862976694
102.30653789227071 57.96046834039997
133.64578766329228 205.24748441802652
8.896447416868487 80.57610654337711
15.633955031734981 170.49846645457163
245.19556945113476 188.72358102599227
180.57742339638864 35.167275212507484
88.61095613580933 37.722244249988876
25.29619525414553 14.939673900783628
57.36348558867643 5.4732788970511255
49.80761272012887 147.4636576284815
94.19934551724916 168.31434603128994
24.16349429496917 176.3762160812119
231.49392362493924 247.45490672561337

469.6597568535728
1107.2922447359786
358.43020721828805
409.48963165990745
755.0995731303456
207.1078705769993
509.84819506972593
72.89586195260252
1064.5278553731466
288.6395312855948
561.7290607613721
996.950293607352
931.9039425364022
80.82388402494705
934.0557866786363
999.7351996673633
202.800050264889
836.390479895103
237.91118878335257
464.4955794722474
712.7086059025303
484.43366229588247
66.45589146476628
221.58561287130382
73.8206082205338
156.9872766866505
1062.5370062692093
888.9402156337661
379.3285117856636
349.66290674748956
103.62762577048831
923.2490226568019
38.491144170749116
637.3293859796861
342.52687912999403
53.94160220478602
740.42868936216
1056.4676607973777
308.1365524675322
754.2334250469364
495.23489981295154
19.730703460929302
414.418990854812
939.257856901261
701.3186757702941
850.7147453799249
475.88761937575293
527.9494501798495
51.342425143870216
1098.484488184151
70.01104120601391
1057.072108812396
1020.4883152215822
469.81868252951057
694.0017995470037
746.3808399462586
663.5442088756463
521.6571046556713
68.75680792786825
1076.2259785693088
665.6880298298212
356.52418655252
752.9463393487335
307.6322896209507

8.6 17.2 36.0 72.1
17.2 34.4 72.1 144.1
25.8 51.6 108.1 216.2
34.4 68.8 144.1 288.2
51.6 103.2 216.2 432.4
68.8 137.6 288.2 576.5
77.4 154.9 324.3 648.5
86.0 172.1 360.3 720.6
103.2 206.5 432.4 864.7
114.7 229.4 480.4 960.8
129.0 258.1 540.4 1080.9
143.4 286.8 600.5 1201.0

2 5 8 11
5 8 11 14
7 10 13 16
10 13 16 19
14 17 20 23
18 21 24 27
19 22 25 28
20 23 26 29
25 19 31 34
27 30 33 36
30 33 36 39
32 35 38 41

