64 3.0 0.0 1000.0 3 160 240 100

227.06629934301253 42.61108650706436
34.61048191793034 115.11625481515931
22.134373790719753 147.9518930488006
190.89972810605568 206.6267452811724
185.10516099302802 136.40295976491294
226.98001255120897 184.28216815077175
64.43314387363333 201.4316148803451
69.55446228004162 196.18542488291402
86.02538695566948 152.25820694590735
176.10794382163053 175.51404184599582
39.713581253332855 205.36430283299404
68.81753489092097 171.87581498445627
212.8823835266893 142.47437794703137
51.95013977846338 237.89536931603192
225.75693478691943 123.05860985536602
145.39124965792058 218.78595305490114
96.67889648593089 140.2191819146612
80.57471211614417 193.2940010646939
115.35092443007144 163.51696281114076
221.01922552117387 211.9462010197027
209.6997696993523 23.176869650441883
226.86992461042502 103.54002477110991
91.50271255867015 112.13597729333414
135.38415284110434 158.6442329624403
221.2544775543296 82.19579702199728
113.34644849435543 38.17990286593709
20.917994649383488 91.5758229348459
19.41963303098626 215.09248192270323
83.4799176578751 34.96860702408156
52.2939893537614 88.6888279680316
134.67042868803114 28.758476091671564
39.210193254814286 129.746710445956
77.12029419177632 107.90845951858469
198.10241112965068 116.66835703316752
15.471955916136343 139.9317331164002
212.3886125285352 35.3310752759822
181.29262465572216 133.75952360720856
20.51682454318371 3.8275152225958067
134.84789614665436 104.4707322075851
46.23578370579665 194.7274892531975
85.21110206264886 120.40927364396103
127.648711496713 185.21433936686165
86.70304458180262 132.84998332399607
41.233991527973664 114.40758965523537
123.0959467542313 104.83401856040186
204.4325608338931 150.12775728277208
55.48823895448379 76.78449127880171
137.85694992691947 234.36268180142082
33.20757961765919 200.5494368786524
234.42361413327197 35.78578145849409
22.661727768878148 73.48009372332123
116.03180044837505 177.93625404842993
44.806157921992664 91.48019503299204
150.62592270115618 56.97513317509756
156.2588618997361 3.7642423201285915
60.06473196739087 30.87822533153592
176.48760522622274 103.1390725212877
217.31323661798808 198.29872119608248
21.254708463474852 185.16979630337673
227.32524596220688 101.15359035276097
134.953530564524 153.29232841427077
217.86942591770168 132.73451637159712
57.66546832806438 145.05941696066967
75.41529924302179 51.01381220277157

228.00366114537934 34.79949982898361
29.64859762161462 112.13329483603279
15.155171111381428 147.47742342560701
193.6674037167814 198.6109518960997
188.13581297580527 129.4304938984968
226.3418124176674 176.3079397515779
67.09945428966171 198.97286571457022
66.87173196232807 188.34503925069816
88.18618769288625 160.40755994089025
174.4218952829835 181.06088904624144
46.70140494963718 203.3192311882694
66.61975624830337 163.82107779956863
213.1761810367274 149.71934203068895
53.4578473445452 236.30486748807593
225.19895388296104 116.83823055524273
140.82860305407678 224.79757859204244
93.75398631315987 140.6347993077846
82.73876781227851 198.29657094626538
110.96893450316114 157.15998338313338
226.3315696535641 208.48282340693444
204.44764054015306 21.230538559899927
231.7820876774143 100.99437109715042
85.95529572430894 113.91077734690164
135.95056425221344 154.971715234501
222.9476382432308 74.5857187261374
117.69495412726475 40.965871660948814
23.307857125853758 98.64650267610183
12.566829107332921 219.91584146308466
80.19800375817618 36.474887130955565
60.514660014999194 88.41889615504245
141.29080122991337 28.9679376318554
40.586352914814164 132.52518472069957
80.87387471342706 111.13695659872359
195.57536994826467 115.61754938271748
10.34723515989952 137.73374894007185
210.79742903585682 37.162223814126484
183.80381993986356 139.81067655254398
13.4170578189573 5.107926050524513
132.9793122297301 107.32574986752091
38.75807693357922 192.61005214413225
92.88662268293312 122.66803139463381
122.25524836759516 181.34816910753702
85.09826294689091 140.9413745114078
38.527510085502314 120.2807081557182
119.41781188974731 102.36261808879316
206.76481264746556 143.1582471887739
52.61311081018799 72.40768382285539
137.61790993396363 236.9429033222305
35.145493674034775 203.5205220369979
231.8140017683825 40.03136127196269
17.719585100383878 77.76778604325723
118.55574273642914 179.3886339556535
44.50120998325577 92.8336950967523
149.66579408034758 62.79157727544404
158.81054647347634 4.930128874821471
59.11154743947494 23.472227632035242
180.54536394126887 99.3304425215397
221.63019939039657 203.53000489613575
24.77626027849991 181.13731295176294
219.67103864036508 101.48641200906303
134.25101314874212 147.51478208594116
220.2873858082458 132.18525631384097
56.75578923702576 147.0695095134735
71.33289999208428 55.784217753620055

876.0787233412276
1191.938915428562
145.47583796001518
137.32000053912734
662.4588779822882
972.1141610856387
504.4175726849762
564.2032780193705
1086.0801364721035
940.959536682479
1193.9149873471624
781.0633591220941
146.08557161864968
5.627244600063097
1137.1241056282822
1021.7558725466533
397.4589903329199
163.50025173804806
1164.220152645901
827.6113905828227
91.72263170175141
306.2288635712697
1077.929220210025
1078.843751943026
877.9445620497546
160.45503687226534
513.1238078446352
578.5783622744805
27.560547582621627
809.6736219339485
986.5462720869599
672.3006633783373
435.262825919877
720.990837425336
614.5409895962766
1003.4652732401327
563.5891651148754
984.3201890815783
209.65749331131664
1194.8699431925827
838.781993182763
149.6554950781529
896.9376816712385
814.007205897732
280.1667126387199
222.9603088750124
1081.4845750659988
573.7701874428064
1117.2655045167285
1028.982732940661
381.62195077100023
547.7127504483602
218.34175030114912
372.7189972313298
419.926210275581
593.5096061981988
286.7731038916093
866.0922728685129
125.88825966340747
1112.553730788071
540.5038460218142
229.28585348689623
93.48573988387744
191.75119755088897

8.6 17.2 36.0 72.1
17.2 34.4 72.1 144.1
25.8 51.6 108.1 216.2
34.4 68.8 144.1 288.2
51.6 103.2 216.2 432.4
68.8 137.6 288.2 576.5
77.4 154.9 324.3 648.5
86.0 172.1 360.3 720.6
103.2 206.5 432.4 864.7
114.7 229.4 480.4 960.8
129.0 258.1 540.4 1080.9
143.4 286.8 600.5 1201.0

2 5 8 11
5 8 11 14
7 10 13 16
10 13 16 19
14 17 20 23
18 21 24 27
19 22 25 28
20 23 26 29
25 19 31 34
27 30 33 36
30 33 36 39
32 35 38 41

