64 3.0 0.0 1000.0 3 160 240 100

74.57642007826453 184.10824329368475
166.35724704846385 33.74201355383696
237.6176183435131 231.75598155789277
209.67826860429165 148.8384164041111
238.08999658349637 89.34843778114416
173.96607339889945 36.35177329812814
94.50576644467365 129.83819069345893
112.29663024582742 121.00874233369507
113.63798360059252 97.92286129049391
106.3009352535842 126.53069644921739
81.31786842838574 175.45435893585417
150.8447399386662 245.61170229988593
247.69443797113007 122.33032110218758
160.80558902494116 163.97443833690835
221.79327432630555 82.78047653319983
220.91260001722304 69.25790142731702
3.0817741173330693 208.93973136707405
44.24776186682336 121.70002159128585
175.18076361861114 25.587718713479173
202.0475879580712 147.32137377637085
177.33268719480915 106.30970606566328
49.69437227544676 58.69228694963072
102.50029474419803 4.41233609410302
128.3152945932546 37.171455815400044
98.96083353656043 104.38773103852638
240.34169296179346 173.21415145296817
150.14127486018162 16.9066646925205
238.70305815505475 11.809026595835299
67.80595466960163 173.1332007118082
4.765469754226897 51.57461057284154
235.0793423915559 169.62514372797955
110.91030467645507 188.52866878847368
173.64000013572232 79.46497241466035
38.330970822335445 154.02375828256893
101.91742109157542 40.000442564222475
197.59728869766585 238.83949314571598
10.350872271293193 210.06833979698786
196.6707435561074 22.01342619827362
202.9943397543145 61.113549438484824
68.87417750174495 66.65537288295003
58.84845069821118 21.873795952882
2.18898935087386 135.86601643847132
28.022934673435195 12.335530662595435
6.540853123833207 7.161786200528736
210.56452218846775 21.03304652100396
52.976285511535686 170.961224427906
77.45043547825739 231.87017024718435
33.26372641682532 50.916957405307826
44.08524431813024 52.18562765634824
8.869433115190256 101.1632119784526
186.01483905966782 91.24091553575097
79.52728589500899 246.40949466826046
63.304177313228934 91.50669415268669
23.81509085864511 246.9167097594523
72.77455727343732 120.11700337751252
100.68146416425743 138.8722620672786
38.630700514168396 140.26127728053572
165.69398822250682 97.24880562991484
132.56184741041398 244.36099519977816
34.025247728273975 125.82621533792651
189.83913387092204 244.22375881269195
9.69022732587968 94.7414494256819
26.48176763360574 211.68877419515636
156.45833937957212 194.36717566467703

76.69339916130156 190.8878341567406
161.38777633269837 39.914560586557705
241.04745350724158 239.33948428541086
209.01116688714362 148.92053371857313
236.79996570709247 81.10069818866624
180.40204457964754 31.067906878857492
95.56243180917228 136.43918949488162
112.15864058653841 126.29523893121764
109.13921607995908 95.90731454382647
112.2294193062203 121.70442638161191
88.09550185123072 176.0877174135504
149.73818104440673 239.28906278454576
243.13769453692214 127.6391003532234
157.68411614767575 161.9832043996433
223.27495013214462 81.27775202521964
221.99112365315713 65.1247457321549
5.4596971468889315 202.3913239515549
46.56174100706775 115.36557915220041
172.01539797797764 28.573268328916544
194.36367525023365 146.65367387710532
171.99008726953775 100.62919340940135
46.80462646392478 57.26472443126068
99.08664956540841 4.812959502341646
131.34703646387663 42.77276847033035
96.05641167914517 98.31366491412466
246.8711957906315 175.80344307953456
150.81369775574692 17.02622134338558
236.89863944480354 6.727469417943027
71.72396756530627 180.44662803234604
11.88514665364257 51.110299935603095
234.5294766840757 161.4652941805484
114.94779450729348 181.76408151067037
177.68277124530385 75.60093789309686
41.08748288116604 155.4331474910626
105.02665526084733 36.95243870603676
193.7056620202989 241.45178029735533
8.359744310599575 206.39523447860378
198.26566283618877 28.511135124602934
197.42470389765458 56.27913485732047
64.24401205007521 60.1896491685156
54.42216891067622 26.084489497618517
6.375872707360425 134.96824900801425
27.63684324248575 11.153137238277793
6.962784598017496 7.774921603387385
210.8325907764598 26.503786611756425
55.53332827970173 167.41934033417272
76.94679766650273 233.72684327283537
34.7016523535042 49.15335904965412
41.275024561966774 56.34312454427193
4.550893855054 98.0390295130316
189.1900980953787 83.89829893176923
74.5924258587054 245.3984364712931
61.89596495355598 95.89295743759865
30.58313090778916 244.67969476002077
64.58256038987018 120.53904097389703
102.98744492103762 141.96741935133662
43.73201899685852 141.43220818551265
170.73398875186223 97.61331809548577
128.35069344518368 248.1455117936414
32.12458686275621 117.68894344726638
183.23553105063576 245.21842098960119
10.642614780002473 96.95829278833828
28.214422473976402 208.52714984950126
153.1580852214712 191.22906085282213

178.2697737735466
294.2047831268299
583.173864034623
493.5935767375316
1019.5270005618456
144.81464482596314
911.0471724652336
63.27497683077171
155.8703453583155
1108.8611939377574
773.2483959512081
29.696943192689314
1123.4887457807008
24.938362182863855
1084.9649128702765
477.0903539053885
431.07162003519073
342.9735731748166
818.2692323055558
935.9819305827281
750.6363423544118
112.87328127573278
304.98332402793324
552.3330191751132
1051.2507586097659
762.3369163949741
89.55849284691828
201.64472504073885
246.41266351709342
493.55910623528035
105.50072672756284
174.9204713317948
861.902568532691
619.8174466530686
784.2456881750361
733.9797607691095
442.54276872677656
941.5538316455978
191.6937981485361
180.63831110955914
262.70179330780275
1129.4637554403062
355.2805818811971
548.1517566484819
58.97256023937881
930.930493906732
1.1091918049906813
920.1551378698113
509.6192418834132
52.283942949618904
297.84550009319884
134.8626243454388
535.0184634924167
1193.087427036867
1036.420945696514
709.0114867828313
1061.12145815137
273.34563655711077
931.6916712361871
263.53474698562263
246.01516675479124
540.4150596934433
921.398405504824
25.713440807024377

8.6 17.2 36.0 72.1
17.2 34.4 72.1 144.1
25.8 51.6 108.1 216.2
34.4 68.8 144.1 288.2
51.6 103.2 216.2 432.4
68.8 137.6 288.2 576.5
77.4 154.9 324.3 648.5
86.0 172.1 360.3 720.6
103.2 206.5 432.4 864.7
114.7 229.4 480.4 960.8
129.0 258.1 540.4 1080.9
143.4 286.8 600.5 1201.0

2 5 8 11
5 8 11 14
7 10 13 16
10 13 16 19
14 17 20 23
18 21 24 27
19 22 25 28
20 23 26 29
25 19 31 34
27 30 33 36
30 33 36 39
32 35 38 41

