64 3.0 0.0 1000.0 3 160 240 100

231.13110035305547 153.1651926454847
130.96741396250266 106.48956212511094
89.1030053196207 225.53218966465764
123.17493710587557 210.39885414945914
115.63965997824505 67.82226226200646
138.3596948874147 104.94594155929512
179.0978338771453 38.29922241050773
199.68448982985478 46.749071848898815
132.8244388367 59.02266483611843
39.19612388806309 108.15224959747935
71.0327943883679 230.10387856886672
19.35284686626798 73.55444124279323
64.28032884592652 181.68381652559157
34.62340954340243 198.4466067366142
128.6051403237317 165.3845704326928
139.96259829174184 100.42110477617358
186.7371492156355 101.44357460540249
236.34985322517215 52.22942823717391
201.01054365837712 145.76012450239668
94.85689221255497 3.253458361118289
170.9895634641038 168.02355670469814
226.47039775472908 1.1583866959279931
121.53526746853451 237.53213156312046
199.38849746069116 166.09790472632704
151.23291905814298 86.83918214575145
232.91960040393948 16.80854228821274
202.9235829547968 231.86383179642047
227.91961932988693 165.8792501090394
52.05476575823814 78.4151732860612
88.36155463645476 16.65732576231535
33.2166662925523 207.88272673739226
102.15351670373418 35.71641165272263
35.376408182213076 62.175109455757664
209.25138543110958 221.3277278996642
221.21032307829788 88.33508434129209
57.76537236605572 239.24808913627885
109.66027447963467 71.63829938709316
221.27890460343562 181.5718998337112
35.09206546156091 176.47824013868512
106.75385538257262 59.081200721627894
239.90407361425946 5.81864811315877
179.75254415291798 74.62671087538469
248.6583726005659 44.94796412314683
25.207776991251485 188.34191554986396
137.70128374226485 38.230281656842834
210.71311074977513 125.83244251482364
198.51654598764236 62.63487972412546
50.28869597484684 91.96291871070459
217.37497941813328 47.19368257005535
143.26651570700227 43.24100289446983
27.982609713697176 156.2887980128281
131.5626933554995 69.25738152342068
92.77254610491642 13.098780470902598
10.117380599068749 204.20555822779664
128.86798163720957 228.08141408352037
32.69171876973273 27.93856562309882
76.72907495599013 102.43407052345502
162.76320052540143 246.57582944241992
218.58300724310146 76.55222360619682
83.02253436470913 166.05220212871725
246.61172819315564 111.01722249108148
199.93792593839342 156.30543763787324
138.59077796089736 188.25952130210715
98.51890505671932 187.95737457907526

234.0318738257852 153.18214893496602
123.56504319625103 106.10586004768136
97.40260221515388 225.20160641482485
128.1932493124156 216.46686389396712
118.52482687883895 70.4015671463527
133.63008120408304 108.95148133906422
177.24430913039825 32.768446629357186
197.35746971212464 49.46756965123675
130.21906564266735 60.509750340843745
41.21601813676406 101.79788770259462
65.71419835095318 233.12578389270786
22.64866925759107 68.71904462452585
59.07421537065075 180.3163213019895
36.64998874172357 196.02835829690807
125.33860065399158 163.6637115177546
138.7069748427464 105.02921572355083
192.30949295444302 96.08674123536984
232.57157510394157 48.684014822784256
199.28516524347813 145.33150240030102
90.8753239297388 10.384078567714617
177.76520839333983 163.80350635326246
228.86794356100515 1.3962145997145903
114.70237357207571 235.9254398739564
196.12113075872307 173.2530170409266
150.65217839314326 78.38313013460788
232.87402040173643 18.130915987359025
200.37026276814234 227.33880158514967
227.71027536828646 157.71811519007056
55.14022810235655 76.86187813972273
88.31509426945894 14.920172399645299
31.202607102969264 205.42072853874944
97.72276161661206 30.96251392338431
31.775799515774168 63.08668285411084
205.53778375611097 224.37808291807477
226.1679635519217 84.60654986441588
65.34126511636734 236.22234149854054
104.37486505874536 75.74170379835876
216.23673565676518 185.0385977774676
37.06956064071376 183.2067173233614
107.07048354941733 55.322484000089574
242.64531830529347 1.6202838744920622
185.25547553837168 80.56313973843496
242.6816666923459 43.29245191437059
18.86391261684148 192.20928743599842
141.2134681590851 35.895380994790365
203.03762135387436 124.05456950766633
197.23418584290977 66.05365390816783
54.47694077063908 97.79308086915583
211.41368930336083 41.53201822438079
136.0747926388951 45.89487545450324
23.247103509862256 161.79355825544056
133.63626113279963 65.86465982464782
86.66906255430698 16.7001188106741
9.391963730275481 202.1101054066765
128.15536881060302 235.20685640711278
28.198859307036695 27.478902592828426
82.16039000662093 106.28773995903882
167.80895467459118 242.6428013946529
221.48197716543285 69.60512010488684
77.02066373110623 164.46948719413848
243.6654879231119 117.41279142880701
192.29509788580614 158.57424900861264
134.1361619961675 192.2970894785606
102.01397205515653 181.17737001456652

432.4
103.2
34.4
480.4
540.4
51.6
216.2
17.2
103.2
17.2
25.8
36.0
86.0
144.1
258.1
154.9
72.1
72.1
34.4
144.1
600.5
480.4
68.8
286.8
103.2
34.4
17.2
216.2
17.2
286.8
540.4
288.2
480.4
36.0
216.2
68.8
25.8
137.6
129.0
324.3
324.3
68.8
229.4
216.2
229.4
68.8
137.6
216.2
432.4
51.6
480.4
51.6
480.4
68.8
8.6
36.0
72.1
51.6
72.1
103.2
540.4
25.8
324.3
36.0

8.6 17.2 36.0 72.1
17.2 34.4 72.1 144.1
25.8 51.6 108.1 216.2
34.4 68.8 144.1 288.2
51.6 103.2 216.2 432.4
68.8 137.6 288.2 576.5
77.4 154.9 324.3 648.5
86.0 172.1 360.3 720.6
103.2 206.5 432.4 864.7
114.7 229.4 480.4 960.8
129.0 258.1 540.4 1080.9
143.4 286.8 600.5 1201.0

2 5 8 11
5 8 11 14
7 10 13 16
10 13 16 19
14 17 20 23
18 21 24 27
19 22 25 28
20 23 26 29
25 19 31 34
27 30 33 36
30 33 36 39
32 35 38 41

