64 3.0 0.0 1000.0 3 160 240 100

137.1882529525795 117.71654761343353
77.69938529290293 248.99206028637053
200.02560018139528 67.06429032697672
146.56078622547838 7.249452411953267
140.08159555776925 224.1821117677102
217.59035054030667 244.0788065746083
224.88874252289358 99.08115261601455
133.01694441722952 65.22558229591135
228.43210457858385 161.72860552476118
0.8645763881969248 57.258098879232996
193.1681622842126 126.49431409686784
75.14160735928706 107.0724615616555
42.624493801015156 160.89984338959735
67.12205540790697 85.78013734130901
233.93080665083988 230.55900230425306
67.75934406022834 84.3446509823883
123.36209782035404 103.07324791225913
143.15566624632132 98.77589516052119
25.16608533171055 155.0944392446612
172.9510371300198 25.259324871534954
57.06370909737479 65.26327732592007
19.51422767881808 217.1757586801948
153.88925502206064 14.3143668280723
134.43712620916915 48.18542102134696
132.17158142193583 118.27637689297887
247.55186728286145 4.559101853406883
0.6816177324090733 133.15406330877113
16.449303475562697 9.561049149670431
234.70159702227323 155.99226416683675
227.15920773706432 99.31877834536826
199.66600920234305 76.29483250116142
74.28822097606658 200.829833573458
243.61376352430017 223.61656988599853
22.5478138365465 237.22639286902398
11.887983250495948 235.0427624080005
167.88217521667445 158.7878648239551
245.48852011599556 160.29238909542548
194.18091918620675 240.97340281561495
124.74834442960426 93.96375832030948
101.06423218851474 248.72138439555312
164.04627695621988 206.68324417458768
223.36252237609773 176.37952216259168
249.79497785360172 9.79160718114941
56.28367842041065 10.164510470426046
36.0490572596904 188.89710499097484
234.1095393231253 78.22120036279459
158.25449737601065 153.63337474204772
138.344570902072 147.1275380842512
3.514531982732189 144.8270221541648
15.227017238146734 146.16500820707986
249.44712369584735 84.67110216367546
40.159103200476416 113.38844067817602
20.142862786727306 243.92950695943347
102.06251939844083 119.6669345756253
52.22543767962443 10.15554434343169
3.1081012325010757 219.67308834791604
117.18127767160702 217.5287483115088
144.43785460089637 167.4621418633561
166.06904443089994 15.091802108361863
117.75359736245963 202.16481823134018
97.93079062968727 136.02998517296265
232.6461909327665 92.18702968305189
140.71051724834635 150.44791303099646
99.87532578401009 46.94219695289375

135.4300291619837 123.48787882488485
78.32485279155293 241.27489944954712
204.80210453249666 69.93273942818188
142.32586922459177 14.10737354339478
137.4616950108223 222.59615907266547
219.41951719830377 245.05541762253912
225.7618079890435 100.4775879904986
127.3386897130108 68.28013753761952
222.0913911278897 158.25288730257006
6.386522644761195 59.35024072399464
192.99923724406358 123.30150065838622
76.51611102752986 103.32789800865397
47.775109924381304 159.1876557528233
61.22877722048589 86.72948783757082
227.19880123536797 233.80636202595934
66.21282820008686 77.02836980414938
119.48571178412328 101.33070905203098
146.61574863800638 92.56414466598557
24.639247532428104 158.26695341134322
175.63027686789985 22.138404850430533
54.16561909979756 59.4049011917682
25.191454638873818 214.87969461300398
150.0094285466163 18.19320746878378
129.4722509111852 48.35893698725358
136.7551728231468 112.383093937585
241.46958693687594 9.45750866509404
4.608081175151657 135.773188934082
16.072105393560825 8.841258266997858
228.19802624232597 154.4996866274201
227.04698588560206 99.19763335092597
205.20331486991088 82.4703382079826
70.60938246149578 194.40352433907546
237.11634400455122 222.88775142066578
16.11508033209966 234.42407856094766
8.188135071244357 233.63073775723308
168.962973054446 158.97608489548693
242.71371951396338 163.3171352036242
188.71004090383133 240.0708702075863
131.9818116877725 93.01701731568623
104.10196047967169 241.53870585342514
166.05291128584633 208.6203261577782
222.21008321447584 173.88810032988255
248.15090625665928 15.649874165461597
59.78881653840218 7.289562410388806
42.32156921629696 192.62789776278834
232.21258770372205 84.94617122437015
156.97125024543183 148.20868019984513
133.31983548039645 148.7470917861545
7.1787146047782855 139.10056593586782
19.468344757854776 146.5624288864237
243.8150741988245 89.36514168771151
40.69277928051271 113.87028578084302
20.53942700922934 241.90553973482707
102.30166600220178 113.731857593983
55.19607383212524 3.6440053295095365
7.33025031021306 214.95368647110575
118.82797986869961 219.21274997467575
148.79878921776475 165.46289659390865
164.182985436145 21.76433246491827
116.25618530942708 207.15063152628935
96.68319940182931 141.29362795546638
232.41526587879736 85.4210712050899
144.94824298357545 150.9529837260274
98.2835523865305 48.782415248773084

480.4
77.4
68.8
229.4
17.2
288.2
258.1
143.4
206.5
103.2
137.6
480.4
68.8
51.6
17.2
68.8
108.1
68.8
36.0
34.4
108.1
143.4
229.4
68.8
114.7
103.2
25.8
25.8
258.1
51.6
25.8
86.0
86.0
72.1
8.6
25.8
143.4
258.1
36.0
108.1
260.3
17.2
480.4
600.5
480.4
86.0
103.2
432.4
36.0
216.2
68.8
103.2
34.4
68.8
480.4
229.4
103.2
229.4
34.4
34.4
144.1
108.1
34.4
143.4

8.6 17.2 36.0 72.1
17.2 34.4 72.1 144.1
25.8 51.6 108.1 216.2
34.4 68.8 144.1 288.2
51.6 103.2 216.2 432.4
68.8 137.6 288.2 576.5
77.4 154.9 324.3 648.5
86.0 172.1 360.3 720.6
103.2 206.5 432.4 864.7
114.7 229.4 480.4 960.8
129.0 258.1 540.4 1080.9
143.4 286.8 600.5 1201.0

2 5 8 11
5 8 11 14
7 10 13 16
10 13 16 19
14 17 20 23
18 21 24 27
19 22 25 28
20 23 26 29
25 19 31 34
27 30 33 36
30 33 36 39
32 35 38 41

