64 3.0 0.0 1000.0 3 160 240 100

29.1454396631044 173.7637098625732
149.82694820429606 74.92924135527775
211.57194085798923 7.0543617636245335
170.68722016144147 37.57233646441202
87.85612558073302 51.859527059558125
68.0645940214297 215.5315829278288
12.357653957011438 45.19496885166277
110.72269095004702 70.08400976802278
24.57547340740743 95.44659956033533
176.92637416018783 245.85066355853536
175.89655674832088 202.650024639331
215.37225456126976 115.18423010406536
212.99747179899043 230.31814772835432
86.33929793782922 49.76849909466191
41.50592308578446 192.8565349745542
223.4940424950582 224.23765396395595
48.872850388711306 236.01196424914923
175.09853684235551 226.4765530466778
158.4651935011886 42.18839898458462
194.1961286723567 190.18372259508456
158.02489087402742 193.275845631584
129.05579794998172 162.27900956107342
222.5768706558697 43.03782854538132
43.80842117208306 84.4803210088177
201.29036019830556 167.33025746138946
141.416036363875 76.4274074274073
60.116773361618634 15.603798124191409
198.05977963918525 81.18587768255276
165.56584496109954 135.81660973412937
13.28994790876506 115.07384944248294
182.99968251766748 248.76872706764667
146.71090302605927 87.50698618213795
17.718080394711315 210.25276485849557
205.90631693170852 209.77652454698406
166.2852625786236 208.8188131710668
237.33602646518656 82.28790580324613
167.81757286013126 176.40205848739495
109.33415435335061 29.613005039466316
158.55451228952947 247.9351758503771
17.047373363272722 232.30733803139205
22.260638125511655 134.3115136325736
96.09504403418481 61.389671700915414
154.90929067035734 79.18155647346452
30.83098070887516 199.94297962350026
96.77788831544227 59.04839241146212
216.24952821957558 166.84806139359216
150.67746129285015 174.10676073280212
99.97560885961609 98.073909339086
206.0113995853845 203.56014789861084
90.00763273505264 205.4899524471048
21.081799570545318 230.8164203733819
226.96225964369538 12.406372299958557
48.64534659634256 172.03049660384607
237.9314764062749 131.85338859360405
71.51445980749091 72.36104025021567
51.16632996421483 90.57511563014612
75.40682672416327 31.995767818093825
224.34704765701332 78.17569832793863
147.45373940601604 247.23826029755415
110.39626607145631 231.51406717927645
157.218990552048 151.23142638586006
72.24647546680166 17.118611142288685
120.68700590030559 189.73903186451832
172.87628583887334 66.18144805860219

26.16195065862248 167.2404223448178
154.89700230434082 79.3223986216732
212.9221966008487 5.417073803875766
176.62334731849538 34.61957950166358
89.14626225183858 50.395312125152856
60.44115871772729 214.88775395317654
13.329708448741068 45.75611640893512
103.22216378098759 66.36547937201442
22.83691781602315 92.31648131574968
171.4255106504598 242.3001491165065
174.10235669501856 204.90126575868604
219.0183653220271 117.57523117645347
209.85125700951738 230.2110528841193
79.82021990498717 47.04266692444814
33.576028135314104 193.01787531861905
221.51120135157294 222.5623467908276
52.26021029631991 231.54355562513769
173.21452349523602 232.7012152092563
156.61177683919635 46.53529314022156
189.77559407280827 190.42442514397237
157.7231064198727 196.79358352915892
127.73265605472724 163.89042133207795
215.62859803778377 46.24162082097191
37.58778945060262 79.97720204191423
200.84870566138036 169.21702347820283
141.84658300132992 70.10643945510806
58.43966107789106 15.07608436795585
190.71346375633152 80.87120507172138
168.05416612011203 131.68648129746282
5.872129757793331 112.0879528986059
190.03150080562966 246.6191377400717
143.27951444158734 93.68678602191497
20.611428380256452 209.86182347212718
205.96785733578068 202.43813147092555
166.09188324071795 213.29775155306325
241.46711854914824 81.22424802736539
162.45281242850396 179.39240683532708
109.53533197890248 34.52475105363498
166.29814949564008 245.10345590797277
19.41533031351572 231.9536391573516
16.022905380745023 134.51240078643806
91.18586485363736 57.153617476851466
151.7520232625946 72.76180756835629
34.189376081144616 193.7478429105799
93.91107615050295 55.3631810566926
224.0260877735058 164.2076312776607
156.65026196579447 179.68858669389755
96.35668112065323 96.58410984372576
200.50305255065467 197.718669449863
88.63414067526398 208.7097885602467
27.8381017243606 227.499385603178
234.5142753523562 10.519695710631744
56.839591261649645 172.96095384630235
237.78030470221225 128.32907651520566
69.43162616911019 75.23803096041013
52.91396269506055 84.85896295166492
75.70180590607994 39.0569564288249
218.02175242810804 78.51018553758807
141.21442466724807 243.11839438362654
113.88724737941239 225.78854179709975
158.28580805288485 155.12603032487402
74.17857643226277 10.479342794887353
115.11957431097127 190.53985863853367
167.0015315378816 68.38835272998736

260.3
324.3
206.5
34.4
8.6
288.2
206.5
154.9
72.1
480.4
72.1
129.0
8.6
36.0
51.6
8.6
25.8
36.0
260.3
144.1
8.6
36.0
34.4
129.0
68.8
480.4
34.4
288.2
68.8
154.9
129.0
286.8
17.2
540.4
288.2
143.4
260.3
17.2
480.4
258.1
108.1
143.4
72.1
36.0
137.6
17.2
258.1
229.4
286.8
258.1
600.5
8.6
34.4
260.3
600.5
51.6
324.3
103.2
108.1
216.2
36.0
51.6
77.4
216.2

8.6 17.2 36.0 72.1
17.2 34.4 72.1 144.1
25.8 51.6 108.1 216.2
34.4 68.8 144.1 288.2
51.6 103.2 216.2 432.4
68.8 137.6 288.2 576.5
77.4 154.9 324.3 648.5
86.0 172.1 360.3 720.6
103.2 206.5 432.4 864.7
114.7 229.4 480.4 960.8
129.0 258.1 540.4 1080.9
143.4 286.8 600.5 1201.0

2 5 8 11
5 8 11 14
7 10 13 16
10 13 16 19
14 17 20 23
18 21 24 27
19 22 25 28
20 23 26 29
25 19 31 34
27 30 33 36
30 33 36 39
32 35 38 41

