64 3.0 0.0 1000.0 3 160 240 100

160.43916910662898 26.004503480328594
6.783906589021893 54.766307960466
13.029024378652416 136.54179925731762
133.43212080314248 114.79271516582939
99.3420238440936 249.76050642063146
217.73912472707627 133.50367962428018
4.663125820721925 193.0280345339929
158.12322789725653 178.60048041021523
113.51014739519147 114.05062714119349
19.03316283290357 43.06975481859987
136.0483101947804 0.9254454598286721
110.41235757673078 150.35732994182754
103.83868118138983 76.84412868636622
108.70485838790341 99.57997488983048
38.7794595246862 81.31551665917947
148.1769223395108 132.78256177760503
160.23052859899747 17.912824005692134
29.884523292613764 161.12275528621998
248.9081045191678 230.64166116669017
80.67339435881802 235.83626990997652
61.32144993284766 51.3666365686071
211.74664207969516 162.54587016233336
81.81996684955305 90.74847852365333
24.171874988174054 64.3757368207212
10.41168443861748 51.239727769882
75.00944878408126 165.5260724549827
79.44137539876853 236.53551140484728
242.59958476568218 70.13568093056472
235.66206766623318 41.50147309402788
93.49868379110215 29.850632586549132
91.82784730114263 194.81811887376958
190.82475402739033 53.40131183959607
37.47256642404464 121.69807135975064
202.50680461600956 89.33865223854562
218.6318213767213 242.82385914215251
248.04129069917528 10.749846216479508
119.93058722117803 182.50864367949188
69.23445505382733 103.58357964275855
243.90371942963995 197.3755682694474
91.53867705120145 14.256120305148695
184.69471436704416 98.87395123333742
0.9813754168906397 177.72319062933215
140.3939869339305 223.32173001191532
54.201204729633275 213.0296048957812
2.5397872317550476 8.0544203296955
172.26601910962606 184.60870521317148
235.85397926109204 16.44573783729486
54.42676894004439 224.54539508934383
32.413123173100274 94.70854345420615
171.0257522394091 99.81235547859451
172.92819187142896 229.3826003419859
104.57629186153605 224.82818606109294
39.828310223602 207.1875757319914
32.80035658349242 188.3768660273698
206.46109230381524 166.32256640273053
82.34613142185712 234.90702893985824
42.18359371794975 104.33520014717101
237.8381128193528 11.33650388750071
101.43784913717366 158.33419430906733
231.00994077072923 134.9494631783101
238.1557298198077 7.221185172765432
242.58285142780608 218.30853155655717
156.12109654388715 198.98263126117885
81.36275213235278 43.664625239948684

157.96159226863722 22.445062257202608
11.534757888111757 60.95337769047243
19.148913188429205 141.99662861503265
131.14350143498808 122.16299983443247
93.01582767581438 244.309577325826
218.0293660110639 140.4214003476324
11.403765793988828 194.7948402654058
159.64970863777384 182.56647980023249
108.11047840224677 114.94317837840352
19.102100327042958 39.3950253386211
139.96342785960056 1.9904570915450226
113.56065288318986 143.37973384626278
101.97431614119316 79.77047338807061
102.53216281397209 104.04946517777228
32.33421290871008 84.71057498652299
148.11679481136014 136.82686549926484
157.59782284852204 16.99367686365319
26.196738287680848 160.33305263917748
247.00265483779197 228.0735978088008
76.47540142188969 229.0329877583185
61.1868292588757 47.86758232615021
209.15044947473098 166.08731970878634
84.84669376425258 96.39254840741512
24.660235002743917 60.7559555792421
11.206480886095743 45.15863168163364
81.3940579469212 164.86131831259934
77.74280103378112 244.03002423015417
240.38677837635686 74.0126291589011
235.27430640979443 38.61876216955129
95.07269233690413 34.310099557805394
88.86082401723364 193.15895174171013
196.82400840100337 56.91160276668483
36.417488052994464 118.1558830728681
198.13345303925286 96.38237543531031
226.55184541035268 240.4653305063349
243.1800744470011 9.91921999441428
120.52832674593758 184.80608580471863
72.3069078507898 111.14103687475082
240.4578056573551 190.7347265014304
93.42304085844513 12.708434009322616
188.6882310636661 94.24315824891293
2.5849549220688104 172.16656909995507
136.63181273816375 222.42470746216694
56.89992513681369 209.00590414631608
3.4732847596892213 11.986039531971194
165.8661486854023 188.64667438766816
237.93948227756007 17.84470223503104
52.56455157844792 222.978929952288
34.13277715032026 92.1146763669127
166.73153775392964 101.59162866311428
177.6980467685001 226.9572446997736
111.079760095313 227.86227050368342
33.41709436997684 207.86143115521548
32.1185090146921 190.18077799033782
212.16480512129877 161.98308773806193
85.17217519014383 230.18600028268068
43.18245936785631 104.36935889895965
241.71300752554615 17.453450925570046
106.91188484006281 162.6465369445367
224.9926418820033 130.7711904312079
240.48655368403723 6.686900167132498
242.79964564250764 213.2150141035929
162.27668123324042 195.44465658175585
88.82914211368443 42.16731384827782

480.4
77.4
8.6
143.4
103.2
286.8
260.3
229.4
206.5
36.0
17.2
72.1
154.9
34.4
432.4
258.1
432.4
206.5
129.0
17.2
34.4
8.6
51.6
324.3
77.4
144.1
137.6
34.4
103.2
216.2
288.2
216.2
86.0
206.5
258.1
68.8
206.5
154.9
600.5
129.0
8.6
206.5
51.6
72.1
324.3
25.8
144.1
68.8
432.4
129.0
143.4
137.6
172.1
103.2
68.8
129.0
25.8
229.4
25.8
68.8
540.4
68.8
600.5
108.1

8.6 17.2 36.0 72.1
17.2 34.4 72.1 144.1
25.8 51.6 108.1 216.2
34.4 68.8 144.1 288.2
51.6 103.2 216.2 432.4
68.8 137.6 288.2 576.5
77.4 154.9 324.3 648.5
86.0 172.1 360.3 720.6
103.2 206.5 432.4 864.7
114.7 229.4 480.4 960.8
129.0 258.1 540.4 1080.9
143.4 286.8 600.5 1201.0

2 5 8 11
5 8 11 14
7 10 13 16
10 13 16 19
14 17 20 23
18 21 24 27
19 22 25 28
20 23 26 29
25 19 31 34
27 30 33 36
30 33 36 39
32 35 38 41

