64 3.0 0.0 1000.0 3 160 240 100

7.917267038502207 180.98970168935304
20.085851451828756 129.81864862103262
179.59550682339164 207.7802817127682
135.71029025573287 45.860249670074765
216.20673123166097 208.14034418464985
239.82284176727273 25.389036446548385
57.64129559884551 191.50397577983193
229.4343559441654 67.09017671712166
36.38906834394209 26.87000786707494
73.08481356972551 222.2130677114789
234.70057303710763 143.5343018361603
207.25094546829666 165.40567301582442
135.11179776268995 115.50738379783374
100.9614934391521 189.53279418995632
120.95207485719595 38.01290664467838
89.26239143444661 133.27809110857547
26.5698731673103 119.32290447381472
44.298739064897426 124.08923025738991
25.60821000218885 30.8382894590192
109.99396250525379 81.49011021453448
213.3272103787758 54.217554565324896
88.74216888029373 41.99274093012478
42.34481745462773 194.9561408994988
159.41053496693354 195.46822069341215
108.31591413806154 126.06766127392538
121.52020405151518 186.56249677894056
68.62961518588537 64.36333156441346
133.07660638760478 238.1890367034053
54.38090366256157 38.24150661850362
78.60712761212707 31.52761391214598
201.14874388189799 206.6473277294047
72.84151871824058 54.598991076289735
116.24090174291518 83.54122285606871
134.01146523959898 86.84067541131995
63.87623358538885 8.653940461521902
93.2910678638404 58.44445330354672
244.49102804170707 146.76529069187782
166.60809104479952 57.54166980422612
199.93036623021513 66.09845984369015
29.859256518762813 46.11193493764759
88.54113952183748 226.7519743038928
132.31462632906258 131.58261809339493
203.32817304051815 242.0534262705746
243.47176531682118 109.74640754759757
171.120006594604 54.703980063116106
25.366648709405 117.81833719428195
242.84799720401756 198.6172522698077
211.24132471588302 57.167853452773585
240.35267761557827 191.0963755271609
247.67956280823805 31.89172572514723
150.93653233199964 39.964999852636076
112.31897461595963 25.881324562926245
231.3023102270466 215.8133802204216
26.533029428883857 20.183863477163
229.5498523236868 25.00942567697803
34.82344012659133 84.245680486398
1.1537687928951657 204.66276537483915
241.25593895972312 137.6350519708912
205.07719994511527 157.42882120720034
38.08570763112784 104.64672826648264
130.7529376938815 160.66407673288413
171.29686737840208 155.71842370703715
145.18521743792414 174.77246933960757
169.6852028214737 116.81369596945181

7.888523812499104 184.96593325090527
23.93883930332738 123.65730194032703
179.26564497797386 203.57083990448018
134.05106492323986 50.62020867077732
221.31021809578175 209.10049567365533
244.5063249775335 18.476603455525737
49.72430993717653 191.65507401101638
233.2169565673428 68.959964893338
38.18020343733855 23.05156512779338
76.36295864753481 226.42872559960372
227.28112555524115 142.42722717364097
207.13938738438756 168.84662609744205
132.6746720784951 113.40792390625218
104.8477288545314 188.17178881554125
117.87915718207373 40.99343812785636
94.7409630926613 129.84746672207856
34.257244335968856 119.98059503534394
40.92084920634267 129.07501520470748
20.840275848921397 32.57158496166068
102.94924039172926 82.6470328281749
217.07304272974253 54.95156045314306
85.79444526665763 48.18500649181623
47.82610448344526 189.1337088095447
160.39159720489673 196.43815493431595
103.94975764611905 119.83796715870265
115.43422634141862 181.1330771310145
73.5685993906689 70.73905675399428
131.40711990397986 246.09297845315422
51.187782883937466 43.281148915954276
72.2994912456273 29.58126256900587
195.59745016157711 204.54286257931645
74.74683808987656 55.592678346180506
116.55742329661756 85.56000115280152
130.1264182886504 89.9783162895981
67.15012467006822 11.979989038982175
85.89001911616533 62.115971584879
240.2021758417365 142.070615400206
172.50775365970625 63.46119110282189
202.47316591684702 60.81086232718985
35.04924685061689 44.148994510868675
93.82972541834853 231.67978772970568
127.59192726783003 128.2494141516323
202.06158089567373 248.09436004756972
241.4135018983079 102.05216454522534
165.87336231366857 58.14874497143399
25.625842887628618 116.95001225879662
243.6373586946403 198.61148460011444
206.5543673151738 59.00272113119098
242.94348107027403 195.77723177615826
244.68525897680794 36.688629677834264
146.8883708474496 42.42993726066568
119.03938899866043 25.094228551016506
233.80878574971942 218.45670258516137
25.786883834545915 13.287851161953329
230.61826129275582 23.616832498717848
39.717071864407316 79.93943416231194
5.621359397484232 207.2021371810578
244.68297735890053 136.93176358708553
198.23804619449592 153.39213730705944
32.554642227097055 101.84107349477048
128.1471543871022 156.7860413065363
175.5989933315191 158.1309208206123
152.13973760752634 171.67065244886905
168.68385443866498 124.46885883475012

108.1
51.6
17.2
86.0
17.2
144.1
432.4
137.6
143.4
8.6
206.5
432.4
432.4
77.4
154.9
206.5
129.0
34.4
51.6
68.8
51.6
34.4
288.2
34.4
34.4
25.8
72.1
114.7
143.4
68.8
600.5
260.3
103.2
206.5
68.8
154.9
324.3
137.6
286.8
260.3
17.2
86.0
143.4
86.0
17.2
108.1
34.4
68.8
36.0
68.8
77.4
260.3
432.4
77.4
324.3
103.2
8.6
288.2
137.6
229.4
36.0
206.5
51.6
103.2

8.6 17.2 36.0 72.1
17.2 34.4 72.1 144.1
25.8 51.6 108.1 216.2
34.4 68.8 144.1 288.2
51.6 103.2 216.2 432.4
68.8 137.6 288.2 576.5
77.4 154.9 324.3 648.5
86.0 172.1 360.3 720.6
103.2 206.5 432.4 864.7
114.7 229.4 480.4 960.8
129.0 258.1 540.4 1080.9
143.4 286.8 600.5 1201.0

2 5 8 11
5 8 11 14
7 10 13 16
10 13 16 19
14 17 20 23
18 21 24 27
19 22 25 28
20 23 26 29
25 19 31 34
27 30 33 36
30 33 36 39
32 35 38 41

