1024 3.0 0.0 1000.0 3 160 240 100

71.21230878152122 176.22245063865498
94.95503987129042 246.1391419437853
109.42577966132261 131.95783201515945
220.36775616006102 226.29783495698865
196.41135374775973 109.05527300326756
155.80064106023127 34.753988635165825
236.21160734593096 92.7562856009643
50.45336516891391 157.4800727005196
217.34922516127418 83.25875036488955
3.212642105330205 240.65660538985668
190.30251856215872 111.21130439446078
242.2954474583018 157.05776391350872
104.12484771958027 154.60102706385902
235.37345203520266 42.37495905501504
85.73566113867479 147.42420985620475
124.01217613921409 168.72729652710396
91.73598086581158 30.09484666044057
241.29343787048438 55.5337757555861
108.83234808887143 49.48541439430515
241.66297906821532 131.83968385225646
198.61859001379185 190.77992934108067
230.29307450162946 172.02392602023025
197.70937648675172 90.31985357189701
16.82264323902788 180.42062689378466
87.35325356650148 217.55285523775524
239.8507777261663 9.59649447195146
132.47968929603368 228.6000394399335
128.55376113811718 14.041755528668737
202.27615850037824 117.5973988933588
108.56923399774307 67.6680624777679
99.46488030610628 201.87991229350405
55.76181097286514 37.277551722043334
203.24937375827355 56.79189419047004
123.62747111009136 198.3314283560946
161.77887769133852 169.97234169901103
58.588007584816665 1.8379503713844836
63.97773734839288 80.64904498997383
169.82340261325922 221.31565186223258
161.86036230045215 180.22419346148465
11.15486193891363 22.175578247324275
36.350413298954834 164.32260044824267
100.00272461418413 148.84393280034246
157.2851809309747 171.72656088068288
76.23175051317277 208.48715937317112
169.04625569452392 64.93485517888664
223.77263063506734 224.3341054832986
51.13712533405981 125.40313841813932
199.97475337603709 72.64152939553445
158.59265475641988 143.72365690402955
95.87490536515611 236.215390743715
226.64871036333437 74.45564697717175
133.6164024759091 46.2752389299535
178.93677864992853 158.63098965236088
2.9429521880203757 25.45736467429574
10.90784071005274 177.49637036734953
96.50520475636858 225.317022107363
57.68852465004801 10.53373190367768
241.5865582417399 237.72122300438917
216.06972742422866 47.396787057487124
101.97413927668195 54.71637854991324
191.84270815472917 224.6363779994436
68.32685993147125 120.1144822120608
100.12576496879083 5.030537176556354
14.483100869777166 208.10154314776284
240.1330134100071 135.45978063957136
176.24700490804406 167.6399147740799
174.47832237234445 78.11716527680487
212.7743129449324 142.5101747699514
64.40694517219085 211.74851788066275
13.953311353424064 18.099408938419355
233.04167949746466 128.79664643619915
13.174786725004385 6.396127125724821
203.92162604425945 197.21673627673076
145.99644754914368 194.9523408464984
133.3727151538228 11.587085403485686
94.13285667532861 146.94461484458907
145.95672003640308 176.10593113635707
43.137116086851805 32.48087188661072
52.57967134767041 188.9060001520722
95.99444746644272 138.16501779524418
119.44659578304784 139.56046834977874
97.26223384302632 174.33074804250495
205.35124428415187 194.04689170073357
238.01838514685244 116.5232770974323
194.55326135699363 195.79536977231135
110.3765141945158 102.70552319692044
29.82384934508661 88.00143488918316
60.767834033670255 38.51115391654558
125.97992865515766 225.8594148541564
95.00630574352226 142.30153794984668
161.73854661261066 209.29870771248332
8.693205555424022 222.6284242324589
27.383281281457478 105.98465993400144
223.03823984621224 192.33014858094722
206.64384864146228 33.563274829133796
124.4732775133539 12.677136286946805
157.36105989294393 246.64916221394964
198.36309780110759 59.3188868630129
131.67549334329786 97.99603743389193
145.73955967856386 52.12165160350432
246.91677282301302 192.2744344772303
218.54025405787237 123.65307945648979
9.478770168541317 48.128218950435425
5.263644070070351 83.6397879615293
16.58451481336917 135.8079799601162
47.23492040330304 220.04894946826468
59.8542321982366 181.73378499456115
9.224131002803615 53.00354599649218
54.31688553648398 110.22561547631827
229.20598080077622 220.68725788730407
202.79702631146813 79.84284967661415
5.517329425675316 214.11526992550668
83.24060110781268 194.43242510530763
182.9995204933164 222.06541177489353
133.2135136702942 63.80262791722222
53.1119048864003 105.65909061305773
33.125393222314784 144.68175379466703
16.138914408435095 142.42409788902592
69.76409981947296 236.4944837453771
215.6481697070857 206.89238631383793
162.74303675146126 93.19145100334758
34.85611860724816 174.0503533933025
88.27013057876731 163.16524896815258
39.649266415668905 6.79803205568752
171.0940758102537 21.54806108640772
161.77742388781655 181.4646829314467
218.6003310329282 17.475415904003004
51.371322287752626 64.86174333943146
88.32648409875904 213.35515806253738
122.2186257819211 211.51849011026854
133.02703468415388 205.48174958377118
10.785135828391024 217.02556242530187
190.45506230393624 165.01857407182231
140.13656898091537 6.021007835633113
63.85644826771505 141.00216501222053
149.7356527202801 87.15054913496323
109.72548024686942 171.40008968710552
108.82862252247921 139.43626782580566
10.60070988928935 171.7891800269143
249.5386505288436 60.470206729885426
199.1495246804769 198.27370035278435
159.47600883576146 36.42270211876264
244.45054162008793 49.2587407062671
38.93291128139351 138.39199715925403
247.73645300420847 216.02941051258478
60.55544144114397 71.7825855687347
34.45733461874029 148.96368913537412
166.2786096246728 243.2759211073971
137.66231900205355 224.82895393342324
133.1131986807702 92.68251465795629
240.44850008814575 122.96173656134584
99.01361785882126 134.50220703204278
160.60980514107052 174.94312313735816
248.46010174442662 91.69172636715305
12.375406046233161 172.3683864037232
139.01231918065977 119.73866554124557
222.2785244227168 169.80379119988677
138.24619428495288 32.95786561312439
86.2475581350981 203.00915474599947
145.5417584695461 179.50313744462235
248.46075269167022 238.7427038551227
208.04865283252445 33.38773432470271
58.268902754311206 107.73010368035413
115.80937487625911 225.46447392910034
139.35763955084047 224.5083688542172
214.32649923315265 28.32402567951914
233.7040170035825 56.22389168946701
228.36475668808987 137.49362865659802
11.112212532640386 47.172205238270955
192.4624459950383 57.60819743047424
225.56268049312607 190.92188080896017
153.95148647264458 3.3635370258160435
66.42307712662956 83.50543625817406
25.106450208580434 93.59691851730787
8.148001186562587 202.10691925091302
163.44292445238375 167.08118329004287
245.95755361724895 83.79057895139819
71.30953556956918 59.9953001648936
171.89440886105527 171.71777785683932
165.6070811185959 105.38378724416869
189.65572787019056 59.91982150836339
42.228192844746495 24.83995360675789
148.7784740368004 155.05758039882107
229.58692481874272 116.47099758914187
39.4960622166948 205.97728807210876
92.63090326945733 33.37869844956742
192.38112344507456 82.39579360914797
97.51317947097363 172.78232069411638
150.44740930001598 10.512028716282929
180.32701123013763 39.122610928736755
174.0673963245291 135.21703066047985
148.29400481060085 23.464532792007414
228.35775623921134 107.92078649633268
149.67931866074917 59.433594643388545
192.87262614292342 14.051188276248517
220.40260163515782 151.06945292975527
206.13362275967233 217.21192707248173
183.38811306742417 198.5853969351096
181.5141022986172 157.46581765489458
89.37071371232221 232.41644498501307
157.04788527967662 27.033185860765585
195.36927005811273 183.16919822734596
177.7310450449464 2.7820713068809066
9.104110587300484 204.0925620139961
8.480261053381815 180.19001304915005
17.730648283944163 66.84613734245524
83.1501974109522 220.3933700253195
37.761552542412616 49.7227864062377
221.15268453346107 131.52515964698833
73.86476962409952 66.18873346453505
82.75083282169061 155.73541010858852
104.24667517643674 203.18767430142626
228.84768385363137 29.01825708495237
243.94859963383 89.4760379197868
102.26273131736757 169.81918546032588
11.928488242376606 46.92554874745028
227.01902230211937 204.83980956241962
87.22707192146898 212.56420796860013
140.42423371704342 70.14356647574674
183.31682033294382 205.18409781628478
222.46793397035844 112.45379977917864
127.81687897005584 164.07712760807755
127.04050030348257 148.44047185887658
224.04951610613364 173.3500500717508
126.18734109230606 55.39233243624287
159.98907459385345 99.3609861407073
57.793694763499296 137.96141864990028
32.966055460261465 163.4133254603387
161.95997114152644 190.19969370257257
33.02806979339093 229.22343240611545
31.173889449462145 199.45382539622
202.67823045477 106.48188039721818
60.26862050906306 118.23287853456351
145.0500685975827 247.9422001728766
52.17109908850348 196.6220279715625
73.15531893949561 136.97900989200753
36.62145927428273 15.80818793965183
102.12068295490533 50.956685895646444
227.55987494834417 8.68156102399656
234.02904233682497 107.3124290093487
95.5480017212773 39.424624408986894
215.90338183155433 0.12652818985869896
224.90501289041316 197.79990024139025
201.27094934704243 237.12487916413963
198.8991617584437 103.84566510619011
107.10613449455589 7.5801388949795765
171.5593145572695 49.95509423632427
248.27717506631777 115.10587122730601
87.10889274792133 99.19679491287862
29.539980195271237 124.17449309281659
210.7742449384709 148.83868604717244
184.44297752851136 166.24891869328766
220.8559221001782 226.4707204391007
154.59690863225475 90.92814248809967
37.98075478226262 200.6643361280941
87.33700401208932 177.1711277468138
165.72412174483057 224.68060580657135
83.7686052598299 82.55581554666131
155.68467642423167 212.26624405725906
175.95597334863336 194.67928433006088
144.8971485891626 222.68400048806998
116.88509780251482 165.2172917079313
144.63163159163489 69.92363942642554
194.4601227633897 163.6997791600872
151.04177628220953 114.2394972254493
230.80691387304634 207.69999130969384
141.66118562563074 11.538569964362422
220.5201732185738 184.96150840976014
159.03955078443772 17.736797180402718
127.31130144055581 230.5133542184849
91.40780088899017 104.14788042947656
70.72663159674738 22.602123164012472
24.418962081737355 18.69119318064294
149.56458493318698 112.31876706565092
124.89989902964138 71.84795458543073
17.112221103949665 83.87843141007703
57.32798147132151 69.78259228479591
85.83351304534689 55.23363110658741
226.6030330373228 147.81279613913068
17.883173825064684 112.63954029316359
74.4255082720606 40.79070422731348
226.4421349506791 224.8668830807639
113.9927223644151 117.77485162348636
68.56430047966488 1.317951761546754
209.93196071417103 68.15922687491424
84.90544375110329 54.75512562032672
172.28110913986131 206.67758490463657
163.32241331470254 16.868191173528253
137.45079267133917 135.4730606617217
189.5255423879253 36.17811768338977
87.59388038578771 30.36574456832103
70.19364561551484 91.0875752912441
231.47814045750818 245.34202496252388
140.80992805601534 94.08365922186987
38.23387493399408 172.90423119459243
44.73582516480518 44.90886457891652
229.98852449393857 65.05453825660615
125.85150169110813 203.8601847058509
249.5262567857666 113.85237745063704
128.5394800807306 110.93255789089443
54.24913022927011 131.29706274708735
184.97707931283708 152.08214672955899
35.630282852592956 157.56672199540753
196.09027680545893 225.86108266148398
186.1006866016344 11.341408835580962
248.50670288507365 156.36864678407184
234.11495728329118 214.91913653966984
157.6521075500929 8.764293833373515
89.84884974451532 211.64669420773393
72.4690466282385 162.4309539220828
243.2539559818586 65.03470696843891
206.70004079518066 175.51162076217554
21.317246608427958 63.18296921044614
41.019056208254575 118.9914668499284
222.19563497480064 125.0998132757416
216.5195493669412 68.13523595348472
13.774399183457575 225.23126037973833
97.43417385422126 108.38437685171488
217.98241969708027 167.194352248375
212.3277414799684 105.38825952570663
80.21666132193856 107.39960443785209
74.81712068830926 106.37225743457532
119.53391917293222 231.4148351916229
202.8459327598589 133.66587626398953
204.44142353043034 231.6553977078853
231.81951980600496 168.40771218386072
218.31002761907462 175.50468650762863
74.30137033127637 221.20102377302865
116.40542239705715 123.49249333164103
20.880575949572407 141.84669530681683
92.24807396130768 187.52120661874147
193.3135315471901 242.4135917519943
166.00821276080623 180.13728585570843
108.52295121348993 114.35595586076103
225.58440620328875 118.95773348919958
21.833241211955233 222.21922417524846
93.72274015820972 223.47187772319842
189.1813499954655 241.5500485843155
81.39941519044646 86.7950695775416
171.0340883190148 25.899790580151823
185.9776430125408 55.14218056186679
132.86413907787866 84.61278243480899
7.374086806963332 242.56505128196062
189.7945432406384 156.82839177904225
248.24993763541343 38.754137074755086
56.05275498041154 151.44929414725954
58.075030544546244 48.84547383274953
231.7300673289069 131.01080502620786
199.71354845580717 22.513824217728352
174.82579890910964 57.21083257989717
195.72431671563757 181.83620154680656
195.49955992075266 231.6478287590044
39.11914207789307 230.6408067571111
170.09339208664423 169.3594124522976
99.43082481597729 25.68032706579179
182.30690997376854 13.063205804428796
135.97252332717187 112.23136445012638
216.78706552165593 35.58122739258957
106.98613689162225 72.21923031454932
73.18270509799116 155.44462834389725
125.6273407419673 227.21605677035618
186.00847870109013 102.12337645253291
78.90138867040639 238.80430982924628
12.306666951369754 164.82568293033785
158.6675104011055 99.9708219012807
105.23040882516355 75.49700615690102
117.05223746799423 70.42091575714946
70.56147583253653 79.63719259444399
71.42645890699242 57.93231671169782
73.5094503668885 225.4694146182227
33.24075147055264 14.323386936000881
140.67815678066202 94.52284897331626
246.4172994499938 87.82211260795216
213.22033106713445 157.8287263777179
180.18844385906115 40.083428352527875
50.615154594610885 144.20356416297656
162.59939488610627 39.66969596143238
199.8528731853782 54.97656546645252
156.62286978642587 136.45758187928854
154.49921503972118 84.11682022437525
232.81103533988994 233.17793492573873
222.33674300837654 31.685078294022368
219.33460332172075 154.16140123409943
214.73709685887204 45.32325614157512
98.63940582028846 18.727379274674465
178.18230208008885 118.4969684410539
212.08226351299632 33.37291327012098
173.96409464707295 175.78370015437358
48.731805824431596 45.586695354508514
98.89108833537027 137.97084977732538
210.20866107501672 200.36526050748884
93.77422744479608 208.094861122314
198.22764100810147 15.896009186249671
204.48297966059107 148.2839846099354
198.36097581445534 128.3674476286538
207.5830042126873 249.7168571865304
230.78105797442245 226.89870632170994
136.55227760536258 139.66728986770292
201.22167022477666 102.19868970177586
135.7038498481339 204.3562581165002
28.99153668462806 70.77923373634829
107.11201242590201 235.77557812691495
42.56583445994913 201.5675912107557
243.08349470774476 214.5932309513048
87.19968892926255 49.06540113663377
113.23927353794394 71.54266423115111
148.98908608663982 79.16528554170627
221.41380681421364 36.847293032612
83.42169377110203 144.47048166723127
136.27243477288218 231.07624277775182
38.18954602733929 105.12002131620729
136.11450193870948 30.85759800990645
198.0721794906596 48.3218078386092
31.46374755318973 90.36946381234151
137.06372547454268 17.736765203092503
36.46158171258723 198.38074071132613
15.82059670942032 61.84746291600965
203.9243011379032 92.55332446141509
63.46368306390554 140.23926356235106
242.84436012087846 121.7509899370027
73.13658301561277 67.81583232302884
178.0799178815764 67.37433553630612
181.23277818755116 95.09489984005953
58.1936402671461 17.619906466747548
46.73502236470431 230.74814342111475
48.37836589750161 7.07184569480504
233.06582964459653 141.72662726716484
140.32381600893376 221.08057586658964
44.22037731475598 57.345718546413075
167.12733725187266 14.744884719866292
169.63078952256586 161.55902400284393
173.2060626709095 248.16146078441415
159.5318958985743 51.656046849381326
126.15227102101917 176.9598248889391
12.213224884083024 47.976548059637246
75.89317950093663 144.43803027943193
73.6253201578796 224.96188152903187
30.65660820391 48.45411321490015
235.28090953428335 54.60935136254083
28.539789919118874 121.63689035701933
205.058049386918 232.067745541672
210.32280604002878 158.33266544611556
187.58891292734614 34.28428042555098
197.91010926942624 34.0656710202957
205.18878909698458 163.42387895180812
85.30210389924842 88.13090577634719
21.803901014727177 74.57086931962189
155.1744898518785 58.69568495750951
37.74164195845578 141.07752247092964
203.46143103879476 10.198797321940207
65.30353614411489 209.39253409399316
128.45705469282967 150.364767884399
180.15425017840897 194.5100286094788
171.77799817856697 51.18266936898444
236.73331454619853 135.52505944868005
147.7922340244363 55.1600074280002
132.6977648822053 223.85434768901487
180.27793963822313 165.5206640703942
149.66804482001982 243.5271691181852
197.27645798466213 88.70466419060175
99.95779975301832 53.53132192488205
118.45316306948034 143.98250148860814
212.5936014571963 226.706362912713
236.48138961164184 177.9953588465226
140.37364115079058 75.77865772683349
48.01113416212346 179.45966817148684
62.84150831592877 111.64187496841102
25.605323519657162 236.62756425359402
42.24665909005721 213.7892993102706
127.37342419206954 126.87015630126308
28.984669977496267 99.39168571418097
233.01707638520077 86.3756634372354
170.31880855994177 63.92086287632809
22.473619783961425 112.82476824349072
139.8346306001629 50.03242921901527
76.38138368830053 79.64313386314015
205.8091788605732 80.50493981006495
29.01523338544662 227.8083445139056
75.69180111083939 14.774315647183178
6.678611707989973 36.91942126811376
226.8761047205107 177.42420459660343
240.18410557759435 167.18324001866424
164.27455591858376 239.6597175608845
58.46291208796245 80.26345406323246
165.230007249812 90.12325525331791
20.677350794106708 189.62664602965853
226.51495466367243 125.43973908365768
42.15089152306045 60.695401146029894
99.47165769926539 15.381836354023543
6.5539137305216375 239.35945659925267
63.608641408811 94.98841506973926
160.32796982164498 211.8971399513798
239.02324977381937 213.53072528669682
89.5030690491439 155.62507899135073
200.138985397166 11.995162494375128
243.20773246273453 105.41825168941874
82.87182959908107 124.92220085925473
242.78686828640912 70.47667266780522
76.09820542479024 194.40132355385833
99.96477803997934 107.86815352076489
207.2484060199347 228.759085663163
174.35564278817793 64.81111085497004
14.043444185540267 156.6867550986464
89.83251737510173 134.17038078875234
72.79376918601955 35.03203622140469
55.102754084880495 30.01651644282971
68.72635985706107 26.654098495876188
182.66539218703608 160.4101889234794
19.955674926335544 113.86164195793461
34.86009517544561 7.533173305333262
190.3673472619576 28.520079008856808
210.45177946990677 77.08048263622078
210.10888671891442 155.1769794296863
52.82085813012258 140.62480974467582
164.0042225353611 197.23523719686006
45.423999969269545 96.85126154782245
2.8081984463894925 92.02018379069943
46.95801006514194 31.802371381671136
176.00118030494713 221.06698140034075
74.19983251152121 86.10669815409943
161.68594925462293 62.782949110669314
24.13536770591143 173.89945137631133
73.27097839333108 161.60254034177456
153.35729580943502 91.73698143297773
140.83201910382053 195.1834426980784
39.65407074334759 219.54084874358554
238.87552948425048 221.34666303064984
58.95972971474595 240.86306583882973
112.21874555291089 145.0698028766823
132.25103423730718 240.2324411620766
27.88491582369246 184.43407993931757
128.01653150801084 224.23813212641238
119.03912795385766 249.72387095705724
227.64225285388287 51.281257117170824
26.365175777968346 145.6094927983689
162.81133952582516 120.35338874306677
91.23405749208565 96.3547546878919
33.58556606191687 92.1625649264175
226.15246366677007 64.16322306541683
211.0949029719495 177.81103399867933
76.02768630065879 231.6508573469682
189.7724462107279 182.58854126612914
158.105752632983 192.13318064893886
155.35301292555664 172.18897810779114
76.58421947326885 248.74337766197436
167.91898701587778 16.973852141394936
42.19786965769129 180.9333825157624
194.148550948144 34.61153111451731
32.39246485329625 189.141425575521
121.7199678503483 100.06239290729619
170.42687274356243 25.632969513073228
240.91300127496334 67.41371986348832
8.344641984894235 182.8328794638641
9.912688025939282 130.2798102754868
210.5753570236857 110.07761046396558
60.83739474305955 177.80906898568696
39.451941677606435 119.9188841470305
12.503987908405984 33.35119301050879
75.96004976856605 198.51817464329224
11.162029762506076 142.9406418934655
221.60290155338447 142.8900862228276
46.57646969097568 42.94718279657489
4.408506855479749 184.7415875179011
168.16298454409161 92.55783792349972
101.6508860960842 62.53694820117922
85.11291001680164 69.3599311049298
35.536960319022285 65.13467016082555
241.88625123980034 74.42407042515018
123.3589786949724 162.50146964886832
15.658657835091239 21.47694168461531
176.63605405550763 229.14896714251114
34.615795813717405 215.34624012429109
139.84864697689318 143.81833428348543
175.83316656603404 28.195415302568
91.27319735057176 52.634694012543974
157.1740596491143 133.9817073047761
40.998722498338026 233.80434920244542
201.59376024568223 165.320091973732
4.7611535819198085 35.75456166856972
103.52124648820488 211.76853283997877
51.46175283191493 189.51864435856382
51.52387830013505 249.5577291881823
147.3347451686077 80.38537073963342
235.72662719370717 143.1630157436323
36.479691637776426 155.42103790422985
204.27780225264056 115.89228291465739
176.34932345496603 205.44968660163622
234.00156462032584 211.697268719702
182.36583841518865 136.4328449981575
67.54822348502071 194.3749575405679
128.21871315369032 43.82033754159076
247.9629590275752 223.05774671665506
67.22551022128471 1.1618457916484914
159.8079473349334 130.81290907800016
40.901394947192884 82.56297993961955
146.9684147196727 168.77323557783828
53.08211395580153 87.82615675167543
76.32355692601305 198.0405023647143
72.56369275348531 8.759172744700173
159.12513434559645 73.3430391189144
116.46164874773297 229.1630305196511
140.7502384691735 215.44527853871207
55.04796969183576 165.2585714221274
68.11784629146759 165.76192854228572
141.8297257708859 104.35976138987569
117.70449007626837 38.02856600260049
211.11635930215863 50.09752591666311
173.54745685075255 163.1571281182418
30.330538283398823 162.4200239361861
10.00964742651353 46.46910797992321
131.11123265034468 18.592048994813148
233.58923689094624 31.652295382412238
10.905314338821166 11.963206938065685
134.73380281695782 61.682277607958525
84.02618351207916 40.95179870031285
111.93107990365634 44.15593289407679
197.50154009207682 97.2748156458178
217.44438440978956 12.373460943081781
225.11971742767014 230.87363127850753
195.1088325473599 216.52356476234164
42.57305609236264 177.08170903025382
162.58029793998233 199.5537238112343
55.45692305757538 90.47455027183915
204.8820536439794 21.248771828861564
183.94382944197835 133.73678837839847
209.06400252437095 72.0272883272855
82.91830366414999 75.56824514155988
0.49179491425008215 126.8619663768974
175.35073268598202 189.9857844925412
115.89490120355764 165.21563854767228
245.8588605757821 180.6206007715855
129.4983242415922 145.3403193880556
217.5185767414912 237.741188801953
53.59734330989346 81.1305797492278
81.73563126275505 63.10433934752805
161.41547628959208 114.93235061756567
239.40047109639428 247.98556069147457
42.968279460751575 39.09348397696896
113.81814642485902 86.8604820332248
25.74773668117508 138.41543461228636
21.608855759432917 22.398204295662527
78.93775218419133 116.62582234611654
152.94912494291734 15.010786325348885
46.0699579828846 46.41833177523477
45.5775832365517 40.119281596316284
17.42913756555525 179.54940655642386
236.93186273357463 204.58403733988402
221.72881193216074 11.944189149031919
105.4369601359346 158.64605554977854
21.065371467446 188.9321219755439
221.63718727957183 142.25438584761793
158.94682615095988 239.86132459951114
154.25439059395106 185.4384478136764
213.1583332420034 140.30020206480054
23.136536280372432 218.0256405053736
244.12521547422259 82.58909528971422
21.928807799943133 152.03551782352352
94.53371111960391 6.457077481426987
247.61768794184886 163.13340464347272
212.09356425583655 72.50137954193286
59.116415255845794 187.18262921285782
139.61603524768515 232.6681434280288
88.24846887942755 99.85133171340834
81.17505474275116 137.92096040766427
50.532509132370755 230.34690890361904
206.23433762984246 188.91179636307666
245.84366932168342 198.94867456948475
231.56852454248636 209.10970030690433
177.4055787057818 82.80700212466077
185.6567863919104 155.47690116102453
221.01917804559298 63.36296152668211
82.46220312052222 231.67461859053736
237.04819971708534 11.283110602199192
95.97118555833217 19.95046045987295
216.05950866345455 36.64530693517132
195.93342197778338 209.09816038011692
222.5804369131577 76.60328887139586
103.81896862275836 126.3148919971514
61.937731440156185 181.9912596657817
108.67739616565258 220.27957379443973
213.9767305863698 109.04629174010105
242.63725289726327 218.11506120007803
220.12789127981532 62.21654441753965
73.74748098046902 8.7424455703832
238.58442916003813 111.23165698107212
144.30157757602643 4.6918001359612935
90.7213158247037 79.45497889211222
131.45635693239248 165.9878713026947
82.07636613024236 173.23507115815542
7.662223146279901 50.50531453179316
228.19090758203717 175.64279233948196
144.56564834034285 114.00808267605844
53.70064554426276 246.77137851413707
249.92837936021687 154.54308295429024
150.07377758950943 79.71282273633332
170.58695804595234 181.89528910707682
157.7961552861466 111.97099453521304
28.417368114632218 82.25596586602748
198.42942818756163 159.55318709365318
155.5300240031549 124.32819177202825
166.21382087991992 196.08271164603033
244.61153018177367 238.6509356582972
7.823941502631548 128.18386483252897
150.13539442146427 22.49710346092379
55.023508180042285 65.70556083492066
148.06425678354412 149.81139221306645
238.32937435827012 53.42741936960674
222.05505439109513 169.07003204736213
242.99125764729297 226.48314106266417
195.29433606444297 141.0715964102948
108.1060607148254 26.213143333444712
48.77402807532402 113.54642282959287
83.67190173924438 191.38186438694746
135.49397164860923 87.73159505462758
150.23083893689636 105.7429514427092
112.75166707514208 193.3155105564868
157.63787834006072 138.02938406391914
144.4277679088691 60.22854233607186
246.908276979102 135.25008915505433
204.46497377506597 234.2720683855149
115.04052687858093 113.58979500621716
85.78752945135994 82.86320136829725
80.23626230448761 216.81582974595355
148.50934820282185 44.45682249493718
94.18726327035698 123.47259344711398
218.17461313082472 174.84279937249548
107.72065996281552 194.89815862910643
69.86900540168459 195.2135564751458
74.73418303457952 140.93279963040445
214.23621008628058 39.87363927606841
143.06114085899472 117.84424714545574
86.64828710869463 198.51804555837313
206.28954712943542 220.23780658257567
72.30156166055963 60.88248135536814
94.1965630098795 73.71250364074547
85.10569330711901 98.77779741579235
132.65542448197743 135.42502534430156
162.52006915766302 244.26526956458517
244.89635323664731 83.62617393626678
40.22731616880465 24.189915667304412
95.08843650164332 187.4370126167926
213.98065212432718 29.803524794838665
55.24607594485345 248.50005273232966
2.7550838742620987 87.27238586057032
228.56292634839886 84.06819856399694
149.05486013799074 7.762243596369512
240.48215364397254 125.75005000126083
206.0748850875355 174.30810447554853
32.3588030460496 243.23683762883994
141.9118445772438 143.57550767913057
85.24668555031958 109.72650071328133
92.94003470217449 174.90756216322904
13.457501553807594 241.52963213808897
24.85419610939407 161.45871244420584
139.5496504809885 117.98978449082797
12.885600387871232 109.61252055968518
85.22091250778105 79.03936979298318
8.872020917062157 209.902137330802
118.25018714865936 117.9635939832484
181.87304518547052 82.36182807140644
193.54695075920176 193.85523978447225
83.14982761808537 214.86900295690162
62.87346621499717 158.2249032659453
47.129924718494195 129.88972049663397
14.53683961468405 242.01543668576747
85.88189424957996 103.73975780805658
28.965767405338738 34.43588118408322
168.28478999217003 161.76068685567856
121.83859159742543 4.0978049709338995
219.39281560522696 0.11557001648435095
246.04398698123092 228.82964476391382
15.725882862762136 220.90955732298093
120.43690406614304 78.51755785885173
109.81651461291689 234.45071987650905
240.56745426351554 108.84551846810095
91.2584016752713 124.36332933532398
89.38225757221468 172.8163680093278
220.67318633298186 195.90775649624138
188.50095732651337 133.84997975774726
133.45982480425633 55.70969999093797
22.97886804023863 18.23106345419148
102.9462307964242 54.39700750043661
222.95132896862012 60.47999955295322
202.52733279064861 244.35032268047547
80.06321649469639 5.75764355922942
117.16600093413088 12.515555544180351
227.64868746853455 7.134759707473543
38.197054748344975 174.1940648249648
196.90468234048348 129.86367529691458
89.12278083355216 131.50449482285345
94.28619326996856 128.75959592200226
81.91689052346007 180.0544961282659
75.78379061643406 30.753775939607568
60.14806348102433 130.52257336458592
44.538618459340846 220.3078429994898
223.36646590867517 146.29158678437946
200.41681388716432 176.7237865832643
75.99125119646253 143.19729906221704
17.50779241635689 193.82171503193265
100.60235189261222 214.80962737984672
94.11343171592893 46.33331953609393
97.16555503032093 204.43534317192356
10.397641893443193 222.04880700760424
112.7553852614073 214.96160170285324
16.733037447059424 25.412431654576267
64.58446491644817 40.370745932340746
192.16899319257126 45.163945563488404
73.82036660746444 111.8825891294181
27.90704499001023 127.19981498568566
203.00812381790462 149.83098653295517
56.10832374004745 118.56438560239633
213.7436774459369 11.85780819322002
45.15851775005833 215.19747929752157
111.66449625915986 8.370277925982773
160.06683970849912 47.74328598169
79.75574101326383 174.12204754322744
220.1313153102231 198.7414768106262
117.64711722551036 157.03811083012258
18.88809346254494 153.65024711675719
9.232630635451377 201.29807583648508
207.90931109424506 216.78011979012658
3.1658127318202887 200.48850178708855
241.71060060194668 210.2023917220202
59.830651950099764 55.121572586236844
119.3242060564744 1.5077216476038768
174.74205268146957 184.14781896464902
86.51589141630883 132.4321117740486
71.02355323654147 91.70669673300971
123.16310166657543 239.5633482412618
101.58254055747612 50.368193762667325
106.98031427701032 110.95577600882578
223.59579162946577 227.24267085583284
164.2794421735247 87.14999853778599
238.5610728710717 103.18481893020265
171.7474554982949 205.62865548502978
33.030959793283856 60.26102437011932
97.07358755338718 208.52423657794876
222.5304066274142 182.75558647882494
210.68888209062638 171.43894670726408
151.48835653933304 40.760606987483236
219.91398425695778 147.82602489692988
80.24528853840226 94.99884655557572
177.40812045797753 43.45022932393286
117.7141905188778 129.33412830209494
187.13759873115163 48.94426993764292
210.4742683992746 191.60454885768513
194.73733734257715 247.3980029430591
131.37463409700746 74.31398581124704
0.09783962052226092 189.24096882114492
15.397461941371372 211.1744822592251
212.77690947197354 138.7432848941188
167.6724808163771 202.03408685364644
81.34412106894254 76.49961900276544
96.28409468338248 51.53339230391679
13.122111858345276 178.32200817608424
123.25320719636204 215.06826743464097
153.70808182618023 70.5339713933162
32.93869796613963 154.27003330632783
212.08882033114085 172.22426058386316
204.4648159776821 132.26674342915234
41.98561178584609 240.36803285727396
145.61285054340487 214.06469508902043
55.856722556368005 140.6519199864184
116.64001878089097 154.29136688808168
212.2029596979825 58.338438969746996
147.318287689467 153.57905931279006
240.05828765107165 138.5397975314232
75.24584662129661 237.93749998098733
202.8359254160654 2.164040886391633
30.937344006237904 220.96418639661474
174.9725296212557 61.941531996440844
236.0457623303933 27.900141994887107
97.96353809078643 107.54966494476767
60.38985492988733 239.4957485032208
85.14538587033243 38.2454012085372
103.10845443193587 98.11264791524299
59.30253300740676 100.15684807989383
206.4385314104265 12.71896206816403
107.87333696804733 247.13144510015206
19.101026576756052 37.585791170758135
91.52290880539735 154.45762579720326
91.76613013449413 130.11444885636783
127.56601620845743 231.46175221488545
224.79773882446145 166.4198892022548
11.900221818356455 102.74457522566482
5.601584458106074 170.09866628577544
188.21142153752635 235.2399489382325
29.063160546358574 246.4697205985779
14.24850254394952 115.44199362943883
72.87288078953178 166.35331182077408
28.326492812657367 60.41519195761352
170.98920373171154 25.732803561365593
147.98316296285765 79.21647472429206
212.4036067810994 235.4405559194542
169.0074876923575 52.185125092138044
3.0472319144992097 173.05520753952058
168.6015107719924 98.266411034165
144.06983499398166 237.32440406498318
218.62831477156976 16.446850666147235
179.91206899135736 126.9411861164659
199.72287814028053 37.3849022785803
56.77890006040359 198.72137783587146
186.82700420066107 17.151294592408217
238.17976429640302 61.98722042272606
14.688444258483424 232.9149696997567
211.9644191007583 67.92765699871231
204.13526951383912 113.42289872742673
225.307959794564 78.08397917003605
140.1796878628118 86.97754051545914
5.365266778612737 160.13177485973497
212.78151377577086 49.60305910805299
218.99099854465908 146.87541212870494
169.95469380756387 130.03930273222147
5.600135801290818 65.74169417639841
32.074424253094286 142.86905099697447
44.81621722176435 214.05052078740937
198.03592624584581 162.9850421617876
2.258385737965191 19.036050229267907
54.933541913827014 174.86560423932832
145.89310035512023 71.40786657356126
50.05584965005172 200.42527769512995
122.87756531758706 247.91307687391588
177.3444999339917 52.42171983549204
157.61968632310163 215.31181054227847
228.91954795658228 109.53233513211633
142.31199334780138 115.93702478614252
157.7211269057948 111.00224561450186
48.63610889974645 249.31114718654706
247.035016455951 65.7361075362507
57.549213294324026 112.16072945209393
74.01683216936156 197.7866734570975
43.3782683652964 14.52493530991611
240.3231179854211 30.854370340738125
192.84421697066674 22.06293490504424
0.7280066452820533 125.15883953284727
56.26537033142748 48.04760874818892
225.5650349503423 227.02972378208665
94.27930931505146 204.83457799853582
67.9347964199038 185.34816789165342
56.67882343592404 240.07780432341832
158.3048839810845 25.797626048688098
169.24613335629854 98.93366474085349
47.999793858744006 95.81564589617948
148.70787040637683 24.352078110059377
212.250204269956 181.73922057328338
118.47437272497443 213.53338454387455
212.99182560766425 225.86065452561127
134.78324314436497 246.30589298403495
175.99584674277597 178.44661767199705
49.56563008168469 203.20103127494215
96.32884074721751 67.34690532113322
135.3104872564816 165.29645474520976
164.7763076978206 47.34705461330338
27.820756088113825 238.9322351275798
82.91022300635665 20.180044324483255
113.99211532093898 231.74816946179993
5.457138452877236 173.46754301810546
148.60341140147014 220.48723898337994
118.50927781500356 146.87260960966063
16.57921828523706 247.61235778897722
241.0920935693828 3.3489077729190186
223.79469805508606 232.67167756304218
34.6326571088568 48.54067178491556
172.71738397805873 91.33690190698748
23.89830654559244 239.6466350044369
214.0803475744823 100.1658826274707
13.906210132611951 247.8993420104935
48.27855455788002 81.61187589028617
207.4633409332652 145.4384409194039
93.90215133794003 158.35944271150538
135.68793871079563 38.5580509249869
101.40248477676636 134.96727031600508
114.02716047769238 145.91732433330085
35.43480857154655 127.741870334464
174.74601539803183 90.47623210728558
68.54325751409526 242.23959890059564
181.76228085591734 134.635591086773
218.9754566994617 23.276517712848054
49.66592206129308 176.76161253329184
217.8164829083034 219.4223860144609
204.1893776510077 170.48590728839955
119.67856882937114 142.1454664671319
10.83408269488717 148.67829330822065
156.85235023069305 159.52725539882297
242.3682524654568 195.7888949983808
223.49851905204608 158.8580534620086
53.77025891621387 138.62473046219262
125.65239646844034 145.73710112603158
183.00690418812889 18.022343145506742
157.4164313044151 65.83013222127265
211.67442255018784 76.24084023325031
81.44865168117929 7.841993476689596
73.39023294771383 125.38307519731728
180.80747755422067 225.02125435068754
240.96660813488398 128.96316521983655
243.32533114077702 111.22001777221499
208.61070422434634 147.40080095622926
187.41977696414986 130.63473011925
99.76508201969925 70.19681229436878
75.88119146014242 37.57049586442418
134.70242629871677 210.44556903286932
123.48125290803985 218.54870911400928
46.25279123087664 75.02238832820679
20.618276127594036 156.73158041893856
52.058962486051016 199.81014091573775
68.44855011036668 182.77057320109276
225.17218892770146 224.60543721596022
32.87917638394314 60.16280603520274
236.8288475739502 236.39073287938902
8.400465773656357 9.892692417732107
133.069311689181 36.860324129845495
236.47667480567074 72.04192509098218
50.60947452608247 122.53140522463742
2.5935765111371465 4.663430720777656
165.55179128004605 28.45915837356902
46.581899713790484 25.865573438199313
219.43063465451698 157.9487780474828
162.26849282284925 76.6458267782659
104.20175990948758 121.73606391900002
174.18193539196315 23.89604502133491
162.4670091801494 83.43031523118991
139.60925787113723 46.06768650792997
40.240376591496016 249.654491125216
135.02811373123723 54.33807684875003

74.49645307331521 183.0939656796558
102.22505415904773 246.97258758885016
115.34556631924598 132.48542462969164
221.7988951296646 232.3627210139255
202.2878491834932 107.05094913248526
157.02719342760886 35.04184128004584
231.22939901480893 94.52620887910668
48.95669233812805 160.51986436165154
216.81919135706468 88.82267152892199
4.492991320726586 245.92961736701164
190.33197106656593 113.5473672943815
236.8017451105152 152.27802583230553
107.92727789138476 155.87370789357294
234.2580869383826 44.138832452041754
83.79933606258244 142.65913110524863
125.27180834765208 174.58618232034317
86.36959516624262 35.11157507811266
240.9783420759296 48.355298780468736
105.68669954836851 44.67477234613113
235.9106362188496 130.21255458767232
203.27966034880458 196.07945284825811
227.64071528509274 165.91867453753585
203.66937641577596 91.08215562669483
23.262329516639063 182.78949759964385
92.99329838181843 220.32226864984037
232.36604648618408 5.65048651205341
131.33132183759872 224.69104455245179
129.260491144203 19.809257481748887
201.19479899566426 121.38095803577323
104.97754227640299 74.36997961620933
107.42871632201708 200.39016393485224
56.256376112783165 37.700809301646046
205.7178771533629 49.803251009896464
119.55010429468946 198.79350044508288
162.78030842343372 168.15528088826215
56.6595298868321 8.509782753045759
60.26015606562887 87.29478670484181
165.56556777519836 221.52102367891
159.49980271932512 176.19296869435385
4.57467248294785 17.527807461638815
40.611779760956786 159.397993947423
106.3819341058119 147.79064130593162
159.93193061589423 175.21636403650686
75.87387749074348 200.74264119172034
171.77860303881573 57.13440383027479
228.76421787021783 229.964978290759
44.450590621775085 124.53066247875968
197.65194514388742 72.08906727385009
161.54404325664896 145.1515319080817
95.90773213825821 233.95487393008418
222.06181990217345 81.55791155571332
136.6381259653021 49.73049112714823
183.49484460575445 153.33273536563314
0.3376144186801322 26.498414831330226
8.48109359479543 184.25730006389125
94.48654557197192 227.56510041158973
54.152597511744865 14.794471223766786
245.91708208193927 233.9280586136988
211.12128149869946 50.23071053793804
108.99823168063807 56.109473693763704
190.7680184882788 226.16892653139215
61.426529680718545 120.15054210955681
98.92812369809411 3.2983116158916967
13.687838137814158 216.29131803134013
243.04014569084592 142.71568784819559
179.16459744061646 163.0152706698143
169.76149329519774 73.76980209759465
205.54066325009344 139.4671572030504
56.62189749514685 212.47547192732603
16.602616783136682 22.857736349815138
234.28527826578056 133.74658866792103
9.947680776678569 0.6181253783461571
207.68136326473277 195.1951170821313
150.7107698809696 191.71475960499896
133.81877027159496 8.761923959589996
95.11327790305096 151.34869322203087
148.34597133115085 171.90767639191515
46.49099979846136 28.71873695611618
47.70778068447573 185.26197877661755
94.24854950889272 131.81678525057578
120.28477340030452 143.23619994369832
97.45883812958692 170.03793979050076
206.4439319371088 199.26939378843804
244.59027195649188 118.74976986872119
200.0946250108857 200.91948810188543
114.94323862588406 96.69868094292994
22.04288726320097 86.30281478411297
58.552760222736865 40.831918044662075
123.70594386837203 229.95407514115374
92.67355366252147 136.09209548449385
162.87258152441223 207.46699112402436
8.899741504774989 229.108756297264
21.51358593863209 103.18690079508858
221.2295302690542 187.8936149367858
210.61517862537767 33.015836754716005
121.65995767601753 11.657523570993838
150.25853504320912 246.22087568577163
192.18447517153896 61.48975185120789
137.09864914052207 98.98476509302978
145.8587294632396 47.79802296238939
245.47330334661234 184.89543708795856
217.65369947325192 122.63598348625182
6.636122512947234 47.30796840248258
6.530528033585337 77.28139563588255
19.03714939046325 139.71946666769063
45.32340353928657 221.50143045883706
64.45550539601061 177.05367001243798
9.868510190755824 45.04353479191165
56.06021478896267 103.92528579202123
232.04138365256583 224.2970842798528
202.20844517608455 72.6528890121707
3.1091022775035224 217.1531628434063
83.0158457821073 193.6050604646017
184.93960977415637 229.7259933010552
134.97546766683953 57.27439735159878
49.468853421441054 98.81856613648918
36.320833719150265 146.8241656627572
15.564230867566975 137.6207385484839
69.85501717332603 235.55987268110195
211.7925673235013 208.2776462528995
157.74731827398543 90.1115569953454
28.319035542941435 176.40435543628317
81.69011063027112 165.37252889670523
46.383740234047735 7.500439595769793
167.45458571245987 21.468703898880865
161.45043090594 174.9722875564113
223.58391522320855 22.476649904866115
53.48457906519849 62.4209277046999
94.9208049154151 213.06174414573232
125.62097756914237 212.56315501180183
132.00697608689165 205.60900584522238
5.835084358915527 212.36868155935773
193.9379969875463 167.74577733101347
143.9141545404172 9.016850204987048
63.18108111897364 147.9659477350731
143.5742899540126 89.49074290941708
113.01363888272043 166.4069234272009
106.11902464528697 134.30759044587145
9.387133673574105 165.24485333956477
248.48752969239143 62.11534936452623
198.7178755754868 191.326597592148
159.35330318740347 43.08383272209476
238.111303873102 53.56927111908902
44.21033596833021 143.12958145953286
249.74986655971463 216.74720064643495
58.48072107511712 73.19824036027408
29.876697008116764 155.37162980953738
158.742884614095 244.0792190601575
136.71024957477624 217.6852018945092
127.24552168025535 86.91674987570913
241.33670839077405 122.13606853814085
95.89578990463532 129.33741948469432
163.3209583404399 170.59096544235413
244.8041811022234 98.49651747152457
16.233770237601448 172.71684215224698
143.09487181405302 113.1851356317852
222.65167260358132 170.48352421726386
131.75204511940618 29.233232739650227
79.33083472796368 202.78164974561514
150.68790644082696 176.17879626829873
248.20369850152576 243.31827681423547
215.61246681078669 29.70378138647098
50.66071117891169 108.23245768398887
120.7744739225406 224.7497396016977
137.30772265840588 227.776792884843
215.85740031223781 25.2122860487293
238.865055302164 61.553512811205216
235.66778685268187 138.39755537106444
15.211485583214973 51.74143188270433
196.61800323489973 63.81016362737687
224.75229516200827 192.01071169829606
148.07211041055692 3.3167642771624872
63.16232271273189 79.38349531136654
31.07147216699188 95.01473904646002
13.515649366023814 201.399437235598
170.4763322289984 164.23134492446727
247.43682262916727 85.75552494094663
75.52241294512702 55.569394155981975
169.8920510624862 175.7002305943569
169.8653780146338 98.2999878467328
187.63179221887307 55.695083022456906
45.9874825012937 29.36391821154427
154.8941154077679 149.68541577342793
229.23482002099271 116.09719828653378
39.81689581600903 208.957538570989
96.0265446963581 33.35556907287091
199.63738917067823 81.07069624796034
96.70112468274827 175.40662665114817
149.06625516650155 7.70174540158497
188.19713616600822 38.93850658704873
169.46955332937668 139.74685935534987
148.58604325104153 27.707775921360035
221.28986149259683 104.74797986066383
147.38834674156564 52.399868697531744
189.4358033970528 13.162716647953681
223.26617959970278 151.9608354368126
206.4688813973508 212.0407695024326
184.2366122822958 206.7799897050306
178.47931523545807 154.61646450356
93.35898064748838 232.0469773708915
150.48282875592062 30.93058473918406
198.4289339597798 186.79839448741177
178.34480891414307 10.652168744346325
12.529164359143891 205.44393216245666
16.069669071263753 183.7761430628953
20.031559133398822 67.2242181693696
85.49491527607125 225.7857060764406
37.35930647267433 44.617777918935644
217.8659692311693 133.26169171951352
70.56941481791004 72.47076579437444
77.97713734246537 152.11210491957752
103.37785113026077 196.70550570462274
227.59848746117626 31.710209953858424
245.92555215306476 86.80189483327177
96.2178018276278 173.4119062909134
10.170351421243423 48.30528917383214
228.03009002796637 211.6464317321646
80.53809257601766 207.4736942340672
134.25736358681533 66.87686211896255
184.9982927950758 198.79737066890672
228.07667296037175 112.63194499856068
130.9230217875989 163.5241478994513
122.39220906059073 144.80978424425498
216.78491189657893 175.48384868537966
132.33829561345163 60.72822470948056
167.06696951050856 96.52362184556983
63.09045678221975 136.17284125891004
39.242435450708015 167.5657487158548
169.20637475766713 192.0510472358414
37.430284638107295 235.52113733539937
31.367830911717494 206.72381779112888
200.40068411984822 98.44648199365675
62.01554702438253 126.1607931761372
139.20749482532176 247.2908599518792
43.91042670457904 195.19040801509533
65.82489968487654 138.69612530811702
36.77184338904752 11.904848467509527
106.50848661234458 50.581102581878454
230.22390137255115 8.052317312098294
231.3742385087426 109.50838894767016
92.68721161582447 39.979666299955724
222.2079632921694 0.01493580880626566
224.04263894287436 193.12858581069764
193.1667711573855 238.5840768301222
199.800418054323 101.62968610310621
104.52257925534406 8.357548650367475
177.27437030345843 53.194882370281945
247.43910114475366 108.43881433927679
82.2638727548481 92.64207736013499
28.397263710788685 132.56102631859605
214.18167374181286 151.6837252083293
179.86621604069416 169.13940463359364
220.14048969926273 234.43397667832429
150.23586003314458 91.04077871667383
33.858989659720365 198.2188351446167
87.50647209150023 176.79287062121628
158.35316231198289 225.39566182069174
85.71855700374407 87.90364157187996
157.8208171136708 219.3775229065264
169.88978750487342 197.61478051496897
140.31006766971348 226.74089097407648
117.53065171543403 159.09826010212464
144.25467465553712 77.14679527345103
193.4435248143331 166.10903846347784
144.08245075268314 114.34640843614812
229.22472587414035 210.45958635650513
143.96989318850507 12.113323747799914
212.69961689412102 183.48070069355006
150.8298027197429 17.95746121730632
130.089603101739 227.7113236645222
90.80417070460467 111.40116286566796
66.05220177515304 24.788888217908976
22.570122265098135 26.47048960441922
151.68279610918415 115.93976005721035
128.97175479828766 78.17185373245341
20.256304457939606 80.1254804052918
62.20117220921714 68.9050967865202
83.80084556406503 55.96531265716392
228.03729746424744 154.85223462683226
15.47389084887496 105.56803171956497
70.12596455826345 40.010301978446186
230.22633161764378 225.24600313294565
120.42434543758657 121.99549822581388
71.83193588185807 8.597917792807246
214.1626913278067 61.861608818979064
81.5387854022086 51.96107838179984
164.46335634584887 207.8733543404282
161.43406586357526 16.81016307799743
138.7829734825768 133.4558512739867
184.92062377056115 35.819927883539435
84.54552285350198 34.49433031166937
72.32402600973434 85.63382955293302
229.96068953437157 240.7266381762169
140.1830413473439 94.60352815967038
41.59182984817997 167.51132635083107
48.56693208786239 46.108696531412114
224.6321118629847 59.09889514827696
125.11483236455678 202.38440868151105
247.36533553803156 108.26959648339692
135.1767809310135 116.19210958818385
47.944640981938406 134.6068762924665
178.6584109783897 151.08648829087548
33.22054718038323 157.82536878790395
197.9490017733186 232.7958070336148
185.68839163815412 16.255621503168115
249.54122988004374 160.88173234729305
239.89020633994176 209.63100895679503
154.1936299649503 7.167625794726574
88.14651815427699 205.9080336869461
66.26754422462544 164.01869499423037
239.1723864910546 68.79966782971775
203.39183285031618 176.13538348947063
23.22351951371193 63.74772854261229
46.33789974645358 124.99506744575686
219.5032287090834 119.16238589272318
218.42710236126308 72.59558976555974
14.219624525195373 225.6976703194319
93.37589945024921 111.52706219228256
217.19064659531284 161.7101712367449
205.24669991568382 108.64977871061429
78.19936347699793 99.73277469933592
78.417235140019 107.37826892749366
124.92912288465455 237.8999853075363
204.54914003848066 134.96924090519084
209.16438256467492 228.50620714304398
237.6483523052657 170.78937014299007
219.9530775915689 180.24660003182674
81.33657983175527 222.56358397858753
122.99969670223754 125.05131831619423
15.203942253755653 142.5042830103025
89.221535857094 187.0450261601185
201.50909562613325 242.5975860626417
165.21878251419994 172.20742775289366
110.47248479107769 107.39340899885602
218.94526813515915 121.6448542890137
18.986154728109412 220.1686754927585
99.85271423489006 222.63888379524312
191.4126739597573 234.78575185536062
83.8952124515965 86.29132988163757
176.79979976913845 27.499684732530643
181.64118145994186 52.79091722708657
132.0967981464846 83.97488547420845
5.894483274502815 237.3931557460175
188.62581876415277 155.93557315736163
242.27372731037462 40.468383709886616
51.43355272868208 152.38563448339244
59.90017849371418 46.12599323027419
225.74342076415496 134.99951516518763
194.1146331877289 24.52123508070672
171.43287601656638 58.96930517730595
191.28859048176795 181.12901139824814
191.5729537717923 237.90011448097292
39.57107001239271 233.74657178441723
164.3658705468187 164.66199156154357
92.48559100753442 22.943792249996154
180.52778423430004 19.416490258934466
137.7822694408531 116.65987783594642
217.30245714675948 30.736531317765103
104.32712379827441 80.11934658686253
74.74668530822886 152.06196272533128
122.16570805498999 231.44353789572034
191.9194445823118 99.7687736562595
85.26677166569534 238.25849680232125
17.075641743130504 163.79307117540384
150.59745196242696 101.25698510327436
105.13327046824288 79.48510496466658
118.13466585761273 70.33888226712551
69.94147871344242 84.58809085088784
76.45147831105034 63.63249127139642
75.44902214642043 231.2057842827663
31.224285064839762 10.978325159125891
148.99159371145288 93.28340790403747
242.40315411037824 86.77494652712913
210.7123138630128 154.8870187427075
179.82315958424158 32.401967340702996
54.949386343134314 149.36814216003003
155.47871142207669 42.151650161370206
204.30882027302852 61.43161144522505
156.18564314143433 129.9107549117078
159.03003451722876 80.30359815632465
228.65988898394394 231.09910005079894
218.36751651802282 38.89415666122492
219.9242857111186 158.17882638841053
208.63058497438698 50.88241320145165
100.12373078015732 14.268135955174287
173.90624632332322 121.51741251554787
210.8393352208151 32.83249174854175
174.24674863848992 169.33827884970836
45.08444024238473 41.03228796643485
99.0041142835314 133.08168671110315
208.19450646916218 194.26058965498177
89.68427103627499 213.15656703889215
197.66748311848232 15.913916510978426
198.826930013272 151.3639994417959
198.0885368407551 135.33288709804668
206.51048418869422 242.36564418417473
222.46314346309205 226.0585946767387
142.7704532575615 137.14430186078417
201.67901023175943 97.68319682260476
135.95795243241776 196.81503533962444
32.083812845904696 68.70966384737973
110.28528157701578 240.30223910084362
48.736697823697355 195.83289740447873
240.89471514109275 209.8465119033443
95.54232336927798 49.231154450637696
116.90514568509772 64.18110053072337
147.93646910349014 78.76096813661304
227.98638670690835 41.06985147805725
78.64877786982596 144.67240547887852
142.0834708725396 232.3568208028057
43.01568370987613 98.65036850251036
134.18801515698976 23.413412987538518
206.0025544582839 45.4439045557026
37.48754740521718 94.40793058401567
135.80755520243198 23.21998839097961
38.493033698513116 194.8876733813448
17.00175259765524 57.52981356104825
200.13785478825966 91.5667323538201
63.29303043152587 146.82455616414447
246.70596053748625 115.53269444694523
75.23216231099045 66.00432369998624
178.8240978579611 58.95012429494978
177.17502926485392 100.50893284757097
58.68492563827496 22.560076192742113
44.7539491424947 237.06732458852738
46.940230411213534 12.4061867250628
236.0373671356209 140.75742663394715
132.6059890356777 223.42810236984045
40.0378108680127 63.90787431480513
175.15579362130933 17.318761967591495
174.13908117792536 166.81495811068228
171.56003364658332 248.21646839644885
158.6516400988395 50.78572269108131
129.93186254813784 181.2708589421603
12.636762365761722 55.394405538990334
77.46325194912556 137.40739717463867
75.63695614832413 217.87611109895204
33.913592966760106 48.266667341762464
226.8980616457739 55.4416174570809
27.494339806389657 124.0936291707966
200.49338581143448 235.10673362810942
215.15159267840826 155.99235271197702
184.39262621179242 41.19341496568973
191.6622188347919 29.419823323364014
212.79265867274148 162.30439257040734
82.5256699575558 94.38506176545283
27.376951526522504 70.36393309237421
159.07551931816283 60.562590592190936
38.27709950749084 136.77588694277364
198.39630308205193 7.493947830120806
60.21566719005761 210.55761455731053
125.86830487490391 147.4694511830474
185.7536910208311 188.8803381295145
175.6697863742493 49.92181634218773
236.58334165021571 135.08413312765282
141.6962927077674 50.81550978229304
130.49285442849555 230.81252018835167
177.8483728540029 168.40026529761448
151.62765227732953 248.83898330465337
199.02469597639677 87.20064419052012
98.40590586631534 45.72873020781743
125.48828523495517 146.2874799593761
218.3884502834316 221.29299393871742
228.68342009312738 180.16602136507217
145.33201111620767 70.0107535589273
43.30981840628956 183.65899082308803
61.15492666005873 118.22573297135241
29.112427347571412 237.87801327607633
42.45857711082307 211.7607708140503
131.51274839430195 133.16652257929277
35.92127078327631 103.4590899309959
238.87609402505404 90.05866768820397
174.745224738852 70.0837520120124
19.47646751685919 114.4501246315
138.0529619029608 50.312842045570626
76.58300978885796 87.11813233552255
202.66995935011948 78.7620404519078
31.0359432918883 229.2094216408548
71.51786668178094 18.36899266833983
9.587929914107674 36.80571853993528
221.42494585530693 179.28674337775834
243.35989529095727 165.2712031059438
169.01179467008103 238.02102900810092
61.10342700253174 72.8421939564383
157.1048331005906 90.18324334968477
16.381535714167754 185.4010682557489
228.7817777366397 126.3177498997582
42.591846277397565 61.44460525180836
105.08807478756277 14.023708782568228
7.35060230004736 243.29999213185616
65.2511001291303 89.38579748595615
157.44959280462328 207.91640963381366
241.8785836643241 207.3161858014431
87.13198372066635 160.59543141156564
192.75237206694868 8.846778104972197
240.0992817849208 103.72219064078975
75.03165984924209 124.61927706298376
241.0377682614272 78.28940279652394
82.79542464463732 189.84216852139784
94.52836618024027 102.35069576117048
209.36018427939877 230.993421924364
172.4964617013208 65.22319010269275
9.337990352017822 151.32666573450433
87.37299922872441 134.6339008370556
73.5614435286158 42.06259737987869
53.9027070554042 36.81608160754868
63.1929637035219 31.25174132767275
179.5027675014495 152.83932171094943
23.631249395637543 116.17727338128314
34.433037260683506 5.782001614305282
189.2592321743256 28.198214218257412
211.10771413633867 84.95335136149481
211.30446466468413 155.51462613120657
56.80532702567967 138.8497234427419
171.69423426379637 194.94244819192303
41.590172299966866 93.51048121404892
9.102185756812432 96.15585637222948
44.39983844418782 27.432473779235718
170.2105838546231 220.4974342031045
76.21866931195443 82.58512082583088
157.37605428471574 66.4248783719682
22.870394303010162 176.96599401021857
76.08331189003393 160.5119576944986
146.98820201498935 89.79346577936323
140.4717181233137 193.54111032846774
34.946844935481806 223.62397964860793
244.29871574135922 216.09344491960715
65.42222679119264 236.964614924546
118.88086215965077 148.82620920921792
135.4779139900228 233.51961549067235
19.526072534133966 183.55091914103525
123.90421122833922 221.59419887993573
121.01021310292468 243.4495160063397
231.6987718304804 50.15365006088876
23.803644387106555 151.99703777114368
167.88394834993127 117.52098658616484
85.65206997429908 92.36333252791177
38.79336925019442 86.6786736826734
225.17445034088823 60.41078220638871
214.26036303003218 171.456637790425
78.66406085300915 228.12580226715298
184.11969346597783 183.33619457864063
152.68817897782145 191.85372316040605
153.1294347159216 172.13048147970505
80.43532161628683 248.61937863557372
161.26241667481193 22.050407072634197
46.362867423040825 175.29179590248197
187.16564514239172 38.64643383578365
40.483393349899615 189.5493689592026
118.90097054077798 103.09352922198248
172.45542931108312 18.299390387221504
238.05865324773202 71.11112063224681
3.395016578770421 177.81691701760198
10.450229166612813 123.5401912668131
211.68927385662894 106.78403946629209
65.56111094039183 180.431033905
36.8142760595436 112.81547706387038
8.477901608468397 31.160344432137943
70.33769672783532 196.19884449352432
12.03092487203028 136.31869749904624
229.06521197810693 143.6095786231485
50.29767222219281 41.35475729292584
8.261657170727327 189.76160072507366
171.18648334042055 95.99212038058657
100.34012650726923 58.347428106899166
80.73438653816228 73.66225764269954
39.496178672940054 66.08684779993106
236.8224537387468 76.50864836616859
129.86768535916553 166.2129103324517
9.280350295371054 21.156761150051274
170.8687362871392 230.1857964900673
32.94041085548233 211.93902966513474
134.29070539209383 143.10386836759406
177.50189460153868 28.11249929424789
88.15997521547652 49.56040132600798
158.3145905018877 129.45870717361572
40.598438181637306 231.57198961706436
204.40350700806476 162.34156379356372
8.779740743191239 32.1767943848241
109.37404136429227 210.14737843552828
58.17746695917575 193.93904848673944
51.723850454938045 242.78812218749502
141.95952659024715 77.62725020355751
238.86865688822127 147.24716250907122
33.09306477231455 160.70972464050035
202.58118827372846 113.98080939942592
173.00272256885654 201.52400586962602
235.15227006397018 219.85299654987838
176.92357835999883 134.30725540554758
70.02553290801 194.65986045476964
134.82318976151782 46.61222170987647
249.630074483466 229.3197474478443
61.57353771798568 6.758248975878151
165.30245792782446 130.8493896677937
41.16692111072071 82.19614695495619
151.00411033908614 173.96893662478584
55.57723922464275 83.97008136963582
72.34976936691059 203.40811777572145
75.92480939182941 12.71887830119567
152.1721840738832 70.45506001999306
113.96540207172052 223.41123650829766
146.61481832296357 220.58145676232834
61.338693541101414 162.08079586072228
62.46612903745608 165.15620090328667
142.1097331283765 100.58013395535711
116.36312290239803 31.386105153222903
204.34690125547377 48.76308684826272
171.34946222309318 161.00612324298666
36.10978638398332 167.9077699909586
15.317935873241373 52.90202887509654
133.80462815352877 23.948784624470477
239.8578584315303 26.88500400911539
16.467120499557453 15.624168454789672
128.42482025778932 61.84851434969088
87.77884153463938 33.616503798772236
117.78614055212927 40.82920497429199
195.50484016369427 102.490294278261
221.48139539350558 16.60455667726196
222.37869108284173 232.6758869565147
201.02398287691548 212.9418701373229
34.8856806111896 177.44759037523409
165.87057084118433 196.8394976823563
54.195068800266064 85.8112329453469
207.1053003211681 26.373582025243675
189.3583785122383 135.75129925003026
209.16865192706564 78.00513884171009
83.53199131969377 76.68675101055203
4.733211606506249 120.38005911022121
176.9954058025649 190.03150990034553
123.00632526169886 164.66079075372272
238.33842362989407 179.6071160574192
129.05626404739968 137.08125925080046
222.35214173669064 242.41051355005462
59.05218265855572 87.30737685597329
75.3059569303688 66.24370257894866
155.29916828296598 110.29512314343218
238.7234364864316 239.72932805260226
44.051678323722754 44.28042188542947
112.55055444707388 86.77657901908539
19.245596014408285 135.21892266891967
21.078504524757708 22.97217399522375
80.38459454092714 122.30860937759248
160.02869054346013 13.880009856453295
43.91827255341404 52.24399336506283
46.18763800030515 39.84753162088708
15.938436016854741 175.47135789735074
239.5352376407222 203.0748424993377
224.0397306962481 16.593810873346605
107.30187407140185 163.49919505689044
20.065899273673164 180.51730466402608
225.66856694689437 146.26661634879034
158.02612726145276 237.67533329009598
159.55905730816397 190.88326007566965
214.7236459494541 140.39853673830032
26.35338845521237 213.0061566463365
243.28834088255724 79.0715518812998
24.427387012651042 155.08792228320812
96.78430133592578 12.663832393297241
249.82187480745503 159.48454264718112
210.2972696795115 79.80973799597857
51.71512411950929 183.9152184410235
144.96475707983797 232.61085351652574
87.57964601136445 92.08891862424684
80.61907202037801 142.43770894829296
45.30263484482583 232.94310104842518
200.04879640255538 184.2481743626138
241.5719197562144 196.20644827947095
230.21949960572735 213.5868001947774
178.61739726212693 75.14531777893274
185.6052164377882 158.55171663098093
216.4154097250764 63.88026856230894
89.04725405666062 230.97077074269959
239.72658211326737 16.679933748018712
94.52565234149333 15.866500315263321
210.4755891529157 41.938878858961495
200.47925758655168 206.9797601096314
226.0769614789005 79.63549813075218
104.94606468442223 124.84532458514123
61.64811627256836 179.77988227162837
116.08531014426288 224.1230477213515
216.40376702237387 110.32620570514092
242.24875389783764 222.93603577157256
228.02809915724418 61.70049528460539
75.01906361638017 4.999832568729573
235.91433596557704 109.27504420758657
149.6336172303164 7.086165775591347
91.13559247043426 77.51518060328024
130.09484529531622 169.88951779845874
85.12905233260155 166.02864224440813
0.7446959741044534 55.10590993471578
227.91013046977756 183.60698571415912
144.9735894163174 108.63088967115874
49.7461289787349 242.48085063653406
245.5472626659431 158.24454179510096
148.74027346412808 76.15328164649543
163.05764209436143 179.64356836629256
149.7025332798388 110.62060223722558
25.43136467019444 79.35689855787912
195.36610964917443 156.68116084695444
160.7625678815633 127.67483304843219
166.18497417962269 197.21819232152558
245.36120397021904 238.75452872675586
9.927669369184544 125.705893837258
152.50518681529297 15.677219055701963
61.389952286917016 62.27073425275939
148.22734138134385 142.3340004557992
236.51061638436073 50.0565602247017
222.9907207316508 165.15847632417157
246.64379650337227 219.18471296966587
196.91158629916538 140.84675682424222
101.40234952893404 22.08449912023147
49.17190447851327 112.09887157557827
85.98961197718019 187.6198968155659
131.72538246171843 90.90098350192727
146.2147162681003 100.58668738276316
118.40337817572608 196.5077499404202
162.8101153550176 138.81314960478798
149.15887608565427 56.19150313893262
245.21991849701018 131.42254333804775
206.91961172928612 234.97195376248362
114.58493427921287 107.50739432853099
90.4986201067066 86.12763675058724
80.48881633992144 219.36239914519422
152.36294965486633 44.218888625918
96.70882724770483 127.61048336343548
214.49241016845238 176.71241103173577
110.76214300416635 188.49434137547533
69.9462011916138 198.4440205619761
82.69324499786498 142.40051257483125
214.05135033543283 38.654944135694116
144.98605165523853 118.55393102428648
90.42651420406591 196.9328049283913
207.9125401222177 219.3172939025476
67.10835129178253 59.43392533631567
87.97581578005168 78.78433862365866
80.3270916167444 100.24098956087596
133.04333688787543 132.45084893761856
167.15692693184644 243.96258616573374
243.75586233330026 82.16438172977847
34.546271006583225 28.572624744479413
87.97886414006867 190.82890148859516
213.94178822893483 32.88949938185473
53.91776121580716 240.22660551305225
4.472743648086336 84.59181719945616
220.97389228731518 82.63213603779967
152.3695498546333 4.885188946270463
242.52841424991783 121.96278508913863
203.13017565299296 172.89238005254327
35.315731687693116 236.74527660796778
145.38997681562802 141.5521707651861
83.31060661918663 105.41762050975836
90.07751657958258 170.1109096853914
15.380499979899126 241.80825303748688
25.095824238979297 160.9749538704221
132.35732824939586 120.07018503621606
14.934186252074294 110.58546141256406
91.71101184052743 78.4515088175822
6.826991088681039 214.4414762972964
123.05523054653642 113.0080034435117
186.76432863684187 82.23692480080555
186.27843525080877 194.6330669366844
90.59161460490925 212.08483689005183
69.79983600430658 160.3029606137034
44.26772844757348 137.47948847437897
6.718695050027035 239.45271154681174
92.83036499334688 100.19077854910304
28.22627143218523 39.808185249339125
168.64311866513276 166.72193126997539
128.82677832015779 2.8414464822538177
218.3644884686972 7.343420101655757
248.9272861391033 224.22352250381718
14.310796782735057 218.68104769728888
120.92271819569837 76.1749189445749
103.60690751589624 234.48957024602768
236.52141456538592 102.71798216448491
92.05032951212839 118.79266323610798
86.91417262969311 178.3026604725444
219.33178882994807 191.92880187167822
191.86948606712818 134.65909074211993
137.81270846627308 54.589466912204756
25.217021322464895 23.117050543656646
107.55844049845098 59.26332367939938
226.62696199496804 65.32064432901244
204.652286137551 248.61973720374075
75.88782257487492 9.542743858490187
125.49837646862888 12.676885901272057
222.26157490293406 4.9907203238551965
34.24825928941747 168.82559367189054
195.74652129429901 126.30720068553406
91.79707186898759 126.09280514282314
96.88527319445181 132.5984466432019
86.66607294575331 184.50280493746072
67.54441420347115 31.695324505859183
61.577166114069854 132.9955166422052
41.329928365024664 226.6964407287801
218.53285007378992 150.10758537411164
200.2360621813308 179.74143064412888
71.07840788697844 137.8068402288288
25.153477181788453 193.79031573462666
102.64021695257333 217.67109978070738
90.2748970509905 48.49566018558937
99.28463011328046 204.8192984268774
12.691396059545196 218.50108066468061
115.21798192432558 221.49477240053318
19.41739858256053 19.890048904137842
63.297812782711574 34.133863729607306
185.2157475262708 43.826530266222605
75.41070527075897 112.20048009626608
32.77453783535089 122.7068226048737
203.2042380525703 151.4422787956862
48.72544252964778 114.86705701807554
213.77384294784432 15.42062419359036
52.43193045688954 213.2282153376739
107.45331347321479 11.6607076434177
157.9517110693881 40.501553033749246
76.41274560304461 181.88131757220708
223.17972640608795 191.10125802192997
119.37639445627121 149.56001014310928
19.47531515678666 147.81378982667627
7.960642985822802 198.09979398968903
202.71111080230457 216.90646260165394
5.4625970273495525 203.6131404400468
239.0849257342875 204.4793380444444
56.06554507420508 52.138577919162266
119.4796534358955 7.3920297369839965
173.509278516273 178.5020458980518
88.09172108615013 137.8000150065514
78.60778315412226 92.30425525334083
120.25457821974462 241.80213008785182
101.793006248982 49.31410184021834
113.59505837392092 115.01795477884232
231.50897260694302 230.1633394183314
163.33847664195594 94.09523348897403
234.3733571754988 109.89618819412347
178.3881210211355 201.50468057787882
39.52565093083607 61.513886793923774
93.96455235469925 206.44875347174622
222.07121697593718 185.48955845765468
214.93343219369177 174.73771101089062
143.9803712371475 44.107944358606154
213.55557969422114 147.5540621835995
80.56245991297936 95.09145857151042
174.01338330142693 47.484709470869355
120.88675011069147 132.52684781648998
180.90566303739604 51.57711217118505
205.149113005564 185.07618692427337
198.07964557678355 240.1825416600022
123.06450867908775 74.99715369438812
5.000898028003409 194.77204822765472
23.139434871566223 207.9105030861867
212.63122142826705 138.2733462664997
168.60497933609366 206.2432856358985
80.2401860710879 70.62721974508518
99.72940595245733 58.07331905214297
13.347428717100762 179.03734469232248
116.75247859475022 219.97184264986743
153.4752361957924 75.34847347435719
25.704056827805076 155.16080862231195
216.53457516752573 166.35584413064237
209.3469107430842 129.21341474308068
38.21484064530104 232.95518782057167
141.40317254572838 208.44096248685605
55.60827121329812 145.61062348696376
109.72546477572162 153.40072652902955
208.90294202865076 65.66961093927792
145.43417069095992 155.46010403165747
246.9212062471744 142.0255203220724
75.55289101830873 243.55293809839208
202.16745561953266 8.223551565816056
29.201109210771737 228.55471256980903
166.63518270796726 60.41340360492303
239.73784675842296 26.984818922730053
91.39376076624333 108.16610311462316
53.92982064955437 242.48054787140777
83.42351609728726 44.23898664280562
103.70044962453603 97.21236901082348
53.29919784769435 104.3630663655809
203.68809368128458 13.651030926528085
102.22415151543379 246.638989434187
24.109971345313703 37.091885694975765
95.33240536239066 154.22167925701604
86.85056583580314 129.6737625928524
125.60035180344886 223.3121896229024
221.21281787198387 162.26095647559615
12.367718847667241 98.52611289030477
1.2526161674947245 164.70340130686247
184.9145924239262 227.4904207014142
25.143604487291498 245.5508552850727
19.127947140965635 118.13030614832151
72.93478580725782 167.8960184924337
20.503671380508294 63.60239742755092
177.81709786953058 28.36945969377641
145.48099008109085 72.88617456809213
209.1715916351803 230.14479083616465
164.09679422345428 55.83413591996636
1.8391301507809932 178.1343209627631
169.52151584256376 97.22240397235926
140.05979454136332 233.77298645758262
212.9755177404348 21.281546282621715
183.0344339368721 125.24205013076975
193.3761449948463 42.417483517185275
60.1898213727983 195.94447492577154
185.73499774766236 12.738473479915747
237.12408839210156 67.37576226994499
11.270090705117447 233.98641915474818
219.560837570711 66.58858381419844
196.65288229144846 111.03409588926361
223.55316042154985 85.85992643567123
138.3813596254501 94.64720699456505
6.134919145571183 163.5905251041388
216.39049891374864 51.19565237110299
225.5813948359015 149.7160120798297
175.6752919126089 130.31054563042534
5.645458186691848 64.73233672675161
37.48275908504758 142.48655632847644
45.374825600819484 216.05894485408888
198.05821981185423 154.7932972811926
6.583595551386018 13.195819801760573
61.42537102107612 177.48203532357945
149.07114228757476 65.78489681806515
51.42378001473696 208.53498374901977
119.94565652186073 241.35826455673958
178.2725106020961 51.305867480968075
155.212532586701 215.51040954143363
227.61357940813994 109.43856116309655
142.40631564249915 121.35119623495963
159.39173124485916 117.42193187469904
44.18682372354416 249.53268440592964
248.95448577429482 64.92348950442687
49.90872012700992 113.14608356339065
74.51299435718056 202.14938950617818
41.94684747119931 8.302786751930636
240.977829952429 38.63715801525888
197.67352104841117 21.691299781507634
0.665204583938761 121.24021426919768
62.54800468540683 50.830085960191646
223.09002344093074 229.10234044671685
96.0764020616017 196.99410000638332
69.97406980679838 190.4916893867605
61.73364680444221 237.12483489149807
164.97353379286102 25.63347072175104
171.46580410765776 94.00414352826506
55.171149950996 91.82741206945178
143.92945403828125 27.106811959502625
217.0411997886586 179.44147521943148
114.4821227910038 217.13854502268194
217.81798874170798 219.45680884670844
133.41221233922587 240.24221820216061
179.5620933800721 179.1315941244612
48.386061832682095 202.61846727859347
100.1860855830235 72.4938145570207
139.27738949423608 170.23703771459296
168.32804179991695 46.14024548978843
24.137616865090443 236.40173065976464
85.28724792936431 16.223143328016775
117.04358328109512 231.83209968997227
1.0095439790580307 174.90405642971072
151.9920874126003 227.2608195969068
114.38014651581189 151.51386259615168
15.696915721994193 240.2690100717369
232.89624937957032 3.5564422389570973
224.8972241852696 232.01930854374385
37.09095489438571 50.8962139363344
165.7453673992509 94.87053677428364
30.011906042988727 234.84176234826802
218.35251970406128 94.51583007754292
10.819769815040125 249.10072906799957
53.93157706886986 85.08477004086012
210.0760159324266 149.41821010983898
86.80252831084542 159.93942643508674
140.31087830315062 38.68054673547558
101.51587734489657 128.00692526456086
113.5167150765167 144.3692991392366
35.11573151158468 132.94474907290643
177.98871954650113 94.46231850789458
65.82757159751321 248.426659233519
181.09134155920165 139.9721159908509
215.14471494051276 23.176510871554477
56.25276749907046 175.4044296871555
214.45881835415992 216.70757964361604
208.52271179599944 170.3976993787154
124.09004695010769 137.2840089251509
6.9505831095883766 144.03360685091502
156.88985958790764 162.99051305093323
241.784588539717 202.9188204805192
227.7901185024321 154.06853120140366
55.64889258951822 142.61235724937592
122.97559295874343 146.23508269323932
182.9478732761877 14.22197710367204
160.42762988786788 66.70015044343447
217.7706852320481 74.12725536542067
82.6045628628085 15.952257871051339
69.27063842597676 132.60231158218045
183.056638204507 221.3970625087757
246.148639623334 135.50828324132735
239.89883710514388 106.62857161017897
207.13297764242773 152.78694485758672
187.74328486844192 124.20687211769469
101.38040424705092 64.02551187862962
75.6398685773989 31.48504576452915
126.94798287965217 212.37241208584743
117.95990271000537 221.6000544226214
45.89175960878042 72.6821338153946
15.042092478502884 151.38173152042597
47.07050758911152 197.91907190855204
62.32697066318882 181.28795077693215
218.78538626288395 226.66838034840967
30.909997387227357 58.141540732054466
243.850466874307 236.76658684275168
1.0234016936198354 10.789192712828438
132.4606758708282 37.711285756081956
238.51636731977408 68.97562118041692
52.44852933102767 118.87981953151363
6.079826420205158 11.47707494060468
160.65995852300605 24.98220924782679
50.25012388648811 33.13777544961166
222.70293345514014 158.81567219580077
168.17281072524102 73.87764016469725
101.50822281789173 125.09819510056863
173.76339496891964 23.974058476570665
166.32095295407157 81.44092609078871
136.08496126821777 52.72879908340941
31.893461848981786 248.6532422201571
138.1319892840173 56.66955141592961

702.180726941417
971.1297481031304
1107.8283424423807
996.6309061240214
271.6843149060863
88.16697809842228
778.764313718463
691.3171753573338
777.2392872845156
1000.0830854092993
984.6971905992337
262.20764312241033
882.1897780527358
282.6391005246538
69.28810251262763
1040.7029001140622
888.6738127204767
730.1015863508452
139.66734662479024
719.1013126264147
432.1076778176389
244.403805759528
945.9150711746925
321.25029154533087
140.85965476317546
795.2405264291776
905.9829183264063
1192.9711108591437
475.18958069092037
742.2093689259457
548.3330739889697
257.42890305247124
596.9554157309326
595.9090788511362
308.2009643726622
545.8640786243158
1040.860211504341
746.446979737313
962.4068348143403
730.9974734152744
523.5842054869697
969.5853548654692
889.7877781964839
684.791731461489
494.03646603232437
794.9259420729976
545.6469969299472
68.39327017229282
638.7746691483338
330.64841345532176
933.3106725441095
1178.4576024256996
57.52121889411079
254.19145222189653
232.86580567236638
188.86543723659923
535.4779829349234
348.68787469394005
503.790956888087
1132.1873645028995
312.7709862302697
1048.3386683395968
141.37848536200707
241.35534195305797
5.229620721449006
634.6694382542098
640.5246009476077
111.61378130273478
1085.2881886406367
1155.0785253730974
560.954237305651
136.92899411774007
755.4582492981224
341.94150208153064
66.0812795960558
909.1164189278819
1189.0343161995256
112.45800242272522
598.1083302616308
889.6772777262339
155.93042042935565
433.1865312647179
651.7907109712536
743.8295607207391
1176.3774843787126
218.45004181275317
517.1670431881118
658.3340653827734
630.4574675245184
513.168224422244
1181.2850179293594
1189.516058245696
441.30365941161966
140.8150253688034
163.05512318899687
1131.7872985357471
73.82966064202185
348.0098265903303
852.7155766996648
402.86580948674725
457.8353763601522
494.86347723060624
1142.7995377932841
1157.169650891379
161.47931904084209
271.1415352131601
570.5580207049725
910.0299377780494
564.6278752232348
151.87944272802312
1085.990137222886
173.6633278340118
591.0747877535293
1137.6169466184028
1123.2397794380288
351.84275113033635
827.5790545183133
1028.8312498611608
109.33726888586189
317.2713978182977
1093.7054305802212
391.1649661632303
794.2929709891245
536.6216241163964
79.11023158473309
364.36228528404143
682.8965450106808
16.849453202491155
346.2696638524884
970.051208360957
1014.6308177110371
9.45925316378466
528.4889547707779
261.97778032905785
698.2369252609581
258.157086999154
293.7600058592229
139.8883144348263
371.881530172705
298.2348668027525
969.986323772242
889.287292215186
462.52987881418994
793.4853108058302
652.6016556271184
635.5585804862128
0.6782200591378507
958.0109597938703
302.0535471932812
1142.5089640676924
421.18975668612006
352.1575213847773
654.9507598329665
424.08755573645306
260.85841189724874
228.9103241856458
632.1472014114275
1031.694598671296
459.6467510119107
413.7016658103783
955.7484156638968
715.7153463857501
47.08641384399972
342.17722019184663
868.8431548890771
196.98482974898388
393.47507189245187
397.1987564168477
1081.247480854775
793.0231739869134
168.06464899027813
419.0551654383349
565.3501569791616
1191.2580432916104
805.6477985254586
1173.8032906907224
487.5168990329949
63.57225525632302
513.8185159648889
932.1993231528954
34.462692699010006
406.1579113848102
1094.471051125729
38.38337144992143
173.19363519107873
817.5136490715652
1110.0399521005477
385.7663393839321
205.752685111169
704.3459567774507
541.7938879399337
75.00549481866777
791.881335979026
562.3650167508449
625.8136489181322
470.60142038664776
574.3236388759028
586.8554284185053
1031.854660962658
823.1330288123004
365.6068424915065
186.94860652398432
992.4677510786626
705.1094942829743
49.09941953586699
180.49356851232233
536.515809887974
590.9891257962895
1197.867037380929
826.8367136385975
523.5416723001792
649.1420103641062
549.6033132523054
1018.4352860973055
831.2282153603437
30.505013212390054
125.29106010171908
231.83259811619584
456.6761077664159
603.8835601823662
351.33401764480436
955.5471623971192
389.5707372865832
893.3664648848084
998.4955763280856
705.0923136528929
853.4683149740771
154.87072828311042
471.1052033309204
1041.5618580475566
1173.6612087540695
819.6713810902086
462.18818099598457
496.39985749167766
393.85599313845023
1200.344873953045
703.7904553899256
1176.9143871077297
941.0685550008089
911.030699872772
256.964985881606
255.86567370893482
745.3563300813125
189.37641894578738
343.7936915222738
1184.6171187088828
591.0263640258578
191.71211190267084
611.9001691847366
874.3087720905809
98.54757340852473
590.0871372448019
734.7927041087235
379.05289011702666
339.817721785263
1164.315466023742
284.6780620580959
270.92904223887797
47.08891513296115
696.9802063531455
739.10795071982
75.09028013718694
921.3948138943047
623.733608414238
635.635469218395
136.65582625490254
1196.6352632979979
613.5038944022383
1134.1178581838922
485.6295845511111
964.3707074060271
337.0050931361087
380.1599890793007
1120.1822320608048
139.03820035194013
197.36897969777536
916.6706663049818
499.3306368592811
337.8621016968363
217.03503094237612
62.50354343545245
186.94847836720913
1190.1174680960273
447.5155373272152
568.4663643130302
709.8517894612398
512.5758359952547
826.6564182307826
384.31057088491565
1171.1321218742987
989.8632865377706
608.3221591567916
845.8267636276933
553.0596974193152
1044.8796869639057
952.8021987663517
407.6135955370868
859.0245212470676
339.3771574012425
819.2483404882381
437.78529087754606
109.22683466558722
723.963463562486
544.726423922052
905.6004651543426
1090.2046738299086
969.430185241377
744.2821223162325
56.323168377432935
607.8383801497887
202.23692370417592
153.7227484820308
531.2641245523284
490.9737298828524
1159.572114396471
478.1839250024279
545.5664997744079
1002.6079190622878
141.75136624418644
84.40339053143738
738.5916437617724
403.59338554178447
679.092782414207
979.2313591121821
245.4454421816802
284.4191138618143
423.08033793108467
474.57491907318973
443.90361683956445
556.2471842738906
892.3443199332019
983.9355298753198
182.60292492525846
864.8571623758445
481.35553954180875
1106.3134282390827
611.0139085322232
750.718812677482
462.8482478981764
205.98476906803504
1200.9600524278903
699.4904708137378
948.7012571015398
32.00446301474192
485.4678342104725
658.6680292203818
298.9288512184231
887.552467060787
860.052590501143
660.6361509217282
681.6932249874258
744.2795957794609
1132.3204130639238
1026.9098677974093
1053.4578160297945
824.5189345659076
978.246017512422
1041.9379714977501
1045.4884244705734
397.51415940554364
571.0716578003922
218.02366274662126
798.6042563129087
1185.5979859572126
1033.3702888260527
892.3877113383296
697.4478656011228
477.6614349383645
940.879957488714
400.2505163573353
984.6205724037659
985.2766893307601
133.32412245187763
989.7246264756801
810.2585391528027
430.85176195076735
1147.2182066740424
560.8682102851968
893.4064315463943
583.3858865298065
1169.2202281693824
546.2548687370032
300.951776884691
961.228143584447
883.370751965517
588.0530577279999
383.5117380197944
1138.4249657801436
687.5533564739172
950.0125804639325
150.83874720333498
777.0154094313825
926.4169953405973
1135.3315978957255
745.1625857678032
880.2182124572084
1129.623428200549
365.1794549403535
1040.3710314864516
437.59054028341444
807.5230908539662
513.9327823438191
675.8043739775718
970.8318436938861
362.02013686356077
1105.807882814557
935.6919519213797
973.3326961027435
964.1541685399841
364.91331010746535
408.5129661075541
896.8724957235884
1132.4122323215768
286.07380586417025
334.86351501272804
509.7788882761236
105.03548942577773
1152.4049189596303
628.2183983678642
614.6211508701958
48.18567090466041
413.71354559706344
227.6665435740039
305.5550989962255
810.1440031714247
990.2298609457353
395.62644963752473
1051.1327325600735
325.4601180396813
947.079328423363
921.1499147815517
118.46109166216002
778.341073237202
352.5918982513462
569.5915781788572
113.24883696592788
704.6194405707129
987.865184104237
330.41302657026574
365.37994219656565
599.7156275449195
518.3230816280332
547.5705998507611
518.5053650484754
319.99696245277835
763.8742723312554
811.9179365214776
635.0573956452677
42.70892808645548
126.07152676749857
212.2667410898189
546.5570761660166
1031.9942558819214
529.9647468066557
649.4992257729466
788.2002790394631
651.1070611919605
819.2440343307962
1191.0124274317463
998.3135652159386
995.580878679939
961.613847903751
750.2569575761628
662.5420845753392
1100.5584384927604
782.1692737912568
998.2592433371979
810.9097440677523
994.4359525320647
457.47620788648084
947.2042150012373
991.181107036241
1099.9138881068172
1176.9795020837819
814.6634040711332
593.2219703420313
936.18146802418
772.3707277721807
184.32122265940657
771.7447638146052
201.90445401933266
904.0453417923886
177.56806062643065
379.7023662062731
113.17613780616534
1045.3390523418682
638.9870703834556
150.6219791171589
620.7310566834261
888.4079342395772
627.8796171818204
729.9230449552839
317.9826953583652
431.9019348292333
860.0453266609023
1148.6276611646613
852.5602108589321
665.8402524933043
380.2175919924596
342.4368442346224
1103.1019296482818
749.3515924773444
833.5655015436104
194.07192760273918
600.5239403431283
169.15447646738278
304.4394366624341
331.2518722381149
1032.1820757368641
997.5624009385656
688.9564138563479
510.8844848351708
966.7473519012867
76.15325743362033
248.98154583276497
533.342808189123
104.38685674878582
277.71525415713796
849.2558889209607
984.889714209661
128.3029727357146
869.8438142146092
957.022600671874
494.98265165448055
378.8166755095408
562.7623815426927
515.5914567123991
191.93709610878707
221.1364762604966
447.9736728794095
1158.818746284953
9.680823989928019
750.6733273403429
98.11738839618654
997.1316232064496
460.48422846620775
988.5749680526566
962.0315685582726
930.840592560705
344.27755259962925
16.55215030721965
859.8524988283137
49.66704572996923
1082.7997777518897
1014.3909937666764
56.0135158077134
1038.6920966258292
1131.8108311941398
505.67362008846794
460.8640816612469
1112.6590384195947
647.1642681539777
911.9422118643071
1190.683814062758
885.524156902883
624.0652647625141
926.7418304649638
589.2548439358319
960.8057091434729
754.8268032459409
947.0296257027608
39.5114748164369
288.9442625685907
1163.9301164452006
1058.4396216634793
184.60384291877293
499.9623521273231
796.8489548257947
20.578423240918777
130.54452412398814
260.1992803345754
1192.7963017721609
747.8023764789885
448.71759999644763
757.7542371309252
1118.7289439635963
909.1666355408192
1003.6603384852781
916.2609642621093
975.5016389395995
826.9421253515577
1186.3366113361492
82.0845579980188
349.51012804113554
129.400906911048
720.522980807546
667.6965612599244
764.8728378344957
674.67752330288
781.5107658097419
795.7104465619316
147.7379871796951
370.42358059722557
1057.9663282151787
678.1342934721039
927.9095679971673
1002.0806224182143
902.484509022598
59.591249515262966
341.53832294218495
1005.3526982758189
922.1070551168096
684.2328709320761
721.7244869638487
933.7068257832198
273.68207017138644
366.8679294679929
778.76458315084
857.6955080626274
202.47551397534818
645.7482962455388
250.85363270749738
1184.9292707799054
552.0177433577304
183.58483402823018
357.4318419424287
480.8531730967099
802.8800156150933
869.3686228162691
937.2192028337753
1007.0492147024862
240.44642815837057
626.2299812193702
361.54374973442117
400.14405761978463
94.22025053490592
1057.7901950253256
531.1381339781583
290.92244748031425
1081.5829025202559
1067.5779848912014
766.3578959074368
403.3024355571609
1119.0592778518533
447.7406182055142
784.0532947126001
9.62680205628021
539.1153544101659
296.0209646615061
247.75012903144116
185.2434815889498
164.15937117556751
822.3216909314698
699.8078931663912
393.4973910215908
484.42464439270157
712.6992584149344
199.88483622352425
138.46412495566724
569.6219308851718
840.8012988363646
297.9580047061494
1028.2524967395887
815.946717217088
755.7786094733248
289.85338317846174
830.0220162189127
1197.1034367583325
1102.3212258148772
1160.4481516791056
200.09272473094094
1020.0682585504468
1044.658767028259
694.4281973879109
375.3113349426211
463.98772969610644
927.6069022466492
709.7472172142078
705.2840713584875
401.6201585074444
175.94473275244042
248.07317348956303
901.3247195733479
61.07489851206188
990.5665021707366
773.8465816578665
864.4716348756014
585.2087071441738
574.3804955865548
256.64819838520367
594.8279784241741
614.2702927432251
49.618815863778536
258.79213958985594
757.1654693376479
985.8378779931129
1151.4950646295063
112.20854678027466
214.1422205587078
1038.8890655456046
12.241519820711412
73.41788282688124
856.8833804921421
972.8560625828852
1113.7089058853926
311.49719308554666
766.2889222475154
742.9852691871481
511.07114540890905
268.39476283345124
975.6275351791662
107.20957804096979
255.34240604023373
835.2438715773197
715.0246178790304
309.9747290232972
939.8190911420947
492.14008563765316
430.9576362991972
1199.013253526051
1021.8389801358128
309.8257262079247
937.3617870190863
1167.6515681982908
537.2889371648911
805.1106641266772
1200.8872729091881
606.0389026670216
297.1990719319276
1088.235984741074
535.8294862792058
579.6162002562078
979.0238922493643
26.69570984442048
590.4763403749198
1065.630466924113
278.71151951912975
957.4661408293891
62.175120273139626
288.42469427693055
885.4366342374183
933.581457412472
134.43975661293186
819.2916354883387
771.4168061181047
1007.9774809523939
148.33237762641545
925.0447227880704
862.4436902925368
991.258902059919
865.4204640033299
1145.979043321461
932.4120521180104
903.7757840426236
381.54249052540285
79.86301038013335
934.5157072791656
1166.4340612194558
504.42681584119725
1158.548044618389
325.4552370486526
262.27064549002796
399.41685107806666
98.66883870594616
795.9032057104338
337.0367695880828
304.0331632815553
345.8905839758381
584.9638040587263
65.13270914843632
774.3621331905284
76.69063157246003
439.229817350346
853.7450696883856
1038.2876302240886
992.8264078740737
341.19069407527905
1087.2012291029164
227.12421960604797
999.6459140580833
599.5097523665772
36.88051860442727
1053.4169406499695
1135.8610793310843
856.9450288937028
366.51592522705624
748.2491216096973
393.74288797618794
938.3189784698399
154.9231859088709
336.9194358611539
1173.6679507114436
21.381705365452955
1120.7594048043056
160.61556326424449
222.77176565886467
497.9046440798118
939.87259250149
926.3339138457769
1082.9432123556367
318.75130140517996
555.3225340361711
393.3345410435814
438.412478773851
66.14869429885854
848.6689054693777
994.9788603847303
33.19958066393067
553.6875112943146
1157.7525731221006
248.71732652395616
267.03594764484075
404.20611016370407
604.4712061458945
566.2940786248563
736.1211845622731
401.83305758865623
693.0439237069693
112.47796472238267
702.8944349238416
1065.6524044473997
1148.265413193179
1157.038202626437
342.7358432399079
221.76579215544956
235.1912217861471
39.4121445623763
756.4199574289406
651.3195982726191
769.5176710105198
496.3975637990737
1127.0912850582688
650.6204289561654
379.8249298672081
556.7732214629515
752.7543195724791
1071.3627671752618
1121.5162549513507
43.47715265529997
487.86109847888326
601.4916228530439
1170.0445760935997
423.90972803959903
846.7508740742577
418.774207158887
1121.7392049765408
92.2459364190583
174.63370809639585
309.08608828608624
980.6199969648465
9.958167458876948
29.683354406239282
686.1161316542782
208.69498072931893
141.8036819114662
391.69726164541487
808.8795562684503
440.3366305435742
178.6037700643747
146.73467360344208
678.2664685133884
1104.85048511528
515.2921092538256
1009.6115343467578
1115.9576212560255
43.710319335394566
652.299152743062
864.6873557839833
906.6387797995468
589.4851692515997
1071.2009672707593
760.9219335762499
937.2460361735557
936.343944078154
715.3022978996444
633.9237839071048
1027.2925319541691
594.3494790106406
228.0229564406938
483.8928153895965
784.066227540659
875.0126102604349
5.62425227383383
822.7915331024158
813.6684079437481
562.4883115250449
38.8279050250341
508.3754374872639
467.0791165161264
152.9512316499992
452.017030875446
415.70456221513496
325.02754982649725
28.958612860043306
61.759526343391784
775.8582923587469
315.90123313550134
55.613850674961
511.12053192163796
749.0464346197492
28.367133158451818
842.8781687667574
483.8425139211818
790.4905003800316
595.4213965450239
222.7984293062831
348.9013685158726
1054.293783210791
380.19715182164026
452.85909459793305
587.2218655809338
956.7321983329023
264.4871194897524
104.78358664775597
786.3948557266613
347.9792678414258
90.77491480094497
884.610682735717
740.9115726062956
532.773425868928
303.04196140550994
1019.0443484418479
71.14597517720111
296.34630323441036
599.4875977631791
728.9866616785442
720.1884075850559
270.13107033005446
976.9493006627489
187.54360951080827
517.9771184282391
675.0330903855702
192.69842882663426
1152.7241993799125
942.6651505200815
971.4898266933876
1129.7242541803928
986.8133505790953
453.7290391609898
217.9944446328559
1120.1430741617721
558.481848074234
460.50315205075304
486.44693066356547
1130.0913742530474
121.36226734367196
1090.2904135535318
161.87151447444649
234.07172028675188
383.1842930406453
644.0808567528965
1195.2049302362768
975.6308816632663
926.208542036693
1094.8004845562205
1025.6677723080322
979.8274962360794
487.7772685003245
335.4437502356028
767.2267853405049
858.076671318981
994.4146219407195
1169.7994850827076
1009.8714531561162
1102.731544843707
854.3436013363571
531.2951064062465
82.7281591950258
278.49783054922403
669.667074437974
745.887540924395
371.20464959199865
157.31836347746233
491.6213298283969
323.404748743989
63.1142582666948
300.5659682932368
910.1410076926402
606.3526474750166
385.6002270841166
856.0367153843043
782.3565847663187
91.57816877403708
1014.0744707095607
198.91863919424756
852.9368461823175
934.6535833136486
1039.099038012908
983.6154176488586
650.0786329485727
1131.8759495737822
1018.5282684612282
68.08041812482637
880.1215190157651
785.8995013764853
358.1202964821488
471.04980582860776
165.19333429534373
331.45124476927907
926.5928022572492
103.39285409187325
677.1673916716734
1066.4649241672955
1149.8182509751448
592.439970338878
309.187067916193
1022.0275936535597
1119.513602524147
638.3727433215735
205.57460909407888
963.2989051312301
127.94037368763544
141.04779714637448
737.8132333126771
10.407888218253506
533.906834658736
1036.2517046855671
685.0031232993946
1182.5560644729046
194.63040260796555
1059.510279522357
817.9079469892814
882.25139498611
246.97740223846313
959.9873237521335
587.0072636683363
529.6150777739
705.8281105618689
1045.494848282391
218.12235582749105
784.1643496328384
705.4822301349976
306.2963774853302
779.0089359546492

8.6 17.2 36.0 72.1
17.2 34.4 72.1 144.1
25.8 51.6 108.1 216.2
34.4 68.8 144.1 288.2
51.6 103.2 216.2 432.4
68.8 137.6 288.2 576.5
77.4 154.9 324.3 648.5
86.0 172.1 360.3 720.6
103.2 206.5 432.4 864.7
114.7 229.4 480.4 960.8
129.0 258.1 540.4 1080.9
143.4 286.8 600.5 1201.0

2 5 8 11
5 8 11 14
7 10 13 16
10 13 16 19
14 17 20 23
18 21 24 27
19 22 25 28
20 23 26 29
25 19 31 34
27 30 33 36
30 33 36 39
32 35 38 41

