1024 3.0 0.0 1000.0 3 160 240 100

94.71335744453663 167.54485015334936
166.00573236066398 11.33854375978413
149.44821888773828 99.40324030736647
129.63182359270925 32.82138194775289
238.75076053543407 78.9421864159271
84.15112504080378 40.78476579652088
32.055241411960864 242.85357971414638
138.81011453803487 100.95229408108472
246.79031829821736 2.417228030706875
65.21977373034454 70.78816142736494
43.552915129352996 205.72394155050048
197.5331347364425 24.99991662260051
145.5764881728058 88.82187167471068
149.74523277821004 141.62660010662273
248.47208691055735 229.89480340054615
4.619602343433033 155.83420299247055
141.63275850584546 97.43596698215032
134.61250685428752 23.567540494209865
66.0396333492578 158.9770160649097
233.45762823020664 145.4453212846679
91.95001241182696 179.14193572787755
21.961003398354826 58.019230282251144
188.54162957504943 101.80314577372954
64.35832044134895 69.93034726756969
101.56284974620405 201.17805804790115
196.9976929413752 59.78705683774032
222.1766179230614 70.45660259709615
69.6983192921963 48.29243125420443
237.8003257336934 21.44269212354083
195.28791029956238 179.2842472386718
96.64205430538198 14.072235657619753
34.58123037159819 173.24148649854007
172.60080879834427 17.74956502602362
113.56349282442372 111.33145871515076
22.290769249017767 242.15218336505725
108.04462029874895 143.43088575139507
72.17127183694345 96.8336136881603
245.14441429167658 180.15065787666464
156.6312647424631 20.900007979910818
140.99474499710846 176.269052538794
221.69502324798543 20.195530566784498
41.56018366928707 140.74747332469815
48.22655618648833 141.4907452703312
59.37434557578311 137.16966526453362
212.4009468426198 109.0079700927326
134.13706393477952 247.56942463812803
86.50807974221244 20.991501223539792
147.86780324408113 51.80542409381811
82.70100779430726 165.1368151711896
45.63491240832526 145.23317379368007
29.955972076458448 12.606913000011572
75.54774453176749 193.5905444854801
138.04859267806705 51.10346634670948
56.32259215081534 143.91333598260107
149.608232353297 47.49164161624861
125.68766623782534 211.75977039386078
67.83160746423084 53.583443355886246
80.90286216652262 170.33051747338453
68.00336100347343 221.43315938826922
210.88440780974 59.64844822987042
242.7302454459871 189.35327390923283
64.4487929144974 31.043141953500804
8.648676495755513 219.17869734385312
5.66697035792113 165.79184458228704
90.9164171059259 122.82348081197381
207.32579033409394 37.84450450924623
112.20502060153959 46.285671760610825
7.868074968465921 72.26952398301407
122.33147358307764 202.62500877773573
35.60833730006069 204.05954344598558
17.784265703031764 200.5595604019376
249.06594902696332 133.29722905383412
43.077637013287706 127.1110642983532
128.65287706270823 196.0407993346171
26.156213693644876 50.422733619941205
28.253043692774703 216.3813632677192
98.08794923150471 90.87991548402304
160.15249281618972 19.94974568960836
51.62327882382314 214.35386505713512
215.4638405558522 35.55193737745249
245.71191044664096 173.03416734862503
33.09509787819087 27.279901305942044
175.79660094709814 173.2258319205456
225.85317801544863 246.39297320482123
21.872936403580955 78.24500809985699
229.69875007790253 141.104953016522
176.16613321312877 208.26766346398455
92.40722218108831 8.754639832540462
73.54198507555229 210.9475306558694
40.04677573076595 146.38750621966184
216.69706109960936 138.70091821385307
158.6853813143141 17.823896216414113
158.52792088325327 31.235351988106785
122.58162951806966 162.16316636222007
60.4611173234253 105.81069623984135
184.31972749904313 179.82899260961202
146.0549725344143 158.63515278926715
10.754702089369017 122.05814897595302
242.95080436230887 21.242407877710757
76.98024112890486 143.87932529648
157.43062680654856 154.44423986660996
247.71945420264566 159.99847885310518
207.69581521525794 110.85140937891718
164.6303267945686 21.373174024949815
102.57629123361254 99.73857651851206
156.86874709081596 157.8924162358644
135.31751170509932 201.15208508573227
157.1732521501753 40.025456517464725
137.83503405920814 52.94194781828304
191.4241651799266 176.0351210783586
143.33872815391675 100.1786047709314
222.1029194191827 124.06623270734124
4.987249171372666 102.85363897639732
85.12662392751574 44.596778471280516
5.0890619730046 45.1779451598999
243.13632011950247 53.079611654543086
74.68633798492924 30.306928260692118
33.21319913704504 120.10939355408237
200.93705891120356 73.5298508034087
106.92877140122035 208.49625890723365
24.669996942833812 239.50650767528802
237.28242573685273 161.05424520297015
91.4099908511089 65.71490209753433
62.88608409736857 149.02228832192284
121.80367513764313 51.741534572311316
22.89009605130951 170.57811613925978
183.56493279997113 245.32826074111864
105.39517119832902 197.7711352396013
86.37883430675974 156.2555530948062
231.22184221269447 143.1882366127989
125.64011352770734 208.56891370339358
113.28024369184345 97.7232848473738
233.2994922639111 231.1771084651997
43.33077398968946 59.00332078182366
218.21408737789625 165.265438014928
85.37596163045622 228.97364338758
100.19603372726286 88.4347564164395
165.74987032149386 89.26036074728214
29.95682707044048 85.34582993882886
87.46029442909537 181.39390599759992
236.1484780834981 143.9464973448672
244.38429633028068 165.18936735734056
217.5573285562396 74.39272566927407
15.412915618945005 164.05761990609474
80.77753794481652 9.5859021025059
85.38944069813606 114.27451439855216
47.6136578416749 14.313496228893941
48.439021769592586 7.116189789934612
116.54265077181373 129.96504347215824
75.12438694630963 152.55056348406563
174.82014007166632 74.61897596801408
90.85612103536516 88.23284332429205
211.06068100316486 224.25499240363845
180.3896760014893 7.165450043039118
154.78153641957272 84.95032639052543
214.83908274188275 169.92153042718198
121.16529086314729 233.305949354621
194.0094768041537 229.22119839225653
30.167385599373098 68.95165691540258
39.79001832578435 239.21277548135004
28.729979868023115 4.995754927511226
59.789473019791764 93.05126124601377
192.62608410512073 169.50944918786888
86.59557245582405 213.32922615482863
184.06186239723505 83.70871443320776
24.55291307178703 25.08101597549156
22.693207402970344 179.4316406586947
133.72006699760934 47.99335607765881
24.000052841999352 11.125537994810225
97.32575583436167 15.316598049547297
23.79091252304624 206.11929311503633
191.61463303869866 121.00547627585034
225.41137977866313 109.98146612113021
168.5278501525514 199.57338510570176
66.6996018283779 37.352062852275495
143.68848262849554 87.81238459874908
27.037881651210043 143.7042422493083
7.893692315531081 249.4429262355964
65.95826669305477 249.69525758566513
74.18470533475174 194.26398097548403
76.50814890920951 23.856406164651787
63.73959902351789 24.656727648159904
215.80932132473987 235.10767936750392
245.26864155649733 215.0756382432774
187.98424489276135 135.71835703288846
58.713718714430065 204.5505935936594
164.13422399388634 9.935990151805212
192.48763307189725 39.37112022420411
55.607001168753335 190.50151975824537
34.951628495430874 189.55911737491965
59.503280488331754 202.171946436034
164.28809301455584 70.26741020176388
171.5117359271386 151.2440262720662
35.213564939623964 20.99302516017701
8.71054056121498 62.53063730051747
72.27056498606352 0.13556092619576576
197.02158560866448 234.19031639799041
72.33781930524896 249.81610090905525
133.86274691630422 41.15580493700463
225.30705307401792 106.31688784727281
14.333481387301866 101.6439284999564
185.00662166898044 93.84654460596128
43.0973320547039 210.46647668929594
165.50353994872947 16.0100551975364
5.506608087396614 223.87531630508022
135.4236475251571 8.079071152152201
76.21381492418078 209.15161803076637
133.13772451250333 23.440581699077423
211.3299731733485 229.71042527774452
209.02139317480143 33.51784444765219
242.08138468473615 247.44387582901717
154.4322502048387 13.683896657682492
183.02813316899827 97.65195736335241
27.14437360798083 116.40642849381561
222.0585801530436 49.123488087789966
231.68158615796108 195.25289749920626
209.1703859980638 134.97728080941843
153.3184511689295 12.240832097696302
35.91720536400814 57.36207584765191
76.25959442759009 136.01112154344378
181.5067333642721 57.92548834732378
2.837292693159493 136.30328022271445
116.57568917449993 219.45115743462915
210.01631898507958 98.19372289621178
112.653747640238 219.8947537500011
115.75978531672115 84.7958094003467
248.62518268348683 158.7812954302976
203.27872077266332 91.11747236772338
207.34663129384384 141.61876585517481
242.1109981046759 160.91180548330624
9.258483457186383 113.31868250889637
201.1901701663869 92.05352473065747
132.6290492735358 134.13692169219573
225.95524932405144 13.99938486800037
108.17044301288922 35.143942310278426
1.5844464384484336 209.19016612582465
197.87336445632783 67.50352347181033
247.98831523348235 162.88244733765407
10.061531392128481 211.64230130106904
212.7771603646993 77.94525775103992
242.00357271293842 241.2980319017131
19.593894315724196 155.04991520464725
57.084092437716585 216.17259098326304
40.27467179425534 175.2272196730583
178.04413796234448 212.03854515241778
224.84009309662295 193.94544116295995
20.232886001841116 28.15950584617577
10.954421027671192 0.4908284517871342
210.78027887710377 123.30454214810085
248.71338790643208 158.22189526992747
43.738963290084726 197.49973715901177
34.94020945776083 153.76037973193664
160.1101140156287 239.54214685536573
65.16747630396524 172.71029093693264
226.80522282447117 71.83749268697495
173.67654389226146 228.84029782899975
117.78257227552072 128.75576059178414
165.46076831169185 16.719737610277953
161.15832015226016 97.29972919426643
159.3431567867353 52.8156097126167
52.71997240368961 114.44161184671064
67.47920014865413 129.30963524080568
142.22770561347193 54.68764974833357
59.53244925552442 231.7605805400333
213.55615739247972 5.345321907788608
33.79759561552873 152.34551742798482
36.45116524661174 145.3366079547381
228.03209757415328 37.7776605384606
181.020473992105 124.41555305174364
0.49399226754184844 244.93950990923634
89.98247715741061 10.543310828194208
216.98297629920216 232.45454127629282
11.789232305796455 34.47442086661043
163.72536239168622 106.03803419535093
210.43461622419548 32.536576670109675
19.97829060208828 36.909328062254
173.3051171587958 188.95358947949677
203.3025132203889 69.66185931722865
209.11936733260305 139.94936239234275
92.1543580165708 207.1843585793531
141.1545451175078 115.29893442052519
220.21250430015786 12.949135930062166
247.99259305437977 48.62499591444866
27.308644031076717 116.73642313526267
3.793688357588615 212.48878486419218
242.66985063894666 173.649494199463
247.25028587090665 99.23880708147495
152.34147072479095 153.89038482275242
151.62110718958286 25.469700779083144
125.51054895199998 105.37990251244197
241.35079288769865 69.81011076754397
21.555188616947884 128.23407047933037
1.1071308990638629 157.14785473194968
211.1133615662194 37.132260695853375
66.77988093841417 157.92056056888208
163.49993759803868 248.6057031128776
89.42377419999498 188.6561295049351
202.46655105019738 98.52603757584527
68.05873466101528 245.32962453637688
108.86647462123106 230.56285190502737
162.54434674919636 194.55775823101985
222.0848927064205 210.83165269747954
209.80961784859014 43.89051054511245
87.21881849248273 140.46385506071186
113.70565751994988 1.6259965931206821
63.05332159979596 143.52884986739556
105.12616923657575 170.24649961809124
96.44603786774883 95.71492601834183
177.2867682677804 86.88579640688737
177.82312850721772 210.2961906896835
30.834500792984247 21.95048193267171
243.47098588466537 200.47866710294787
71.63883454022398 213.00145117627818
54.217822328146674 135.92711190139246
168.18876759496553 193.27991133062835
116.65764570327211 154.6387759610195
177.0721590226372 149.23134360440244
246.7335767142475 98.72885139207868
221.83881563433482 13.024707776328553
151.27533197913397 242.98602560431857
185.8026144201297 140.62800136914214
220.57886755725363 230.29303298016669
213.97875920892187 203.94596108688333
40.719617631352314 35.468737451651435
236.8633705364564 223.82343449880344
116.30102243497545 206.10755690511107
197.7534387337842 181.06641399021998
210.4360826331404 191.80237071555106
93.65918651836982 220.15648428390372
122.86405115257826 41.122668052073955
61.95215034713294 12.36856133216213
181.33869312241416 34.66177452952926
67.13000116562154 129.06034976793524
34.73272602422445 33.40551447167156
27.878689011757718 52.951816100223645
134.73168280022668 29.109992794322302
212.01273095126578 210.5702634075301
45.305110444675776 158.3177514036945
197.64555846285705 139.7881483430047
33.42459184801142 186.17417291804242
31.662354080165766 235.41140141529053
196.64722862141053 15.009524984002931
243.5832036945693 129.97068996898187
35.077312741149086 38.550898148240975
103.24556403273013 169.5455352386592
226.75950079195985 218.63527848467442
7.259447417060999 193.47322714678924
248.1777139277966 71.17653226657158
187.1161068848585 75.64023014858124
147.10368437562505 8.481626596093417
223.08351038367252 31.535866289933796
58.35269662272738 104.65770997966415
75.04171560862402 33.85288300524725
26.58108235846268 248.03541730340677
86.5846084233537 61.62554734272263
115.25276046584499 30.25988029312912
82.56160449224303 181.19735000558256
211.789484235482 239.70971802687308
174.76044325033502 224.14305585731495
44.92045940185096 45.706173754987255
206.93197858083872 35.1677021296469
29.375176877314807 235.37848832233874
68.25189758940908 105.48819765675808
67.5293762200922 197.28958297818593
165.72849721551938 31.92457776936847
108.86894229002786 245.18714601682038
7.764061021034774 92.86260638522623
99.83735631866911 14.334828951359151
96.29003715575102 88.4970691419283
97.94103736539888 171.37078931900265
198.74842257687973 94.63186369765702
150.35971919098742 6.951530161476871
64.83415275951329 125.28552389730646
2.763495840466229 11.585930779017456
156.4911076972684 170.2093751207078
219.5053534063774 67.1925377935505
73.25171975271996 219.68492546852195
119.05790525701238 24.542971996382168
60.040617596411636 18.213788948582415
92.96192647933091 28.42419546124478
182.10434982724402 235.61144922664823
63.21261543969922 91.38126206097003
39.43139349173086 115.08692761972448
126.34989282561027 41.6000737692592
84.02831333635696 137.35410527713006
236.87708664493397 120.84036393228773
139.30533833411207 39.2666273280777
181.81714417964295 170.4448023254763
168.40041762530103 34.53676137722958
13.442276156933552 3.185220533783034
85.50312632685633 234.52228062052853
93.13553225203053 218.41220801487535
65.59107966022665 94.00719844423558
104.80957772039417 100.31753891575046
226.0691689764382 210.27117560772004
18.740774538781313 143.80736437201278
117.04954112298951 224.43231623523675
127.80544207414974 169.22450553579725
10.428882643148036 195.42633337985927
148.34496255478498 98.08032985028794
113.52092048678011 91.74182787485094
122.82627473715554 42.812766147696465
201.9046140072447 139.49652736776295
122.63791457377162 22.615042966224852
212.73781085531675 33.577734837336585
210.78771192006946 87.65430958162207
70.18021189095488 146.88493023360385
104.66500133954615 114.34723843664443
248.92176772565224 157.4207381142172
80.30475352400681 241.17457635433627
99.29760480257573 183.41634497467214
45.524326214123334 169.86986211987428
28.926622858738206 79.37098067827158
70.12269875892687 95.3070504296617
78.41765160513414 22.428798617722514
27.376561314344517 220.20009501648332
186.2454269454228 107.29854199622224
121.60274690788503 58.032206922236874
103.02415827606276 103.16900675593607
186.25808934380328 206.55177029431496
118.39660474250307 125.41919861542556
71.13388391458611 197.80801229068436
55.396127759182626 98.94875573811775
141.4035034205297 175.0665967152833
31.18077036038061 165.29205914743648
242.43093139351834 227.79740451549722
226.26309399656316 87.95096979564299
121.4228769220341 111.13243076480217
226.21301187330104 92.6100747385895
85.2087774574308 86.94847263279476
69.68127534015322 158.75665810868279
147.79753800354152 171.90840562600698
21.478707302506837 225.90169102191774
225.7542355325554 240.2137813584001
233.1449101606914 147.54955801111066
13.475971550486909 71.02455525420498
186.87763404520067 95.07666326748912
9.981842526963463 11.891759530462952
5.625271239690393 232.71912647842035
103.02484660821673 101.71525958432912
212.24335601423053 155.5415660955935
29.36130387851013 137.708586110713
230.51671497760887 36.931307569206126
117.11156009367124 59.92117425289587
133.94854511131692 83.22342713275701
42.44736034941124 13.574480343318207
228.4983169037982 45.263790235829795
203.51170279125304 239.1808050799942
231.29224163505052 32.460864366768014
82.37134591041121 203.55460847878072
48.15949586688001 175.56708799360098
127.92640234454272 130.31045291700494
168.01164680517164 21.280150389203197
200.28333588633055 63.88746095629169
87.34899657029047 188.67817592299687
125.81998970986571 196.94071937551374
238.94283567805252 3.987834309379823
140.70287683577513 48.097827400670454
152.5268503633555 186.07066028859919
238.57349480111097 98.20844290883326
232.47194730372237 192.30744777842818
189.93986502572903 133.69743239454712
142.27098785689293 132.56857599746735
30.57045798352853 133.33762106320032
213.03279454703684 150.12184303677353
73.08217638146952 112.71134533224594
122.94182648391241 73.64408709220552
149.4734317144225 136.74966105872184
212.6190440322116 118.33989214793647
2.1519432476283518 183.80303587196622
214.7806900789814 178.92212508799352
165.76652858478388 25.388389410780395
238.84436995086568 183.67608005911774
108.89766072253431 73.53429359567524
236.14715531692144 92.88533852261135
183.20712927860566 93.51269795316853
99.15891178568523 30.679843313228872
180.6529512814507 81.30034826191185
61.33866990330891 115.80416498911569
230.85412996157518 101.87005622936418
148.8792979863778 195.73258113281898
16.347936568408024 51.097997201111525
156.10989178531895 102.85824275892946
241.5414682065169 146.8544823307467
176.81376547496683 166.51618699123992
211.8711203275429 221.66184829656692
93.90876516659077 37.332399047726064
79.64271278697152 83.34301311343125
85.20540965545791 103.81654979625391
102.41560121247639 28.098660464769665
9.437949762051229 139.99962514631932
225.4994409106067 24.89245557383754
135.91257033962475 151.1398430878835
11.828492817526321 196.11228421088225
231.11427269605474 245.0003771271705
222.17012430289103 200.77982522217232
137.66439302847803 96.55543936589872
38.09152537830832 77.63090181895646
132.98330697934978 99.58406943846906
75.88197956368225 217.1918266040558
240.98107934177747 100.12779065420938
40.69019699723184 227.60214665080915
70.84692736258467 52.780841108876956
164.05440713616767 212.66070902042162
52.29391947276743 173.2801654714531
225.9530244845715 71.66580725730498
180.26365676563802 17.136746039435184
71.39877858548763 170.14980584238427
66.25811356897984 174.48957653672073
17.17651327209496 17.938537500697656
110.42734307007137 215.13954237779942
136.70822726338344 70.50459268559173
200.23359059214746 177.3589609358989
233.8023683808656 128.2703900888263
92.3119622662451 9.157008575676585
224.41888188758716 90.71754997496859
178.03224744776756 33.837304899601406
88.37108837054622 169.09302102976883
145.35279267255004 44.3888552300071
122.11123730062862 117.66655597568615
39.9075933100809 148.58240640254806
201.23368591306897 10.538601615780186
186.15861247072715 2.0070380152993614
92.27841830004785 19.869324142668592
105.33215663421072 200.8986370456939
4.517528822391176 137.43512066590216
77.88120543803676 174.6307816292935
148.16171795572978 167.98972064909483
83.50233185307837 246.00781190730234
214.07966601286213 187.664409079134
186.88291241773317 247.60090439229424
104.6355288369416 240.66279340092262
113.6273446388418 60.451031432571774
155.0623569028243 236.18108433250902
144.11660729747447 66.33075201088079
172.6147178216369 208.9902793061334
86.68804911818312 83.68188175896663
25.103006341519823 148.0180199166852
238.3694922454357 60.162299102355874
198.66678459599873 63.97776822173848
217.84754867578914 34.01144570105746
161.36624793544775 194.04703060101428
179.24571639879812 98.42898603571528
40.21278239948281 99.62657587055693
103.33134628137378 166.68850587267968
207.4384308104112 26.29593248433662
19.56478524379712 128.483057464369
228.11852719053434 217.7628594129953
169.82028763548092 70.70578376392966
245.60373145738174 133.70259618934517
28.337452237666565 104.53504736019936
146.19111740455241 1.2331704767325757
47.26635066952611 31.139279761350142
11.794229238269754 59.79924108297072
159.94933061357742 33.855591432966875
44.938281805813965 227.61649450863598
103.08510665178567 231.1130861957316
113.76082000861994 201.004453917117
33.706525553592606 39.96350693530359
115.74358279818048 88.18578342402644
166.26624165484293 194.41776738929596
171.9250202731817 124.4631457102914
175.96049828127732 73.01550604850756
238.0390243048768 106.50780548666135
10.101010893385109 247.78256435221533
29.883216856370048 187.47492318519545
122.26821580490707 40.50806152811492
105.44831266772017 54.565376388763184
86.19418343537788 38.125228152686624
81.17765455236395 17.719519003177282
105.36953357822654 185.96174377518815
154.6424630568904 56.59409247491534
25.86887723603179 100.7241851971765
31.976214241214716 188.56380920286043
21.39481538672694 207.52038807513895
171.25588451204695 165.75141119690522
183.53213912202736 235.38653354727816
11.852041298612559 180.24481141481226
123.13121380769537 122.17487767289634
83.94590667937618 199.08450829013302
213.9136282963711 214.09688831233737
161.86665130193254 203.6916929804247
53.36710855981652 149.9579100152217
148.5053018111504 89.53829180508738
16.259153248160573 249.79700588320182
21.347042576997517 228.37252449690473
111.22297136511466 161.0430067419895
33.76892568847925 196.74358781305463
160.79403299300017 239.802898569356
57.608190971171425 104.9911537747297
37.042745289265625 139.25579787946583
222.56475535453706 157.34151901246727
115.71806796694348 243.31493728646709
13.610628687724475 214.63559931173555
212.59378734442376 59.781925791535876
138.30109765453855 102.7602140494736
134.00607829483226 43.61137193210679
108.44686574415452 223.86854276974384
161.79080476824453 178.9455310777749
133.6069908645628 9.866306446306595
184.98376330059892 67.02577978941007
12.944510932468123 176.9675193024737
1.3315340281644938 21.509724345515874
47.62265467005966 109.70792944852705
157.4846100011912 84.28873435092737
192.82147584086889 78.85801065481365
16.15302867246121 159.86113213209723
12.576345047314753 164.00742664216963
33.020056182862554 126.51139265805497
242.01465144429278 158.8466611226714
206.94851571997657 198.03014110903462
195.91982036682057 231.71846341333188
91.09698964567251 117.93007813501704
139.0949705974985 89.02876700293317
149.63732559056487 150.80420478081058
45.21062965091372 160.82807727490916
118.35007187647065 42.16759338872145
173.8448665049721 137.58626170558492
56.221539183615995 155.19095591469588
208.94090958668986 202.37968311866038
94.49449606736741 101.35994632699614
186.50217480665094 204.0513292508678
195.04288883971458 215.9012320411825
198.9462469625591 154.4801010991063
212.8319184971105 22.28249813530747
214.02663734872195 125.1603768368276
116.96368688879372 57.749242051100325
212.382701280506 72.72966267701348
32.78359897966321 215.33028538724125
105.66766518645204 47.21946912274891
207.7695474555893 62.21767177959778
83.09500525858654 5.995201072947348
227.18788717322354 4.079115069428124
105.89817064948384 108.75402394980347
123.22726693279415 227.10737526842593
89.80462241147636 69.27670529916915
79.81927323030666 129.90411171460673
249.47735505723963 184.71468960948764
69.96723010031239 146.8167882043916
162.01182205241375 228.50373989414192
40.147724647661505 166.27904442768906
49.130690125597205 0.829198060327857
117.03373829848564 204.86125090121055
94.45332872392606 186.44680602047123
39.561655972443155 23.003912583230786
156.65756697238717 7.491158861033104
72.32107914507097 155.29179799478445
90.40067765139962 27.485224411342212
169.41588835891113 103.33297722964693
168.37114283328089 202.34924139763396
47.834231469696896 142.81489996235615
203.93835983232938 130.71895318200473
241.92619285597254 235.48700310683438
202.33132871566946 163.29173243617356
225.0784444331203 193.63030618272697
139.53975234111638 175.62190943635923
240.75034682597988 248.30337485595595
20.553115557711223 239.00856105630982
76.22220274839806 176.06523458282575
167.03415923824554 114.03984352659286
213.72367154665002 229.95198558758702
208.2918063981074 4.246515666294193
112.85080592398091 121.55851163489584
49.762276949603 87.96987775011448
9.105247893681916 193.59894926251093
189.2575799401144 159.4802152650827
91.20010173519255 22.075564201468083
69.27700245347593 191.90180995784462
117.04594452139683 135.36551438397083
241.77264681685017 161.59482454834006
99.61129827878106 59.02330840531542
190.84554208289995 123.53527617660023
18.203269356385444 134.2535481399935
210.7864761271983 221.80933679610288
183.95914477116747 170.48229352229302
43.60283983503588 179.3097787708772
59.53005321128468 33.75352893461839
45.90233261287513 103.73937750943837
25.052679930148063 172.24492503480226
161.71414441680253 72.84079778774377
243.16397511990724 51.13523918897111
58.72572701034456 115.69867846131352
228.19309685703698 27.710046499082846
102.32571937225136 166.25053978597956
238.01190191832043 167.41062370599602
137.03930938269608 164.05006370777676
154.63385087663892 224.3387399554301
230.37899849942067 150.95962242627985
63.87465625296013 203.833768558162
246.65436070966956 58.79738442596924
10.427587952241495 189.15892779210205
133.69799151902478 40.32295267648328
182.43033268680188 123.2684396452022
66.12630489908597 237.0673672447602
204.75558414300048 228.51222903922778
124.36559908349814 178.4194311158824
219.80981794001175 230.67553506926933
205.10303395470729 136.73212090641792
113.8261658198056 161.58661632476742
178.46821961215463 28.89579774478207
134.2304195541779 70.94506593384384
238.368685279919 166.48276606046286
169.60766351365774 81.74987481511062
143.10440331891607 70.460769969535
94.177271092481 153.1920113634551
184.8323186434966 13.376670657930633
98.14533401286279 219.4494312677181
100.8016271734797 126.40766583295304
51.04763553132649 116.10502509427705
180.76561546673418 92.46858308609384
4.328006115620675 146.04058287453586
88.53438504077202 171.25351153867155
48.79969699484343 184.9031305651721
124.02197063081377 169.17670268221312
90.61490273949036 230.6772544866597
77.17943262818608 31.043675893758422
161.73768746860299 145.6559710132784
74.84484689395757 212.91105155102363
22.72673534560826 117.13901038492224
190.00169666951857 139.84452202771084
210.52038812470883 127.454548038736
120.09498894358376 74.96148880159481
15.852458880917325 155.33641800397555
106.96751408016503 70.27210144823596
205.20974232124416 234.31937714453298
122.09353065364176 181.64765826268425
216.00716303870942 40.25847820909526
125.37472259566692 189.2634395212594
22.384712148611374 30.003696805377484
53.103279007373935 173.0312433584905
177.67208642763805 87.80203413306748
80.20070329825296 74.07961033205771
55.61393048976729 215.93645621897096
243.270757883489 76.26469034253725
183.80013761051293 137.60427319917284
151.4302975726441 205.04320547462999
153.49409844668048 242.68121487288195
189.32274455463005 147.79248660885207
27.47870979779629 178.52134534081793
203.32049035644667 136.00340135828074
200.65235771308951 132.8803934208601
229.19059349354356 109.6598540463799
6.375481494064028 176.02735167590794
46.58497861957134 142.58159766086683
15.115723326113994 85.42626692243066
99.32219231498595 2.574190280082711
57.201438740207834 55.62335120546519
243.0585466576714 140.28514032542506
232.93407684175503 102.10266917846891
227.06331589230388 89.66081415250935
237.31371246483397 141.31393580026065
41.1721208428239 150.30532831407447
210.65578530924768 116.63501257316686
4.520061981321183 131.10554187798178
87.26863444990407 41.52258386330659
172.73783599752133 59.05407898647577
71.85865301119837 19.56676621188799
114.53948979253195 177.20547376714453
14.535514629999636 169.54059092677755
245.21050991631185 88.7589928026003
245.37746388357525 107.14552996952278
68.31093668815322 236.23099547902422
124.41960256979672 157.5350983020113
211.04105687930868 107.1723708333962
199.45818113666573 83.66607905022211
58.119172146856776 154.50505974110365
57.01525372902025 210.96009487589714
104.27644055320057 88.87191554091117
230.02558487582579 19.904460065089225
178.63683231318072 190.30138638263367
138.87068177945022 240.44476891382686
67.67318161941822 230.46742004106966
48.86043564513276 162.34474928920818
149.6500756332654 222.92271817154256
147.85872012942883 42.691684334383254
186.56633727874333 134.6477035918376
202.94988666274958 161.57009257624333
12.018277281940854 115.37987084815185
216.16605926367168 45.649058813131745
196.7936986305518 132.42249237264863
48.199290249104685 228.3326981361187
145.61549723707552 50.2393264121104
64.17746627976761 120.12635514108797
89.69233622296233 135.67574022352827
201.6862920359217 39.78227552445021
163.8836734011181 115.85994999878848
237.85523046326443 202.6362407796807
70.76397980478733 28.52527385999429
20.277745080179322 155.7508263427247
117.23344911819419 32.14493140440561
181.0185454207144 9.972858286481284
194.22221399052506 157.0068423594575
239.91749439699993 184.98743254767763
44.84992152547548 12.399281904305198
21.874144524249516 74.58228432230712
81.13649463243868 219.31966794956116
188.21883993886274 11.6261909349675
153.51935116796642 196.05707338935196
161.57909629857025 138.35905791291776
211.12637579705006 91.92078615854327
38.70664110908989 65.68502043175268
78.2832688566791 26.250090544972153
22.35011581802479 33.5405881182175
4.044562289449994 187.06564830455986
24.125486826654026 34.903727792093
81.38215019579107 143.54451409678444
54.77025504491745 8.292488917586299
63.56502027915162 249.07955359219005
217.37273332706036 120.58670625425452
16.027229657461145 112.59211194833784
152.2466015242172 72.35583656891959
217.41389288863928 17.505276630244175
41.513997206943515 5.001670569681094
108.83996841044824 58.882111228456964
202.7548691964234 74.91656473582015
79.45964742440906 75.50704383141232
77.6252082200701 214.91893407725087
170.24472201283456 116.47565720904177
227.07206596588875 232.3004788850991
227.0823692740108 19.957284461657704
156.0301209810404 226.01184610131915
181.23649424204805 178.09528490596026
231.49233095075533 44.53713369653911
17.37099160659539 27.80900773322345
218.83153585964132 173.7975288675816
17.797787165693467 20.484927053928708
8.388856380156462 175.44795693917453
156.88689536383797 180.13529591245518
0.7248538072658073 162.16211983284472
145.54427572316385 37.66748032212358
167.699900133526 49.14905982506379
196.15496732085862 103.24544939653016
119.2782760412843 224.24653231432754
214.82269072310572 163.572296394856
204.94365914776097 59.28228488010861
137.98421988530998 202.55654446765462
151.8977805884422 195.058822589494
157.2834766867969 0.017102615758601836
239.87339758464967 76.81013751730286
110.44291840634013 50.90294523413449
2.3446039054324244 114.8928656381664
9.015688257413112 105.85846925198939
157.98085053780127 206.76293783371116
192.04628552470527 87.92536365144987
106.33296053303116 227.75874527135363
137.55665463802612 50.343379010667846
78.59750090334 35.85181917858654
243.9841176562768 22.89558033477221
20.898145661585378 85.31463910825151
167.34874342462246 176.26810089804664
5.701056874308607 49.691219698876495
153.73347954214123 237.35497945833956
232.5441014467819 218.95212480963963
55.345197016989644 28.645360012726357
113.68857571614066 39.4670804804082
170.28968027428473 76.42089331470225
245.7211025987746 248.7490295766956
22.9433377137149 107.54008966010659
17.48637637412362 1.4398781908475655
184.8531409760806 82.70627102394903
169.0745407700704 46.13422050917224
168.64276424774172 93.42152726005872
159.43715022740528 97.9133730558796
146.24649334631286 68.27858243041082
248.75373711319958 200.23193002090804
52.77748789032802 30.161541334130515
58.57885171552299 171.36088972535677
25.217255697509906 149.27303144777323
156.10519593858797 56.63319582911239
63.67013321333262 111.60488898920404
205.39469337889062 186.11506110806195
65.3665484154079 12.5941243987103
223.84005432345515 148.92958321987774
101.5673391833557 125.59161136007174
138.0583009537369 169.03263534276113
247.4972004518343 95.82985760492669
39.73003382022814 98.63551506093684
21.379479223876757 183.51732868032485
167.64281381105857 75.2809397965129
98.68870338658172 53.76281528089816
90.5113226020024 140.17152505223868
20.208328339059445 72.04266994414424
186.93832652603092 147.22967458829294
156.53130583898647 213.3826467446378
40.150002253523 7.678169038132926
106.91761913979886 170.29308889760375
171.61232232143863 22.46121462894099
237.1885534393139 215.62108380518663
234.9712889598057 89.94426772806702
55.0185526638052 68.83308870774704
122.99133478730168 187.156938073033
207.191653413697 12.565268933160622
123.11599959097971 65.17909839255287
168.2348038956996 105.74360369861246
137.4565408181582 52.26678231097681
126.40314046792567 192.70374399271316
199.17425354229874 36.21825351054719
158.4032089357717 239.65009505420855
221.48411070706183 241.97717726689393
36.8109073257264 7.163728985769724
44.59175497545914 43.69312036076226
211.1410304840076 142.9794347858434
219.86168198250328 11.753685035240519
35.20928306830318 102.94836642585042
231.92988755626286 75.70319825684244
103.29704330492534 123.32748200723523
1.2009261125406345 197.33379915526095
153.27485302788324 87.1437542055872
212.69021497456774 122.6737147653113
99.97702842408005 27.44309098917197
5.279395801206427 168.77068733517908
152.17558743265198 172.18932515945352
68.2765442120806 84.1648947802012
215.99928022047453 23.395179138904847
1.7035535955863546 60.8530421700475
230.6200829339368 190.98822577826184
121.05266517352078 189.19498930282944
39.81813182268573 130.08904160963772
25.412950128465226 224.88844962520733
245.2110209227423 46.22548658737932
237.95718718577174 139.18259250493628
213.33856523134028 67.31640796499147
52.59721963967012 106.89030760256793
141.56755481295403 88.19297312630123
51.577107338652006 221.61168234156855
144.4320794430688 47.209061412627065
64.35304752203469 4.3159000345593395
51.05907709582488 203.31608165172497
138.64767465277342 110.6052011643504
109.29530124156004 68.35117899027674
158.17528641570755 151.3692787544288
49.75971028003001 114.45812307211783
15.301248472605694 175.73828488253358
110.27646559865653 9.03551442167666
11.371816098942416 19.13413989353116
174.26620505311453 130.96753428706862
243.81788678039672 68.5845606213947
124.78369861379113 20.771062536950573
43.5757310485535 113.21023999968072
31.56470517363019 128.99847063012626
221.27025445157793 234.81488397085
69.01817358952982 205.76415462910154
105.59414937844103 19.713893898327754
125.85448207253397 69.2504254148702
187.27991755675856 53.89953357616914
10.889121031667559 93.42958999374682
87.20561929300084 199.61910852732242
156.24596333922108 59.78046963956485
117.30630442045806 88.8885479649792
220.34950294901057 194.60456686088364
23.852023187564715 128.1730299352452
161.3970570277956 208.4681830924021
190.7447778679703 45.014988603649606
0.9021095790157085 153.62235865052557
245.56039343744146 160.8203174661452
160.29356810727947 221.8187808277935
6.066180940879046 164.2559427442048
53.059265813214544 197.29981402955667
115.01569243126511 79.02746781908965
60.59970002166054 211.60052492685708
183.1596266103154 228.78503453633718
94.01196497719447 64.45452660057971
169.35842661232698 215.02598919042603
38.43487147800201 96.53927555963404
216.29849642634102 15.977964233843261
161.97957525584945 212.83944364202281
132.73185784356244 32.34744452805233
122.1590580137229 212.45785277624486
126.57333215881097 14.641586257963635
93.6527811670827 210.90915445414967
44.489205095989774 8.82743445924486
224.43868352332274 44.562329628473755
249.94953204132307 29.846573754783474
229.4396988756012 229.69595470989512
164.09000595625636 13.376639418574365
45.83801668234885 58.96834500528658
217.349852672184 44.3545418420217
35.132682442835375 74.87150798265893
94.49515022922752 220.2087285097735
238.10403128790352 139.72596588819397
81.40623825137455 218.488684157353
246.94115700201564 246.63641748570657
222.7529743918033 167.29137737788525
9.766172408170043 112.94311425901878
136.24862041853177 40.63656087314113
20.023730499357047 106.52008366336088
203.6797582257279 20.64084746606401
246.88921688004888 223.0996689911805
206.29873345721236 136.0628523154845
119.71604251955605 129.03067153508292
88.66257983489118 33.04690438559108
16.484363665007162 235.87760869564045
14.232893753466591 120.91471122096736
93.97130035232068 238.6807973220075
114.93665594327895 7.566639170436512
138.4946100864947 181.0545699337851
114.62996800243997 104.05526985713523
25.07635922798096 162.63358364991032
137.6042643720742 20.944209030812594
223.28760179320503 207.3514083580698
65.48413261195243 4.05489546258031
196.1699278686367 78.45366419247269
81.27715710844669 0.2224682024632718
57.25019620388255 228.23491794684907
170.33217009792293 226.50399475794813
193.8585459949249 112.58037725190468
201.46256861320876 113.82384711298576
104.70785828101819 127.08355927686252
146.91239663429272 33.07930213728605
181.64499902134668 212.3317409578849
38.759159572854806 155.2111174474403
176.40079667441503 1.7757485150378949
75.33977986694376 218.30514354121723
69.8812978897281 229.50669480410548
107.01299248777244 6.05555891375284
97.92171771510999 231.56200422467626
194.6978663100379 122.40170386553257
110.94038407503268 82.26700747429783
25.07519022861637 145.97831801454814
164.17969403432323 142.9777392300513
246.7210860500377 135.49200195362147
124.9631029173074 69.6216071519744
17.375977948682454 140.73097064314126
202.88035351172996 203.25192746884585

95.44512035790447 169.37930908653524
167.26424313482516 13.04191353722947
149.85671516251975 102.25279087734418
125.38793021948804 32.404246360733744
231.0912005382819 75.59716785869804
90.25414759352049 46.3091545382315
38.55512806287773 241.89191987650577
144.63386979554176 99.25276935141709
245.25200959573272 3.501389472551658
62.3888843297134 73.61925096218691
49.50491231483928 203.29482695297776
194.146515171666 23.251608374574573
144.02739040740667 83.38376477045495
153.08072661559734 136.93063949284397
243.7503415632047 224.64218708446816
4.831807942686062 154.80285004225573
146.57384846091756 93.69389655654436
127.14516596006764 21.34803384312736
69.60233927568679 164.46569924600755
229.71150861174908 140.93606960569582
97.544287026717 173.47135188724647
27.625349310549275 57.400936848003376
183.42241763788397 103.89344201702156
59.69726219595367 71.50727133674347
102.0802133979334 194.35925153305772
192.84297485423028 65.25860256784819
219.1847552033753 70.59536122847335
71.72780671675055 48.181180237518994
241.70583561238703 16.54341535486681
195.73956462578988 183.14625487803275
99.08904954646991 7.758817914458565
29.43637071096436 171.77469714357503
172.32827029892368 12.433564547214948
112.19014482864118 106.57662966254786
16.855023157782256 244.0367516955884
105.76671132565846 139.73088070134276
73.33957788930861 92.0105831155616
247.47738951542502 176.1506936815127
154.12057767788082 21.611588694959828
135.62226715925823 178.0148346171541
215.44580913483148 16.159987865190267
44.26137466351229 134.17260006508744
44.16131100737375 137.51228901083638
64.94183303195192 133.30685783291233
210.7404031634741 112.70608566827988
137.74614639431638 240.22086284464945
80.23491605075434 20.466188874121936
142.4227287669947 52.25476721094796
88.27213389055191 162.47115965332833
43.75679396703738 141.23630397581442
24.946558084658705 16.633922226832105
78.65244077788321 188.99815219407134
140.2745446717133 43.56459690496475
60.79470730720546 148.06835146762523
146.6401050346136 50.39134114133617
128.1149809261078 210.07119581800146
67.46474810957528 54.72071654359398
78.52950222720811 164.27503992619137
65.24501822169393 215.19793721916633
206.8584933661985 53.813191048780155
243.11915932226896 185.9970335633581
64.00081901348206 33.0926817343358
10.87754944123609 223.54726438914096
8.427680380302727 171.98616906672063
87.31098588115943 124.06897456276478
200.2354823207276 40.47286549462681
117.23948628952816 49.915056535803416
12.811380537823352 76.79035741003379
123.98054256192306 208.95228621350407
29.79061842557784 200.04357544600637
21.93232371755541 201.91430684833873
248.44693656960607 127.4229194211231
45.55382546058348 128.34778701371553
131.35900476497812 202.0981647529933
24.76594521480341 52.54129385244524
35.998956027125054 215.89676932328393
99.4288525285216 85.51614871458699
157.61013102162568 16.0964775435575
49.08755612890842 207.03424197186612
214.55150770276694 37.89231159603773
246.51369840380463 169.55159428319718
31.501671975956548 32.87942910593355
177.0854251984833 171.35029783036956
232.30971651275473 241.75290460655935
19.012480142935107 76.10418926276694
226.00565227212246 134.87447453277272
179.7157879092485 201.67572833835575
89.62900075784769 5.736148501751415
78.22913100538129 205.52306639900058
48.022030064287904 145.3379746958055
221.8391312826166 137.43937392843114
160.70216851469797 15.061116409803343
164.6561849070997 27.982682272331445
114.47221025008716 162.40396836546816
65.89583688429107 105.15752888129379
185.4934651732397 171.6377096107581
138.3792291749207 155.09850102622315
10.194210073308563 123.29579761388933
245.05537452585673 13.418797190996868
71.50522100372459 150.35639866072427
165.498024987137 156.46017613485168
249.48700043796003 160.62675210446835
202.06761407147215 116.73680933051547
162.4216976530483 27.10531599931909
103.5770323558974 96.06648544308621
161.44974273492514 163.4388938113301
129.59610113019517 195.9355537692358
150.1542648090339 38.386906853235345
136.92146737993355 52.58453678687982
186.3159234431139 172.07710578243962
136.47606481175922 100.15272965702968
222.4264384957433 127.72806652604903
0.6854438180830813 107.45563982828163
81.65797964822374 44.75055125411609
6.035522738684046 38.356755847446436
249.98540179512253 53.993545897133565
76.38670860049457 37.319249683650995
34.3122649477807 116.64511666965389
204.18973396808676 69.1459896246735
106.32769731328631 201.7754496263146
25.141577833515033 237.63630788944297
244.41478916946411 163.1616717370438
97.8766236694945 70.11346442923005
60.89201925760857 149.8150438039399
126.66429482287064 55.65352727100004
25.19381756838099 167.57815900781534
185.7024494500427 241.49278179483676
106.57031207777828 191.42637987985051
81.90522492619345 154.05009842881333
224.80275946259798 143.30746232181986
121.19699522679808 209.39597716664343
115.20009480590466 92.6650252183269
226.47938563385364 234.6265619127205
39.08222784666429 65.02714633779993
219.9557324699662 171.04769260272374
88.17050539270147 232.72035004275395
96.61494217515428 93.2685983928616
162.2288942019031 94.88951356207556
29.68313217817467 84.2681525760811
88.04418450409699 182.993365776289
236.60155599556347 150.56151027729547
244.3270897115221 173.54065596859454
222.39473069175693 81.10602725027618
11.267312860797324 169.75562048899909
77.49419816948556 1.802771605466491
90.2434415324794 119.09808969238614
41.86979598719587 10.876325306079405
52.28835916111696 13.28836279510423
110.97831693973745 127.04886500332765
71.94824932833858 151.09614524417213
171.10411814703534 68.53554214395785
93.6610116769643 89.2801136613508
213.08473431377394 218.437848520173
183.69557459158182 5.578851724726885
157.8140828866025 91.08499505978301
216.68721804370412 176.59412335469477
122.1500960288322 241.53555520997475
187.24183248095807 228.2989762779869
24.550214924326575 72.36580088684289
47.14770033811988 239.01621643004222
31.896160222331353 1.959141927810354
51.65474656129354 93.60160850222812
195.5351552448982 173.58978499654458
90.23385228133829 218.69880737033512
190.52328865744985 87.56125664927072
26.598601583891046 17.581071406120195
26.928091137375237 184.18977003113895
131.29646963769744 50.30508127833999
18.480897353682106 12.578301037739937
90.76240177416112 10.289452142567379
27.457226536637513 202.10877861918846
187.81183283850797 125.1534597025016
227.4846757774857 109.0423670974289
172.27818628382008 201.06444939694913
68.96930326931766 32.20355140066264
147.28758878213523 91.16105533786455
22.0022247852214 142.95798949776312
15.503476680581551 249.82875307928458
71.72119119331641 245.03194433096704
66.3716662079128 194.6738001190777
74.1776919053376 27.182480381324925
60.90326722361383 30.81793214862166
213.21062866041652 236.65598452752945
248.80943756071403 208.0156079586046
182.64966755793657 134.28469388133493
57.910033336208144 204.71143625846423
165.16375892603904 3.5214451783273093
185.205153303384 37.58666457336979
59.89277872041332 194.76755620115864
35.57742963049715 194.88723259805383
61.951836190433234 209.4435163433127
159.8731812898089 65.47201651051496
168.89921677589567 151.4347859157954
38.26889126607366 18.020907475465837
7.094694365702425 56.1615440301867
77.14679824976488 1.686762036248013
196.94532089992154 239.17676868138184
72.14592779766043 247.4169497190278
137.72847601045726 42.99198395319878
228.972351717207 100.54970651150292
20.489567263282325 107.14138191207348
192.31618988852162 95.34147631627607
48.58844593931275 214.79996478587935
168.1701072155364 12.342141621757923
3.063692706671617 218.06472100611302
141.8912126315208 8.842411963790209
70.93094739044805 206.4178923280394
134.36148037895916 20.48002085573586
214.7180593536041 233.20229535728907
203.69678865880482 35.60093867897587
235.0093448655744 245.93564933554845
158.5646830521331 20.056128023084096
176.17802165381752 96.17324364079202
25.66710358226451 116.5880612953893
219.088720295735 48.67562133120643
225.05103841868024 196.27141046119095
212.09685922919658 130.29643193766339
149.97977940925932 14.042268986235785
34.134908222356096 53.86429146527766
80.76329205911844 130.64110020954152
181.39546264142712 55.36401567912544
5.963849312029367 140.55035354080235
116.59586631859328 227.5404127523601
213.5676902221526 96.961331000156
117.382432451066 215.60002382069672
123.10561773589646 86.13278822865733
242.2434057687114 160.6855349417232
200.24882740364043 97.61083689577157
211.87237884642934 135.15788849323656
236.7596235522375 158.85741522739053
14.352042018464628 120.00893735862806
196.06688511843313 96.62665161688561
133.62480160899008 128.1330774690037
218.65607278335457 14.636819288685377
103.08245045630026 29.73631703531335
3.1140142082632383 209.81417199387008
198.2987029413515 75.3941571429359
246.02611753396147 156.10351760102233
7.978595551923845 216.3007686458832
206.3250631395586 78.03247411213086
246.2259445071568 242.79293359500912
16.535276162641804 157.2189639171208
61.639324646813485 211.03662938269036
38.87662858297308 174.88330570374603
172.78476357554962 205.47310099161598
233.20403979241837 193.38709380983275
16.162458643011522 31.13661196534631
10.406458332156559 6.341940049154421
216.02217788340232 124.35177020010396
243.6109144564362 163.5023276384759
49.02357580530348 196.7528097204577
38.03222248323654 147.6619351584802
161.18685960040256 240.65887938690298
71.01941356631933 175.79064557607282
226.70602990908378 73.4946423689217
170.04410365664245 233.86615224629264
123.06842813300068 132.5396151151563
161.64818607859738 13.771444080105416
165.7854800571994 94.38659979655733
159.31040093681924 57.29226727734385
51.8242813810468 118.3396996747561
68.52829708170907 136.84522308898082
141.0140074786324 55.888931738457465
64.94269057537375 225.98240976560416
210.20783686722126 9.013105281139827
39.131920830546754 146.25615091207885
36.598284127616395 145.15505170247752
228.1943073451909 40.10456454393255
183.54656569017698 126.81082876248604
8.72551788083814 245.291827565079
94.5366169518597 14.989190087724175
211.8356080720485 235.45009088843105
11.572337697494273 31.99901060789706
166.7557567932138 98.97988774051007
211.9896579198102 30.632521372991743
22.115834800184004 44.763717909881066
170.44322766635662 193.28479954331553
210.78906700200812 66.93511414537434
206.62529605948012 147.6870399366618
94.21471902620377 206.80629296850123
137.21370925862314 108.86103241748118
227.62968848890145 12.573586708441747
243.69638309687835 44.6026101262417
28.483293845480485 120.18116719483615
1.7010088258194167 210.14718285436126
238.92308889669036 169.5470685544099
244.55737409485286 106.86361320902277
147.26981175704395 153.6100493505528
147.9027439674407 19.280013056130198
130.11804986950887 107.88488827526594
234.74811231108745 66.94531001890067
22.20433492244689 128.57058527406738
7.2440336700046455 151.51297238602837
217.32395769493243 42.28553693186407
59.82417552831973 161.67194694384597
159.30216375357313 248.66528132176956
97.03238021339006 189.0251974893866
202.19381384532159 92.99546092083798
67.00978230403295 243.71737203730706
111.74677854359294 235.953607070143
161.4171086128907 188.59071359399775
216.68284096529902 208.76182390908735
217.42617098090219 43.833669709792936
92.02063749056461 138.35114296933727
120.53961560604016 0.7973108925738992
65.78964388635 137.65735645055062
99.77065494455961 175.37271351118073
99.70297387254992 100.74944470525982
176.61295337891136 81.28166412223425
183.3726616231588 212.0468171503908
26.790424564563487 17.629413411328787
246.31807776168029 207.10558146793488
63.65569378659311 213.35926238789978
54.7261877649533 134.3112814405412
159.72701246713936 193.49553643501162
108.74973551815347 152.28336309314636
173.68947708764938 146.78109199242863
245.52393638987454 105.54695067857966
221.4491235537166 15.592344611594811
156.77706834569517 241.2805324802753
187.48826757492398 142.31904681541553
226.6378651964165 234.1450420162926
212.87630736236133 202.99647615653566
44.78678505528929 41.91400200501602
231.1669657176883 227.8944823798798
108.72224830292679 203.91871903709455
192.46092786332397 179.79106691848787
208.28040853865915 191.47524360325394
92.56714296275848 219.70425458241652
124.35512581783937 44.26618135181704
60.82267332347976 14.875697916610752
183.18334627792254 31.701205492496026
60.99924724317704 132.26122704797402
27.404467284815574 32.989794018995404
29.714240804900342 54.48280739622785
135.0999886246952 30.31983365193508
211.2239169076159 205.7352570836333
45.80778825042575 165.74240906369567
200.80073185577004 137.27306578463674
36.395748095044425 192.31857822276964
29.951850461812757 235.98217342239874
194.65158370435398 18.36968009355869
244.6934875752078 126.78552824003326
36.567901715483906 42.39833591483572
104.32061190896297 173.4962530843089
233.1417513062778 217.25185171392573
8.571274650510608 196.14077773353435
244.09789326082705 72.34000875697255
187.9628377257866 81.12527916454299
145.27159565227728 3.4179116688401456
222.6315525906867 39.55245493267523
65.12534098850651 102.25811146376267
73.48501058968618 27.45047047187438
25.46595226980258 245.39625311504454
85.19450873200832 62.52836477028734
110.89126301020447 27.938665277811413
85.02468134239439 187.0599065739313
218.576869363118 236.86041556295848
182.75729220826057 223.405067727169
42.80262352650524 38.77573248693989
205.50685213028575 29.09576700960273
31.550614301149913 240.25795188031793
75.26168901437164 109.17471501189802
63.43552288059568 203.53377222284533
159.06716518809193 33.93283925738014
115.49436432525542 243.4843027308602
2.614798786868766 98.8647858909065
104.64707624128361 7.6435638379917235
99.744738287352 86.44745422135675
91.53523956795826 168.1901157863875
199.88882924867985 88.75811387017518
147.43905070310146 14.129920387162876
58.6624262794197 126.7664671730096
3.345494855959613 3.6172502572190677
152.38341616115096 176.93066619730553
219.01668517491623 74.49475119015744
65.29336522295837 220.03848403788837
118.3361882386755 29.286333569375074
62.56039486711926 13.042139636518096
91.84163749415016 33.97939747361803
177.90271315464005 230.21946908553934
66.3814486966536 84.84602954768982
41.59230647009396 120.64609211079113
127.5335771362445 40.79107892503889
80.14611066302416 140.19098391231327
240.69906980896184 127.59443702476942
136.63476730852412 47.05036719083158
185.4568601913207 173.6122035157055
167.70115009646244 34.277989856854624
9.973497123135555 1.159307557850514
89.44680458091864 228.15426938909698
92.5569667227486 219.8994287594311
63.16710498499839 98.60328849657455
111.9119690187772 98.64795755533146
226.11898214651964 217.64844754119665
15.731826054408732 150.22233691692628
122.36932678468013 218.49570730721618
129.6232321501251 175.75297239092586
10.304877529880823 187.68986894936708
153.1258234248005 92.46055737175656
106.04289381701831 91.94513134562041
125.94682945915672 40.18695102141259
196.83671889044234 142.42436062483733
119.09325521452108 26.776911533263863
220.10956515127066 34.21220939224814
209.15337951290064 88.79071152689284
65.98162268076818 141.5252045350268
105.1946351771158 121.69658065195402
245.2813909012188 159.4256635789866
77.60658681024616 244.92277206839697
106.5580469542747 181.39110167680946
41.65679056607366 165.98298415961122
22.6900177306896 80.74051233626314
64.27289761005115 98.13645029116508
82.20167729733451 22.146771112641822
31.024494550531966 216.31476165133813
187.9534037542358 102.55382747432392
116.77750379927463 62.341120528965426
106.78262284437353 95.91322551957168
184.90353899453774 211.54597778775928
123.60399678291445 129.1474651327441
71.90365764967402 203.99963298116003
47.875455033749404 95.53883628463753
140.78854537354536 175.79621186959002
24.244448587419004 162.93483663392294
237.4604891556904 231.86422613073844
229.73139293659864 91.53261484268474
120.10792063919976 105.1713231371067
229.02031743719087 87.73723694432819
85.44046224268561 89.63684868178615
67.00380851580218 156.11482088570557
145.5491141405373 171.77318892882897
22.191824012800872 231.38840602954647
224.98073994717402 248.13663697793527
229.64352427555323 150.58978430764054
8.372607088224488 69.80989531708026
194.82495818851578 94.02095000265045
5.2444362343109505 10.053575929797997
5.970101223512547 238.38931635101787
98.50700384911862 95.0345041469354
214.3900813931178 152.28874964823217
31.019294912797314 133.8809690567931
232.77821723134002 42.72422040853893
109.52669220103434 60.47825816380911
130.17735661241204 89.79597191464784
37.55386230222788 11.923910158444462
236.1852584304134 42.95587762734932
196.59540439278834 243.04286480193508
230.85069611696002 31.701998746642367
81.09697630124596 211.75546683379523
41.83541944409519 172.90937105193512
129.50610749710188 131.6225841563809
167.35346125267583 23.65371627862331
200.87159996675604 64.06985492866157
83.2087531698226 183.44422791011013
130.67051523055716 193.50861204764632
232.93835090275797 5.485551141047429
138.26328453066122 46.48345685600505
149.02670362937394 190.3091052185105
240.01986261805334 101.11609240544023
237.02293236095187 198.25575511880078
183.0594212127359 132.68817803087256
144.3603890283732 131.13748119672567
33.083804588132345 132.86331858793665
207.77761021600313 155.24583052343212
74.79329762080685 110.42336404185276
129.32942705477802 76.9426847006529
152.349604501492 140.19048612528618
209.76270919476733 123.300652858461
5.238958458326726 184.75972201980468
219.35288121121428 185.4645292502915
164.10129701768602 20.04274743567355
244.16086830341996 185.98808783499652
102.92351395534466 72.8451734833582
238.4016092336672 99.71609934011136
181.61345060580734 95.34424097220742
95.37949372737329 26.129364235860404
181.96867916283634 78.35783194403325
60.047134969113095 115.34437596845504
235.5687770099785 100.70939671381454
148.7805480715465 188.1540692599955
11.535227211019656 54.10036094273915
162.6785531278332 98.8868105957994
243.60826483523397 143.51393487848247
172.07030576039475 164.5553805209846
209.53224414220418 226.42432123172304
92.6704141052275 44.34405513845013
80.15759871265882 84.56818611680828
89.62796444831758 108.85227294142804
104.78485895900586 25.051287027968577
12.93996417811244 143.20595353430807
219.0444748407368 20.17302708639443
137.40235566505066 155.21799645394955
8.293177196534163 198.22286228940774
234.50134913484086 242.47414379249102
226.26972846916087 205.51929798861136
145.8683465290974 97.94285638000311
37.57635355456856 81.83975212735625
132.7734176056275 99.11638409317861
83.22797119571315 219.66628560509062
247.434952767119 98.54696940565289
38.77899812103511 220.9953659443062
74.79107419504084 53.58587940815757
156.5589752597883 213.69953756464037
58.332278622220095 178.3044071471618
221.82438586475743 75.17946619909785
178.8135504993086 10.70175273256993
68.70285606854068 162.94411164327346
69.02470932916296 167.90931479330024
11.128354848289002 18.887903713466574
111.04612629926308 208.558392251184
138.7977124591194 73.3655647403011
195.72859870672318 184.00628179992768
238.524444116919 128.73110243676328
87.53831851780348 12.864226430985976
227.23367871676425 89.94706930588447
182.57336934525915 39.521718338140055
80.32572318529715 170.87278751107385
149.3964343275101 44.496404014016086
118.25381030937457 117.2318743690856
33.507632326072375 151.16495963120622
204.07157783814415 12.814167176394081
179.07877970846562 5.185726636526777
89.82359179672295 26.64431499039438
104.58813674381915 203.58356842111806
5.838150322706265 135.17751529282972
80.49170455635948 169.61700859242336
147.5619981802642 176.14371271792018
82.079663040412 239.8494159954553
213.55559367663594 188.13854136153492
180.16888246839267 247.36009866014544
103.6909012284193 246.0888602184342
120.38170206219651 62.14836580556682
155.51398810403742 242.96509149533327
136.23020518610542 64.76898125141281
179.80405564181112 213.02574189650335
93.7309539467816 86.61061693540192
25.709218832456276 142.00951653644495
233.63182359354442 67.12517769801707
198.57505419284976 70.25351257526785
213.9912736782137 35.69676875619992
159.98265526103026 191.84963524818573
178.81656393611559 103.45299242484558
45.2001328148148 94.28915379041983
111.4529903893688 168.31539870570288
202.3610057404763 31.86039296105156
21.640662394011496 127.17573519692063
224.60971393821595 222.5110930445581
172.2874193125538 66.0895401560171
237.3317448080058 133.3674810198835
23.14697166934859 111.12516356352403
141.15868947621942 6.717086711992976
46.736167064141966 25.94539439069679
13.04693108744201 63.226185381868945
157.88104007947567 30.74277952551796
42.74351933555773 232.00260133371003
98.38848462908257 227.74356357802665
118.62153729979183 198.97058603393654
34.394060715611296 42.050655987623806
112.0583445804022 88.35609302155942
169.32308678523532 192.18767742949774
166.3996759364993 121.15960327894167
183.1083834656665 75.95414645609749
231.4785773297098 101.76738944886738
13.265251284129336 243.3982126088887
24.55587361081035 182.1660367515688
115.41076518341517 41.693337747918115
100.5255490891905 57.14149592191653
91.55328959594111 39.733881584071014
79.83342602070415 15.723714952978584
103.93724557714332 184.44314647293547
160.67656613289626 53.010903454146856
30.86776492967755 93.92546025725723
32.962486016042405 183.39258472948737
15.608031609381069 208.64060039294952
166.02921044850657 168.51367383174878
180.32518307753753 237.61003241356406
5.608676788826871 181.78755248335136
123.62487104423714 124.43339821253116
83.6976930859502 191.11843239783445
214.3227661955217 216.62436182763997
163.62934323361645 200.29465678762472
45.915119136648144 146.67682061623762
140.52957060723833 88.39343685749984
10.280773929224301 246.99688012879122
17.622184864129338 227.2977301861808
103.17678323944168 159.68951187619044
25.743841025207047 195.49835871246518
164.96719400264257 239.68879984834882
61.54806947532404 106.62433598004372
34.75588405724189 131.10714148602733
228.39711782286193 152.207285864441
113.99657535780189 247.07190689507794
13.200313563551836 222.18383265112834
205.2177544193688 59.30542032412442
134.1195978430583 106.19574471604079
138.97954640534903 40.71146288207511
113.98761036087485 225.05954758221134
164.20123910074966 173.18215400847063
137.8861103252997 5.825514152108857
178.49623578121174 71.78343068719681
16.036492796623282 182.0861715961138
5.044549166164036 26.22831995472402
48.32886649579807 108.12693047259681
162.26417995731111 79.26967140564572
190.57430460141487 77.60735063191882
9.83980103803711 157.92389359340623
7.004531682371362 165.75313595238967
39.865593461295255 126.79301901150009
242.25797772228793 160.4288548330126
211.7809321841147 198.7411735661142
197.07525129013854 229.23196390154922
91.77358787856421 116.44805943643361
132.85417553185317 89.11350940094032
150.54815439122058 149.44416485878645
42.57019455946526 166.12467523237808
121.86065068531194 43.05341845718053
174.61483879982708 136.23536591369634
64.33064419988624 156.99004359076102
206.696296684399 199.18972384243233
91.99691508291144 102.71380358153229
190.88739190844157 208.83958325908316
197.9159870211654 219.2291032179927
192.81478735513727 150.48312271131158
214.97090972576132 19.45788591049688
213.71267069459415 118.31550267139407
117.09566312065692 63.82992806946808
213.6194625590352 70.90437389061174
36.314464362212696 220.212150356213
98.30690545729914 50.29892762068247
203.10380302091852 65.2317358931315
87.99521743336416 6.4000143052097
219.26632011400008 2.4062091827666556
107.59296503834756 106.88812123021805
123.33424679968641 225.32251294299195
85.92651685162406 72.14772193162567
87.04974814933439 133.74947632722876
249.01160141687384 189.70563510182893
69.845979417903 151.45120867588193
163.57233811733047 220.83140531811165
34.014356378248486 164.07315671650278
42.33378739695201 5.426626881946755
112.79310125187466 205.58525929368108
98.01999532586858 190.52431965440005
33.221683528441126 20.753634090392296
152.46895084992002 3.124156050865051
71.88472536640269 151.20760830810022
86.08745448624572 22.633052219212747
177.49609486252928 104.34126597596335
166.40999911665907 195.85727091912713
41.93450373039229 142.64946657223174
209.92945000400286 134.3306476286384
233.96064657892325 238.229495747553
196.3631569607606 168.730844569714
226.7295259684083 198.623682831729
142.53836200920748 168.22538236904668
243.32677992025324 243.74816180720728
22.959290963398217 238.546368385641
80.49889088326015 169.22299488314079
165.25591881597185 110.40775143998746
209.65634634296333 236.36317533392028
210.99900345183434 0.7790337646014778
109.35718137624836 117.51545117819134
49.170054154692416 91.74269085464495
9.373604164868016 192.19588730048537
194.14548958549895 164.71823931608782
93.74679998100213 20.962223586210584
69.25106696085945 197.02952578110342
123.74297942990353 131.0157489896471
243.1388590076265 159.01340778756733
95.04012416832583 65.60328215782413
195.75383932707592 123.69476323993847
12.26786759681056 130.04370133507356
213.07838605507314 214.3547361188226
180.5514259450276 177.05785882478474
47.20720339739321 176.31872802842125
58.47456079278829 34.26191224439226
39.633495559514316 100.02012435565408
30.241670154235706 168.19911435236313
163.77747532741535 77.66623842724313
235.60219455330636 50.75566622745689
59.68945484508767 114.3924716771163
225.8808570136754 26.941110554066476
106.9975497123517 170.01710514260154
237.32993398427283 170.72920425631017
132.63984441129713 167.58147572751832
154.99910219668666 223.42507212151372
229.31126742984543 142.67459648037948
69.68029521363312 201.65961950654145
242.59344301927493 55.67743139579931
6.72144458058202 189.20372641353805
134.95744868366214 37.02985423768263
187.98582275695875 118.90550567238456
66.47052177063584 240.35148998102562
199.62484634073144 229.49581041991337
124.28822395918479 172.25793364001981
226.37150354922312 229.6572535071605
210.73226061305647 132.9347571077488
115.37353198698158 165.5298822081742
170.5860284297097 27.08386929828535
134.11868960221648 69.49610410694773
241.9141356712922 169.8301164500246
167.3017150661931 84.0211160075402
139.24679780122838 75.68588241214907
89.52365197704862 152.78138938437834
185.85103352083243 15.186446917975328
97.34730858209387 219.68651549151608
101.97953804993523 119.30786783421155
44.32505843166107 118.53515018028601
185.95444739091138 94.45110821145309
4.531964190977067 139.97095643783757
84.22387717214025 171.12143686255888
51.437647736433476 183.18708793615463
120.52068843178196 174.05850682882692
89.37524450312753 228.68928955508304
76.83232921726606 38.87041115249723
161.67279474154367 149.49069477131349
72.24466693451373 210.0656030179617
27.118544489261627 117.08044409571708
191.07559036763342 142.03807189587408
211.12126435857658 120.21101262883846
118.51104594643377 66.93122473917057
23.18257565381576 157.51714316621727
113.2968680878085 65.72797106499314
205.81252980868732 226.71114312382468
124.15517383793373 189.44301649545827
214.892821197124 41.03257598380664
125.60237444395095 191.2188937930067
26.944946608708193 33.7603035837499
54.44018622806493 166.88415922717297
178.0868976427888 80.28343266022797
80.07178458795741 75.69162400499532
58.43021800005979 213.50718248545118
239.89418558137461 79.84532312048486
180.90593892295982 131.70249276513297
147.66460419741725 200.3182805079227
149.96570624308305 241.33025220720302
195.05271470525597 143.83514885350746
25.77620414021145 179.60655232632254
198.56737458954692 139.98799627408684
205.1429275764908 130.09640281325602
228.42529623590437 114.72634015550392
9.804505123722828 174.51495016072823
43.720219689323436 144.18978634750493
17.592211209574078 81.63135335777383
97.82041651448944 9.40179390494597
54.830109277351156 60.352414591030914
238.0400570694691 135.667328534544
228.35930604987473 95.28451658722042
220.70619340362256 86.25286386900893
230.73599811315236 141.66322165711753
38.239173805210775 152.06640592836175
213.4385188987271 114.18464750271129
2.6564783614774212 130.2871983732236
92.33012410660726 44.47176981821338
178.2527986282087 55.013561198701936
78.05237498107498 22.466450722580994
108.56972080800465 174.1435254428573
16.71680675623352 175.06686233572935
239.6802714499316 85.51247771968035
243.8760195027482 106.81329592247332
66.73633997220546 238.52478049192936
127.11489929784553 161.12387886781823
206.44196670847845 113.82684248556119
207.2216974836216 83.33068361449322
54.952769842686685 148.12296125586792
54.0407769207829 208.7357366224466
104.29350455218608 86.72484461572607
232.61323053977986 14.11715545918632
178.4680806122755 195.2941468580826
137.39895938774302 238.99116133989605
62.353772389985544 233.95813031880266
55.38752194776014 163.72423233172225
150.07693734851748 226.699093004322
141.73815649940815 38.24792399979698
181.8776510592433 138.30243339643818
205.9582292170849 160.94077220232737
15.524170544732929 115.77144246923824
208.50743559061098 42.92096403715498
189.76419379219865 133.979023412803
51.00404335874356 227.4140000500178
140.60429326988876 49.665506784424416
61.922071621154736 124.24586768217782
91.33562187130947 134.39213313585557
197.4970993397057 39.63268422522742
165.50237275358725 123.35256558464367
235.5195448508274 203.404627108811
68.03158930567544 21.412002704511547
27.228068107110843 154.78901822296763
113.42302138219738 33.09625975750893
183.11438205860577 4.089346862856696
190.89075721070463 158.26612767945937
235.98266316250513 178.35998572755452
42.52441762095355 14.220597494176173
14.394495144044422 78.40507082900002
84.54712673155274 214.69090260139888
181.10273393198386 8.245795409428853
149.9939477425511 192.87605617791073
163.60565855471944 130.74051842655666
215.02392537561676 90.54184570018123
32.52939851507355 66.06843961424846
81.28442890068143 31.693639621996976
20.465821707549654 37.42498117249923
5.027640832795943 184.97608048467433
24.73313925699769 30.693443438795597
88.8826042259234 144.23417517126146
55.39297447704977 10.840810397992895
63.863498086431605 246.72640300332216
216.89786945103998 127.39628731780265
17.335437580664138 110.72353557405357
148.01090152362767 70.29605421931586
210.13012988102003 16.96197565040494
38.031312595145586 9.788037118626331
107.10069212252284 56.9660004567415
210.48604260768576 72.69973270181349
78.45927159206728 68.50219924442224
80.81827579392373 209.15272597346936
174.5358290320268 122.85828104208987
225.32070853408416 227.72884747477633
230.60035760353225 25.901526905022205
155.91458459636243 221.6246507708971
175.7605535595044 178.0660332154567
234.38491192117303 41.36615479518457
11.557089278699777 33.732567157702675
224.44724563830133 170.8193211278674
15.501061198499173 19.57801358583436
14.518554046301425 171.43555031458058
160.71748595302898 176.7403804847695
6.213434657326017 167.57980072671742
145.62344507945238 38.428989572290156
172.0790269106156 54.85199423113113
198.03902765178864 97.01376047196172
114.86478297910716 228.45807253525618
221.72741565790648 161.5485704957729
204.40754522048823 67.60053733069493
136.50655468333403 205.02148871948089
154.97619894414606 188.5254962251414
163.66409865022996 0.8670426419634392
239.625450158204 78.58620055470203
111.1937504318668 42.918872949934766
4.114487922386778 118.03803024295014
10.114020910507282 113.25059718157456
153.37154134661344 213.54567798840728
198.2068375767891 87.65025728295586
102.78770929196534 224.12085859418013
140.20983253487884 43.757941885728265
72.12728083023717 34.811766681253545
237.65361360537278 20.48195154185517
24.8166238985863 78.19280368280346
163.12417901481734 177.13029163759114
6.195619483511799 55.116251893495175
147.2909219155918 239.58086738025852
234.9513052386456 221.18662963156038
55.79226273590357 27.719509589110736
108.36280279175028 39.16414585615319
161.99637276030217 74.99839183408375
248.95018121190517 241.8909234208153
27.90951339448336 106.43938158984609
24.614883481155896 2.13635021709363
177.8695222427919 81.19100726769796
169.91113886761326 54.566444406805665
175.81940490297941 91.69479385849102
157.0538788315196 102.32517089471271
147.09657247192567 75.34093093617655
248.0519852253435 203.41179862848935
60.841826089553294 29.284549342697364
66.10268250052198 169.27058697706778
24.255842869586015 150.96783277028965
147.72820171676574 57.18566726694113
71.94650233718136 112.38801707490697
201.922976951662 180.2261505869138
70.51320912337967 15.553805563204154
229.02873201483862 152.2845398512122
102.6239497667612 129.3986066964998
141.51739177497606 172.13298684773312
239.3101668629381 95.5656779064504
31.739806258648084 100.86108708653965
26.57250174409334 188.40816298952424
159.2707225558472 76.02032039460296
93.7130359349948 54.214652301904756
95.71297486843588 145.76916153220793
19.955993778456193 71.40411872775599
183.86933723053696 141.45916150381495
152.42022709767278 207.5597340248177
47.02593817072023 8.550644580741867
100.30984927278145 167.08271205436876
178.45750041525838 17.571798410379092
240.63518946560183 211.83105105689881
229.6425633303193 89.30571132295498
56.57967627240421 71.08314563868464
114.96325144178266 187.83175806749688
200.73436817974132 13.455380445738129
123.45945943725245 61.06239239418903
160.6449931608573 106.36676671232809
138.36422797409023 57.84339147001169
125.02275523653641 191.0489316110472
196.11114043961413 35.8635873066229
160.60863004678936 233.09452762315564
223.62687780698124 246.93827000367867
39.25686760042027 2.8027059829406067
46.05284625504966 40.9094771257463
216.9432528642214 144.55036804585032
223.63998441409277 9.303908663685661
32.4726737862692 101.41023386512055
230.2721655350675 78.37471239056163
107.02455247030606 122.2931326205888
6.892451762774615 191.50622291469637
147.69124036410304 86.61523549618266
206.7828425750572 117.8078735346537
106.78558877039299 27.937116439752245
7.116017774005861 174.5726035542997
157.4841700775585 171.7190341852816
64.71708472479062 81.69194147895436
222.60873728627774 18.584693545866976
2.256624766977966 56.934275032603374
236.66542217683772 186.26941979616223
121.13174806420714 197.33349156779198
37.932539323393435 130.97989528719572
27.248193222797646 223.52914892438557
245.93438818769906 45.37456515568833
233.93216138560763 136.80536914814044
209.10612569267076 60.938684857607285
53.35298232545485 98.90565998759895
144.64222219114944 80.6481542373442
45.200201757883086 218.37453192589174
146.95343461562746 49.120139675790405
56.21742179750242 3.9338026200785303
52.860233303023726 205.1374986929153
137.33005532475897 110.13100006537263
113.87201665248034 70.6505970963795
163.95686043093102 147.25711094391013
53.44177557593458 108.3512272674306
13.995562298246083 175.72871261067166
109.9347917964083 12.838471915750633
12.595998868617924 26.85901353605713
171.8623810120878 129.44627127940728
241.91138598129453 75.12034992031388
125.50987392693982 18.672620219633867
37.292603614671656 111.17899211581792
29.734286888241755 134.25537300849987
217.71171849693764 228.65630726614208
68.52949328760819 205.41250202986936
102.00795565091317 24.27526750286185
132.85301655949553 65.08685841014689
182.77818091398532 52.29802198587411
17.35805892700368 91.72829323557916
89.89059768267934 200.41503900460867
162.33884593857883 57.65063765673428
115.3470622697324 82.91244102941725
226.5853519976713 193.03592792324628
25.73347397592579 134.45281527507223
164.85714296803962 210.05521679436154
190.00001189605308 41.05688627314025
2.386952743110571 154.1163840700683
241.46340741623862 158.3262071788103
154.85054417628263 225.87442009654632
5.15974409524217 157.244007271053
56.53269476775755 198.14700920130457
109.1924794201544 80.7888093433197
66.45199587930672 206.2971812619409
182.10589392610476 221.92904392868152
94.22933438517903 63.37367977647806
167.1482362564283 221.5643454494295
45.971993383655764 97.45325632040816
212.4099828552536 13.698530647631435
155.49149468595485 208.22570474434767
130.46967077789435 32.809538462392595
121.02259131724732 218.23330215370518
125.20535646364011 10.768502350437887
87.07225100219246 207.1606485253655
46.13984928327053 6.105051832570984
219.78908055023123 45.55614194158172
247.42718208509214 31.278205904940933
229.82134332147027 229.45460665221438
171.27671142724606 10.359578272391506
45.59405784514517 60.650665789493466
218.00897464049172 42.673552227291026
32.635704850146055 78.7250263067498
94.72500242213411 228.3608803714859
244.15007575793518 143.48534884517278
77.67240965991378 218.8589233620638
248.284592525944 246.16321745101055
216.74056951372825 163.53727548194004
11.439219598797623 113.52414170792613
137.17254889611047 36.92097137077246
18.994947680941927 99.49535901689508
205.89509876462296 25.026940628082695
242.18705527026447 225.95374751779067
212.626399920909 136.4278286564164
115.00085484065853 131.9808614161266
88.66462058635463 40.58476831193267
8.558066713409223 233.6362564530648
12.595111270247234 116.31582598613241
93.99580875200469 236.64353295270487
117.40609102150185 6.103430405224014
139.30364925940214 174.91022492036805
119.82081695261304 108.03828008002134
25.657317310105455 162.09286790259037
133.74269246212404 20.176349746064275
227.56793851886945 211.32825214220878
72.73353225480037 2.962083888015221
201.31283857831465 85.04784950908522
80.05070332179179 4.3618387377100385
57.51282060105834 227.8860117498129
168.79218069948433 219.04598064727762
188.64473320952538 114.11793583781551
206.3983185182558 111.96897730308433
107.28914175758167 132.65617522455062
153.09299931224373 27.84759733254924
179.04385078941024 209.97916806949692
40.302781681915924 157.74073125016383
183.87727325073516 3.79320435735056
73.37237413576747 223.62269868888572
63.89999375110567 234.11137798553628
105.78296729315761 6.587196411187185
96.22567371537988 236.58760404408096
200.01008821631436 120.91707680480995
108.69774720906858 89.41283364245606
24.446464616420556 146.78637766680092
170.724962806144 141.63709398829175
244.86368145573823 139.1181724021768
117.55212429268713 71.44795109939037
12.060542348395792 134.16275211154698
198.40870742544953 202.00937855441938

357.25994203481065
575.7311860749232
561.3387027600635
906.4326992111936
842.2089129558543
541.7000633997933
458.0014808105331
853.8723517580157
658.7215068629182
537.9157577908626
694.119492724342
907.8738289069189
747.0298701528787
940.7284457468629
278.7328521864217
599.4484220879915
498.5336692710541
303.06558895957954
2.3695331415389296
211.09223042102454
877.1503536763274
875.7610803802384
1107.3601686470693
846.9676177961717
717.002921771425
698.0003665041575
424.405449822807
1034.9908112657401
649.1984089151048
259.5067003156028
379.3537143103648
85.91763171237407
989.550988245853
1105.392552720305
1063.62401315694
878.676678911411
426.83666566993014
134.69615885723883
117.69854639797168
99.80299477421157
303.8891803118601
458.31179614204797
565.0658200400255
718.3223468827798
20.713858692900352
1185.8710460131479
145.71276419104444
778.7009640646131
504.98588620314
1140.5976386647271
535.9412632708215
988.4768976146208
595.663610818883
472.4905169093195
1039.6669688012605
377.69500083333577
56.17400001541382
679.9411674578688
425.1020108414015
563.3706789642573
563.18097893719
242.73999005751418
350.3220836996308
930.0327177257758
403.6020093632744
660.5139965118889
692.9687664352896
1075.8424421638274
861.1110503266008
202.9493609432354
420.83203684026284
1021.6791875985882
523.6296762340057
1054.7556386367405
259.6191337982815
629.1886273770674
570.0746366917177
124.96707547316676
269.14606939024844
639.2099162293241
1191.6620877379528
292.81516731162327
1111.698925020821
563.0285663414498
57.21355344542321
218.63609605938012
228.20007332716483
272.72599592738374
307.4228237450334
278.23404425349685
532.1679933482055
141.26190005349847
226.1325531813796
1155.8057326921905
369.77146366268175
1103.9592575973577
725.9487787101147
1144.8836784065597
384.3988554954048
496.44357948930553
347.90479159541815
932.5345790006246
384.18726282347455
485.1679446931324
707.1597645201505
398.2873058238115
570.8302071838635
316.5133918028204
846.6571075804305
298.58494771708905
19.250386585772354
407.9786045339941
396.05153946849657
1187.322203028891
554.1958201031489
22.67068781748996
438.8471394002394
1141.6019962255066
563.0759454459368
1161.1394400635322
24.386188089258034
381.47771619730867
911.4739232108114
960.3109828904538
1075.9946617626308
3.398248019183706
392.1819245572292
233.66062069797906
764.0870079086924
1024.5196067307081
1033.3674071451333
831.8578490544613
400.7417791660664
79.17123431602171
425.8519379863042
971.724931443025
645.3556058452383
28.99919956136773
5.971612280534134
1152.3494692575862
179.89649781912075
1173.4048871595448
428.32142434931814
859.717290431817
273.9729847278171
135.60575222035786
845.5794689089084
188.4556272008619
113.15832029687391
1134.397945175391
868.4694208278554
628.9364797484909
759.4365280486192
1026.6945729121542
990.8450078346999
8.140728676275497
1095.1829302973135
744.3449582282868
276.461958756505
495.1493918895386
896.4920999181762
922.3532661479667
868.5659357457811
1114.5816219261424
557.1934948743152
95.71629139808384
363.55334470595653
540.7200092936716
341.2112209310637
1082.883478326314
165.9214512715823
1072.4121086497753
138.99360379925673
870.8471637654701
13.244090894561532
115.76850535783231
33.812712788396496
543.2551478134404
487.72711254444465
597.6011993791957
1014.9622346337624
415.69145749085186
236.4579488459011
213.28269565094632
692.0372326851336
1061.3439718552052
212.84553954262043
1008.1445047263519
1063.7402149341888
842.4994133849038
809.7568119181424
1093.709058433554
581.794897050049
154.06833505592797
106.12767340545602
132.06835193943297
525.806633731148
322.2787142528069
867.6523316107808
592.2322628106465
1157.9396736013164
839.1061947665085
452.45859744921
738.3169526586053
563.1908604123361
664.3791071497853
183.8722841696796
974.2455327994769
1141.5929308109457
1018.751824521477
433.38526959316636
802.6250052839046
761.5064172338936
1154.9847364226387
499.6740105006122
28.37245020068944
269.68820779078936
1081.588650961905
992.7393244229868
763.8561150152211
284.5982153417201
133.48499728703604
722.301404029885
503.9231450299841
1059.8633579108214
144.5549150992861
634.5026769936464
1044.3108203191828
594.0982727492822
143.63853529740155
539.1510995451752
1049.2724786344004
813.4800744759054
348.71661278003756
950.0404100348994
800.4577338701007
813.8403322488211
1006.2651883334795
92.62213002341801
1060.1739995946493
819.0160579605382
287.5219698553909
480.7346899860785
235.39895443833046
952.4883567389893
639.1726654476058
905.2245994582767
1025.7589096770512
1016.2302609670829
427.65668761109083
608.1483385646559
94.95209537185094
368.6901644716973
970.3585924305584
64.67488935717672
65.18923125669168
502.46643874200885
663.1557083977375
1044.945784429196
797.5529952674345
742.6246302378931
428.37349327103146
123.43159689651839
1164.956058481738
372.56784715221835
638.9640010136064
705.4561622501183
908.5745145325426
969.1298784213453
1111.2881076023725
967.2233041266136
156.87413147011142
779.9843970936124
676.2791803945612
126.02138710196209
400.0644153675859
364.30842711849175
235.34090073422502
604.2664147630283
264.0002659344583
997.0943743454641
676.2247805432216
912.7566884690027
487.56726350427954
435.3706470316037
307.8929366394547
756.6910487959584
705.5892592420848
800.410513160375
1099.6497832633213
466.2969999069874
521.3493441908432
781.8662527542834
152.310070725085
792.0537472441858
957.2687758080045
76.95945494147145
1158.4670038730687
14.550048382411202
516.4444176403325
231.18590377548716
271.2251571225758
717.7433577917884
1050.7294535001183
758.9895537763326
232.50297271051136
349.1537780554535
237.60206248778604
985.83546934616
135.27467643621392
337.9297153679603
1168.1798268956215
376.3453985062799
618.210143002493
681.8809460846809
76.83577844609124
873.1840998869275
579.8423188623136
821.0819071926205
534.6671495609228
413.8514792647682
388.5296558396082
743.3209787143534
1161.82209105742
1104.0228929954826
1120.9214323368376
976.6227798972295
1033.0513040236326
29.62193227165309
1166.714480249469
1200.9402303361326
155.9345370162709
930.4662130024036
727.0053990948443
258.8221716348943
437.1401098406422
245.1923234286287
157.51420186270013
938.3041213425219
1161.9168873039443
535.357876644216
496.0514102864331
267.97512072690637
89.2693726867756
491.1267680204295
231.40080720909165
210.23588399515253
737.8151170297979
425.8677857793211
45.99090419198149
1021.2642879500105
691.2661368737731
56.81510051411791
1182.7281487833936
1200.1409858799113
1044.528761730856
120.99225101800837
1140.0152316119634
1076.1871444637668
885.2827053890678
455.0407131313403
445.3542557852521
513.6601563996883
210.7408024968513
838.5553655742738
1047.326765255898
613.6033693792824
731.2245364145255
28.693747263505394
499.5281374779209
732.5176621194738
625.293264151394
271.8371579490452
1116.0450488112122
618.1832827136335
206.62168734192088
475.40682145510226
1107.3269382858543
258.891865063924
383.9695866802215
15.903256512518926
940.9846442915494
672.5609550868576
420.3280360459161
121.3875022702294
281.9174955094003
135.590465489861
507.7885543620579
36.783550910875654
977.7391224060286
752.7712271755679
1161.3261713313434
1170.5371097560246
264.3620213418612
106.66540445657817
638.8283081670709
896.7472225353738
802.6310930788092
427.3161286690893
561.4600849657805
1050.1436479460226
476.559884963589
810.1934733508829
984.5276554844681
191.70774204394743
545.8633214411808
244.07356431403966
1183.0694029656177
172.10548058553752
1183.9129425351118
337.29793532771816
812.4992523722278
279.5183608400158
184.80495416850346
164.02836951666603
555.5662089046723
438.8297312224173
773.3337635510057
958.7220377037951
176.1121406343729
930.974313613681
85.63600443083426
1021.9471107312353
1164.6927148762616
53.73228225790063
636.3704064825976
626.6612397800153
861.4070371419258
139.7318025858465
1086.5737549928351
850.7369038592141
1131.055148990304
347.85480084280454
511.18837877023986
522.5444646527038
647.195428927838
166.86584805550297
897.284346474414
263.4324568490744
142.17645094493315
32.13205888681659
673.5189672641313
1024.9459867311703
170.2523308043317
826.3410082109707
1062.3158729535091
24.00697757041009
78.80775288376988
291.5311962376076
1088.3009157668478
913.1418052751268
604.3517527449897
791.1231780146114
224.3086594686813
1010.3112913319919
368.017219036424
934.9688505022699
596.5711914225515
295.80821243359367
754.2576872190155
103.78134214523978
841.8477797913373
696.9259012269436
583.8386851454386
417.32500920455277
1115.7640485788456
658.0100766453229
864.7586067864758
475.54142007418164
338.4237218789163
883.3689503263112
1180.0722630232294
601.9503755574062
519.4744463384583
283.8288723209077
755.9616846760053
182.21094941997967
940.2133556614938
978.9639569323373
466.2537715894408
985.2167396960112
266.96761600485354
519.729259457038
264.0610506664748
736.5501852102144
406.99405506915184
189.00624799310773
49.61620424033669
577.1726746907431
705.8388091027778
394.62285841200253
679.3517089553627
988.0650805617792
1143.8347445517877
126.44021116596149
655.4042311837887
709.4800913263207
124.0426143555819
275.2108050915852
815.0920117202646
86.3309725499535
51.25607190954484
1076.3953658530231
5.5454955727799184
212.0677136378411
348.5888795944442
233.51484123216653
884.9700782868282
882.7165303263073
426.64645862696494
294.2879131980969
627.6176759890067
567.3195961820347
45.360995584557934
372.2573494526757
382.55710551091994
921.4131599181461
76.56397910556394
508.5151758265578
1066.536760346549
1084.0923822775833
527.0810458526597
1174.2977266764583
713.3188293154199
233.88505905676624
136.10806163979444
820.0477711219271
832.9329995010162
206.13064836298733
569.9926788054124
486.82059620828926
161.00385174847028
335.1378713696298
654.1714729884823
315.51029043557963
370.196549706336
103.01691089392351
1190.617478637103
0.24317506445516657
1160.032396375516
441.81489285673905
189.84798904426364
965.6783634894751
1103.0728893829632
465.71283687971203
1040.2181349311486
29.479820723577642
966.7097765216856
363.8682478106194
397.8797311468811
739.5005943969552
879.6723381162001
1171.2064833824115
1090.4614831681986
485.79960707903956
559.927900181513
160.14671952500476
456.6187416778732
563.7394366669502
1034.483542430624
1147.403612765387
821.6386061960283
4.096314224284022
336.4474547304986
1020.6763015045312
262.86594945942556
74.02039824055005
463.8326275824028
187.8068778797581
473.2406818086173
1107.4388937299416
390.0059502221433
38.1012443157277
1131.7152627718706
919.6150223711392
0.9773106240402318
770.898511243141
1063.5195033080827
562.3554531178356
185.7754206184837
925.9638536247298
423.507030781734
333.47726978401124
437.4187397657933
1171.0975038162076
378.79224115329555
1147.2960925950329
458.1501327450164
958.2815318687959
507.2032919434283
397.11605494792906
1185.8831603522183
792.293021967514
556.0128864685336
1008.6860573833679
317.5273408922879
191.63569352228072
622.0800576098729
1163.8570482527768
281.7685140161891
77.88056364081858
148.48665647662824
887.7597357046297
986.0958996888731
626.7653277123123
971.8824128069989
358.28754737554476
715.5325535213597
434.02500040984256
991.1937426617999
1143.6936651040764
245.137469368676
407.1065953538405
343.812931963637
504.86967483766125
64.69874016295071
1180.5117648296605
1142.6299632190874
1173.6867731504772
1156.6860852634672
702.6217121152896
532.838449346318
969.9049809225668
942.9161167428292
573.4471792369584
162.00893516365457
940.1523029503812
281.0059393347052
278.25592621037947
530.5175374053534
1156.4492704271743
595.7071834867942
986.3165480993121
741.5127897132941
366.39153901975567
869.6996316268417
456.1087347599641
877.5071244765512
132.102719367973
740.0986331557931
745.0738319663338
361.84284718191174
500.37153117381104
458.86127404712977
1064.6906605126042
527.2027809797424
62.070507654280284
160.04680991905764
889.2483537028177
784.0334335924547
96.12199103342333
644.7034010453572
83.2116142616386
559.6279127813688
1081.566846135459
340.68828630374264
430.9086517598499
1087.8038765449378
244.04904401307422
423.99515834735075
1101.5240183246726
1069.2348340425765
971.5754915564135
1012.8975779320153
1179.7164652928623
380.70616116834304
930.9949231707863
0.2831015227595849
571.872465356112
985.4074509543664
270.17183228801036
1125.1906076019109
1047.3461466913134
1132.5971826568887
456.9806730566424
1143.4997670843586
465.5464888384181
1148.4719250337741
585.8321483901441
829.9925836284791
1136.9164206967955
107.81848243041654
867.5116054548597
130.65546755464825
909.8111789445713
1007.8562923647102
239.0695218919537
72.02792240018074
280.8459615408588
202.53534189083433
319.11646970224336
486.2764149418905
636.7331928430054
692.7611232200834
279.65113712699286
986.6744070089276
876.1875007502917
179.5038211457434
304.818221674428
597.1507055303467
681.6826909857601
146.1070589588642
553.8437548118529
1057.574967005559
834.2305709889503
428.1508340027102
1087.8221698665795
442.6298449143284
902.881089069572
1152.1498774026722
793.1201682614904
886.2970074473473
607.2872142245303
497.92568634024695
593.3396392147
577.573015121811
624.2919356192405
550.6124041346804
1015.4983650306655
688.5814250072975
11.209071560813156
698.90427510507
622.476533588503
1160.318085998876
613.1168311112174
815.3351314109929
395.51564286192104
1100.268743769856
990.4564160810002
796.2696962110115
186.8087363585857
277.023731525722
523.9014543562506
452.54088029339005
774.8850900979187
452.2507680452019
451.65872096729515
982.1171246394982
469.9346445337576
426.995265109229
965.5580725332663
876.8740454893554
1161.183836254348
676.0472902280881
446.7883981659977
70.51792013394255
142.00005125978265
922.8113783407638
821.866231454197
370.542107303403
100.99391349492302
73.42785446230776
322.59804167896266
289.52863181795607
631.757922012304
20.249781287471688
938.9237987245505
687.8237765899336
334.62105370710316
128.2564173326445
516.6669277398806
348.6910444990633
811.0430059256774
139.09611866221593
1043.2893616030965
1191.282100884815
862.9628558747539
36.44384171485917
856.5580997947663
723.4838085482868
661.9198339192333
897.6123701084729
1142.6865637973888
367.3785225527662
697.9229436042067
529.6074180419502
122.46832228532246
200.2956358121542
961.1330834929091
803.684786756074
704.7766743792317
231.31572839009195
944.6357002001854
654.6108330102626
171.5716610501039
927.7586864734183
313.2344222292608
680.8859508543092
871.6494561605592
448.62147000712474
900.2065440628429
31.440782171175226
390.69868712835654
78.55045147737233
365.8281140353761
777.7350347231436
166.09350814031305
249.83484054274996
1176.5728408829373
454.31587084238737
367.8312215325841
828.1558683081414
880.9519076612966
295.1602843706502
457.0108752720333
677.1555245521719
875.1934613164332
787.4180423971164
93.06808772945749
885.4093184869267
96.2458551022739
449.93369811502043
977.615720332527
968.4202316619037
1168.6539813715644
1098.4363045485209
65.84545883998126
408.5300678939481
825.8692678014717
106.81153692114485
622.539499764678
665.019066377477
1109.8210390546149
60.254144273876975
823.1966451933633
933.7606876339077
328.4643024294186
1023.6492624422576
485.2648753409137
1049.5052532762127
470.4462225510668
1020.4882048305635
875.8909196622939
1017.1189925650735
825.807997675587
302.7291821710265
303.4681776639121
130.2621900815481
954.8203435682738
730.8396246768268
1077.513280798689
901.7032904226884
420.68554465781887
1136.2640729917669
1084.6547659143532
32.43563824227026
1009.9750250382456
209.40462458351797
1084.7618379271848
223.76066921209102
1057.8610121870806
611.0197995667606
880.3495040035784
561.5345896111493
1098.2908477309697
237.23731098064883
309.49691559642815
477.5826023010109
981.3591375983874
465.6991242141476
473.1490232950902
439.22139817376376
1181.884621501542
332.67425034197305
367.265395548132
101.71957564723316
268.2748350422973
224.2932982618234
649.2139926024322
1200.3013746352462
1030.9792496770717
899.2249180854992
642.4510944941469
110.2982990644084
592.5877779880785
490.6146481845876
3.728286855968644
572.0892685090267
331.61740914987865
1039.265132082273
638.3178012896665
735.4813088948781
543.6461966840675
807.3633935007824
615.2571432567792
913.9639844257184
848.6899913183366
613.8080844610731
81.6533090511751
1182.1966802635413
16.934938360893995
638.443061143151
26.314358814806354
343.5491977618581
191.10013914286463
698.8258208721569
280.21004525795206
941.0275092920224
1161.7718501005693
1070.4702368479002
879.8159731614355
1169.0886190648143
341.9220690791138
98.45974148517868
486.15754529640384
609.6520784178855
471.42723585313666
271.2234777126767
250.21372665830316
918.3364347180345
224.5773177197505
95.58808433854239
1152.1894652105898
267.6151571999307
1077.8280935704493
218.50417940977718
4.28384993077284
144.41450885271098
306.9116036285882
1173.2598453267353
88.48446754841285
748.785343798199
281.12959435905043
74.25289566404795
626.8046338223311
552.6660124958619
660.6881907057094
1.6898823344818814
850.8060144724254
204.97738777801322
873.326292387276
1020.575846536943
339.2271415167344
708.9562645470406
266.62697480899516
141.45573283727768
467.9440782532481
883.4875315036181
531.6306507805126
695.1926668062774
937.4628213690874
137.00687229290895
1086.2582976493368
1124.6209893272737
583.9090627029397
775.4584221403748
320.91861798434434
163.4614390617232
799.4233141147427
980.7263672679404
792.4802027458826
1122.1681525917463
60.95655214342309
947.0988556092263
638.03437259452
685.784641478736
1161.8777297220063
1101.3741540815463
975.8289863391244
147.8120958080446
929.0149600933254
2.5877255518298705
417.44781772357857
443.2532978152733
39.75100976986462
348.08016159592586
251.43434264357
41.87239987946885
698.9460417136575
307.4151575290519
1093.8154576944014
701.5699782028925
1183.569802065278
286.9165799664953
1048.6979973657303
2.078289078133489
398.1193694672573
76.35086754192379
994.6851086108549
163.09968828207136
355.65545484726374
296.3791251647316
969.1426843317295
840.8018408154986
152.01925273758513
594.9311150149599
202.3096508091387
384.37072766289174
114.62187375910142
63.620018538666194
577.862198625933
1160.5646105527103
827.3293228947311
1144.6930193548817
362.75255862429964
991.4231660628652
324.971430554938
138.83277335023604
633.359783476859
1031.8637172652961
276.01262385857103
266.5464262111712
277.13229042800975
1170.684425228641
730.0565283421143
799.2177481333317
841.8902399020016
203.13739812414588
638.9480708674189
369.5774356162404
201.68150659279962
1056.8036009877997
362.6684270921641
740.1441037669105
456.2236159824367
985.5706660476999
1062.8212349887506
2.893957075138296
504.9736618426277
706.8095889897434
548.9237757102771
913.8125212891949
153.19527934548003
5.204913875452351

8.6 17.2 36.0 72.1
17.2 34.4 72.1 144.1
25.8 51.6 108.1 216.2
34.4 68.8 144.1 288.2
51.6 103.2 216.2 432.4
68.8 137.6 288.2 576.5
77.4 154.9 324.3 648.5
86.0 172.1 360.3 720.6
103.2 206.5 432.4 864.7
114.7 229.4 480.4 960.8
129.0 258.1 540.4 1080.9
143.4 286.8 600.5 1201.0

2 5 8 11
5 8 11 14
7 10 13 16
10 13 16 19
14 17 20 23
18 21 24 27
19 22 25 28
20 23 26 29
25 19 31 34
27 30 33 36
30 33 36 39
32 35 38 41

