1024 3.0 0.0 1000.0 3 160 240 100

203.08807604099206 1.9688540271353694
240.89864843801567 165.5459713806245
39.61733732939315 88.7197014154463
38.71988602921944 121.37285460975284
237.41141402970968 130.43151671727807
231.23197697331815 190.4640159695028
212.93171842349847 140.91497167828325
235.66260746748273 164.185323740164
188.74809636438917 56.888886229754824
82.72568407189418 174.51881644636245
25.80339369080073 23.965687740688967
19.522515868654168 167.33827867940755
21.40468156503944 36.48754605247778
161.4317326644631 177.63336704285237
32.51207899779618 213.2400712373864
131.90853882973838 167.65017294904803
80.91537266545353 146.1815132721674
78.17652280120824 77.78087371535969
102.25806977161308 75.26927189126745
27.598747092726335 157.01450752443046
246.1747328361909 195.18959901162665
216.08017154051 171.91236940271344
46.72936285541057 113.31280583363828
134.45083663318243 236.63512513192052
187.18069291525902 9.788969451017703
36.073423751146194 86.75271738192372
222.11732708745953 94.91543828325266
70.941778257686 247.03663043702622
180.71284966831894 76.39530501301053
59.52780221705004 225.5158968348899
129.70691799548575 163.59026910961444
20.176042818527 206.35573836007956
20.46955313799731 175.1993210857389
239.76047482037598 56.22189608360223
246.3378279208364 221.62617691875872
226.6780609134029 133.03060100255777
83.96152927292955 71.06608710555412
145.45751862366055 41.84228721444275
95.89513231976169 152.44988531433788
149.9242398697488 65.93900298866137
245.55631947358418 244.2244038053975
234.75240659571742 129.62482898184874
131.21622997506717 231.13877423386626
55.70255419918774 145.4937823116343
100.8886368952098 134.31143365076986
76.70338274336453 128.97417173651954
232.95762599332062 214.43989064330856
3.933770308910317 220.8594976519614
248.37957217903264 0.2170209432401926
230.10412455050735 48.84079617893186
193.64764768382128 54.56771989846854
0.338228983061295 224.15937768569893
245.07201246049334 67.42209181314213
34.70340755366025 53.49123601414541
208.14524590002833 134.71193664203255
200.9924955502234 219.04671746177618
180.83704787107465 29.570042487803843
196.21572994863874 201.44359975256253
107.33629631537231 166.1539584962506
83.18722577310986 144.98417818403524
153.72863909038634 199.1577018312187
240.2690454039881 245.38983689139974
174.0380096007072 5.586561197897772
142.67666531480302 210.7200366605292
177.51111360834324 186.43644469494615
184.8835488210152 107.90487818441386
84.22518539872786 20.526720801885194
65.98618388962271 222.17524135518056
39.29090843070712 49.7202765512739
61.37466037678491 29.159939715007077
133.60676842339666 60.03668754412189
142.7622340163801 47.756447848292
60.83443175155309 170.45383901964323
178.3227156628302 137.9431669565515
204.8495783603237 225.71102909480751
230.0345174965625 39.314130558158105
52.226476352281644 193.9043537496821
159.59539132561088 66.70470277006646
68.82751007338366 6.861953281942973
23.439978285889314 161.79675501860146
127.44487958139214 59.111004585825164
145.39240357183158 134.10431272904114
202.60484068998431 181.98074368323472
160.82308885378472 213.6975926798998
187.80132305949473 77.03619691848526
183.2114104327888 154.22882168416777
71.14449200972156 173.24172428977073
198.49934415805066 18.415993104481913
127.71650020425571 87.63138662879285
238.6666996009563 162.16872579762864
92.9580341232621 71.8418968504914
128.85673957738362 114.7218141778065
30.005890400653822 3.886012169066866
83.46451749372899 177.84393865708202
161.44425261681428 108.8925361546052
230.72959562499906 140.8594893374471
157.7451228734639 120.82661190393229
44.46953987779048 89.34345181228353
240.43877354226242 158.74643488322758
43.7947397380409 31.427442798823563
207.1288414858763 105.52314662124925
47.8859757406184 187.81891185120688
208.39843286426233 67.80017921415221
170.32815315297393 110.85512398180889
208.08577613703915 46.13912922038963
152.8861189058089 22.28735206784099
150.70953960842775 171.07095727314035
180.43305320981423 169.36381367775724
221.01334194304354 35.600935749181964
60.51643534356818 71.5653917076624
203.6488022735229 149.3374033421088
142.0976116738174 230.4583280098438
234.00852549546266 32.672547505351034
97.03611370524642 20.574830939282002
246.79096855710017 78.49527391421526
88.29281790442434 19.038001892256656
58.046007642136324 56.21262351767045
171.25605135091442 137.21612860296233
162.6313799898975 49.72690765365867
140.12941118158088 134.77050673264065
226.51467716658755 134.71535341708943
96.14695333145579 169.00348232970973
15.404039222497001 55.91286453186045
174.11671175747716 230.6946362787116
127.73147564767176 114.72747640390412
35.79596625741599 90.26980382567831
5.095141118978241 162.77715611621792
240.35270560030787 183.97087938264397
107.47281969486369 45.49716321556873
204.8378200134443 47.94360611372253
237.6736089139433 16.065802054114396
242.13582425087037 74.81305090977678
146.7557443418452 195.097379432823
208.85132016980577 217.8374804096662
48.62452576799406 245.87890744978918
178.12885679838982 184.53116085858153
110.23794865379158 248.04973732403556
120.20039606061673 52.18588051688261
161.30378555246728 115.93964863989095
185.18425909955516 57.75304649510971
243.64478052723564 243.5382806973294
214.82795944672085 201.5142360905155
126.8602163659809 172.9951957245877
155.72321565379596 99.63686522226922
214.70899328025163 53.18162474225596
138.9674261876579 23.820547026688647
169.97931265656058 229.46158092272185
215.6683954906033 148.33762461883035
35.25016693666772 235.5302201318547
228.86347405233994 5.331607132085637
218.394422711684 180.07776657089116
80.9449929023506 203.9773157483191
203.5723558439614 132.43982473989877
14.167560653460336 30.427518192281482
8.760098081862733 71.1298493254115
22.932784562054913 176.99793808598022
106.82469716904846 52.8656483182354
90.51015152270112 191.18963095147305
195.1450252447066 42.56176587766578
180.8784002521548 21.765317624568432
80.89334481972062 42.94976771176304
44.486350556809995 214.2937930482872
125.22454704325645 31.84779783369421
217.6451866553143 92.9517570248217
245.9902122412233 19.969894667462352
78.59672150867699 133.4390421330088
215.69470304472873 242.3225078523267
205.70860302987836 149.88424609621148
33.135652901730985 77.6581253840132
22.09657457476166 1.2725315538938964
195.17414527507722 171.03044248363886
170.56695361336335 9.829108212050825
131.2298487065336 170.65438405476678
218.7576280072535 249.97889457860163
85.79881519935542 69.86304286162803
132.25944316493676 204.38831062365884
165.84763592790233 76.11427136656646
35.44599741220944 7.933160097985947
122.48821437080362 7.817366998740055
35.384253628533315 41.30127968027336
129.11630785188484 49.940013645578986
53.90710817445807 155.87217019284748
219.8014579427318 232.16410161338842
233.8048579864837 1.372484152544956
148.50270800728003 109.33061676481078
148.21855657613727 55.741218660830675
173.52904750398318 84.51691085404437
72.42013421814816 135.3087601407256
41.609932489351046 49.30946271819472
109.52279896875028 228.33071835076663
182.4564550868324 68.87706133629088
240.2808715152676 186.22671657236367
80.20388599111052 210.17456812868352
17.656424116497288 37.38799103670859
163.99403602602212 51.05113497978939
218.10508706199153 187.87422775158174
11.660482970818563 9.247463694917219
219.43910783482917 80.48265839573615
131.71503035736254 73.95600383681366
128.21467032502503 55.07635382660264
54.8714393586644 170.10158891717734
131.0745211260181 119.40520741861398
145.86146999401535 181.23694498302288
220.5283514195028 227.82534405280964
99.47796615027077 247.13923254788486
3.0435163497052056 217.1690926095394
90.88885489107923 63.449397973575714
228.06994056597597 23.004582941517747
235.38531227917227 86.55487838630863
108.25606898163406 222.4618355948426
151.4617127475821 64.21303856751129
167.21112033173884 127.38318086217382
118.03198184776717 32.397039192528624
8.723441820839506 183.18129863105972
201.13942793176204 16.932136690571557
177.80200475026248 242.33096086502746
230.03816845449205 169.1386986903885
12.218525169598843 140.69854445396868
230.75294698221052 211.08912237127103
120.33473990200162 189.0705609827137
122.69602978617117 174.08226915008655
174.88848869115495 28.90842749728878
158.96289637291758 127.7853521471278
131.5474628290658 170.44507457510892
240.5093203611981 241.29767732741752
171.47681915254176 186.6921839268026
94.48985240206784 221.7436461348142
106.63738094844774 186.52934875509848
189.16210029750343 104.10275024156493
189.63230466764296 135.86833903058235
18.660146794329314 240.42621461334173
6.891319628445524 78.66364766482984
200.64181315728896 118.92597935119073
109.5261908440987 75.42523450134281
205.73803585820875 142.03154664283682
146.8518462461006 27.47905880177659
46.98488046669833 187.54051832067512
203.53820642780275 9.463644397596838
136.5338547484935 128.0944606275254
228.708534385087 140.72374019572703
120.96810800780258 24.647498571177206
205.01538360185083 4.376563194269961
71.05491564850652 54.285991806147734
90.74533819765085 39.15878660995212
230.08489163615906 77.21964208378628
169.12455357298344 248.9771377600387
158.03791267955407 162.29218840921095
78.49289856246425 46.540149808865394
35.44810577377655 105.22893988505037
104.15179502772537 115.12697943949782
63.113384671701496 168.07226475826417
152.42409432776697 163.39446044143114
203.1192226832516 156.9762188876476
39.81035808929367 94.7937495850549
9.589941750379028 212.64726474368484
106.08568674098545 121.27885135302566
166.52709526482167 110.41237164563458
130.4271952927552 166.43094961115108
39.821408818797615 64.58087460148346
9.043161119999615 4.957869241728891
95.57401999999828 59.36386833881072
222.95672999013826 220.4943870489868
55.569170316287966 91.32160640574367
100.6614731111512 238.75372781056117
67.65211759516099 66.8764913005935
202.7116279465785 79.81471915745387
160.0018407680439 129.8383887571048
226.85419090923645 219.96404238737802
134.98982509087202 72.85882463707225
229.90708703555055 88.8589821533442
77.7117472416935 169.688738051193
169.84642534406913 78.50037883731211
222.53228506477274 15.823409971682967
218.431620750776 193.22962868832886
28.30621929400684 121.86443489557463
104.52860716300385 144.93837677027565
7.943121376432716 228.6438965609095
117.5781855766867 20.48605648523205
129.77968614774426 37.70882637016362
152.97505869311868 89.35095272012828
69.31762247385531 51.71018665809368
108.46799037071631 29.620744513720265
201.46396189745334 173.54080786102392
174.92025764300215 80.63715818280976
112.94470534432452 111.882797865962
8.712933890863528 209.25343351570433
153.83371548952007 240.22690901263167
99.97560127480484 21.56676433322194
46.80071759867332 213.26889590943006
153.9150228140228 173.78354174573448
101.51548391825735 93.95222355575275
96.35773066624658 114.85940725025198
221.9933029400024 53.31420287194991
110.10923423805238 70.85025897970607
222.87324083597906 166.89926861916888
74.04810430857917 93.72220055650021
190.1105586146812 240.58751873937908
121.62425174226338 43.95944754805295
65.68579178159106 26.77823778240407
144.05999783160127 135.3875474558087
149.00414366899022 248.40860102219227
115.74207546290432 42.11637723237671
168.61636700851108 21.58518274093449
10.978083470883359 111.84238682359803
127.60557115629295 115.00462249306601
152.37729060345902 34.825856389701094
122.51127870239189 225.57510109420832
248.44341879810577 3.872924332705807
33.68293664001892 225.99273335037464
92.87396049314528 2.211443755195164
24.633817524489842 119.2553405881637
202.78461497923522 21.545761282936475
20.37906302754125 74.14603992769977
49.57281549190953 3.8102921472771833
235.0625410960377 241.76739503308022
155.8811844073481 176.58263713293317
129.4657807551729 94.1039417888771
72.15669236950676 68.25893662950664
163.5163737589417 198.64008206256153
227.73165085975765 0.5471359100483741
51.49515210018596 16.42563520704049
73.14138591538078 187.9975454757423
91.49941590263951 202.4966509165111
101.69373103410086 119.61281995419809
67.75636273095681 2.670875347068141
159.11120019497346 14.04248251395554
25.02705256905119 111.49089411714228
240.97913579417235 87.91658737823826
176.58708545714788 246.30147945774087
105.81828231984305 136.45494185169144
75.30077772114879 189.45847597921136
75.18842448570557 241.96502502275612
107.08798208161515 197.75129276421595
125.64660875912494 38.9498385098076
40.902010571564176 38.11467775213076
146.45100466849016 191.85298496062882
182.06178367111988 27.758470781766242
178.92209847551052 228.59395493859148
17.848748025059592 158.3466196641214
15.790398386310079 99.09482352146462
248.80334965268065 105.39568420793758
11.747486886095281 195.40988097342805
154.88576821604755 109.83332229121831
39.34725503564437 147.0410689141529
41.43001859228732 219.7813691028884
45.70866980217783 234.21451862992325
234.06376896358327 41.063701158281035
84.59785317883156 186.0539163083683
204.16334915666508 132.0885807080163
130.9462584466996 75.38514523874879
239.66959191777974 164.8336455018646
188.19324927973085 132.9365770918625
109.53722297387577 145.377922284923
42.18898158398171 118.71523796285133
205.29782518210834 241.27479661687585
227.80130809149148 162.78624373794807
37.52692880084524 212.5658543157394
43.19927027709622 152.87369598465457
203.4742089062102 122.30040454509655
172.8515170073762 224.09372249973725
218.4360466340157 202.11550903516684
192.71114027478626 20.548489413763775
14.527852034299322 114.90136784528188
10.960929176912353 124.09098695368878
208.08378377601866 217.51815420226112
139.41910574006965 16.666103917559848
24.987412900974114 176.0330184679949
112.55941837615276 5.773132698607797
16.653487123650834 194.10734846187313
11.704545062521138 95.70415618190697
6.809207288481723 107.2301983257803
120.7747395862885 96.39465214718021
210.05361532584138 62.05285527501789
223.04131438835265 26.778050011037834
227.00147409633865 93.23252830824352
239.8084673798117 195.93441650867993
248.2729099710711 66.4201787731045
81.40180546274969 103.80085512527465
77.70307680295696 234.5800288516471
219.05189156358068 47.30431797606374
217.35312253807533 80.90929607557266
95.44428486739062 45.05556793570434
117.81638260542965 167.0191184923285
52.05049344509108 14.154914357695114
145.93990656694078 58.60566178883089
108.20183497546809 134.7586127315227
154.92816875654628 168.52189165144523
122.64055582095229 171.22618343866614
232.9043029451683 122.87525046944984
113.10500518540864 128.07240266076514
85.78099549530762 115.79195330061559
131.9744343717794 11.293248238735732
232.6873189507879 9.536890754168247
75.46369918236567 34.462889430748795
50.38480266827264 145.7190661870185
197.5602171418685 34.946233565231076
209.86774603048337 74.29767427399739
77.9727190522187 38.29490918990433
6.3970873406391515 69.08654872885921
164.5373462798608 186.56482311512403
2.0289652092041752 190.20997662678673
204.21591175922012 68.74771155811985
190.95608463436102 154.32214955737498
161.43497006795255 17.618988567221745
191.24645250544165 144.04758948142978
193.2108246277588 113.33294551139429
115.21564306529669 178.284330869216
1.676550196666321 163.6071107700721
127.62332379803878 161.67925861941734
224.8372746604867 73.11614681853254
208.22271901434343 107.88590655765407
219.50479862261898 199.4934562119295
184.499202273187 174.28402410592054
112.62787184982362 119.15926458589881
90.21841043071954 123.41484746149366
62.96238055337422 154.15168663900937
39.00987508894124 226.1783947421707
190.11536218373402 119.21805615423237
227.2891420636834 50.65372492768122
41.42624883841361 223.29542838699226
113.9288150734363 147.4436095514746
73.76350233688858 201.9204799189317
141.5336587688221 64.07307506557544
100.14893536279662 235.49780847008168
189.97396498474333 47.100066891290815
145.32531522391182 133.2882585638516
130.57900561151735 83.91029420641541
72.66004449622568 222.21925835565435
221.91408328844324 60.46851019804661
136.5557244902082 32.99809704612705
200.19940152252673 139.86828277871564
83.59239624615405 222.91044658366937
4.526620130724885 244.82057545940052
141.96460842205835 55.02543398427459
110.20664826266233 214.62794003198235
78.20356157358479 197.86217184713925
153.66869312966057 194.677090716187
11.881175130709243 218.11622534051685
46.791371218853044 21.989779289475152
114.15865622337118 208.41317188234885
153.5236630641073 135.59910956454138
97.06992005193833 99.02542997111563
172.5229843553386 186.6565416832332
54.137416096321445 241.06066945081218
90.70899313013234 51.27507853707019
65.07670552889175 65.52986553933363
127.58193323937031 244.57770023621094
170.72979479010962 107.18690113538187
190.4723278140005 247.60733128327718
52.77988978522593 103.09296517653712
160.671168590383 169.0251407114595
184.71062857850347 88.62275045236245
220.42564118087856 53.580736185182246
61.99323210482879 239.11274389547012
216.89717958086257 224.1794552480193
71.06439307966295 227.67367208614704
90.32964717621941 194.72683997649497
139.42151120235343 222.96999628070296
107.09358529010626 88.27296051636202
239.48586854874674 39.65292548165164
163.8900798425845 107.85964717691257
216.92591073264228 162.14426349532684
207.7400538459411 152.73032877285723
216.31347217301183 134.94906170905628
117.14418584013237 107.8086426950274
90.61974533578793 200.96923438304256
70.56154240783653 87.44863141507165
161.82520825319995 146.8335333533807
167.88310444563731 212.1537310085708
186.94544123106354 205.0230617141187
235.52373348431084 133.51790121489194
23.149387674144123 224.42858696088678
168.10990751225143 33.44659389477344
155.5612448815208 101.92191050285449
151.36519504256893 43.26339778415517
186.05230645610786 184.58549916566824
142.00635330177218 70.65289974840147
83.4505296127386 216.027605427525
158.53081230547488 194.1661990711352
9.320219604339625 242.70918628502884
227.8048330451196 21.54623976747422
118.48515284738184 113.39325886666524
115.71359062522573 40.36464630006867
237.0150068160115 13.638138312006303
130.25134193503 182.63717489824973
2.376409515821881 85.88438034234386
173.01264604520554 196.8113258181433
142.55446705121778 37.250787797410425
94.34624121211193 194.83611017520647
151.55766248878012 173.9212775986321
184.0871511841565 100.99631363345581
27.85224414997761 171.2271794844682
170.06595747797638 218.9558859642137
168.80473875795394 95.37192914810191
198.16983177181424 176.66223904463192
209.552142499535 29.104724175397696
55.40047368362105 77.82118334377792
49.22453666169488 161.07231737549776
195.88368175473437 219.64456357996184
198.6588328586057 112.50981059168844
73.507527863249 98.72447994625458
203.52073945850552 188.3791261986026
211.46414855817002 140.73332367858697
22.479250999965757 191.63872113353153
129.80112089944353 32.65727836181753
150.40973066560701 185.36901012579764
176.7498092962951 185.61354604440206
232.79803003396594 242.8293422515808
8.945487199740837 130.83860663330924
39.671240451298715 244.71016697670774
198.49574461692842 139.51825820376752
240.5873839245399 66.6073625370246
138.9209193827217 78.0511079408549
103.40116537355104 55.151432386703725
115.75683556067065 212.3526635979233
125.82244014885246 127.36917684464672
88.38003506083858 50.0947488237008
175.87304047178702 33.642459962045315
68.19532162850057 0.43243538113613145
133.9737068305633 190.78347078802042
229.52344469605092 187.83305128137908
240.07206225226736 58.1360506624127
40.89931359527438 100.67670584708696
211.93446758730622 180.04793438943034
112.44134629412805 121.5437970727882
185.7116774428537 4.665848048411747
40.299144435217066 62.71473740206229
90.88670552449163 158.97755368881425
56.640919976020385 11.261777302765703
90.1163183039328 99.96789824306079
190.93594898578905 196.36832584850396
107.76989212372534 228.09954987373655
99.87354953832097 124.20499730161497
120.40419157010446 69.91441322856149
236.09003122035358 235.76934806579646
239.6418958174421 65.30980438401934
196.4231898680537 63.38210469411454
90.87715379749362 163.6453447197439
216.02571988304504 97.44250007124391
130.85755808291376 149.3275785201157
234.6014863228737 191.6565853147495
20.99391760646119 161.51951967385622
106.7886702473084 230.4386241753574
205.55979269432024 249.47885110495594
246.15849524017452 120.63874769330928
31.95091618074089 42.93351172768966
219.98497809730898 163.97134229848675
72.80046686208097 147.6338746776643
227.8758479327269 181.95467451190032
213.19486383196045 107.5380056597364
73.02847172526053 189.93213539973198
218.17069711008975 241.95548428225518
70.43947358940214 207.71495785900964
73.34362182551249 20.85491981729326
6.970800187862114 0.16876401175425215
80.67579382262818 23.507119074322848
177.14157699133136 247.72759735530937
156.44921840176124 146.1325375005689
169.8766032339598 21.238037103813916
35.94621422505034 223.33132263602783
156.3867747483487 60.79403841954592
195.3851750281912 93.48517791850325
43.060324474296195 110.66998489954324
49.05781886896751 11.349095403122789
66.11742915146368 225.00022162062677
228.9131496874032 219.492553455444
236.18259933078266 101.8476720931456
29.25236741279999 186.7112848471442
146.2794546792144 218.01452177745696
1.9120679658147788 97.99290992150108
54.07612346033008 66.41194029386926
146.71014771224839 104.2381620810218
200.74652592807695 115.97875948313352
80.46389435244386 128.40236331534828
125.95680372966045 88.49908426991931
120.52834364702886 113.60652287500125
15.623746979418957 64.51869747547573
49.5288555217952 226.30889005122555
213.9683159406007 220.81244362556242
122.17653767199316 169.20818495305016
121.9505258420151 42.00438289762257
207.2626558113078 123.28981363973813
130.51248749276638 193.6849518888328
55.179912257825926 67.41205723310878
188.10015856037148 37.49254177556127
234.6953424775487 23.164243208850966
223.3236825422363 1.422918758811259
64.35403003220667 121.18475486201619
90.81515954593397 161.98129322018409
19.79161845378208 169.01478195535674
248.38845218994553 234.0122392956821
105.37234591709951 24.565759064058945
135.32351362517 225.9952354060014
123.94114813159743 67.73682213114688
33.42536520038969 15.945050127959437
114.18742488540859 31.886126780265368
162.76030141266818 31.78152440195192
175.41600723326 147.91596767288192
222.16407553013974 38.994924800664464
190.86958509665067 186.90119034129512
35.01097229739336 138.05677203253816
72.69391715223772 170.55790270343545
80.62513330688046 40.13563799685288
61.68046990592829 160.60865789801912
236.60621276133136 249.20559121362015
116.1064041619414 7.855073883932834
94.04443597936513 35.611761185966955
202.5236756933819 164.30568970985126
216.04997750938193 135.77730770051264
124.02901247265999 86.21580367777432
141.6945771899622 206.9458737568612
244.92961925301046 106.76297913995533
246.7782225019777 237.0800186893533
57.81882491752122 16.77331126609244
3.018505766193308 149.51927184875902
68.60412293462434 164.92766725641712
136.99808874169096 247.84978486679793
148.88019120289354 107.90289755686877
220.1466652344904 6.698959165783308
25.199025637521466 239.56933209496842
63.14068490301905 202.16356155304484
220.17237988269903 119.15056577593039
171.24234111313186 215.1314841832415
180.37424060303505 127.52528538948063
205.67946058475687 81.42050399328
208.16011951781735 163.66806611967735
1.8218028374686612 246.44136682737744
33.00580815841872 186.0439113455575
230.2002925686598 209.0682103866232
192.7154722356893 76.14917772833729
191.7805879897728 248.46718936068393
41.67439991230212 69.73413397807623
23.361762910131866 247.6279857012509
24.311441024308543 124.12631073595135
82.78187822048261 34.23194660441961
178.16338166277345 119.22724801074186
230.09078873185442 64.65973685966414
145.91022115223873 75.4135785024552
159.4045203170061 98.15611904798249
91.42305719816216 235.57215949796156
67.59190600011014 193.0054482137565
222.4695126313286 153.5407906612312
98.31438159171213 176.95363243080848
168.02332056057787 174.40113228916707
224.88856660009722 154.80127102504557
99.44826671039469 70.94740628320775
104.1803029299751 181.59147037204042
168.28057985702242 174.82366092484654
56.55345518582291 106.0344139368447
35.617939514213106 33.76796258820844
236.28152205811375 3.812602589773034
42.34439348129676 159.85335180278068
233.91799378213864 233.91098698517416
134.11476874323418 247.87177832124166
92.73431920888522 229.8788350128286
39.46862478872065 228.07549174941593
52.62564497661834 153.99875150900507
172.7819460411495 132.04782200478365
245.08773667375945 67.80159812173953
191.19840061383877 235.5549819053362
24.358092383036045 104.03289095518974
167.62081218624274 92.19159627216567
51.652241971131055 59.871598321782876
30.6248989776039 150.24134789910403
30.63056009201695 116.65512099963638
242.27272804771277 177.6991786421159
204.53841878033947 55.779201779857566
177.18247522395825 58.92223233732094
159.3000575915706 101.51201474466559
92.68620591590931 128.0744000740135
174.79944586050388 158.7669482208599
206.34808374724844 116.92563820782267
165.8145698978538 150.62390110787223
168.58091194024286 244.82789548995612
11.811723735935475 247.80405262153153
92.33965241022868 171.41423524114012
82.6470701230054 71.14433379480748
76.96677791687964 71.54351208614875
229.0076492082234 202.29228844385656
147.64852927144744 26.362262822561906
89.22259827951945 49.1919860450436
121.00821900645755 8.2883006706021
211.66508420612084 117.95152382279309
85.68708720722908 26.299066253570118
45.093068647397565 82.36177737407124
242.12155707961617 125.88272171173013
184.68096726161073 70.64968789829176
164.67854910241795 136.45542299041642
22.326151612302585 86.41578265790974
55.52062216754886 141.74829168615025
228.71985766825875 142.83044949505282
47.66055866345617 102.8435284825035
32.13288025624561 205.89183052129866
92.06975306666193 242.4621574295784
85.20911420597984 29.15690358043241
151.047961154758 75.9590567698345
188.9447227107615 0.6013761893353675
249.74473841456722 197.24793258034128
5.629897057703892 192.07752534582622
159.24779685756795 30.915832174276986
170.78702604997255 191.8593027375946
60.280767898699935 30.015344038159945
238.48081617202953 13.6683117011496
132.34510508552597 246.00933737764706
137.27335037624172 238.32306937476102
136.033028250105 47.7773942399726
71.8414478855906 141.0318852347978
205.81569685110267 165.77119927477642
107.01884589431262 197.20281960714587
202.49866227837597 57.823789338276285
249.65443790036866 92.92097674702818
94.1105673429426 241.96149901848776
154.500018070041 221.23976842530212
43.44294448889685 37.809329535063526
54.7351379511197 98.12895844176143
143.26629824522706 77.5657617034091
109.65067077547833 242.18169556918585
220.6706430985754 7.154474053702758
75.95211996589168 104.58334613896808
139.5417443111807 59.54297099532424
146.55854549822993 149.80097999445408
77.37500536666347 239.2646446711661
109.61306081321437 184.07333518275846
130.02099726532887 236.2379361147974
12.545623799453843 68.24625872069012
77.82105903479416 122.91504275490747
195.9973096418543 126.24111991635526
131.2275879997773 225.959190683773
159.23919047670594 148.17570270513775
131.77362190558262 231.57238326190972
174.245547064833 60.270583177873846
53.971081993937545 19.143486507577386
199.16117872447617 114.45619566685666
43.62973866253556 125.5780726708973
136.64378060879102 208.95879795800255
216.9322768429302 142.7632518161253
144.82860323363073 246.24469009908373
187.56096087292082 132.89480356124213
145.37577156765113 150.40535571033234
225.31302494096167 156.55549291603216
238.3950807211888 114.38992980918603
143.9654582192011 90.1337429464913
168.0827588802409 77.63029625151583
175.7311378279471 41.607850673794935
16.453640475628696 143.69350009533704
55.50376227387091 119.29489159434645
125.10004284124653 162.7370371304185
32.1507170619911 102.67473779768763
146.7864533327509 39.99585357531971
112.90207769725627 1.443541593153852
100.92272102125202 150.9793456823756
243.62132933298105 195.55221491922168
62.62388292480123 226.7685491237627
117.7465608998908 95.02388026002947
55.347038274722784 177.7993221204796
88.50065892298723 201.06241432919762
235.79416101256294 88.47019881994214
40.61443292713548 175.70767885969533
12.160301968072911 87.15335670575757
221.13205715096376 203.31290283791475
157.79891175567738 122.32089053308651
103.36011532559833 34.65309074577874
248.71926280736403 1.178921745992434
240.9831107105493 197.949292925891
81.60414910324221 17.46488487333239
127.03555572791628 244.59035275754547
61.78369405359488 173.25436885679264
29.604083331900345 80.72065987881405
79.00653832448442 170.22148375473628
89.28002777308063 16.742644709820038
117.50960473963659 128.44705033095292
216.0167574710096 86.26501916432188
45.598921210367905 5.046930115809312
7.592904213966828 113.53909050839647
23.696981430263914 85.91358011290298
60.50403809143812 166.41749368980183
38.94114878262708 174.05342630786438
107.36953722514886 30.738332887481317
130.2698163985219 76.88089080627469
70.67127816052144 120.47531000989575
196.22677002611653 85.27957021336147
187.10978463903197 135.5611056432194
62.59602361725822 52.89202775712218
132.42240639599106 1.665242528447075
206.79712625184354 122.55038920981175
40.02700258880021 134.15400220733588
108.86351075474732 2.862125097232049
150.96759846852842 222.6073419341256
154.74803225065975 211.44344170840787
44.1739052695363 148.37862023010223
3.201541331449953 120.49871421482206
57.44276411643759 140.58307930971677
40.052963263226104 33.041560266168915
174.70342588839281 120.98368667586684
166.52590710442678 166.05674698382848
87.51518365757471 157.16289249290804
188.84225201578303 242.37106194116572
116.17288863697122 142.0351791370774
110.48426728490409 126.32857409153806
8.912454370950563 42.518370148678734
215.16007256456413 112.98445595701487
173.46552164183535 41.67093990569049
64.25277070017033 117.13536119164614
72.94893493888274 117.96007366566752
48.24548510922227 39.41821447521707
28.2424044693268 231.71333430828645
169.8665212200408 92.9017765668021
153.28979417458353 226.7082191419337
234.16889229601588 190.29666080575876
151.0476153714063 209.2770918395739
45.94752161094792 175.55861162303626
44.279397472278994 158.33191944818952
31.891246014910084 5.219700017228435
228.36160936552923 128.1632114112841
131.04826231569874 165.2751231284825
2.766054163649029 27.78943797880762
244.7152952519745 56.71820074782599
246.75228004405997 87.99285164976838
206.76149122987954 204.66982345488478
201.1628618117742 135.47453513705398
210.2754990106765 11.30572395317156
203.53087391151288 52.70433260317767
248.4836561431374 98.26049486650388
136.76074017298393 209.30610864050053
190.58010753981134 192.51216914993222
26.515568025271413 47.974323355426094
87.50301799411253 111.09060134781242
220.1506008896139 242.6762129949987
73.7458969937911 204.58692016022695
165.2508578150587 22.377854553405935
108.88077313710745 101.53461216267517
6.445026802386039 81.35088508256383
182.3575183560277 243.03829963400867
153.95198873783303 192.70163896661447
116.52302206310635 237.7258626551152
201.15092642272614 184.7626765932473
232.27452587309614 25.881080655876104
191.6204957549118 179.03709334513172
234.9842998191148 99.77534558703083
35.31270173944886 66.11186863795815
198.33667951233556 149.00362986018948
95.67190236286407 65.75631006615778
41.17777723239155 123.40722884007144
41.88071890281489 243.78196268574328
173.1771643130676 100.00318441700867
11.474960287215147 52.264227114271144
188.49211912418144 64.81326465015411
69.83903818651194 117.85416053552761
134.5863747879656 130.70608201323475
233.36084406798503 71.49492654622777
61.58773178043439 244.5345474557706
208.91834113069385 232.83136141827967
169.3357111216094 210.00752612346233
128.39152019303697 222.37487908306397
82.43432363832909 197.94079470329783
79.0815807323329 248.55190309247448
237.7136482380706 115.48760365638431
0.6935329895006448 239.84728415840985
30.73705838370372 113.35770447779858
33.105805091373064 146.0239017559767
201.37976351722673 33.165090600038
148.0320004328757 50.84393747502822
137.93661625104676 216.7896384442226
8.670078636461797 14.146854343441511
228.4552993429556 139.102471085777
93.43338214056868 159.0443711538707
121.14213848428923 41.23815729656069
97.6054159135873 177.52971911544347
190.19815346524481 169.47059590879516
85.35557646295095 89.19431248511611
20.43729002653949 93.27888517742686
244.2046685926846 192.9779977639731
181.58596160677897 201.95245607061176
222.78933269430172 1.0244175645667264
238.45723812433025 225.92815876128333
64.39662562037735 43.245785542361276
140.07173943118383 244.4621276033959
133.09716179007037 77.5309204883959
222.57309010987038 144.02688320206371
171.40360582808336 236.85717945497893
86.34185098282879 233.42704991482157
136.41972630986137 188.55634096518435
99.89152213283145 223.34473332493863
137.51991781739423 28.649706794062034
249.10165786989202 9.055745680547457
199.78913797572272 112.21316931247688
242.90241077989043 29.543961224498318
203.61756137722952 161.68592922134678
187.3564609131822 130.08153972632905
74.34777178202756 188.04715413249642
242.02181678218946 179.2676889531201
51.263832812081354 135.86840537422813
121.99281071733206 15.322518344345587
90.41561512525773 87.30078526109772
142.75491385744004 184.89446402527145
36.86068592556724 155.38474003023177
0.6810062535629047 70.05932258779308
43.44773537137078 235.05510746164583
243.61670466683512 41.1967656239311
46.85738565562566 130.868549408362
25.80536425691482 229.60183924473554
74.3514037799515 129.06793460259368
168.163255377902 47.29948169019224
180.4458910930636 74.21559478387601
12.110161793001117 115.86933261997312
208.5509362564709 197.2406817700814
150.7661150820401 124.55278489807439
7.498456718991547 150.02811880611088
197.76285555050063 61.54154951802579
144.1966940168852 119.51456257545625
21.433516208805294 159.61092081656128
77.85109024029302 231.9853232551739
123.2592818612199 103.11369653168626
116.10297065029401 159.14955033665862
98.23501898094453 46.03235105967185
66.24402431905213 211.87178793515304
11.617525046530853 177.73625179598227
9.380696166094493 22.740969343941845
185.90932062045198 188.7030103721609
46.61007353822541 88.23658471993697
104.0773378874947 44.78659461159509
5.667855105895042 234.7861076645646
197.39786423830466 128.9907740556283
91.94347148333601 43.79304268893647
56.47020789736573 21.164937883469264
179.55153103024486 230.25671853884307
122.68139406853481 21.40632625242539
2.540223489845145 243.45601671419348
188.03439444484306 42.47423500215022
116.13443283164298 160.14327342697234
17.92335119229674 204.57925155722043
19.112486070253343 188.73135011155938
129.38332787094524 163.11456812959864
197.5405947404236 57.361772579721666
221.47415080544306 44.950675397438076
113.82193976354557 161.64556868594408
72.55780605454326 214.255429828753
134.15257128592384 125.08966915111507
178.82761775232444 139.52594273721434
110.71925469030904 178.94404784232682
2.3631480373856597 227.9409618919129
202.10852947564877 66.05832816849058
153.92891834708828 210.279454709535
67.28237691541189 180.22721787720297
169.671133906558 1.563210305140783
224.7518632332638 48.388128362034905
228.95154243736525 174.4388511495376
145.62450507137407 223.90961623674647
9.8357640007313 173.76118502419556
13.593035690264987 236.40900236540318
36.91364985752946 97.11671040582742
198.53860044765156 9.787618495945921
51.48456554357372 164.14152320851747
107.39060635047451 228.39445259237417
212.03555762006232 11.243207279608841
148.48523827628185 192.09148252884623
249.7137140641143 91.78443729832355
154.28895305018398 74.39364684642797
91.4848578127959 209.29385716582064
93.44358549747476 140.95742022159735
146.85569737372154 23.20771427023216
30.863292792112695 65.78194452621221
215.89144428614355 179.8655051242564
28.96126747109501 230.31895603119702
8.55756590150386 136.4195275878186
140.10900413279916 95.6084015391005
229.2654244177022 105.20678835343308
84.86575635601065 43.879852691624976
60.60775479578601 152.23986624846816
29.879161617437756 106.41053038328685
190.60698598929653 69.32602659352538
107.66042434388525 74.82032867803231
39.518367579479964 167.59338919581256
143.57219582210567 194.35487567141237
25.07139862114405 33.8333584591125
26.79655274809123 129.42883867214942
172.7724220708554 84.63394243884493
33.53772979240433 86.78638251684332
249.75413553879156 153.81586510762034
141.767646077301 171.22900375854144
182.555396495346 57.92371506649208
120.01032064646382 51.325673894901556
131.51497806067033 137.88425258752022
197.6937810687893 25.390316524813883
4.493541726579231 116.40639395662348
176.7952154584023 173.99501737165184
212.68775235974869 216.85310892217424
79.54581633428609 141.6687762711119
55.76753102114127 153.03981597060465
10.347060252104384 41.8261281504724
16.987357841223044 235.08107734470823
45.052149000844175 127.54750141427462
191.59088632359976 197.6118225048272
163.58262754546226 131.60984480829273
210.32994477270208 26.732971054880426
132.01771900519614 116.89121249238028
30.64900677120075 2.4560110975650473
71.78445394210281 177.7669568236607
87.65958860966246 82.33199500741856
43.4626594071233 3.5543124970101037
21.427813214744575 13.449623025608009
42.19243058903319 60.83070373372512
127.36382467651563 169.0526423675318
27.20979152050118 151.89331487606492
65.88869626591057 247.80584019843272
240.42157802854035 87.58658370866584
38.94470520941681 69.6378373518916
222.13808477604368 135.4401595244534
139.4865542372015 5.715229098831625
117.17264735205968 230.40810464009704
158.02823202022861 146.34615802214665
99.7386134411132 82.84745551022219
48.33880029025622 108.78961113310056
183.01450302748108 161.2778688442519
0.785933274301126 39.09868382109213
160.69501154862724 220.8171823707255
111.43212602281241 90.70641132362873
61.04564697710185 121.50117684031083
207.79974122194477 234.54027674253376
15.159271896398764 110.03633175693878
72.94638881613797 194.55138910444666
161.4297970300858 150.818942293302
115.13804181777145 18.522524449574778
149.28564488110507 139.54397011826956

204.93480582868645 3.2725815813265946
248.83932868546466 163.47985815419423
38.2612080630585 91.62835675086278
44.773271738717455 121.92502424891762
240.5445564737422 130.75391818109307
229.38402671259993 186.40336605741868
212.6101204514826 134.07567753242338
233.54279560288643 158.95140615213725
187.4501593012651 61.17106829590774
80.8071746077324 169.45699323077804
29.02969161369895 29.921350446677263
17.267737804608107 160.95870022214265
22.116831823680684 33.68555441847798
161.19609096809228 171.15151567894017
35.21060844221605 214.16382013888705
128.00464485729088 171.13066176060627
87.25505730249111 148.3416942124322
77.91086110630613 77.38524286013381
94.28760105310826 75.20916096923133
33.51273481341274 157.1630023831382
246.03152056439905 187.0180458377307
222.31457452581554 175.32897831508075
44.983234501100696 119.60814485249114
127.18204788925142 234.73118356964142
187.51652613893603 12.192870092619989
41.34884592666649 88.34537151854757
224.17880292544152 95.62771962867394
73.08182602340906 245.27794514201594
181.78383511797747 71.56118941481365
62.22952950942243 232.85558188762604
134.51562614762275 158.97452189004292
21.05419615881643 205.33700959362025
15.34929972723259 172.00277919190978
238.2425609131999 62.96316931142046
244.77157479394202 229.37625051504148
231.3234276574997 131.93723142250155
81.01974456886457 76.95231354057907
148.41811814973667 37.00387012968598
96.62350987918747 146.13695668891066
156.74702892890053 64.90581330114195
238.12026825065047 246.8568013750657
231.35161446112042 129.1969336924974
131.56846132150025 229.15992758226804
61.44568288165936 150.31718741134145
100.39864581970218 139.73353767450038
81.91030186852186 128.90482338192447
236.10016975523877 217.08341364039475
8.71731380564994 225.84555647676825
245.471591418422 6.135160750406987
226.18062396577224 48.832757486930475
193.5901517705043 56.03739587911002
2.588698916716342 218.27050098397578
245.02779250361752 70.27310946381415
35.621375203453844 48.31961058795567
204.93802557610897 138.9870777230468
203.1424760704107 213.4353251182155
176.55190418855386 32.390279261647585
191.9207035060538 201.60722603921528
105.46326777747662 166.8772469825681
84.50340881850512 145.99241432940494
153.73665615309562 206.44202472493646
233.84011798163743 242.1806406523575
174.7577649933606 2.526603181040754
143.05962180683443 208.15902325399267
184.0984662311779 189.4884092455122
179.92106649746012 107.86473002640332
81.9915367171561 23.119699941634845
69.07769421635821 221.2506010455225
34.09000669967568 43.895094834291605
67.3846845561539 27.451885753733364
139.50139346121296 54.3794082489939
139.29001374383023 54.8058542078883
58.21700554776546 166.06814527747076
172.1185540049795 140.65568052068522
204.81498385558513 232.16271192618177
223.7812000793679 36.31435597769933
58.1501777454754 193.37319620144532
157.1264254267177 59.51676657275248
63.53422559651306 12.329772384424176
26.653895793434273 168.99315259577833
123.6624079511254 57.885775907746826
146.08696333556992 127.03738202290154
198.49176616398506 174.77058413208783
167.6634114890804 218.57293059878646
194.42232318962058 77.26653350120594
178.82476412531906 158.35414677760684
74.0158065068354 172.92870359586442
203.41792302010128 14.89255990793109
129.36083197594607 81.92867659463093
239.4847345944581 153.84044882773776
87.20053281167786 68.18719126520156
130.1336412901963 106.68982261126492
25.45638625924365 3.5874677216101434
83.03140303787471 171.2998141915963
158.7358143964113 110.22565069449283
226.330207869083 147.27359271100076
158.64594456902202 124.31033641073493
46.286798645437585 93.54159764272393
247.78747551151824 159.953064253772
47.63306915639004 32.59431394838078
201.194604154323 100.61428055928867
50.011060654778724 183.46592310845705
215.4806656406936 71.28072046802977
174.41263953469934 109.2986217688221
202.62831768102092 42.24594311422161
159.72376318467036 17.525805527424275
151.81495785461215 165.9027600240309
187.35806598367037 168.5675600242951
222.412252535871 39.01527619364323
56.63427474696725 67.97154938963202
202.68212844936707 157.20219877038107
143.38892987981242 231.42408666661694
238.1688469413117 32.93340502934125
92.91825186269429 27.258101266114444
248.3281720142048 80.5483368184938
84.98091697040947 20.66773065924568
64.81834928112698 55.62808372618158
173.22962094963603 143.18031281672756
170.1952269576989 47.35623043980638
136.225248103273 129.8377432707728
230.84268331931554 131.78795458206514
91.97741263205153 167.56952229559366
8.692600288104007 51.86601457628615
167.14776915160283 231.23477586572884
126.58444307666433 107.39986135753612
40.30614404381408 87.17181062937397
8.223784021779924 165.9644460806202
245.22396975896658 190.4389834291335
111.56685076178834 42.28205130350043
207.56740973895919 53.53878081882074
242.93696511711602 11.527159081689442
241.4678600857384 70.75808526600927
151.2486832629456 193.0627012239435
212.97034686884663 223.31842843370768
53.44692811156509 249.07355657794773
171.18482681013512 181.79848122380778
117.90678675898869 246.70982573112784
123.88423461880171 49.96360617153267
162.84774833038378 119.55314376262203
190.955950061986 52.35094723064174
236.54031919281883 240.65210458429533
216.24077903815538 200.3682765275803
127.33798658184287 168.34391236131674
151.45438392739052 97.16956506729923
207.46990265272734 52.17837527256755
143.4531239486839 20.87749570127154
168.36652986210925 226.67061921344296
215.9555640289564 153.70552909895056
28.767375166318388 233.43173866318764
226.3544265815818 6.714832332596315
221.44291706998786 180.50544916290482
83.3411937535861 207.29786440714912
197.0992801363324 128.23271586434353
9.917739103244422 31.489192542904306
12.88586131553518 72.72454619860133
19.135705713931138 181.3963214705388
99.67244253799053 53.925532671618924
87.19371158875136 197.85166435100592
194.85536180722596 44.669832760342864
182.37441758129157 14.56362335287656
87.6528884440441 38.69598659256926
38.73331142629535 211.19173729726415
132.07022531971353 30.342914085091486
214.71511546345667 93.26689054947235
245.13772745456393 14.170711949947457
74.43763785264862 131.84915653531408
210.1701416501277 239.873032842351
206.2005177410587 154.47313711957972
37.98536831878888 79.7362802725065
23.786280349453875 2.0992885716575316
201.15048673753896 173.796665920852
167.62828107467604 4.987666079843689
123.63253901649459 167.09155470837385
221.44235801140783 243.03634090881258
81.4983758513588 68.7913385327048
134.93193363928995 198.9639760795848
173.28947447959672 75.83268360138548
38.83631449825858 11.410270113074745
129.39420690690952 10.30664781218027
34.734777760312 39.40591237801619
125.03775372889494 45.41863287638481
55.809132634640044 150.0297270566444
220.80684602494455 236.72905278733555
240.71220488746766 2.025229662403399
145.8098753765034 116.68815861557665
144.21608010240993 48.28210990415916
176.9533564658095 91.3454414549038
71.12762501200964 139.04843455561632
46.713271200395646 44.033975164649156
115.4088426859245 226.98315257264935
190.49126696791163 67.46717195366217
242.84325743063383 179.79468609165147
80.98215403482975 209.55306616172905
13.954968649761701 39.84119399309732
160.84973750406772 53.07467945718089
223.39002823914896 193.3735774840768
11.426139106529066 4.365919170533584
219.86745492649953 80.06997037381838
135.76679051581732 75.02112550293621
129.17429898474447 60.239230550482056
56.5461971887779 176.6213249576125
134.54847712346705 115.58341941363223
144.59043668407102 184.1477472820006
214.04630931676522 230.21994535012064
103.94534754024684 243.35157517689893
9.75382484856177 213.62581353572398
87.08492383621588 59.483850977882305
232.3846203495284 16.04249437991684
240.67323391848558 84.9230003791866
105.61010055946285 226.3944093629461
154.70838358706436 60.62306429222023
169.38794749226483 132.86609902715225
116.5222990946632 28.547857581597448
9.175184967318117 187.3338800077077
202.2111038419505 10.32190428785737
177.27133706180155 237.4665782847027
232.6611005467313 171.8229461405622
15.089418820279088 136.17957159900132
232.91837079478168 206.81579450653072
120.3247476961804 192.27077242495272
117.88175759400443 168.79441976020064
176.13219372505299 26.786342366256573
158.78092443935225 131.65313919066023
125.07554108510955 169.76426683193242
240.19153508079364 239.7207507081671
178.0433299802565 182.52060017438043
90.5550029975741 219.62643366606
111.29937349064514 185.91731330368765
186.10294916003232 103.23874157296129
194.26182558708024 138.57222947158186
15.27655142168144 240.4411042473465
0.44493285002922267 75.07857887196376
192.7598323362336 119.32951303296291
107.2763729739887 74.9327410770024
206.13754463901066 149.68138972416475
147.43153076296562 35.86364065523323
43.27602410445286 180.6170241642742
207.7430925301174 12.3372803669696
137.1085913733005 120.58289486277619
230.54830679618047 133.34832488523915
127.90194618482545 27.687300245081815
210.52236785613235 6.484675194587009
68.28824182279162 60.73640823689824
88.3102060118007 33.73181960962479
231.9945916118741 84.2098187642176
175.4619614816262 247.7978271617516
159.4707016930535 163.66238571563065
74.67589496019322 47.539764152098954
36.987005540114 109.55096231594014
104.85852344513866 118.21957489104939
69.03528999243657 167.42300206722663
159.4354017258059 167.61209236888803
201.65112201967557 150.40934886576392
32.93885970937257 95.75550824617515
4.283890119946731 216.8726700583056
107.48699936188405 116.66343890394585
167.72112296392189 116.9833006974634
137.68346487385554 165.4556516118674
41.191665767105505 61.42270744187117
4.330433086835867 11.434618630877358
98.23063928537354 55.57704976310232
214.67374836523965 218.95694042401504
55.591038571236844 96.27906459339744
100.73289725711851 241.09816978153097
72.62877901274331 61.35496773246005
210.6940112167845 82.4501642382311
160.42313505072045 137.5893280447325
229.0935460565809 216.0917313112772
133.79727888532045 69.94666671584041
223.9518751694073 93.98011666349201
76.74681778432301 169.0627961723234
175.3385650764373 79.9633387458726
220.6131642704538 15.240697574536831
211.36712099131574 194.26816714949683
22.202003467745037 120.4378802523193
103.53546580898507 138.64942952591701
2.935818899919118 225.58787263057397
118.20031111549694 27.032159986663334
132.34007167626518 29.842090164314023
161.22845389317993 90.14268830828252
67.8238741613312 53.17496434666374
110.90062381407658 37.57408162955014
196.3049585039261 170.41063211010558
167.09253343107122 78.64100809943159
105.12058647845268 113.7161682109751
12.290231824689773 206.3941834698663
154.95361975519666 246.71731308834794
101.6130321875603 22.378585383191513
50.12607132856714 209.00928733056222
155.44537988565372 174.15325368871635
95.58517163275785 94.22083942966967
101.69351241586286 118.27772971140757
217.66799047902674 49.751924512363985
111.69056052968293 69.60259934879379
216.50791303309597 165.1151786358468
81.9081940026416 92.1796045219904
192.04155168040035 233.7135687118483
128.53280583716665 39.20388228244023
64.65500991483108 32.16418238509519
150.16338958566985 135.94074252715527
143.87949406028898 244.5983781903777
123.53575695948624 39.0887087922113
164.18524855918915 27.363817896936453
18.259116360958615 114.60288210692204
130.6489888705564 108.53684571497652
157.20973669190357 38.37210326699969
114.87449801329427 228.4791605900477
242.17606891283117 1.015484831414254
29.259428566854012 220.37905318621867
97.75404503988334 3.3342991133315514
16.66793652291662 120.83003728418151
200.65919085904932 22.284868957237553
25.84209167174206 69.09914230349598
47.12686550358919 7.603989386520099
237.8544113787728 235.62890251612842
156.0665911001792 177.987163289189
129.25816783271623 91.8926692958639
74.46395759195853 76.29799876040666
168.92068945373424 202.56492230965858
230.01924381470081 1.1628482167243548
55.811322666814824 9.352011419852035
75.23832208667567 189.6195899675388
87.63664364830187 207.73210407293598
105.82476377473459 125.34712943878861
59.65167217093789 2.9558399086546117
160.58393491259136 8.262829979768572
27.36381484894493 110.0768247662129
236.40850601208535 93.33999701185067
178.51851637397797 246.6077844003445
105.33046671189005 139.2453315750725
78.97524347447668 193.08999481445912
73.47314514275536 233.75047766631113
103.38314003203014 192.9638277145024
125.31325195491478 33.74423650560246
45.17765851410005 44.60686805172537
139.83673881075669 191.2010247036682
185.23660107534732 34.98844302842963
174.14939356933994 224.38850180638738
15.836219238466064 155.58042398291337
11.85249794466428 92.65170970449074
245.64925310139566 98.95800621489751
10.788206675281076 188.24188355002119
156.27096706321237 107.58436657483955
31.699524868298244 147.9484548983462
41.46794958306324 223.62998788001414
52.13244042977661 231.98515241692735
229.0525555776764 39.32660754810261
92.22491128521565 183.1213935422104
205.5688196541749 132.88591275697584
126.0237754625628 79.70230669272532
237.10331885912373 171.14525313109414
189.14760800557704 134.07749012611498
104.83037709781581 139.6419429755861
44.257923871080436 114.61207415843633
207.97072925774447 244.18579050948716
220.65430133248228 158.5193430389126
37.133940346541436 218.4810536576193
39.0952521818681 151.51913817902684
207.82332820073734 125.24537273390057
170.75836294819743 215.8778550309288
222.2463715022884 196.02856937701767
187.96633907877217 24.18642507415078
16.79959272866377 117.00472888629173
10.626040312798207 128.84312766977413
209.46247559647583 218.24505882452266
137.84722741679383 18.54550157042492
20.488514862523623 172.74026674253346
117.02320929927332 0.12251133055637964
13.60222699518765 190.67987917650063
13.771329794026121 100.68168140494873
12.0938547006115 107.68997957335432
121.56724079509695 89.7022082034816
205.61945149574527 69.00711855333658
225.16978506074867 32.8825463651235
231.0075790597836 87.76683242547514
247.71455607749218 196.3796985152678
242.64473474344334 61.40293398948909
81.56181713695626 109.74715735467552
72.72844765311454 228.61033811017214
213.5760849024043 44.17262736968539
213.42224316680552 87.49429808269521
100.62693870234848 43.93693809479046
116.46683446039881 165.35298354233836
58.133863817661 13.332940441761254
141.87774259248442 60.17104898661563
101.8566543979178 132.80305240399056
152.0368135523104 167.78206814538865
122.31821291128311 165.6092503951604
232.04023827505577 122.32700235409678
115.88840303000595 126.76800214378423
86.01467860581663 113.04356052179162
132.39186672370693 3.3477105690390143
225.0577639540392 12.583586727644397
83.37615694031905 36.665326669448135
50.308947179427136 147.31195028341358
191.3530205534758 35.7060667338083
206.05896148421326 74.63702493128488
85.10684640146074 36.292768025163845
2.381514037096244 61.95505505193091
160.71751016337495 186.28991731921636
0.24024162919930592 182.98624439460326
197.5240595201579 70.50422628939168
194.55633683829888 153.94269881657394
166.77966295122275 20.78624629340109
195.9010449290419 144.13933928523574
188.9196059566022 119.18148632347383
114.52499009158404 171.8668286554581
1.5174028449271015 160.14860955996437
120.19724216791595 163.63266978343347
219.10100179959727 73.00179848776092
208.1095045660639 106.53178356841173
224.0630733119485 194.44159176665838
186.41993812544814 172.41928438315873
118.122882903905 124.8381459894428
88.85207592093968 127.05899752600861
59.29294011271619 148.4585771882401
42.015012683634666 228.6109337335077
194.67666744517692 117.1312207445788
232.7596702823198 45.4449385325908
37.18311784409922 225.27007559540178
120.10782689759154 147.15224793326573
77.22105558881425 206.00346693870313
146.05363864174768 64.6901264430918
107.5843966480502 231.46935848241026
193.6813775562263 48.71871148178117
150.3677825470023 126.47111687528282
129.60844647264554 75.929571504353
66.81112963806024 224.85002163222447
223.30425644646385 62.244691337872275
143.98154434288548 28.93820702451222
201.53525921441948 131.51799484396605
83.87364840426298 221.0699865686623
2.21875724833151 248.96245107505908
147.3233634410147 51.626027656988484
115.08815138627382 212.97371989076302
74.76759638171553 196.22182932115422
147.45473013169558 194.91831848643534
10.253556218114218 216.2735591263723
44.597216360899665 29.26109896027779
112.4863507360716 202.87854082260242
154.7061854747662 133.50465941381498
97.28597387623105 99.74378325888716
175.60414607606083 182.28332794402837
51.52708961637334 241.57272350340588
91.36767035284224 57.21415284287712
62.01835383310281 63.94746063885528
125.0042783597567 243.61606240198952
172.85194215451637 115.30056497465402
186.14653911523556 240.51763332904846
47.59187536904985 97.93990305457199
156.26428787605397 162.6418980207843
186.44591591187165 89.06892292649013
216.99319201961308 45.96144970736341
60.59696852021873 243.05626089009564
219.1303917219123 221.60402080588338
72.99392820721862 234.14290817716952
85.12128052211584 196.43113955843637
135.311340884295 229.61859131068064
111.80094169971252 86.50540412950494
241.3760454530985 37.02119780942451
169.79612723278723 103.94842395771323
219.68768717175948 161.91011301319566
208.4203813827266 152.9847748967496
210.28433497940887 136.3887477767682
114.79217317219975 100.94185928562685
87.07783062525051 207.20387793569952
69.3113294602622 93.38023857096653
167.28028224209646 144.5522921716011
175.18226681816788 210.45535339330104
180.74550830713866 208.75953112305035
228.5897131554475 132.54197888572511
30.656556580440753 220.93944240188048
164.19266678216783 30.38936733608477
147.2501353558575 100.38552752562224
154.94199027643887 38.11559229565156
186.11985449543636 190.2449422200477
137.2425618607152 76.08099395413984
78.64091141650947 215.07249723285025
155.09594959143467 187.12433488934363
15.661705504426054 237.7278830622519
226.65501114946434 22.767725980711944
114.86149221397119 117.1803054886752
118.24001071342106 32.31375004754142
241.9223986243681 9.776316711123417
124.17989319945106 183.09666407401636
3.261116146683091 80.4628069345466
168.7446184225014 196.44216185108866
146.58746696783427 34.66674804531009
101.42506042592811 190.79229212193817
144.79387143865276 173.574480650086
186.86975204680326 108.6524533724601
30.40927823052203 165.80819575134447
166.6322941319866 213.07628095359843
177.16542946383433 96.68477555528746
205.93362952653155 178.5094777687445
211.2501048701009 25.342479513048744
62.14555053879858 77.98173482220535
51.43445667577762 159.99704070279856
196.11613840287686 212.18076389850134
203.855524778861 118.62044156314295
74.76154686903702 102.77818672079201
207.36121103557977 185.03848237026344
212.70688000910712 142.31308163248923
21.17103510989754 194.96537894593578
134.27304682284134 28.303756193387876
153.92448891242975 183.03601367397633
175.48954898797427 186.23380261822803
234.73029883431093 244.05189492042965
4.956349462107407 127.67716286255416
42.50852951730563 244.76635984994098
199.19153082320426 146.54998184787186
236.25510301724688 73.5672881438941
132.8491659521062 82.61714573245563
104.8543090313372 48.268967410698195
113.42842181562624 209.50797242850516
125.73318183877296 131.148638601343
81.46342758905134 52.84540275044974
173.06115918419866 26.623065679503235
61.704066074296485 2.6151148337983376
135.5975811961718 182.58761159344905
236.81824913712848 189.56358929215875
243.73072068988313 55.72796571459876
36.95852406612726 106.1382445744371
204.28308154784813 177.81519270373335
110.09649915966239 128.4945593186133
179.67081528001899 3.2876944232998473
38.15882515602201 59.68702323299857
92.74896034358324 157.91512719200614
57.269476423148504 10.817188073241695
94.91909283354435 102.09990569459396
190.1110806198121 203.74422321756916
115.1119733257478 229.94646605952158
94.56758405956151 128.43790403273834
114.04922454107505 68.77811447914364
235.10809319556714 235.21906526713667
241.45401030645226 61.50070598185395
191.51015774169247 57.27017492146167
93.30486361518409 156.23737320354564
219.80360099798892 98.42722000754475
132.16481668125203 145.42331970537228
232.7473386689831 189.2913547318128
14.080506140541099 158.62122786235042
102.12681634428058 229.7140883645061
209.74301489156764 244.0738515641043
239.8577019908822 117.5121936553025
25.02359530054757 45.79408097765458
214.17418973471578 168.34038598956383
73.4881462973229 144.19451502028787
221.81576275818028 177.98104783566953
213.01879499848707 99.94275886645055
73.69076839276845 184.39727907772215
218.54736920343467 233.4864720229761
75.83221462262665 204.6902513428093
77.2762122447573 19.603787962445523
1.025296306034651 3.0668614158285425
77.40436725161511 23.62821440903154
181.03024833903936 245.53483495468032
152.1784376516436 146.5243579715393
171.36079889336804 14.351837506277331
33.22503293723625 217.96186659529107
160.7228075260285 57.70918633076106
193.2736925170783 87.5625364785686
41.58398480441433 106.40492478002427
50.19052881832012 3.1092953929397202
67.43035793730473 223.01547852329685
229.42092137118294 214.6934223853056
228.6834733415133 99.57678991888974
31.83815517936764 189.9857768455177
153.08144705916018 213.11529371543364
5.795633356218466 97.34967475448802
59.723998574419845 70.66455804442515
146.39618708584499 107.82671631976051
199.4814124767464 119.01946206694619
80.80882702560105 136.5948651850103
129.95716701967282 93.75679983776224
121.76612664830755 113.62573567556302
10.485265460819015 61.19827865471494
51.967648897662 227.76999105371902
214.92531295276692 227.2833738129723
126.25174766427563 167.69562481197926
129.11663617511402 42.00855895786729
212.97379633810982 127.74634118799847
135.1290602120345 190.01985049304895
52.9274628925033 71.53283345544762
186.39102536938637 30.94115156968827
241.25714621217384 20.357438637647164
226.21366639890775 4.507533911857486
68.84940360818528 114.08319830816832
88.78249105742373 158.28857767102355
14.054532464190695 164.56395519728392
240.30932297425375 232.54880437908184
108.25142085301306 17.19486891555
135.63851373901412 227.23163757161353
121.49809121386532 68.286669422094
33.91005451849299 22.988571396698827
117.99026763836703 25.750732338072986
163.40849023869447 29.80669948443343
172.8083896442324 142.2515578793414
223.85710090309874 44.39350856398141
185.69864438438884 181.8367191060665
34.59700763366102 133.29315501728465
77.97383756285362 171.30436217343353
84.74237440531019 39.59350114745355
63.54571093354303 167.6322131265953
234.15146072690507 246.8000750752429
113.58176632751973 15.894078845678534
88.44592989864606 40.11971648955762
199.14967846566356 171.76189198127574
210.33577608471808 139.84710935038518
122.61327310681452 79.91722736047622
135.20690660528166 203.32610024296451
243.0431416182418 100.18414319376933
249.80178404149362 239.60285956365468
54.16110175869673 15.237939934910822
1.6101623346619354 157.2540094304736
62.937680993260244 170.03545804382313
144.43263958844943 246.39375394215986
150.69180153186565 115.46521517136668
214.87717377338313 12.402555836632551
24.0764017725667 239.88708446417328
64.572642809416 204.74582239395568
217.05605571513354 122.38019547607334
173.18619452732565 210.8143670502845
186.3312943128753 124.65743258855741
208.07045657285835 85.50609895262443
204.64729191153563 163.8051303102483
7.185497646595457 239.94481619083433
36.251707525991385 193.87519439908345
236.28750066648948 203.8973932414759
188.0954056144756 72.43703503392615
194.10011548987754 240.91765950093333
39.69195970454967 63.05831679323706
22.516027867981958 247.9828932370755
24.221536810618616 124.61142907085343
90.12790267755408 35.59346628361701
178.1414232631218 113.67633070123698
235.2876807331338 69.64574478377588
151.49952279040127 73.88252092852477
165.62060702374555 98.49131140855074
87.78089744819192 238.79612778625247
74.52968841764002 197.62819294836035
217.8081215121527 154.59086334828038
100.04149515070915 182.17083440184408
162.68970322070996 174.35377953230616
230.79526720505433 152.68732302453904
105.23578761129903 74.20484090050303
112.14453605286442 182.54841146839524
162.6502923521092 175.10233216653583
63.847375382531794 108.51170676265475
42.75567159377216 38.293520449551785
243.93752410645914 5.202628012014071
42.3739080840034 157.29237618805354
229.29502555374955 235.6964667791008
134.78784838623085 245.31273208776128
96.91735813053887 230.87300795940268
36.147977177637344 231.0066757502195
47.237466506883926 155.63534309468568
171.33179511235775 136.06099671287768
238.2188608640142 70.77660683064188
196.2749590106386 229.3385033361456
19.583209401411423 104.39184401599225
167.55891182155273 93.44303151033878
59.544154202892244 60.89136235988024
24.79240878095676 154.27124773882034
32.20974443015653 124.49911670602701
241.1838753571131 182.12179987254163
202.6563360763017 55.88525441283396
182.04533372373714 55.81451417305527
158.61623459033368 94.46192623839147
91.10262322104539 124.7266495778557
180.0066241052314 160.7627875081321
209.32594927307096 112.01529633068708
168.03711792774362 149.56433622988357
173.58405419113987 243.77203191229722
10.478494510694796 240.86285467670396
92.39100205438339 178.01481914200593
88.3972911399048 66.60254444466568
85.32278904955565 72.57580154260893
228.3987189310694 196.55332613636634
154.38550053590367 22.44815459609398
92.6159852187458 49.72133716126426
124.65526010297887 8.48374761791662
205.61536095151897 116.97260562829027
84.62982300040383 29.010046891524034
45.058829878724254 79.64687087834932
237.1314797659363 130.98530826111005
188.45016067298332 66.747523946326
165.74363187900101 132.19057450273735
16.103704905400168 90.09903245745193
54.974325706754286 148.9196160430657
233.1303192113666 136.64440904820947
50.726732201981925 110.46882243842063
30.628361242152096 211.38239341920956
97.39823369875428 244.7786885190426
80.84395052913545 27.214251516724296
149.50563486167468 67.79755276409443
190.5689732896915 7.712687588962291
242.973216983336 192.70700369050672
5.513716888919939 184.97074388815176
161.07643681452018 23.91290619564243
169.68266404183748 190.68591299035353
65.22994889326353 24.59090686006313
242.9546236317344 6.819263874905474
135.22055380416018 248.41135066309377
136.87109823500572 236.84596420618632
134.18091319150153 55.192858309010106
77.68449692649097 135.35966938548017
200.40765019355482 170.53473542703733
108.80448452416309 203.53991924223894
195.31553359772786 61.80381769490223
245.13164523955825 91.39812594092669
86.60706201068585 241.6194999141425
159.2502282943152 217.91638013020432
38.79562720459073 34.56668958186404
56.97913443506067 92.36479621719273
145.37463967945496 72.79545427940832
107.45178359988125 248.3342299983005
226.95577573024508 3.6367023477688054
77.70754747551945 100.73866590401117
136.02402825881364 56.1536621503452
143.6019750542122 155.93945768029647
77.6334885438836 240.00449407667986
108.8378183992414 180.0285856752021
136.47888944369163 239.76096617704903
13.511608799015084 75.11675079498664
72.94108216129644 122.90784783515493
193.4334217508479 119.99248544333143
129.86067082451 229.26139360021773
158.53139766341712 140.73680260350037
126.86789487176462 227.99830268743193
171.78524137055481 59.71900643922146
50.44490455019973 20.22507647492702
204.15746943989058 110.20456394823685
42.62195810080793 121.74992893436578
138.1842103126846 213.22708546725335
214.46120142262185 140.79476803126877
147.25956599378839 244.60107197952607
193.43334285782169 131.02442802443895
138.08959942777872 151.27366751023487
229.94472811655172 152.92405866267364
233.07779914564796 118.95393098284902
138.99746204205502 88.22818799713694
164.88537292664387 74.77007799738614
170.50365938937713 37.44339538348845
8.559260655133183 143.3035904246212
60.437046714506394 120.80576042135885
120.03953453722157 167.6223894426902
28.9246430095485 98.06025333439419
154.0606075816736 37.83928758307434
108.20937030359288 1.7755209165702945
108.8880429037014 152.9662744352454
243.27758733836964 196.044501472573
62.34959887377167 221.63773806301776
124.69437850427076 93.42095204949769
61.63449579519545 179.88223224641703
87.8545941735252 203.52512357115071
234.06611148432202 90.51200347207426
39.58353838909634 176.67087348500405
19.043042691061054 85.58418663228038
228.9897478953377 200.7988635130823
163.23907706213433 117.07399256824134
109.1411125565204 33.70645071612902
241.46856103184626 2.2877859838132117
244.8276740211787 199.9293240969392
86.55903044271135 13.357572021318154
125.57860186197067 249.28510600397516
55.768147910183 176.10697632419306
30.326113417103564 82.39290218324052
83.47393997848972 174.3457770272556
93.66225698549383 10.586776940505999
109.59222843892036 126.12140658887586
214.06380757112925 78.99468873224633
41.78680446230065 3.1975083442861427
6.693116356444984 107.3624888666925
19.409821029982872 86.31157880982754
57.324258236889804 165.91697364625557
36.71084370213279 178.50957042831098
109.36530014856488 30.376875092081256
127.48837878618622 81.550170701234
73.19290047213117 118.92427420229792
189.57411161923534 88.52450758579167
190.76282488451656 140.38766071319444
59.99652236422776 58.025402428320106
125.63956678840977 4.777019739718308
204.58696814710018 128.87576829234507
40.10828246971432 127.36075803871316
105.72913348582073 6.723259199309329
153.5947015892187 225.00408612785242
156.6495925682377 217.34173972796535
38.26581836159279 149.17707306077668
2.8839296045002625 123.73574518744196
55.72061212946877 143.7756318726112
43.990296798577994 28.938792778854832
172.3524587152486 127.82157508836683
165.6491220618297 166.08476496775552
87.89481989581641 158.08873529161264
191.02754603763583 241.17215518325642
114.29495562408728 139.8863251979684
114.9060001824414 125.90692282337353
8.930083167412201 36.634835437490246
222.17243657843238 110.78990149149965
169.03161072261926 47.23334648295555
66.50935575927016 117.05671012810228
80.28686691612613 118.25553667437497
46.26154273019173 34.320296030773164
33.64965681036658 225.80758735820393
173.57577120289187 86.22871790296355
147.95246322315478 225.17999641763413
240.90857777904648 186.59696827121164
157.34510573162737 211.85678907157194
44.315960315746025 172.64502302990778
44.68418387222939 166.6630846781885
31.3728767872464 6.312956954890231
222.4689539379752 122.97897662162316
126.00946366895755 166.35148382872097
5.331277306019732 24.73755160121993
245.07028341113113 52.884782633326935
245.6429602870262 93.93731987331644
208.58963005501639 208.50350518651317
203.5452779839245 142.20087471225892
207.34372154228296 12.27265386403889
202.64884958883673 45.906240457332046
245.46255793838105 104.79445440179805
129.23126753956777 206.07473900286283
187.98350044913283 199.12214336455745
29.80674290001714 50.55933068753249
89.52640003510007 114.55720488580742
222.48748619863852 248.52763362517447
76.63441726626563 203.05050988801335
169.12580624593025 21.06889569461626
107.52792267122233 109.0792522768405
4.971810652343506 88.54469469724397
177.51633380432008 246.97312457681815
161.33228748583815 189.52012033313457
121.71453296930737 243.31447427861886
197.41504819205883 190.34171957977034
235.23626396212967 24.690466312248805
190.53400044416136 173.43847026126173
228.18859127548845 99.59176757849248
38.32485697031437 63.22615563590117
205.77199281448455 150.32687360137166
102.91699315244965 63.300331541215336
38.627732527613254 115.94054291177905
37.29740031635348 249.98721885095375
174.1893174916663 99.67132747474052
10.837636404885442 54.260808676646846
184.73241454515085 61.728667128572226
66.82228905780171 113.03129257838074
138.309217420124 137.41162821263018
229.7992568240298 75.88232063271624
55.872759663749825 243.10102696593262
204.8711054713515 233.34869378163023
167.77400616118558 203.9849036495974
131.7927446964812 218.69033769438474
84.64184962629007 200.36152655107793
81.1569450549397 243.44054776762786
231.8828662948569 116.51119814092903
6.202540930040939 237.39804922410198
23.242940192817475 115.3797431365065
35.90421689205572 140.33026305819806
195.3736914987715 34.506142240585014
146.72130550977462 54.394141468063594
138.9532986950799 209.38493816873142
12.726645542232268 17.662875177706262
227.05811075662336 145.2163035637457
95.33220673170628 161.08225193432864
117.74122725424624 35.64700958308617
100.02381270484022 177.0323866854806
194.84839948822187 176.5374758804244
89.90057069415802 85.62314027980894
23.157432690040086 93.26258617649822
249.69500678355658 197.37859117510604
177.10334550903366 200.93389969155356
221.60328818213256 6.537475643581786
234.54920594318514 231.74657451766774
56.51541527590753 43.94996955978936
140.99063980018443 236.92181028697394
130.53423858939234 70.790856796702
222.02819097439033 136.3056407715052
167.62978870890126 243.5296912812127
92.02951465277515 237.17617657455799
135.93636955760394 184.42654048903609
104.22929799878736 226.4657262489053
143.15575123757642 31.799745630091746
242.60051600488868 8.87928057919779
200.44756196980515 106.51180469930286
243.30083169449136 25.11417432188745
208.38136945484248 164.04738846073147
190.05573181145158 132.0329319301876
68.04548037387303 186.6690580604994
248.10289459924738 176.97573829040795
55.54790957509631 130.54786056712933
124.70538381197377 18.074368180026223
92.77277916220791 88.56628990531506
148.9447850771955 190.469782498514
37.74301162774432 158.18122564427134
6.699881715582362 72.37352199787678
42.674983046900095 243.4168760332307
247.60172650103263 36.182150003487564
43.57870807804909 129.82737035548007
33.31988328390537 227.84416183977908
76.8157822244348 123.85731654961138
162.69132563278797 41.86991665115014
175.96109244681548 67.44270770637559
15.125101624330977 118.39882620535307
210.76962937390604 195.14591676576245
146.15503550091879 129.99029574381885
9.18989703347478 148.42353277484605
198.2222353002314 53.4613715073122
145.7070675284497 126.78608002549684
21.40848251122826 158.4293623955256
71.90437453260448 229.33078943152972
125.57396395770238 99.74371372168439
117.69404113874502 161.2636054970682
106.14820226600746 46.15100024611715
65.78632787048092 213.02028659690606
15.667419433434858 173.46871061393938
9.73664120895726 22.69284633495397
182.89577155755993 184.15410397710662
51.02980746588373 89.8745645960072
108.788671444502 38.974752509249534
10.089797057523331 232.3809110456742
196.5012777428867 133.83175372882636
91.32685068013441 40.59004110402304
55.99563074759858 26.65057430795506
176.23656833678314 228.64581544699425
129.598944733593 24.814997295698777
4.207790708639969 249.18707491410282
189.83517521510947 40.23835680874793
113.46313150791603 159.99671021256358
25.016630397399876 202.1560711500531
11.14761826064531 186.7126765187731
128.3883465101287 167.5838344716917
196.04400929179351 54.43060937000019
225.17716333758563 40.273316643495676
114.92318485433783 163.88263138554757
73.31108323377117 212.52078079864015
138.1281851024677 119.78831850114449
182.54572317985756 142.5401535506699
116.01587799901664 182.6388679893866
2.876764674687365 225.7443493073973
199.02393218665568 70.46715308576066
159.95915386891568 215.9278480675363
61.91605685792587 182.27775795019517
164.48885533129328 6.230579777359413
228.52266936848108 42.28104047927012
222.05291902520221 175.6306295747773
141.58258578179561 226.06001962964245
14.50480197893661 178.96556363260726
13.40174685118739 231.29646297213506
36.02061456005104 99.14596621095548
200.0369429143619 8.568274720076541
58.56935093077731 163.80913985155996
115.15868849510244 227.27752560761175
207.9372476226456 13.960398879062419
148.37763791539015 190.7014414319192
244.23091365537496 95.95695549185027
156.4161962016412 81.2443325632877
89.15516627630568 206.88941646955232
95.3549494797375 141.9952177298997
141.1749587282761 26.661649184742092
37.185393104892135 66.55552462824335
220.22898477861716 174.1067369691955
35.523706495299066 233.58488753666316
2.5219338211431577 138.00408558589473
143.05157309508934 92.29372588038082
232.96692861486844 106.27098245896624
82.15986498512332 49.49195984112828
55.39344202504437 149.6327951042622
26.603489591837974 102.49088012875914
187.4416275379907 74.5186174145221
107.83958255657988 77.69241463168458
45.019821122630674 169.256373665242
142.79611077360454 187.11432242411723
27.956558328802366 37.18678851611582
26.74408394932093 137.16658364718685
177.01859108882402 87.77310341947455
29.110101069339063 84.57650284898102
246.1622107328972 157.03809348443247
143.344845469783 178.58241138012625
176.80391616420485 63.822219292360536
119.01314204031662 48.28942227849384
125.59681844203664 137.38374630897863
199.51708217557433 18.78294461593763
2.3049023350336095 120.34635453346232
179.93811980859562 175.1767591689089
209.4191105115882 220.94756913241255
83.72883628193343 139.35165213192423
54.40036546922816 153.76771056543845
14.382754954769872 39.17917579714686
20.743022515726267 233.93630356383943
46.114295452861995 127.69211526250152
185.96827292559638 199.8895040243708
169.19715545495077 130.75575489667526
217.2218417175963 26.84760948842882
127.71432129058216 116.81796749336951
29.386215590798017 7.5427850904021545
69.24267399109296 177.67975654418362
92.15264519548263 83.48028946095756
47.762279468003015 4.114266383421383
24.719832543210916 14.533632680973158
40.53875466586229 62.81080933272487
132.550312306075 169.82814255814972
30.708535227534778 151.06194070561244
63.73480339740523 249.82084589128874
234.0675514205983 82.93523018941416
37.762650605329156 62.89845587653797
222.6035992896298 131.77858192578103
137.95062732361913 12.715592843715818
111.3024793309568 234.78223711219553
155.28969198696765 151.6046972825011
102.03198866709539 85.38785110333222
51.2628881511005 102.76265645313065
179.69694862761622 165.1407829845928
7.37200655245529 37.990398999239005
156.8470425598709 217.70265403568874
108.11532622324185 90.10584936339231
63.55052558939842 126.63404144297394
200.8085366816723 234.49941843836865
10.707386580617733 117.21674351085323
71.33666390415131 200.4351015261487
168.26803555036872 148.48941978072378
112.72342870491048 19.919267910081583
148.01459961512847 134.02830919561265

740.530657561532
514.9278368196404
227.10974302666378
264.4566984014968
922.7591928409576
1083.3544191218693
252.20528676127313
1030.6019635621649
889.4293158196695
85.72004004650998
129.19569401541014
519.2350479649529
777.3419408153047
394.498981600281
1036.5761808985465
50.77491213993587
691.4408835606159
456.09450181967475
1147.6134417541282
1163.4927636941657
750.3035536777763
807.1744313003228
1120.559444882255
604.3846180995394
334.88768821557727
917.3781747130379
83.39290486380403
57.33253340654232
218.2864008705823
1049.1250605368887
588.0535381939632
372.3451067194853
1066.280788161559
40.78022819229898
612.2987722676866
877.4692891430889
901.2102177151114
957.1065997286265
63.17724087858497
739.8388571441131
1107.1552087771545
540.1245249471206
766.9815305812308
7.800824556908451
199.6403449996266
740.9321577388695
174.86851265739415
111.55007979267195
141.99348075469376
922.208434928498
437.1332863494246
1171.893040361335
500.93752887740925
476.1041335640622
1122.9197810300104
245.0403082668504
247.9430677671755
519.5303567179752
397.35558839693584
560.7781206889179
163.18579217606728
1007.766005062891
42.72947599417805
599.8144055674418
218.093290100122
892.7000532773928
721.937641788629
479.44696351697274
118.1508926544789
439.63492502865705
1158.4821853642354
1054.0595050173886
1167.8637012546617
596.8948688296952
789.023549833065
49.346352038285886
816.0579911391058
615.8384984848122
990.730716062006
1023.1146652800007
883.851841510958
386.80933553926457
712.4450997135865
308.9091603316676
193.26820997103573
359.9614791067107
911.6245971352959
1119.1759079762398
468.30452935886416
884.2184049363614
838.7448757385856
411.76784670081753
349.53049188591814
839.1123506899638
997.371128972952
484.42337829459245
1017.6791679338405
1011.7294446127672
510.6888800495101
704.1395401986192
658.9883733353295
857.8737467175317
356.7914979174236
534.1438728476551
227.71691512706684
1193.9916067553977
806.0395724454589
1038.2069037386332
854.4638969746649
873.449757948397
531.7273626247847
601.9607243230797
762.2967420061574
24.644914971727687
630.3073007575267
658.8688585174224
227.29230558406496
1135.6495032208938
1015.1895781953037
809.0894077409185
313.76768544768595
750.2710673425013
1046.2409693722136
195.49634025233925
775.5503873066963
120.36348243714866
391.1493878742308
27.5924118470991
1116.2155538230886
32.78563115932674
586.3990261159566
546.8353315882721
1121.791155401906
696.8206269267746
439.33075288938477
1105.9999668216587
1111.8738748919968
928.6969202534216
582.526425992119
198.6358113970591
308.86504215524593
243.847572274095
1008.1865018590997
595.7154065526321
1007.382927221365
592.6255825801079
653.0670300357169
1114.7293489412764
94.57560714871774
541.3391290607267
98.51320146071205
965.7889453460429
81.15928802697594
252.54990364805448
980.0921590418988
476.62662190078294
276.5516425155341
1054.3779172386508
1028.1339133101753
29.653358004007515
773.2952245822672
594.0954918466872
425.21736696064755
269.9181228176282
877.2999760160827
19.409233439913493
1063.4074768858418
345.40449929357965
20.050405942760484
722.8193595062401
724.02593509007
920.7526398738343
658.649469794209
423.9734358956564
410.8552081202288
279.0285418873778
339.2288817868132
497.1590934804798
961.7066784308394
405.44323355176476
954.0623654813061
839.301241213921
85.5894787376693
334.9016596042504
208.59012829688754
819.8039546141671
343.9775442822808
191.18138125768448
921.7054240279587
361.5243169316203
564.0804585704923
256.7147893015104
1084.7420859164256
1011.6203618196924
1052.1415624633516
837.6977785227958
685.02680404878
900.6650487583325
409.5838239393696
136.2270918990793
146.24709055309935
634.5304690779012
1188.9625450068716
622.8344713709622
622.5638370041872
211.488280676888
715.741360443036
1098.3169051339316
821.344680183188
998.2557466084962
457.71232577553667
920.2331280037109
615.0911295531478
423.73122065888316
838.8849755894419
537.7142239700238
1038.3150752525414
1028.5136654114751
1008.0091904027786
1155.6878530682882
1038.2936472977085
179.05240542071277
373.41001924606206
1029.692805073762
520.6253037155193
1092.006185386649
1172.1954796209081
710.1566971421792
43.90460465784983
715.4091126646331
395.7912395057908
1082.9617227639856
839.0177528000216
471.81816671740626
410.633776820269
268.1459935396235
198.8950554915445
946.1857996325595
1154.0155182078422
640.7135184997778
1113.5630135707265
72.13044469053887
679.5290567757907
25.156563269335678
760.8206744572001
980.2255435781267
241.17844475738178
500.7613885458314
379.2726901973369
1059.9021308230217
175.6414762838267
1003.635954855177
810.5953717788316
272.2604962251908
636.9607603160626
463.8153452601877
667.6770466174123
368.4620749822618
702.6262755044452
266.2934756077686
809.1711556130349
1170.4511231892136
856.2265064695206
668.752819513571
514.4997614959921
928.4932850255866
919.7109717321729
705.474424344416
152.31326741049537
880.8974304273547
428.74408199436647
747.2415299506442
1072.4199065309033
1023.3483154615818
34.17711707826952
1076.8995224871235
1125.2477521314283
154.8765927358053
732.3179102811946
286.11668151167805
650.8054665612813
588.6525514063984
246.63697650181643
793.3145249755908
681.9399855363328
81.65898707718843
1072.146328304747
72.0273906866872
578.7469762357485
283.0863756158534
1064.1677424326692
710.0217058706995
941.6420562087209
1110.3765183360526
597.5946878286663
208.28155764563664
142.91214283752996
143.42637412689035
1096.031165530852
372.9005103965608
447.0000815855033
491.2922732292332
973.1754116444779
207.0145898110676
36.17384500529177
983.2940290218147
197.02258105146646
1138.4997246673051
984.0704908240496
179.45989142603295
1124.8763878856976
973.2358628875396
573.6365805474084
1118.0315656836924
252.21905712231455
514.9835499792558
971.5902607362169
1064.2263132733365
374.6013914575444
574.6222965191532
546.6063065589776
616.5260755953941
633.1161567068194
1053.8892982034727
131.2593545512535
1198.3487486694887
700.440277409596
986.0307097895852
708.9282082025367
550.7426320380249
593.5078503650105
401.45066870146394
663.8731028408862
434.13276830680934
843.9702595111215
736.6336819254137
965.7501911335936
422.94965594469545
486.26912748873326
964.7849845377758
647.8068958636939
265.5678767535751
421.5623293273073
411.30570849707544
234.3102013733245
1035.6937957997636
79.15326912219187
437.48171034229193
960.2120311179226
850.8586144186002
765.4281136495952
632.2498426658776
203.93871102523153
1116.2646609435958
391.9201842504297
248.92040635645503
181.27755686333694
664.1131496951059
160.46054001762224
928.881941522112
400.26322560399166
260.8106807511073
700.0554046345624
584.7498721876524
950.0067592351869
429.19243476234766
231.84787391556065
207.68522624092336
454.5253996286118
432.34812952221165
185.89065486787928
694.639494932668
937.785093552809
1122.404703880729
305.7201337493773
726.0861345562967
357.84518925966637
970.0369276671427
861.8027131588609
192.043891368561
1198.7704954050616
1019.5686664854494
808.4655616096123
59.34944642854649
391.760040083828
1186.0217534326225
1145.4564561467469
415.2234050312399
997.5402296879331
356.1538173107998
1136.0928901021136
692.5914654941196
898.2116641420466
641.2644327639019
633.2070790256887
398.5549103221259
167.96009507332528
348.00965657784064
1090.7088961429831
390.5521313903265
980.3305121158479
711.7003142103193
1166.5161488157025
954.7117551853125
804.3166273047665
865.6159917901676
1129.1687449990789
930.2536549002082
387.0887912138146
988.244150324142
247.33965586315412
10.013663752143806
487.4911742454862
223.91318516139165
560.0865887569328
193.00284533941323
1141.0612962268367
1088.0546065344554
1167.0831489532407
289.5400542693299
1145.9768414356042
6.745804157990077
596.6072987031916
660.4932495961687
54.232047803320334
596.3770424753232
1103.0263352684333
372.23092338128197
742.0756208413687
1113.3067117514315
461.359685288386
566.4266053738543
599.3674824676485
941.3330100937327
164.35080193442957
489.24745901187686
96.62968197668205
1018.9943635901767
782.0079513568011
373.96412031211423
425.83989867142964
475.1500004716479
194.77921262868958
76.68615143048672
952.3744870189335
478.0760289094934
820.6895245175847
976.3796078414279
629.8980948401111
780.7464604134453
1053.5125995668152
940.9276900531651
322.11459109934844
726.0640525594746
766.870846649825
717.7825828774444
951.2913595474935
771.4504504861388
240.4442997107405
498.44668891917865
1045.9294589798717
334.28693269262453
922.4971374740223
980.4148982369983
37.316947069629975
763.4459515797735
133.9185203260804
298.29769975709917
384.7917365086177
80.69107259366324
289.4662540790588
256.6000390570451
174.55095476787687
743.4419410465213
802.4325681691371
900.0882485047086
535.343720732895
337.00851526326153
49.97623019242652
129.72897467944654
1069.116037920205
1073.3519580351376
464.045680286276
1037.2212889500197
1029.521914946496
689.5598029216359
995.4389043561187
1138.7727737541322
1174.176063065587
141.59070194526853
293.69698791984507
1010.6776044635315
222.37506487141317
713.4327941982644
347.6511259422872
880.6981192353029
33.193628114029714
293.323173054359
400.98801950821723
563.146483763765
690.6704521916586
532.9847730167821
963.4521885106988
803.0392960567516
1009.8443831917571
904.0007305576256
1133.2735753262089
153.85966681833898
498.0838279063742
216.70237586511692
22.372038695313943
632.2334335970221
607.9634480217721
566.9407945879484
669.9430221440057
549.4811078078922
74.44592855144933
546.0838257931339
353.7246166719295
597.1785220657015
618.8910897525643
862.3024654394746
788.3169495087585
851.9319458648741
550.3042090795278
222.52357178207515
255.79951694829037
387.1962019373538
532.6889443965028
156.89874602601054
717.4849910754859
283.45935055063006
948.0980610535846
978.3236375143333
70.46355778728746
535.3471254690829
1023.129918170607
142.65968449651555
737.6363274283226
818.0820892846996
1045.7956662761037
950.7141535851958
274.50088470410213
1110.5742576299817
623.0003403787907
129.26467565391889
541.2499572296447
882.4759136787246
832.0535933926034
208.31738547113127
1119.5566287385561
54.0789393279464
739.6061004106227
647.0797213695699
171.2550979393405
11.468261890526664
6.921532152044324
986.5063860874667
583.10290444067
16.80266834077726
336.09955810633875
6.9521035080189595
478.40921190086425
1124.7360021700003
482.67630704648275
970.7605980837484
1094.7130795097787
754.693130298157
400.6132361562515
252.89638517120903
906.9718388552487
1114.8774099877767
834.522355962053
940.4152925904378
821.1796347778443
577.428077913055
526.1205076369179
498.77215318497673
479.923596898693
41.1274555252802
1054.8880741921337
1157.097678524091
510.97432403660247
135.62589822586935
1033.2415642127744
666.6387846554783
714.2353555779091
533.5861435849093
185.68422539202413
1080.3818826813952
1027.1302594406677
506.93120621735926
716.3991198029522
599.4624707719427
304.6848597202749
1033.3054855858238
999.0133083347712
739.4063517760557
158.36761395092233
1154.349532049467
769.5923575215991
434.3036778280887
694.1067202916698
761.7426753376703
987.4503927154665
281.71286489354804
760.4538199690604
903.4937266200403
211.3441092439454
721.9578063980587
658.0772427673595
187.1931732081428
551.8657188305644
285.069180713363
440.376769968894
357.2138468214355
381.4961664851261
104.43237639676661
56.600512389787475
998.7532098857345
643.714042407927
130.147202553108
1087.4086877907173
453.05184267810864
290.1408064089708
1022.4256060262207
427.667223116843
528.8031993731356
1019.0153000479622
1013.0089066352394
1040.9487267943593
1107.5702146790497
1029.7799634982612
95.44772417110073
21.054857512962144
1003.5567773807848
859.8781496794522
1060.462111092838
984.196357577104
147.05689659618687
223.18576332795192
655.1349526056714
529.9659653171797
525.9727007604573
101.59213845001143
20.29601517608165
1034.2848741074888
46.70434086271084
1187.6550069503749
48.97208523447906
422.46947169105545
71.9586909520814
897.0047344787453
65.96416438077367
1017.2375166412363
337.5200455303663
917.0393306977205
613.7142068455738
772.1400993472953
247.53218863343488
841.5695394817186
511.2997640553054
453.3443804664814
710.3674990957468
947.1507285226621
1004.4437058163279
364.69622315019586
1187.231263329526
547.3683618228567
942.4471496451807
282.447096779217
159.0164688871655
348.5645850565685
916.9642810879425
31.328865575659336
207.74076301049217
538.1886598471581
1116.9674125441975
5.918775566925362
146.13452366459143
11.504952817646677
447.87664221977104
1185.775764630114
461.03070298814674
250.7152170898387
875.8654861217484
247.36624771080503
349.4521218315648
526.1095779517638
5.930759485525826
141.03501532699943
896.6047953333374
846.7737751862808
905.6835887666143
151.30074741078403
1158.4748027396508
398.6572170185317
141.34519867530477
1031.0745028464585
216.94815378059945
928.3702392953934
206.6758059072365
262.6565031910033
939.6329052427234
1126.6879039207745
480.55984013589773
819.4745941827625
727.0281227842418
483.92873162378294
1053.0728974639765
992.6735590012163
147.74986803736013
1028.235765864058
716.8516406943169
401.02717921087833
1190.182580600214
781.9186145697873
1023.9379891756026
876.2567664042398
214.00475808550794
252.32355105380353
893.8889871108992
894.3254060091954
250.42180060173192
402.1020829566798
140.5287656027475
1078.3086317955074
21.708184875950515
483.87638881132
371.207492887072
37.3058144734268
1057.4302473508922
307.83878308770215
1032.6377405378028
512.1383793367385
76.69773768315751
443.25242763668456
321.1787095068005
91.06897284459127
614.9658639017282
676.0338976213941
416.7288500583313
1136.9174372247521
890.9327647224914
433.4373262704045
236.39928789868537
227.79798137431033
1085.4467385191847
68.09658508092035
25.76805556471438
897.9360823195012
135.38925090482454
10.21902024334342
583.5784167223487
112.00773878897634
24.752709101413917
38.44926979288254
297.29700809556255
73.98420379014989
592.1403212411072
402.46492370500454
206.5002013535864
1155.940544178934
538.8636164337514
633.3386858862278
581.8392992931771
716.4498054505464
1190.1652746359723
400.1507503213734
236.7055519426072
1139.2994627057133
830.7375846785759
700.6329943151146
1193.4924716234675
519.9208241588651
193.06884249455217
258.69783885727816
741.7602091090952
1138.0909238984639
4.678460116006117
350.622985019224
1018.5800720738699
820.7651780720773
881.9856264619417
614.7365927685049
260.0309856131373
850.1659143483133
781.9942188941949
1122.5245866782643
856.9288871420694
257.56229117992996
99.52372184466773
407.303017379919
26.501311303060763
1022.5095932141875
21.690162871928546
614.7727736832671
948.5845548196602
1061.89591554265
1078.2396022675866
1065.2018700149717
467.2029814088508
440.08792023138096
723.6576825873857
960.1896584716742
288.4844045291809
860.8671226096039
979.8767549827376
239.71355303249567
815.8683708280752
292.31034713435406
88.19201701737374
119.60967987535363
1062.1769524879542
101.45707195067698
401.42996342222017
365.3749747438605
909.1943744747383
642.5460238657588
723.065326513317
590.5673458029823
1169.6712494638628
867.5121976498201
885.4349385999332
6.587219169425519
1037.5393044971904
930.3052298236804
1056.8297455435204
843.0976838971188
451.77392360904247
425.07107465173704
158.33545410132632
989.7092305659282
931.8219235526873
48.55101523371643
607.65093009834
903.9669714073491
651.7339499415917
1061.0268014190783
437.2775149585921
970.6545129694223
1056.753167623303
605.0216714529848
327.9504823303092
114.74521984030872
112.73988302601197
328.62399436747165
581.7219575164355
708.8236289910461
1162.2344608660858
739.5115752368232
940.3446090204259
1019.7724572910231
664.1590477895585
732.1407866632547
1053.494136412308
340.6402144397914
694.5750724803523
1040.9448900643488
195.12286806027836
887.1504501648308
62.743640003278465
581.8817492328724
877.9603355388513
651.4811300979936
820.5679296457042
997.564148720102
399.82798830364646
1004.8740459706956
291.6358466983494
846.1850255021883
982.085742173979
1015.3935257131557
1065.2737049319394
912.946159925125
316.5733406413827
704.8640595727661
84.56635237663355
892.6731132873097
637.6934240721012
134.62988666723425
89.25906864272639
476.51361359145216
167.38974221545513
208.4463383897065
7.097043716203808
797.667032976108
967.3698272393186
689.4587099977387
492.87400356442487
1076.6171621872356
826.460028561111
418.36083880678234
1050.640675137793
566.1545040646444
762.1558670049731
472.58333266692944
644.5567873895562
376.2470006488642
435.83058054037184
427.5173443408129
557.4613919679641
970.9360471075736
592.234881701453
421.8958153357516
49.73113231840945
378.4662171759394
557.221722862649
401.2473637991526
72.80019596870252
574.1434343987754
712.3591717422556
947.3699052237853
762.3005777851648
1043.9442902074868
766.3096930141436
670.7522071545617
38.57864578135256
61.07321034257434
339.1251200187063
828.406541029123
847.5019726617048
473.6325177379095
264.64780927586656
220.8524695021486
908.5933248261229
864.1975110560544
173.36446943854915
1130.5844233727241
541.5287712828389
682.611501710836
626.3010183797815
737.2068713161717
81.03310281818496
441.5471620636096
192.88735757379385
925.5734184287488
113.34046126289383
349.8854806098309
132.69541781513837
547.3761704875805
99.1200151694209
158.29031403537763
31.756989635750067
227.64967118361758
570.4137326261053
679.2225223727673
735.3560959192646
1003.0671094776607
903.7187320902601
504.0133142299148
537.5546924908155
678.4393483847026
765.8704579100134
670.1964988564606
623.3316857714406
61.871715580861526
998.026769348513
1133.8853642690206
795.8869812315957
1088.3902150486724
547.1239630610537
356.17600929124416
691.2708452422611
260.0317624328687
991.2286658865013
724.6335337048585
851.5917328060314
294.40879574106043
274.48809536710144
319.7602350528986
503.6236052392197
227.72074889639927
283.15971365207884
510.97197249972885
1076.169091373463
318.19673715123884
278.3763720172004
625.6027792936411
363.5087415837747
663.6111377916234
813.183059440889
1061.1677831595769
451.777738869351
543.1501216701807
404.1940315934108
616.6545651035484
1142.4159526538615
925.9283739093902
742.725459907558
1097.2413569157422
969.526498268938
860.0403476674112
561.6111420788562
415.7910190086241
97.2489858475045
667.0947789509509
329.62856799035615
487.13778083489166
221.81176516475094
162.08366522330346
456.9498465574319
643.1760053265641
775.5844616808771
307.89697499123434
585.0225348747
288.2391426577865
791.8699271248071
529.4943002315702
91.98187924288378
755.5405045925984
432.74673534451784
1076.063987421788
761.9950531368105
1108.281192356794
476.0578376823208
537.1401153847634
269.3151885691568
862.997992497168
1031.9268592141814
949.8122752519118
575.0904051394535
675.1649758745021
260.1512249126744

8.6 17.2 36.0 72.1
17.2 34.4 72.1 144.1
25.8 51.6 108.1 216.2
34.4 68.8 144.1 288.2
51.6 103.2 216.2 432.4
68.8 137.6 288.2 576.5
77.4 154.9 324.3 648.5
86.0 172.1 360.3 720.6
103.2 206.5 432.4 864.7
114.7 229.4 480.4 960.8
129.0 258.1 540.4 1080.9
143.4 286.8 600.5 1201.0

2 5 8 11
5 8 11 14
7 10 13 16
10 13 16 19
14 17 20 23
18 21 24 27
19 22 25 28
20 23 26 29
25 19 31 34
27 30 33 36
30 33 36 39
32 35 38 41

