1024 3.0 0.0 1000.0 3 160 240 100

134.03883617664678 225.08107622076304
90.99409204732359 46.674701636890525
152.80681212107163 195.5984819536955
93.84965021536088 240.2131035139712
78.90523144031428 23.768791887759434
55.99234477543119 152.8093269134925
78.14105994708764 170.29242140142387
149.18556591798588 46.01570281546758
246.87744752552553 170.08925129576613
240.6674480010721 244.4955276344044
167.50199170475253 13.515997904691268
87.43749191290767 221.9321729911337
144.69841096353105 19.403806347503494
34.55087753319266 3.5854491030396507
230.11936443632925 191.07969002606407
158.44306582678007 183.92586308515789
58.49663012432343 26.007689672691846
114.16856612721507 51.634328685063096
15.260395838227442 195.01579382077932
151.17716050350506 161.41647684172298
37.69809556107837 243.2362691538068
184.14103668015022 155.91439478832
125.99834219242878 104.17912009245347
38.14730465619379 89.93978714543863
242.2127477212006 42.9374871168815
12.963562945093182 132.52127442037573
184.49175489140438 224.54827241042995
234.480873517476 132.6768544040577
31.831361147397626 106.24581782661605
19.90012755737794 65.6909363636898
137.10294701360462 24.83544669286106
188.55845197222035 40.39472177367925
172.59898379147378 150.33387778058602
139.4458943739261 236.79106583915436
45.65165183734366 99.25655698911459
40.953875265944156 140.4967188119145
225.95382873107158 122.4448569888813
133.07846657826144 231.05685219893132
16.58611143039601 137.01006253001927
154.71436137554238 60.77060599153864
63.53737627396028 248.34757948148163
214.35509695879753 133.02946913494335
210.44946059264126 88.57878682119808
115.15444555655102 81.69764631336938
227.34494078712584 8.464543980570783
139.18433999101757 29.819243626847985
84.13031891320263 163.62098308539035
143.56532561775256 53.46287905795141
168.1428868518457 129.58595834180855
53.86912906966324 151.65192799133544
179.25168349926724 9.690082815486639
206.18076986685418 111.46954331892694
224.61931795500053 197.15976754505047
216.73473129520823 78.10189438910083
96.13372285042371 193.88418653396135
81.81356402041328 203.0936278019852
153.2490449221458 6.602702542088918
136.4863827316991 153.03899580746304
181.02413130346292 94.87218210225903
96.85811142810365 63.57985090995358
146.6515271565984 238.99190013602717
54.06514099280285 81.29762993268253
26.054545659202926 60.301164700443636
146.79824632795226 242.88250692652113
120.2824999089983 194.16199204419718
191.06740921731637 69.70243896462125
190.63477841213023 41.04536979025303
20.436079116103343 164.95031491884978
244.83195616647714 235.06852613061244
239.40074075756803 239.18142815427328
40.69308843033762 194.25977224659692
92.31800053617489 227.80321882974783
53.686295665431786 37.265248519080416
80.41336808824512 167.71585546388434
85.98432903212944 232.88565391183565
47.883681243839824 126.1470637567485
158.7391992387694 93.77791906607253
19.491348750989427 153.64438503560197
235.76078907223524 164.29202266343393
207.2472707506459 231.91781530936015
0.6060641106424847 76.57906091398995
76.58811447764141 78.22484714086833
158.1083262243445 62.16194648331943
240.54220055037774 49.655181853037604
145.79941646163235 7.260246501708783
48.7099784523895 232.74355409114105
157.85041047042995 89.96556099271002
160.76767291803793 167.84743855672357
186.90150036262287 81.22545800908607
129.99296513696632 40.54350967056827
164.1822993445331 163.96749155539632
171.91345785995028 163.17466605752327
220.91181807300308 5.599239901646403
92.68611852878638 203.39697188344905
226.5895258826375 210.3470833979744
55.307228662808434 205.7972673556126
165.92134914378573 19.517349282211825
67.37004136639766 245.99794385362716
236.63495291357592 138.72996641815746
188.94792925689887 167.33787664084892
245.83200046627104 18.54688513010866
35.4745482493117 134.31337380325277
107.32043549185136 228.2816909754437
137.87032135385923 146.9592481105197
248.39397719195924 54.05218479373461
213.12736390419897 13.848881611585096
230.21824295377473 246.73798316428105
111.34447295004523 43.858386240560655
89.83733744811947 186.92879479957276
65.05300296109812 145.0030524744708
210.63571442818932 228.07546890966398
206.41210402488022 9.14687572339984
65.56127994722496 59.20671057451346
216.88784046458218 48.956418892520226
71.58859306148982 81.61858943393102
140.06017858983355 32.4214581186707
158.81364723007476 168.5225509869912
97.33504790594027 127.79907922933944
53.31674361417066 119.08195917126673
241.23646251694404 115.53369689304793
0.26444422752233687 36.949042719819246
248.72581358567908 52.253661907341346
194.774140828283 14.673948701727141
168.1938814372968 2.8744922719548818
161.34166084503056 44.619329838405555
125.0918144507073 86.47081452763322
141.79461759157044 217.50007394850883
32.39571116548598 238.4982692007667
84.51067173700241 66.072960329069
81.69871358845907 30.95579426730585
56.8149611066526 68.1405388145524
201.27714757241418 86.58797310877908
246.42022260413657 35.97281956426618
54.47938755909157 156.57662103265272
184.14941527854225 232.7404980419119
143.40050329299504 202.5933109962843
70.31970386369422 15.374315729792725
84.76094913791823 25.47490619021378
146.11906225395637 99.50760119589432
180.71025391110555 23.13491390564282
189.7445119639073 170.96056609590747
188.83816910414393 198.2795577783447
118.96683593428182 54.3590342784041
147.7511510821193 76.36593674813366
129.81677043915843 227.58979242283314
114.78300680448001 125.332712316062
35.578578159331826 153.45831304865683
149.1672454684932 99.04387407185914
109.90774175594179 0.3659969326774981
163.4257542206277 137.32782851384866
197.37195453615232 132.02192550393355
198.45640678907614 186.32325903669891
235.7929603696025 178.97514764597193
60.189153466098404 30.034568080907988
121.10078805776422 55.78557237553564
31.171151400060825 155.56706886481618
104.9999901060866 149.38439495885268
70.50561249951562 193.50532919487256
116.87641076638114 16.693285338696768
132.54528537979297 226.48568708706577
127.0134420461834 33.5539978999862
133.36376996344686 180.25901483405045
123.77773449979543 24.55851035407716
169.6034130193902 21.010527339832468
90.57320784300171 199.7638338714563
148.20431752204576 62.07354610360161
92.20949464020065 120.39136437708336
43.058464809280686 83.75251725058844
249.65231190214905 213.63519164943062
10.583614540452674 0.8392394148926396
194.6119787927763 58.532882963944374
158.01523195377666 27.58027483814604
167.34188611023026 122.21302584844571
182.75150621571973 196.45590116096818
62.963179682121755 244.7809429755621
190.46638702847378 179.7969356105294
24.958785438358806 192.5740608711488
145.29403943416358 51.993619234618066
197.30538874121032 27.43823721638114
144.7510592501344 188.25806396312097
17.07117898689148 90.67515110654814
88.36222370210962 107.91718977914086
39.00550579857862 2.5395405883359423
24.12560606928313 224.96708192307423
182.9735822371938 28.08300803923547
4.1534602284607205 25.700500252632345
162.68274444500076 1.5025277822148797
192.4499217836235 112.60337106505395
108.80651836840724 224.7931756661924
148.41575724802834 41.06559609837371
163.61321977221718 84.91552285527548
28.12677040927361 140.3603716377186
235.2291894881434 30.587791689250217
113.43724153133871 136.3582789869871
242.85316142336825 221.68203054237935
65.58133084929646 26.975985499117478
215.51962576609577 54.630230719542816
246.43737840105567 165.6811870749162
85.17066563208175 90.99896246274963
199.3362960316877 225.27586676637893
91.44115309045661 142.74811378013982
194.90758639901279 228.7756313328361
124.21485915560717 81.18244059997559
162.1508890221451 113.85971517093927
162.1989855764069 14.546524586647514
29.07968119790974 157.13919883132402
1.1720176337172705 211.29878097634358
146.97089033215806 60.6613361229206
160.31270260861731 108.05599079402678
53.170354087294506 6.059336369710233
206.02443294692384 106.28907866891035
78.1861063090184 45.898315500766756
158.62785546209528 192.19905450751187
119.34852476641284 243.82964628603344
131.033433091707 102.02299982715235
95.4241354543191 139.08622830772373
245.07871954897342 101.61511692660017
247.64749026690038 147.7931383617598
226.92993818475497 187.81336027283882
178.4976324273397 120.28738208946002
241.73423191339154 220.93339218474577
67.32638190052772 112.10608196604751
112.09272954635033 72.96088638768187
53.52519921559259 231.80543884789247
205.86583825198343 203.2499351408027
140.9255809282572 141.86764353344725
225.80642087616224 126.08033048513109
80.4134627866935 189.31206483990843
95.60312107622896 113.84109607107234
184.38591730646377 205.9905407884928
44.42914780418719 16.876479809918383
159.59149117870524 71.61601979763182
78.77023109764669 99.22733995875954
184.27808694638168 104.70470548915218
150.711770471904 67.77180683354119
181.30579031203206 245.507921600479
24.788082357550117 168.82111281008986
133.34989396103543 205.44090525040593
68.4852668056377 88.16887026186734
41.283676532506334 235.325457153119
110.80343115609523 199.39854733300697
246.72836381194972 95.43148604140009
98.78228373772946 128.5588571150714
239.58886228325326 68.66251484194996
182.14699541877022 104.49952961407611
209.24095919491907 107.84985085951762
42.710480728139295 245.5435712565419
249.0130880394185 185.3745215496191
87.66110580770004 72.56978232752093
131.2063658352572 158.6047717491355
167.15393251916248 102.95666574614826
85.02417878504598 1.796927115693847
3.385814201441295 226.76130353874146
206.08852013173924 243.5627805917529
171.5473150920406 201.05819201591532
126.48736903172991 214.13070653920437
212.3575520937896 39.20498964215924
37.80303420196016 131.6895859777959
70.64281140309004 227.72366726208108
220.12081868352885 171.62774308977114
136.50426757948904 235.06254188578177
248.69974178342542 148.4394293406736
202.9684379384201 183.93012631750406
86.30506154362239 150.66682807716535
95.84714724487667 160.2930356969625
170.44085855348231 121.13152227548244
173.20430405712258 245.7072000263631
241.92709372450452 175.63882040807982
205.19498030399944 188.22135741676516
18.719856732548696 11.938321423951347
74.55973778987939 218.77212022304644
133.06583505546155 116.40838347072624
17.238064122583552 155.9306982058353
77.79380449799261 43.106762009420095
199.54275674128706 20.960953591941806
230.84661261915772 72.05915475030031
189.415079046643 147.4612628045801
81.13164964846922 15.842047092632066
74.12721377588316 53.869542212464374
52.56846933360737 77.33308839260667
156.3801834795933 77.21965548161852
185.86707591636892 101.3432777050989
67.43339558845324 39.387624493089135
84.53625443273508 59.49032395528925
243.21119556565492 44.84286830429393
215.78574097345512 140.92514715014144
107.60418317551273 142.94589253560252
219.53240338897567 73.90778718066935
118.70879172652904 87.59702399302773
194.94593553690774 131.69317322627967
246.60602642899988 114.6319211398012
224.6489626403492 21.81267889528199
197.3114813399514 233.31446735033185
115.49562000441901 207.35128813771476
110.61057282143861 23.72669589042184
56.020578761517584 42.14235528611213
200.19982842070635 237.0824105146241
18.31070193545914 96.52795152690067
178.66127035900485 74.66698468400787
75.34108873452344 17.90602267411037
143.42890080346854 26.959660030207417
85.7063942431427 208.77634801654764
144.97916174478505 202.35773470027831
157.12738360856304 71.80260926225229
193.89168925651066 29.20137262566702
60.95076681663489 24.67667710383831
232.406481658085 163.1110456100581
144.15234889111687 218.99504017077138
223.3795275374505 95.53278725106304
127.25819499452126 4.176632928881957
110.42432624984916 133.59540648953472
228.57012522198522 186.93269214982044
73.05874264253467 51.158240163823585
134.79045683808502 189.44457160870462
186.5871544493605 174.60682135342947
34.08778285058539 188.1918882340548
235.16774409069998 89.71175566813355
155.2647438141571 121.20446675923188
152.34652933160862 12.492196846213389
92.54883194493846 120.15225804990892
75.14568013422998 241.47559010381573
33.558521136763744 103.24543378122512
246.92295045184963 135.3733254769281
218.91731710619305 201.48582879674723
40.11534859992011 216.21218476298543
243.42848447233132 230.30770459568353
101.41082215298711 222.28184081371242
23.595485937180527 210.32034534668415
247.81140878453132 206.92857226456306
130.30326485436098 6.000710498701656
236.57936560665775 19.173952890122052
174.33853880319356 30.209939659519236
10.627671988386266 156.81462327164502
167.1817371755147 51.46687045622927
38.75235466986707 124.760688072399
60.0119913256956 100.83864661679246
33.783247363009586 77.66413546311782
216.44356758613543 142.566345003015
75.38194422251846 25.453631648770404
235.80151313780004 131.34763646386057
168.1307261430288 74.99999074576836
183.3257732990912 191.89945043864836
170.78571782150894 65.7573713964767
228.8209449073517 242.55441693497133
186.82048382124293 141.06925606176958
208.47510829994664 38.50336350357972
119.17292365701515 7.812119074504964
190.36722139437947 143.89903769403253
127.72090794465821 132.7742244378221
196.34587265686326 51.13065729913197
246.37793891895782 245.48495008025827
146.1443053498855 9.356356211958266
30.7203459349524 123.70895219141403
132.39306150510822 204.81705153328306
177.96019812037528 122.82173121280506
43.59707017621431 81.25705712457932
236.80847865950682 38.55064617968859
47.67318468650706 85.24693822915181
160.1414460088498 111.81556644538307
237.70013653333 154.83742315301586
63.31783209905531 25.945769638144515
227.80266952180102 54.428041311184366
36.11690361528744 171.14919552339552
141.4434460433283 50.648321084494434
196.48883984585092 150.53088558612052
243.9658893393922 82.27591344334658
112.74278445836688 1.5920779689129194
147.2096522136664 54.932517261171185
184.53699650636716 116.54129586389944
174.60369718685592 138.9325972121126
19.332635140223292 39.477028810760594
106.30168658673156 162.38423333981456
3.0555267031109334 39.4042832128399
217.17486746712038 45.55716976116131
182.9177016843757 216.2431426138383
119.65014911088362 232.18556891822203
96.12258863365058 133.1358878459816
95.58809116278358 143.25183623615354
148.64949204020482 25.63162099614791
198.8887070104192 83.78932656428218
100.6809358270599 10.878704394363698
207.52757836632063 77.36028758588584
75.93172243872209 80.62345693854515
76.99665098497688 212.07529423151846
13.407320961256964 161.30727873654135
151.64395505056166 1.4138907378474508
207.45280542652893 8.75390685943972
12.627529823436012 115.70582681284017
202.28233799866592 103.2621940392792
248.0060038508736 210.11951832281946
180.30110760795222 25.56340723881692
87.78464934330931 88.56403264060097
43.290211950382684 184.62623833411018
91.59646097080761 49.17666554248893
122.9700314308071 17.217813107082673
193.4361713482435 181.88758097676205
240.8628829887497 242.00379469627833
68.14957356134812 230.77325274209446
12.59966838158949 8.079869840728476
86.29131647927323 248.72132096889518
82.59461780304555 126.58462259424691
104.98727327422955 193.3664516382607
54.523779284133575 229.64205337556464
93.51031496403806 105.16163639310535
227.36956332416443 50.45880857378018
242.19383429072684 131.17537672457712
200.42657853386993 38.16675500080291
204.6603279684819 44.501408037571025
42.76944074905603 145.04054098045367
172.98576642291277 126.16367576162688
109.03432809504132 151.48976377971582
167.02155319917733 80.09651209963464
66.85133549246189 37.303882262012536
142.84866863250994 45.14039877237741
40.72613007501244 39.921005307304746
52.79296917682863 99.48556952681234
67.45586886560406 99.6434373490516
201.87060083779858 103.60616649733923
196.99091100589683 88.86886270025259
244.28472930844706 110.65359753788081
17.127689832460018 92.54814779584267
155.65771368124916 43.13898089024709
52.320361304436155 169.0812452928587
16.449044577094117 126.19673007918789
156.50922010079768 139.9118727261934
106.39273543998607 60.5796565267947
200.15715672405378 247.38506622827097
150.2852832528472 160.41260465591566
225.7942909136882 130.75333791995976
175.1938063271501 168.3757744356696
156.44146246886478 166.7231591792516
48.349077516288695 220.90841374902473
210.55440162323032 46.33063972809409
149.2701148319198 23.470114647444586
64.48986010953989 86.016105819229
113.54883112282174 204.00278636210672
109.77883559153545 58.58912355918919
49.74460698464534 217.80969961931152
18.979526902726057 194.60527244805422
151.06686638911046 192.72497917363694
76.59558623000481 20.46764945296958
116.9294182060239 135.26643714279263
40.61450881129664 90.57825125045274
247.61068178193915 126.22690984343751
62.82561151430785 191.51547645720086
229.10656935699038 45.58423855142477
139.50158493301586 171.16375270175757
106.97313605083502 16.450642368852105
206.50747961548674 76.36197377475804
113.39413011880342 31.65215613922767
53.27356814782955 51.86079198808227
75.46048689028828 125.06947231550075
139.57096368940702 222.81633506888346
21.808157576004238 77.02510964564871
19.98082434051682 243.84367117256613
172.22298351495928 141.66145255427736
87.87264534450001 127.46280864970302
10.364452948367243 21.58510269844452
73.73941324614242 231.35894537324873
72.24198111723051 92.6839693670086
1.4845657762599662 245.9665241662913
34.14134372147456 163.15690144366164
178.39074389332137 141.82355634146103
231.4114103719859 233.23702465766002
247.05963358045994 163.5893490601738
176.84030194320235 89.06145217738981
137.2669819762808 142.60986308823362
230.6325467961623 33.13712055582274
195.0759025262124 46.5013691284423
218.89278909282692 99.64814746004686
91.20026730164174 124.04035787991724
240.8155740896233 160.9629686852176
5.750440437465532 10.731014258460513
131.5900303186428 180.90066850672613
104.28190608621208 237.7281126889828
102.70624953894661 17.324605283285386
128.0874005551169 19.15173842921228
116.61812936650689 171.98656775554426
46.652711086924064 231.1302021029539
204.4711298576854 80.27159508629933
58.10016263662984 54.846005980763834
65.13576819388497 228.50080549707152
66.76351868533817 180.16773230690362
165.72985335858672 161.18832388668346
6.139413508731789 223.50299551736063
3.178913353647811 4.382333654978865
38.892224180677616 170.98771511812583
17.80666241642731 176.78523860084823
239.48264457144776 19.330978108372644
132.95345380913145 103.8636659310826
132.68630987730813 145.31263413824874
226.761142748569 176.39815714370033
107.71678044063992 48.471344963068596
128.1471956404444 138.12150175401925
16.146783577834306 205.2339517228714
130.21084265414794 199.8625691655906
194.82734244580715 95.32956409091928
24.2458647891268 241.57220134853674
226.9130614534116 59.394942653791055
182.5555960282601 50.10073496580772
138.4196841641199 127.8184839262368
142.74206351388602 112.88512790769101
68.05117834585856 121.10206193338458
143.81472078171697 229.6775886614027
193.26966474940443 27.256451137593064
220.93804477805284 205.41852367696836
216.72168091488265 13.090974088315582
172.49685149244328 7.2993019711920235
203.24903730374098 135.62082773150527
70.997752169289 193.0267618737472
31.915345916829317 1.9362035184569415
38.54933131410229 159.71737490405906
224.6193299177706 180.01564076215166
127.95772599939647 24.99887333500267
158.64440601516958 136.57142342737498
68.81115196911297 151.05243923526288
114.54443536705564 116.69577001048411
138.58220523007503 139.29027339364166
111.05920032543668 41.78746391738156
245.1682888869328 169.1454127228952
136.23716885843618 90.75381381091782
100.70728306497095 107.63814186667051
136.3093269783825 38.683084252091355
178.26477490059355 111.58250908291257
245.01280363668187 25.35923884634439
75.26454933914073 190.40858894039243
204.64760376521798 177.1965006328946
186.50017637576673 99.40598256376734
206.05245574552464 239.3863890043247
40.80815433323718 56.950276133986705
34.169343374674085 99.43049314695799
246.00130220975333 240.2925257498986
23.908763340938776 198.04817897373314
170.47788660602848 19.56853189999583
38.5910746531079 201.7439175028324
9.503360328740607 217.008939221754
20.38928829987344 185.27903048836316
39.61122047157065 208.75430965351012
162.61142981264004 71.69073995711939
170.50791822916315 223.25093122783628
67.732636150754 78.65360621849801
60.35290223062306 145.8775554640264
247.66496266522893 108.4519545601774
54.96766471137582 217.98804085477906
149.55449948921398 168.07824087626778
110.82690790278626 142.05808113225214
107.25500491687853 182.22657503679415
113.36625360875313 114.29852505773785
212.9846836402697 79.56621879731449
92.36662095551124 231.6190840056537
106.2391477469423 112.62998691320728
26.852980367897324 163.44465356684907
158.0003097633692 149.35503635344284
143.6291295704049 141.21103702624953
123.16612369432204 160.2968367842857
59.58839349994244 192.81799480703896
40.09616983361575 189.23250708608242
165.01936527587412 231.621598147997
144.68861986121 211.15451901993785
120.54129513504763 133.9007691141104
136.41659180618228 227.12018613937215
66.19320326364294 209.27689835781115
237.05987946775232 226.26050432125655
41.04376242719393 91.86432345782123
125.20626089348669 244.97090640266148
206.8020927604786 4.068503010087293
123.30163550472473 210.56130080081948
248.4557008974601 35.91240640181026
246.4438319132102 249.83493854002762
99.89144721199655 114.5133310132099
3.6453578773303077 235.7301657387719
112.12684528385286 116.16719441363612
144.90609321392367 248.0196765321485
190.8115520190214 80.78128195515468
179.80738567111516 114.45790699293218
129.242713712198 116.5932746696117
50.31047160462062 207.4435448616514
187.56320092926234 139.62773827105312
193.04091418752404 50.2542027018483
206.57596349227833 51.11831548811146
245.90725034700336 181.13287405532276
171.14664000581544 192.51758240873102
97.42838880394217 189.70690904197068
56.995433499520246 175.21236785784433
240.71327583841014 7.055292645431338
216.65931974791934 210.42449818266513
195.51452086109435 238.77570861282925
247.85365094884685 101.85082571361029
103.07376396555429 193.5900775484634
181.4799416731033 158.86509864362324
162.2667921722454 247.22480098996297
189.9956904890958 81.09275338022151
78.00610148314135 202.48839557557878
188.29909748036175 157.68697721412386
218.92240901408962 102.34686847079996
11.063180300131897 15.571299030595537
131.55334076817925 55.54406186044405
72.72259248890973 158.74940410631308
239.19659376594734 116.39706673372369
59.91155670145493 0.7460880627107036
137.42996264431747 174.42209125972826
115.57469226747027 60.997032498835615
15.606070819100342 36.75246478576044
231.31092930897975 57.286248249576346
73.36422337763481 12.401711683604544
77.96862196107898 111.23389420805346
164.53913664140086 30.936069637770874
119.96341505656672 237.9314725015557
19.56241208851911 194.19348749791718
9.039363443818587 68.6241546417349
5.333704254924243 175.82998277335824
51.21842280835004 51.05197446091111
77.04856390360115 65.06451455951856
219.1861473313195 47.215688008051096
82.48557375853768 21.97240415946669
177.24163790160586 219.00531662634424
102.5478056621986 206.47366636821118
69.98707808274732 41.76924407974816
26.152544099603077 50.95711919320803
238.44547779189682 117.45124337345351
135.41520906463944 127.83590564394598
141.3903833517028 231.89220136238623
196.25310892537334 182.1125545012195
145.69721274860385 138.71382328954678
233.28795867349223 174.85647748670104
145.05187061285503 248.3791247907137
50.77680862046161 84.37835466153234
144.37503798154842 167.01298517762038
210.65111381378372 111.16910887801617
148.3302002699274 156.94086259485593
30.32575937498275 68.25404697489066
139.00808609443922 198.65512507711668
0.0588284548646012 209.07329820308462
217.99039316668066 137.7415589645485
87.47844447260933 235.05084111410142
134.91158299274977 15.654906654509388
66.71979413316434 220.06875015243898
166.07141880476024 78.13383499628368
78.03989024249239 180.92429799361238
88.23911725329539 236.2847950414077
52.366865665544495 136.44135475047105
225.84214333169027 207.55810819721637
189.93294821837338 237.6250385075477
212.9531760603955 82.93385035111488
249.55517774199896 127.49809782240706
162.28095584772157 182.08112222139727
153.12016578154032 49.081649433009
233.4219280882372 142.17387112339878
216.94831646900246 98.49785871387363
178.80381850990025 185.46609337377663
220.4082049492203 129.23838399581075
219.43471594298944 140.91721144020198
211.92751841936112 223.71202073853988
115.45857182247052 245.13296010674185
26.84818082544188 225.76119644204348
34.2931210400127 77.25061378293587
211.9161690925956 117.96818362526959
42.379980206783934 134.16784999067167
191.2544059851431 28.340035650630675
183.16829796789372 177.0722764599623
78.59756477010849 35.622641722759255
239.5035938546071 241.08130219893408
109.62433642451167 45.1536024261372
207.78682772808364 41.67494019416984
38.91338623785068 211.18196532425506
3.6233431056622853 196.23419127699606
121.91120959216997 220.44767037685938
73.19928737880238 54.396669246830676
160.06111505906483 73.06730782436402
26.782393992071746 218.74181765095753
211.5798931261549 234.95513351513577
143.45142845321948 147.75412183058162
131.26981275695113 214.04316740808918
159.98005358922438 238.55478166753537
30.627284033387102 37.418913148638126
86.93317045111846 160.19450567151287
138.43669391174632 95.55438275720077
61.051372562611505 18.782942443894086
2.278047408094369 229.4341344757349
105.35329763791168 151.29648997349372
103.03076772706196 88.71914827647784
154.69317265817753 6.168343867380521
1.7746244094769548 165.38810977685574
212.96978227430742 117.49111255714159
128.18562829580662 41.67692652194438
122.09032357580718 209.17250767145632
181.4041736861082 9.910896802421465
107.75188927204515 35.18666417709326
160.63592080771429 56.625836149194505
61.82318983028906 123.17881350202883
172.29679483890774 118.73318090968927
27.699080147829125 81.73131601190329
75.89226351491307 52.211502831684605
47.98331543001208 229.57551608799534
120.37280826363333 160.09246743566646
5.390935956056331 1.164398203950645
182.1756110451875 115.90281149856898
170.23908899467716 45.2008494404059
198.61373428020764 174.85103297014174
167.74566875957845 153.6782481852745
112.5021264385544 72.26135982442544
39.18590565423236 100.70893535905914
220.59195423888676 84.3986962451411
1.3263677024122345 166.97441594658105
28.128546429414868 106.35971448304369
107.67699093215039 11.260678893493386
81.83709832722657 28.947632751565532
83.81954189360624 89.86332757825716
115.55376972366338 183.3182735039843
22.97189739127817 108.95780536568763
170.29973160636632 80.41884397868704
165.2971550231235 242.01556792115218
71.71141960406003 43.87385806042818
91.01035379275821 51.27346643251024
63.23116776877086 182.10413797525695
219.68997021854156 120.40055310940976
213.11703021444197 237.20531165867922
232.5218469757502 194.4681418189273
137.8765583077887 17.744504010388546
139.9988816960735 50.4904228244773
91.19394751809362 7.336536210644034
245.54746431303292 218.90818076592495
132.64055169450637 145.42847002627883
108.89055108381798 94.55606079604186
177.89208676186104 92.39170562782462
4.662871894297011 109.69730094765335
164.1515091335725 51.37024384052818
124.3548188711787 193.13705863004975
215.7555219540695 207.45430591830254
175.80418510471412 131.1323312782134
157.70141793333994 31.35984641194092
101.86795726861325 124.49993344657479
205.48969157423548 24.26994285677775
153.3399174000637 6.845001506297798
88.03952844881823 127.03369117609309
154.4532124651801 204.55293302295112
131.7951815407496 151.13220424419328
34.218515396541164 104.02075362454718
146.40275154332417 161.02247783140442
89.24421166369542 38.31389620938014
196.97301749029808 168.57334311721806
38.81137236231047 117.36456930656236
225.61586860458843 241.27015462517002
226.66689705774183 235.12181924893954
194.20524787885395 157.1364205194416
225.62619261384114 215.6047262638296
89.45992034666716 213.43236505395166
66.77886432146352 130.802631779581
240.7569697580297 169.6273136079359
209.30432167219692 162.68362731442116
10.626446560180302 135.49989902579063
232.7576352530622 154.46683096118343
83.38565317533558 8.2623704700934
15.959240499442862 201.95568933090533
146.88537637738406 208.11359391361066
49.05330657145715 248.9363080007104
246.75979222137127 210.94959357153888
207.61716007857524 166.43978495555928
134.20371953725217 211.80819573222226
124.17709634443877 64.87644933756346
230.7671642843318 165.7484833687786
0.8848049515056411 116.96288263085974
233.86302643946166 17.017427654485108
207.57582724369385 194.21360623907938
76.89266149196561 155.64295325825984
6.030250441780099 100.63228344506953
142.503520159043 219.25220328355604
248.2896425688948 175.7098812637609
185.00063493578114 193.45301706998717
128.16423689886787 117.29984901477569
108.4234581662791 52.57089604585963
134.58487010586757 116.92259281766476
183.59985542463392 8.972276594745477
4.578753970309241 23.232647098405444
151.95878408034994 166.07497950823657
224.28327626567233 71.06272717999737
174.7487648511002 154.23800375713367
105.05205637324651 57.06776116417892
151.87536940191674 186.95844984342892
118.77860180469577 188.8827171777317
45.73353648994558 177.98779957524275
49.76207266293831 210.67845244901974
235.63406360606848 8.723241041651592
66.94192704529917 28.457548688580413
247.41669608232112 187.89656568870288
68.58002697540813 124.73576057943691
180.4861339349485 72.60157585607568
201.3811296494524 179.4528182712208
155.10396143904725 114.00991680609101
174.52066441589514 180.4267706183338
224.718822073043 5.767069635989552
114.557880082639 147.33640844772492
216.01304637903706 182.32206155307767
243.39274420832888 54.515666197544306
195.45687626681655 160.05108502819212
18.154376758082957 126.3683740658762
89.2628045130969 160.49967357952494
43.27588870438248 2.171474665264989
157.83529181098913 180.95666890192751
176.37239367344353 225.58508024426126
66.68491840194315 121.11912033565123
156.7224536403311 32.93151352666662
64.9857188290777 111.79242202723592
100.72479918284114 243.29371298062134
139.3154045433719 152.53256531840395
235.53282634244755 138.20099454013075
220.7106153935696 53.93830228353341
100.00111979251821 149.7998945170628
32.268741320142844 142.72024580126302
60.59067442607416 24.45333575750866
82.81242425858571 183.12011404975715
85.92985806669392 42.73022907405269
130.03529178585558 123.81821268076807
33.561180339453905 71.80970258897354
190.65885929514326 240.24666172349248
183.19069078621996 30.770364489673156
167.73496669650805 45.818277578114795
0.5587639900792307 125.86821638033848
44.141662330503515 196.9567780489323
144.6123930149399 189.78900436891843
35.591422556537886 4.389861206766432
113.91415649995218 191.96952154216962
27.486552747901737 129.16352770661123
2.6635161215825542 225.18144843051724
141.7013188616903 12.862084880778612
209.67596630114176 151.16612676477538
132.06128525391503 2.8043670650214625
241.1369496865143 15.428156214081334
72.40113143277947 100.31503952114882
195.58832030747698 15.84539986324382
57.61724450627259 201.14833956998658
176.29667616613818 122.94097469161999
217.02616020126467 194.69646945170663
51.04165542682623 226.81327683421364
214.40528234198618 9.284551600844654
115.94696724310177 38.125241004942495
0.28808496916099546 32.488079083908076
239.8594655359123 106.11057321668795
186.9941909344428 63.34248070772794
228.99070034846048 213.06620047813888
62.031613511446785 174.4296579466163
130.00106039400063 240.70719355928844
82.81435902070768 60.805267843402845
29.748040538556204 226.24669195368188
88.17203779468305 95.92880324288022
156.25615505537334 236.71354025767815
9.375203460946752 65.62130119245951
200.58819131139222 182.0970058930455
59.08771577380475 103.12491919767878
123.32596517673427 113.24789032945826
111.24908671582048 120.05119952042742
231.36620631739885 32.851690481502246
89.72580321927786 123.21297068650087
146.10101785433736 161.92053438386048
144.63192172447776 111.92018053330993
152.46401791242732 195.2264550003426
32.113015703058274 88.51146996832531
171.62427534716812 131.67355234067853
138.0224645547392 45.324111028870654
43.070189617512824 168.92596957093497
217.07623465874335 51.27971969804743
66.5197437011045 27.2536892971017
8.291500957111037 65.68597672729423
216.1667747042077 102.37338249332836
57.838568994552226 4.135327598777883
120.15979411192362 83.8635148965064
146.53484966982347 203.71275219208874
145.31091120795855 207.07524048614863
98.41357235515392 28.24473732807692
7.9910933686345995 21.955250147207035
0.05817736120572459 98.23283692570983
113.78511721193705 161.01544901480503
129.00275421192825 94.51990615227886
104.31285044625966 146.6867818195875
122.40751125555963 1.2507958642865302
176.52045247848952 45.07042358421204
234.4318755435207 148.97699714661962
148.6623626123566 64.96146983515297
21.59345199982754 177.64959376798046
211.76273078579817 28.00126773477349
149.9206280774371 233.7373959594922
93.64727133059792 163.5531357069168
197.3005962537127 98.7503162686106
129.6625074438614 2.39993921430412
74.45902013009972 144.87258172750538
182.41047596620112 205.625540887793
74.51670774921637 10.751322003166198
32.62503097017139 190.48479406462485
180.9467817918054 165.68429155435405
93.07671821026837 105.77326032756199
96.96833051660181 167.21455767136644
115.03806179218287 240.82983753050948
116.6732381005508 85.6135024811627
155.27708619211452 215.64272702327762
120.31175205695952 59.42035756713515
144.1778741193297 30.274834189368523
42.86263277576693 61.33924425036771
144.44351020179556 113.48513257237936
179.45482444420932 230.85739752500587
222.71293853400724 66.1079037672076
145.81575870091555 164.81915914763357
51.70132000464214 118.18753199680138
10.848555556280282 171.46435598832315
118.23611919840086 85.99985058883053
2.8558329034833188 170.7163803909056
63.42945359183866 151.84647417718315
175.31780186310496 155.06145729640195
154.38486915411684 92.45620923964884
160.58067100446436 69.7289066555848
236.1175191100437 20.411981797953615
16.651215566477696 58.49417747754435
71.10122813987341 92.0467234257811
159.48787532214556 73.02244573711219
130.36779346009573 13.836028234623098
140.42478639195735 109.44433837034842
243.59554162321714 71.74279958241162
142.1753349474482 68.92444248574961
44.07439401665367 121.97150656245736
218.96050046761613 145.46358459691538
177.21298151373352 53.2606100643534
72.59906010817393 143.38409264564186
110.24032128566985 200.42549153310367
192.1328444085361 25.57197093970051
69.96950845186566 201.38798378708577
32.58371200783977 192.0295375037849
124.79934920299085 176.32244492034692
27.83848455667537 114.4403122691832
199.26600223410827 121.76235067583791
41.75547708076247 67.29111177763788
238.34805291880443 225.20084337013841
163.80263472342372 39.34756607386944
166.02369018905654 239.03999596113115
216.10138655576696 81.60975380429156
141.48180795077351 173.90670328025567
144.01340527714368 44.57542298078535
185.23254244524836 129.90797568690095
17.21350679119646 227.15115634668254
204.24147087331667 209.24906856886636
40.342216711913096 37.94578019024089
11.959043712363698 240.09265219935546
195.57101415631396 184.7081444599782
90.01044869115557 209.0493823651723
241.90687004662783 212.16185131046663
143.34753551993646 209.89587747027502
172.14019087275844 60.60015179423933
105.14011267280543 151.5372741048171
103.74077305645935 1.1546227824858757
13.839653299636101 0.9995941750169102
85.51698593565455 107.10352668787912
206.8960282872044 177.17307703514706
108.36605970459745 145.41075944230047
194.27010033206125 23.203167891252956
241.61272444258523 81.84931562921793
37.85754066376071 173.26135586178287
106.08429316357388 40.92253379229721
203.3181097263188 211.47743094734724
77.44167920815192 159.6566519745015
115.52568084712873 41.70657049261875
125.03284842411158 94.28510906475785
166.0982967240492 12.150836230319651
61.273762813922076 141.37373735614565
190.2240797308504 96.38266735604284
61.17598802546348 69.7755958390125
129.6953997705528 241.7393228467463
4.168558390974492 37.98182169983089
5.377292011107509 233.3766755901916
241.5062883134349 240.86109651117897
170.82729020827952 198.13870534302256
149.02360810032974 31.335630791235637
214.3403035916922 90.55090476496244
170.18213552294745 56.729419193760094
39.9631266786947 230.14497649072342
249.602882887601 167.67455576117536
207.5011264772015 22.40732213159949
15.749018864937431 248.69376837229976
5.990083782171807 81.98096752593423
12.352443005039598 103.83071210447062
119.11031930306015 18.843406438401434
134.11054733497133 95.03282443149827
46.369258272771 57.57249040467111
209.36041796104092 75.85657275254925
70.63456973223575 64.95846085459705
133.2712186434875 136.13013359703785
84.97169449897498 68.87415627369417
218.20693116620197 176.41734577786187
76.45328735483908 180.50175152153625
178.44567886918847 152.41796965741963
126.61144576671748 172.31022628860615
95.76702079109464 120.12695352875355
93.53146195335457 188.83715654737472
131.4444503978027 8.363906672620214
245.83010426069777 245.42326022843278
99.3137221719157 91.68666328169819
156.17080746925677 94.69917858956936
144.88131529774654 41.59151934536431
218.90352307947788 142.40754971511555
225.6081587526467 213.05369256759198
56.39775438031969 115.52682695967836
26.113820833492923 234.32160695644637
198.31068550896484 225.24412063409048
38.10639399388424 219.78144102448317
239.4766102582237 194.37577746437344
42.3172723731752 188.42127610427013
193.41959484891728 150.03485739666206
166.72002606646373 215.53709441163932
162.61466924472367 189.08227870928872
163.4743621729703 102.23186910455476
21.65949458998362 172.7149332759159
209.02503162871275 196.9098297852016
231.22083649540954 191.40724979428484
231.82301472696523 244.78652373370437
52.59265812987871 63.84748137568866
240.76223836100866 138.71823070028853
24.60289172717073 6.850930749598444
43.38976105929265 49.67169922155198
170.73645593035891 145.49273028774826
63.78277271127622 179.2713218948703
106.83883058435228 76.6086931286682
25.102346687499665 207.26619357485805
179.59283246208255 175.65071940758196
227.05246260158998 175.39691199278298
149.63558987592256 174.789364674468
202.2809106078163 226.33438121587602
168.75461500660123 171.5631608324405

132.95667088027 227.32310078419243
95.09384610587578 49.62804229735529
151.3223927970354 189.64904243796826
92.51117726136948 243.43742148518186
82.22518891424038 23.70830195415899
53.72514745199391 150.41535066690736
74.73966332458079 176.51221635962617
145.53792718021455 51.63765013582547
243.72345129355529 170.67249201240034
233.25942855460718 247.55277040182966
171.10577455879448 8.240340088090381
90.07147315188644 221.12027538092968
152.097331448375 17.657511544046017
42.32112828474516 4.0668132790188665
223.7877307729782 193.94335150853735
161.52020613419305 187.30988833517335
53.65342413892776 31.06816878373489
118.68184414819865 48.5576346414609
18.260519255071937 194.7364096594145
157.8683405868944 164.68339387049858
41.975776811265185 236.75528361470657
178.5140207867344 158.7518886312735
120.84528036873351 101.25321139281692
39.78556438944475 94.0627052906922
245.24499667089086 46.64931256853361
10.306024882208526 132.12450100273142
184.94371224120027 216.40229507774194
233.75793347107165 130.69779628923757
27.112669465025135 107.8776584932237
19.91132076623467 59.73743449752128
141.74551526922474 22.757457510764826
191.10421981464444 37.66764752474033
177.70127720947772 150.54990758370633
132.9196565484283 232.81340622063365
44.635658241789 106.18021155181914
39.81799136681355 137.91177321625995
230.535268881727 124.64604315231546
128.6303562651191 228.2028611052973
15.488978763083583 129.72445964652383
154.01615949742182 61.99914004460611
68.72789485623828 248.73011076072797
209.54127401034023 133.81621507344684
210.19666627467168 84.67161333652811
115.2741866597145 81.20131764356623
234.53129124115043 12.323566879823943
144.08038772109848 27.547816980086125
81.04629789102324 161.30671473381057
138.30446466622843 47.53902196196949
167.50520678313728 127.22955893896687
52.48134144323321 144.31274578912715
179.26123610058426 13.839838943982302
203.92614739504555 110.15772151629977
221.116007495288 194.1438601685724
216.90779559759127 77.52870337476025
94.97111113091228 187.2161812155656
79.0073600050305 209.5875330279811
155.73558982377563 6.229237381928071
133.83886626411027 154.09488195405268
186.58483995170616 92.42832429579337
103.83725899890747 65.43052450690182
148.9595082791636 231.13193001698377
53.16291584192881 79.7535314631856
22.026777661865975 61.98428318739516
154.7041459171439 240.43163734456087
118.9536152098549 199.6180084064605
185.13973189532086 66.23674742423164
191.338094415293 45.36743758227352
25.504707483727795 168.0615115287879
245.28219277493287 239.46165129046366
241.06127623254812 232.53621961794894
37.255833258211304 197.9652447848033
86.98377183486875 225.90444685744134
53.94902917802738 41.43125039374218
86.4130408265277 172.6234029791388
87.60038114969079 226.81809509123278
45.067847211220005 118.36556183804389
164.23032969500088 88.67046929018072
24.433208695917585 159.98783296155278
232.51978515306675 159.47477516955905
207.86283777251555 224.80461716336018
0.8459907782923104 81.34933218283513
70.41807141917603 74.46781671869562
160.9325911718323 56.42865566868557
241.25825733518715 47.865942589223444
153.82230734246374 5.872665612275091
45.75594808905231 226.1753131611995
155.42982130215069 91.19456664309466
157.00426484536032 160.4653568609618
185.2643051175405 87.80658463252072
134.64612072849627 46.63689206850783
162.01252110947178 166.57761936397387
166.3655561957609 158.14931372731635
226.7730863562029 9.038867492359465
96.77500251417517 200.42641782917323
231.0336904450144 203.78433602968428
50.00183096425001 210.96373947901668
169.02730693560528 22.11367246043189
59.44122460001705 247.75427552535015
238.4189215437599 141.43331129276933
181.27415505868353 170.39123089459545
245.3532857132158 21.63681742956
37.657023727324685 141.1818801660247
109.79674569644973 236.34584356033184
137.5117064154659 141.82490270259186
244.80649483644518 49.03725632797376
204.9931647208952 15.286363010866888
222.85687587354306 243.10419206875412
114.22328731442327 49.831767033600705
82.36539656893996 190.2605665914686
69.44909729353552 141.32309924341516
214.11412068795883 228.044234241233
214.16055105263916 6.8889222431571255
67.31844696003964 60.26594961884382
214.37744080277886 41.942128982062926
64.54627281519812 78.41927714538205
139.44850481085845 34.46711308960315
158.8042008334019 171.88758814677797
94.49892485163397 128.0691924247829
60.288711628519785 120.13192717082013
247.01450170914083 115.26275112180448
2.9595307551599226 34.294156664047335
245.64598116516996 52.26159587160456
202.6034217435305 15.25878914400683
170.22979772722684 10.550940047671375
161.44608265899228 51.62856443701419
123.27301372951685 92.24415599169386
134.69823147763748 217.17769599867765
33.7792631474802 245.70935840556263
79.18164598536889 59.722062274463056
82.83926770944002 34.128678704753554
56.62786056104863 71.27912487255996
199.8835919182433 93.57145321490381
248.09130110434873 33.00252615790949
62.48845389143307 159.12829026072134
191.79236268068348 234.38546496791398
139.48878241668635 203.05075293516046
68.68153436799595 17.87234764643339
91.27987484573508 22.755909032441874
146.11328874136984 98.9965247508576
178.36202411620846 15.907407378753957
186.44048988451078 178.65300682892706
191.7991084964168 193.2851746436315
123.73497353229001 53.063203922879694
149.44978998374927 71.1152689884433
132.7415806935274 234.15731831747
110.80840745252823 132.52018886712884
29.5721536596735 155.56795912315252
150.4819135043338 91.22699451451408
112.66227123272508 4.310174182071163
162.3297566403215 141.45104688886366
203.97216323893394 130.29665079117973
194.87201364695593 182.2821900707548
230.4719665174664 175.50399921416872
64.71013730314176 36.091235933716824
128.71911577726397 58.436315492771676
29.21656303043807 147.767574817322
103.28426405005092 153.9643392499647
65.23365412716159 193.71611052876955
115.82715221049689 23.277961625257415
134.7910368406586 221.6270747002151
130.53145847684056 33.67655084985455
134.71959892034042 187.45915365984962
121.12626036449936 19.244211082475758
170.41920625480122 21.704983515334064
90.3207116489872 194.24278569495686
143.69736056018445 65.85120978776679
88.82740391882629 122.66012517758269
48.050123680327545 89.89800457538738
248.82728985919732 208.37128838282072
12.163340486325113 0.19655469726390096
194.86845039116668 53.822147920130845
149.9473218803732 28.516077800914168
169.00563909259324 124.5247623106474
187.2422243862215 198.5948553238993
57.37895954699293 240.60130060731194
192.40681612662513 182.361759191626
25.540908590725582 195.060984473642
147.21960050883055 57.13973315607518
194.0197986162703 33.009657521855694
152.03825411969746 184.6474538550517
17.36366555837193 97.78035917760211
91.26330546138095 111.49215387807695
34.90471816632465 6.7704149066318
25.328975282344125 223.22713743981362
180.28122732404353 22.18356725732404
3.842394379894559 25.20452029320508
156.21740710889262 4.846138073039491
185.11521816354525 114.65129104085229
115.79792684132836 227.42819754951165
147.73584462657527 48.7187401673935
155.96138826744894 82.19278140493674
23.659737398187886 147.43260468206557
228.79427358028644 26.25991632067251
118.94434836394338 140.35670300530992
247.77648436934047 219.96483496095357
65.05492796371371 25.835952439244856
212.94355324495177 50.60301385284682
244.54335196277933 166.63155594495268
84.4583068428006 96.11121204104356
199.6534566350965 224.94605371018983
97.29934757743646 142.8990969844183
187.92904379514528 227.5589249865628
128.7264170315075 83.18012152991952
164.53569974371482 109.16028563766774
159.91288589834178 7.81571079705401
24.080073396241993 161.07485680177274
9.097132276165654 212.068839561446
153.26737622671328 54.97560181455749
161.9219531387778 105.35868586406905
60.610106458939384 8.767683816802846
200.7694010554035 101.6031337630744
77.66925980640616 43.56795804517566
163.71291317291877 193.8755556751235
118.64936045264268 245.91472159541473
136.78110096972688 98.41292660805273
97.60891923189352 137.76585083461293
240.80846525894827 95.54779551758791
243.32648230178134 154.04562116274838
233.4290306273294 189.22043218473965
178.72416003930616 115.39670638058972
240.7874740617433 219.81004010674513
59.156367963653814 110.65231757189572
105.39675842466926 70.89776982124754
47.35783842155783 234.89950623375162
204.5046039637445 206.68320428694136
148.3419599346107 139.88216440888232
230.78919724262647 129.8816784348165
79.55381313165549 189.8653971579711
94.96987021416717 109.14213016536189
187.41967109934538 199.49096786192314
49.47898452461891 12.007391289440477
153.460737999961 74.79994213415634
74.17673760064244 94.52078277931864
178.83621388253823 103.179820895751
149.53132495907917 60.35918238868879
186.84299592180724 241.29804364464135
21.38442981179134 164.49732635136598
134.58915347768058 205.46033958183358
63.43253035523869 88.69479017486515
46.351254636749 229.36858250115503
108.25043151308539 193.87742660449783
248.4594762648536 101.26738942253263
102.199755481921 125.3972636740207
238.0908786281889 70.53307653330215
183.2254173388425 111.08488523530566
206.01092930455323 101.97226375414495
39.13529342244801 242.737715493644
247.7264302975706 184.93990977685692
82.20094320899685 67.61590974313097
136.33848951890258 163.8294949429613
165.8965214959554 100.9979172883492
86.67049835199883 7.645506639977789
2.327457772365343 229.311900659586
209.25684638923622 243.07305775353348
166.65381649374626 201.88256553405847
127.70847904231982 216.96998457023832
214.24640624605058 34.97177416583916
31.613530161698378 135.6829386438891
70.51961863224179 228.3096858881543
226.32788850805366 168.99212844457202
138.59094664132118 237.0218656393171
244.0044949750955 153.97045428724968
203.1017697692211 189.59412400871645
85.4602540654443 146.71719450354828
90.9655623782056 161.50419530712344
166.71897291709055 126.17148303517048
180.5814320988257 242.11149117829214
241.08659670150814 172.2889240078904
204.38504133294083 192.97157666636286
10.716120162240772 9.370886650266252
77.1207747609113 222.80445343478482
130.5951936886116 114.25546302292055
15.26599755737279 161.39103302470718
84.98655351400292 40.62497421621678
192.54402271421728 21.190395435811332
230.86636565067195 69.45878260132704
191.66230919851083 146.89505382295494
75.47142847438276 11.237158070721398
71.96017850514814 53.2402869957635
50.95379422477569 83.56839963774551
157.56278978719368 76.03146201048749
182.22115569447095 104.13887452120346
62.8469683899307 42.87345600130643
87.13644771333342 61.54863698120061
248.7473304042497 38.543366444724754
208.0608377332066 144.1338314326702
109.58172829030185 150.7118903418228
218.49993233799296 76.59177643711942
126.45207641080847 84.34916443494068
196.23296210605926 137.21377806894276
239.62467125211484 111.46657815190602
220.40816875997984 18.10248726409716
204.79988092107524 234.083809750943
121.83237130641189 203.7081828594703
109.20379615087612 24.06388030913162
52.0051471348916 42.31591680068681
196.13455074007103 243.12262043721864
24.96184177394964 96.18135852616871
178.9199308264774 83.08950051820658
82.37496383516202 15.254846031539039
138.61347458006793 25.699718613078737
92.5713355977608 207.00036436211727
151.76789018180767 200.12792294035305
154.42238448193632 76.17763521767928
198.91430485254358 29.37572977407188
57.54471781547304 18.682942633176324
227.16009551208245 164.07450946633838
143.79261199736126 214.7511975976154
215.1458765707694 94.12014980580102
130.64284161837395 4.478532046829326
108.04086966571047 125.75173118701075
233.52979001521018 183.39356219237993
72.42531416959343 52.21415146644312
130.8255882893999 189.45747246821796
185.25167707646537 176.5627608531378
33.022653298831585 180.956069413188
232.7828673286256 84.47904896600139
156.7407341193892 129.0162057871387
144.17036794677182 13.950909964434043
84.29239603753716 120.71980187714937
71.57213726583872 236.00994016949377
28.403217703598244 98.29050155185212
244.72178257867404 132.26818987865963
225.82254566721778 203.97448508664033
41.57411306685549 223.52874005807112
246.76953555663007 234.6522625664732
100.84600330083448 221.75054095048574
22.74907265528939 210.78724956732864
246.72387031206932 207.06436956167562
130.36018430007212 4.757328061000737
234.74766729895234 14.917862474665672
168.981125663653 31.945716488945035
13.609700610274139 159.8905061407336
169.36328597860683 58.47242121237844
34.95435546797487 130.12242842971412
62.29904654423971 98.71755437844759
40.635689775874475 82.52082556180576
208.0887001405121 141.8944748931092
68.0124804930215 28.520642488249564
232.48026556219074 135.84205609522095
173.71623195518058 79.84410715791657
191.0672021408654 190.46575975386602
170.09533108247325 68.80530714213043
230.3929412057523 248.68867010155262
194.97550130222822 140.8180986880421
208.6459334256354 33.07400901954688
111.76843167224251 11.948026910152038
187.1322694128843 138.12774741987656
122.45681278685628 126.52340623949787
202.26975177786312 51.32078810248686
246.44397997134087 238.41631764627027
144.3575799244791 6.176936605297195
29.640535398621935 129.37625478351455
134.15671714162272 206.0896298863627
175.23499651417683 124.64264336605547
43.33951362414487 81.78395931879243
236.56436785331795 34.84382177220305
47.630361201293326 79.94583546883909
153.59273768876946 111.08457704327884
233.36898869712738 154.53414635517947
58.48724903647815 27.645078087444347
235.404310737255 52.873962791231854
40.72749561696151 166.69535365716774
139.2637871390949 46.70985917678233
198.0389631330778 148.16847855134174
247.08759897193735 78.86805997057225
115.02282092693977 7.4993060776653575
151.18185873539437 57.38975835156518
186.62884084244473 113.75856269722465
171.949992776139 135.8025834765992
12.469960696554761 38.18162560269145
109.76117157128016 163.20319968318736
2.9744208551810147 40.66724778674657
215.83160969197954 37.66657042096897
186.61792869332797 222.08362889089793
114.22071392509395 237.20591335179805
91.23173190038433 130.2067622419999
90.71001106157556 139.46747533469232
152.83104732073707 21.860459621198675
194.16984830097715 79.39603301283712
96.79202699653955 5.047927998266727
215.2366075659199 75.97865920051846
70.20995438455121 75.53186682710263
71.52892802163946 211.25578683810463
9.602781755715245 166.44649614732734
155.89952780531183 4.726159368823756
213.24425460090052 7.6335184764630135
8.891445554099375 121.39347350203947
201.07397909140425 111.0576249233305
241.5660176926921 214.98345008069936
176.9357391759457 23.45346135687934
90.34057730290151 83.40494662485823
45.48581861055725 192.5719031422988
93.09839092303868 47.0925482501699
126.18604755114521 19.781215911664262
194.13063078837487 189.88514275167523
238.01546619676878 244.71792285740653
69.39221844880072 237.44406387929087
16.239436082637614 2.8613843412594875
93.91584497221072 246.01113761953522
89.63877014287725 127.91762621430317
110.30696405703955 187.50193628479272
59.328523157633626 236.09489785870784
90.13623122509182 103.96692974542907
228.78000428721987 51.114878087790025
234.90174556240143 128.10166542975955
196.42367935142363 33.25766395626134
201.08079176420193 39.23179861091211
39.62712339683899 138.80139757892414
170.71245711353896 121.40413225120325
108.21877718761297 149.44450587913423
161.42902046987984 79.80864212472166
65.09235030502906 40.299039630935255
138.93748797959998 45.13887591345406
32.98669953899264 37.75010177683871
57.509500414984785 106.0987016203967
68.62981975710625 91.61889874687037
198.39469860724932 98.29565616331992
195.8773371912039 89.58879193332339
239.15037114698197 116.54286287309779
10.294019988242809 91.8261496893851
154.27292283758254 37.582672975500444
47.004854065213706 170.83944674679003
16.303468318071502 130.42576466523943
156.80623772101347 141.0023879211056
112.4304853145775 55.42341449036942
205.22455018806107 248.65549467156438
147.24441980350522 153.31917299601608
230.1695856676385 136.3727645311863
175.19570301662515 163.66111002153227
157.08939102735482 166.85258552371482
53.635471505506295 216.0218636286358
215.90359374341142 40.69322652880464
149.42645107233918 31.461876665116463
57.84723115583845 80.83652783054326
109.99595390274044 211.01538764498744
107.37384216383377 57.833174841826704
53.54677753242731 216.48471378298132
24.105712143006247 190.29061999206226
155.3058489652977 195.69993431743063
80.36570588192771 18.089468086658012
115.72480796189319 140.05055435466724
36.60718881328626 96.58285342059783
245.51773455136117 121.18408314449746
62.39939039112682 191.95514969474723
223.74785520587108 45.33087903865271
147.65845011817308 171.80480699883614
109.54469259821032 12.929137449620736
210.3225240805419 73.48370414576944
110.61615265146474 38.317845329217114
54.150287849136475 49.96968086984504
71.56951579948375 129.14228590491712
142.40827968036118 216.32560314196806
20.032371636708625 81.92581824510081
24.28594199803541 247.4003206102969
175.2883556594504 148.7851896078033
94.17555325993004 127.45808299444674
13.514959057549264 16.318675609982208
65.8561462263526 233.08602281409026
70.29779384587704 99.16484679646997
9.198927943946389 246.48084919215776
29.961238736233742 158.04444709910962
184.77875813465096 141.428165264207
231.60005145012562 237.18898712947401
242.39255183193595 161.25878193590967
182.0403624333941 93.49983388295396
133.1470441126147 144.84192263889412
237.85306180660044 28.903456262583838
195.3890246947958 41.481915241522586
211.61585678605178 101.94420084007503
89.74293555940902 121.53590964709127
242.53347845582542 157.12081846694142
3.7946406060864746 5.007501618132598
125.32752886432128 184.52740432491194
103.83114043799674 245.49259209485348
105.60197104209563 20.854445542158956
133.3823552640631 16.49733681281973
118.33809368424083 166.3569821643204
45.19205411908328 226.35888284391586
210.64985417032526 81.2658736599084
55.412656580772826 52.4535662947718
70.83560498407121 222.81021815504025
69.96475491530019 177.8924646717798
166.85878158576773 152.9801139495449
4.865277838758425 220.80143943172254
4.403923631294826 8.61442154
37.39531763520398 168.7932097041714
13.306711704496903 173.38484120016122
237.76562920731493 11.961210219750468
128.91189960122318 109.77818417794622
130.8129441186292 151.3639295549859
228.12063844303162 169.90898464438774
102.2160355761837 52.1801409765566
130.5033266406231 130.6823289336587
10.300998568856718 202.60566510509898
126.16773239409798 204.99733078577287
191.3179901315141 100.93173134124359
22.334706746440723 234.6952312120832
233.03036133449464 62.76905936239008
189.5010860305951 47.223904794696956
139.0252016608368 127.09987881857201
140.26077401448043 118.14706969327734
66.11892269605782 127.28565738404446
141.67241827952023 224.93114436355023
189.5884730003693 25.13589990731721
219.30488480297834 211.30225634136414
214.89816613470094 14.789827334011656
179.11360680229748 10.740102653338523
195.01878047327457 135.126382278402
72.49860057219159 189.0693309027103
33.97155474159847 2.216767293598182
39.15722013037143 163.51430110318228
219.0722676391125 176.96255800739334
126.28395807347337 26.68556936459021
164.07914683044828 132.1404903113563
66.04236833870542 146.91696055027646
119.09471356160142 113.28377826248959
139.4917358997382 141.38869896004024
106.23810801345962 47.216381895110544
240.5894645577328 174.98229046960148
130.4672027805274 93.54850019589314
107.09280843356497 109.97676824430138
133.2953420154624 39.67874341614427
178.99372879929263 112.08898024712636
248.5738275262924 22.356458104706434
77.19822435743708 187.56064457803978
201.0454877191012 178.85318871099264
182.92711237946676 94.73638083463423
198.82338692566321 238.50386931225393
38.11067637118967 50.346557833888696
31.892708396444924 106.97229507019374
249.25417822350192 243.18089710736294
24.314503103426198 199.02127237158408
163.98363648840197 15.89276402417089
40.81649636548171 196.11617895204404
9.958632761115249 213.20008382295083
24.04280503044917 192.15435283134673
47.648233425903044 210.87246373629523
162.96059817965187 78.75322821500208
167.95984791891948 216.26508753047395
69.55963211501545 75.61066586372573
65.09993661855917 148.86969582217571
242.03358741909847 106.23455786732042
47.63686228077268 218.9619262680492
145.53521603218118 166.2142167455892
112.46047579616588 134.7188525483084
109.83654645401903 187.347235230254
117.32795239518553 119.69162740429765
212.27256693221835 88.0076434548763
92.82922998436743 231.28574235509933
105.33561602893646 113.60231450536986
29.012463221343378 169.39650400144464
160.62663092833398 143.55390149083712
140.0542715181591 142.37478884196653
121.10873518195194 166.08745029622705
65.30043062230456 191.7795404010642
39.30920492440551 193.89996104020713
165.88821044479812 226.10578804485283
144.34559509623733 204.0597247274912
126.56504809875155 139.62117771539252
133.91860709172315 228.4629733365737
70.2700753658178 215.7010044304942
237.48634869926977 224.0403521032226
35.038350105783685 91.44816167846761
124.11106614183562 238.6265347801569
212.25284606536195 9.27294336966758
128.00841017580606 206.18451172008142
243.54667682757827 42.80052463759398
247.6044616121747 249.57437590745022
92.86835730960355 118.55268711724217
3.6209064494943934 240.95206315727407
110.92115522124399 121.34518587243889
150.59208602923633 245.0827661954852
183.63615186591346 76.36950594899989
186.7001170342327 112.72837829835805
136.53146177409562 113.37478356059152
47.940335396864484 213.80436929087904
188.4918945871155 138.20568855075595
184.98120748162788 50.62022508516889
210.46092531729346 56.97995683015009
240.32730910589737 178.13667485745933
166.89696169595712 186.74090819800492
93.3406425443788 194.56980797633926
56.01853827965639 180.83773495515007
245.558284446906 11.986335220174698
216.2647516887078 213.39997031155661
201.57071751021527 234.44513190177898
248.08899750749194 105.18614750261307
96.32868030003011 191.95928730598516
178.0594125404595 153.6246960839168
165.28737932993033 242.76301006910904
194.64367638251392 77.81059265997462
72.48762805650676 201.78456545828644
180.39595651635855 159.19853411563656
222.3493813304806 102.94613899707855
15.594511881170114 18.911398579278206
125.94135118158056 50.50688505756132
71.33048506523909 156.93136430038268
243.5872245155735 110.00148180418304
60.15260133409911 3.387816032985269
144.19871396253248 178.16872806230066
109.72522996821438 60.45656575686062
7.934276748758018 35.195237479662104
234.6207673888512 58.572250602111716
80.5389565533197 9.393438354232398
82.86378723336895 109.76882443016825
168.43806738639378 30.066217905322436
121.30830909292304 243.10658297335766
21.74726144203487 198.54449107465504
14.283317515542182 62.13980555410733
7.019533999106015 182.13472566428453
47.17739152402917 46.42775561377771
79.13388727334547 69.32259583826472
215.10900511585612 51.93061161214338
90.85271023426625 20.66790357491716
172.44222631823678 219.41237425571768
104.01896160847582 213.60491884992044
68.4693667814931 33.5537176377419
29.624898844015203 48.14688789401103
233.41032188786494 116.32803970776673
142.77526901851567 124.6901440334705
142.30922350217142 232.05548670995321
191.60396329524934 185.56379095867706
137.86897292345267 135.83291085354142
237.6541457424523 168.89138225865418
146.13817402166936 242.55040527763256
48.16888846053188 77.62128652015276
142.00686666429928 172.60207324824324
211.48168334937176 106.79393803059173
152.99400340831917 162.44969529033366
32.425130892305035 73.08152895041935
135.80637583361357 192.73908055863623
3.662966053171457 212.5941754693668
221.63759740545865 136.48739412669522
87.09730134075546 230.03256487107024
136.78473061077807 21.408207153358617
68.39110703804127 227.93013696712288
170.43423823270643 83.81500817282378
72.99721046273541 184.67705723444607
91.98518966584132 243.73523311860984
53.84371538821631 139.6945643513878
230.19654753771164 207.70963699311358
184.10121332412172 237.36897982746882
214.0824961290179 80.37782843355268
244.26551625262763 125.54863996227478
159.78121825932968 188.55337322478314
155.6977744710001 47.64925638170816
236.85158964696498 142.7479469916002
216.1163924343716 94.36968340494597
181.39730400809947 184.83243481218813
223.11549353860553 134.46637479939562
216.405662024455 145.7509208150885
214.0570642577034 225.53865889799877
120.5691227599465 248.588219550177
27.37317209259832 225.31076102691867
27.158922527786206 78.2236302374309
214.60869676781374 117.61252778379583
46.19230801511121 138.94210977836963
189.72928306905172 27.980738503613267
181.31328406638497 184.65580469611112
77.60586827400797 36.83212401915667
237.31995012556553 240.0660167170083
108.63604965502671 39.0314875182399
204.3362477707677 34.2158716856796
40.48155362249861 216.15945076866652
7.441462079066014 203.7811837932922
126.45331659870226 213.4287482878324
73.95935093068425 60.23840277341161
163.9482524958778 66.66557776963481
28.4230464933011 225.20749826326502
215.36604881948918 232.08628639122577
141.91991242647862 153.65224450960088
136.53972333447746 216.29428298844113
166.5837669204063 240.39983949311357
27.5751464920172 35.771415930534154
79.21113040200784 157.9087599597222
137.23592886985318 101.6411229555475
56.67972869763255 20.006249088865086
2.5873621616034903 230.96651461140755
106.72742285541251 144.72303305535468
98.34930503645306 82.00654383916634
153.59557288112904 10.644456078605119
5.666058663383822 172.6912185253302
209.25080796062286 125.04991644845265
122.65150284053355 40.5822403526456
127.2913840257767 206.20233980918525
182.42584289380738 9.138386902416752
106.66844240986181 37.65857181853563
163.05648780352482 52.81718879935499
55.22000977145483 121.33905875837095
168.8580055514899 118.47300387776716
24.364569477330207 86.9192674913766
74.75117872498454 49.02633069809328
42.39521158574386 230.25970250415438
125.44759126218513 154.57998658799482
8.447987336912654 5.27675378776174
184.33249548574346 124.05554606129019
169.66850853376346 48.2500430008013
195.3757390543066 170.79625504595106
171.44977998339752 146.46918525339535
114.6527896457879 72.76136125865295
35.97571755860329 98.62398093855742
226.27301162356946 88.25155707930813
3.7967695219193187 168.91229887371318
24.782734556084264 111.5522441443823
112.77520451405316 5.407765641630063
80.00763466496055 29.902931452794796
83.62607003586977 95.57509753453927
117.8971468003146 176.41517544511407
26.87913940562095 106.21969072968889
170.90674117382724 77.26224570444454
164.2129845269779 237.25194003509975
73.36617467863094 50.66723071679527
85.55217121231986 47.799676635074924
56.728130739056304 186.16140540453517
217.7478568378351 124.12079205920543
208.00270563095563 234.79737194570467
228.29895983080507 188.56012857751568
144.36489002073822 13.508730907741379
143.6877294626739 46.97428025951944
87.96495274650873 1.0826036946074702
239.3216915943161 224.38500838012905
131.72389986779828 142.98881998302215
109.44398034369313 87.78831447804353
183.6032062298253 90.93120556037212
4.1360767731720705 115.17458639028114
165.92870659116892 50.57339403178174
125.67608528301993 186.15377280717337
209.24379925422508 202.08820286181677
177.6294344175525 137.99022687824396
155.22812268169477 28.346827879715818
104.76941748957985 119.72462231026628
213.75864526394903 23.032080110459844
151.68435642066578 14.144805457656256
95.65552902677499 126.34322917811735
161.0528673444587 208.11077731322138
128.73678903822932 157.52941085651244
28.25289705501971 100.88102740456623
143.73139633798237 154.86916652669234
94.32753839992786 39.72863975924784
193.47508575530844 170.63252305849718
39.72856216574006 110.33847307762981
222.64377358233486 235.02043811048765
230.7164146452912 238.15525494014977
193.87311359336866 153.5773576841953
221.5248446365962 213.39270506990619
87.05540103905432 206.80547115271239
72.47812478921229 127.84475464149713
244.47857153266136 174.07959392300214
203.35061471367408 168.45641492260583
15.030916562367297 142.6732072272159
228.50098535475234 157.18653247258158
87.34281734701923 5.803013717228328
13.999720506590819 201.9228137290276
150.78551438559757 213.95022559902944
54.62889059785891 243.84589020793553
243.3786023435852 209.15317546902742
210.62154155914612 168.0764729390572
131.08821358079663 206.48941594969318
123.6353567969104 60.566307342013346
232.33950317680817 163.43801740593867
3.7314551871368007 111.51444381935683
237.07669368455157 21.27740882458881
213.50461172406884 193.34446713189877
79.23254452334145 153.20132964212976
11.691330804895205 96.20453718842442
146.2677178288668 214.9117455972913
242.57961975652543 178.30871508541014
179.68161857271303 191.62428746404646
124.65527541063065 123.19258603723313
106.34440602838986 52.779650405563316
131.64595559826984 122.97842401430486
184.00970130223783 16.95961966947926
7.511062431477811 29.941294461828832
158.51951870504396 162.21099517846025
231.0047267531082 75.7990015281384
174.83295484306544 156.2964280578014
100.65120793303922 57.02174633020568
154.72739636186478 192.9952533100513
118.00167119407837 181.54354129040595
47.670808227384065 177.9995836533372
51.98091135561803 217.79578836528458
230.25082838692543 14.575673279592749
59.06198209412841 31.066095464515275
243.83848282174677 191.47655062641044
76.03088084930366 121.65155804948505
176.92156556759107 78.74882905531261
202.37416094491425 181.32964058310517
149.34592836690777 117.2705515793708
181.36340154541284 184.68933525859174
230.63976507928373 11.344850660129996
121.56428305899652 146.9009379590954
219.535766292243 174.88854973265452
249.91728164659273 54.2825106117314
192.09840570816243 164.65777923062856
20.847812284138733 131.50324173058766
93.55801255212923 163.45355650116244
44.867344962121855 7.58477882947084
151.5519165458116 178.94899007578283
181.63563495598268 227.30363204722747
60.29622976782969 116.93755564707128
157.8188355939136 37.11314135627472
61.10969402913335 117.82544517375176
95.5868898931719 249.24492249424927
144.05980261346664 149.09750995328722
237.85691161973313 140.3471039617756
227.52583140050152 50.63877209088341
99.54074199719038 154.1268539072453
28.058501970016025 139.20951236583105
68.67813909422452 24.658799722740543
89.07692432477151 183.47648976515612
77.9406768903862 42.57514612077512
135.79384450399854 124.89139423098509
40.86599303683752 73.61649987094565
184.40506938422897 234.8573260992781
187.04028833462908 37.2920152401609
166.25909014154735 44.19844702691661
3.1925175771140015 126.942467316689
41.83904497831614 189.15426744970713
147.35405513256362 183.80723422556605
42.59786341066621 7.6963857522340255
113.38289419600714 189.94134612869303
25.39684824179239 129.31429025205924
5.6449424945441695 222.76468391676747
136.48667680223298 6.187543342633384
203.9061090360466 154.46658917064522
137.49357491032652 7.552538016878385
244.14755539993325 9.356062169811135
72.26990899488042 98.48837221601211
195.53449340435856 15.766856871959694
61.32392260975167 202.8729819599508
170.75158027082134 122.89106663750904
224.92252524062158 193.270076915473
57.76826093424853 223.25039588053647
214.65791922500378 14.329670505570435
118.75575270697047 37.17441069696356
7.718003479476209 32.23602693364489
235.86382261614935 98.71349274081584
194.8620256238057 65.38502166100186
222.77852800572043 213.70264998893015
68.45272579263745 175.95345686973442
124.0207189610004 239.61144150172453
78.96091568825722 63.00282398436494
26.930189574114582 223.78951147149633
84.64756107705698 90.79626978969654
148.56591846986078 236.39069528074492
11.64426612299907 66.76666611740798
198.60202928729515 181.0006138376746
65.67477596144889 104.29070722218877
121.60347452891045 118.36495711062197
115.33980215668971 118.4429192566144
237.37280822631567 35.744241598038016
93.4951456343795 126.55001442677793
149.91310020361365 157.8486194047042
141.96364488792622 116.99383750735586
157.92071389842152 193.62275514288473
34.96435003867682 84.6107419171242
171.47895370723538 127.85113737097848
144.99721404184743 46.123414308049945
45.99130637978915 174.70570869545455
210.75387276645745 46.055498900438366
70.60993703451585 24.677783528060353
7.821548563802128 73.39723075355079
222.0631830613617 100.36000389053979
51.70012903565787 0.7454581767281643
113.90514822833853 81.7706880820181
148.14869380304557 196.93341237305984
143.55005656882594 213.16146938606752
97.78154474218597 24.306224024008337
10.15365958326256 25.452992745464474
0.539099482304517 105.80969305927593
115.67303407425491 166.29541414914635
130.10223542788248 94.82489443361625
101.7739653728853 148.43971931323236
127.35573601976003 5.924451091567029
183.97466605658306 43.87725187791014
238.14377187000358 142.7792445553337
140.3859384365656 63.58111799635876
17.721497250038134 184.13437323259353
213.43663843764227 23.914676385571624
149.84476003753431 233.7852140707273
95.40664657116483 158.41852704978797
199.4708020620505 98.03131212452018
134.03483343125365 7.914585489048942
78.97898079916574 151.9292008567576
177.02304065878656 205.4787102984355
77.00632854117337 4.417165759532465
37.276410173886944 194.69891304568398
177.23179720846437 166.43802671419115
100.88115041360327 102.83929803072591
99.33169945522982 159.6080572067449
108.6205122864252 239.9623951775851
110.83183292698509 80.1852014914468
150.1378965653546 209.8287395984684
117.82101521045016 61.203896742005995
147.0097699429083 33.855494970883306
41.91564761405589 65.8763612263955
145.7106902816245 108.73142579800279
184.63700797515577 227.0897214499386
225.65607711113702 66.00260817908641
144.58606665730335 167.3571596818426
46.88660932720909 116.40955898384003
3.4544702670945004 167.81236138779127
123.72629939984081 85.77301453770195
7.353744751586677 174.36042095114286
68.9746989670621 157.98090390844646
170.32068647159727 156.74814683245845
149.70166216157924 93.4600491779877
155.69752190967262 74.14779505163376
236.06090394051262 22.162694430922752
11.784780564692454 55.1438099165564
73.63612542878379 93.138474021493
158.78052898875725 65.48613731688829
122.56826698365909 16.786768986639196
137.49327995557547 103.05348542485665
240.9087962494137 70.87138503645063
141.8274576012903 66.2514601061299
46.547833660844944 117.65806127971584
224.14354407935477 148.4572767426738
178.2968902916176 60.81209820367578
69.21303262472905 146.46070305539124
114.00377690578034 206.41493847646416
185.1089099478142 28.6158995362073
67.54792598910214 198.5322750108002
30.505541601518804 189.0831448255442
120.96857703222727 175.37743245512186
23.34211933729205 117.81138825496595
195.59782791704285 121.43903335059625
46.17686939239968 63.62836546119044
231.04746147386132 222.5614226917833
156.94916457637927 38.81638748420851
166.8852360763153 245.17205258183097
216.75579729932358 82.63726120836154
140.12232075857435 181.48494879150962
138.98908537685057 51.06124175819707
184.47845973904828 129.60728361771487
25.22205328963706 226.96522014950511
209.6270760425103 204.89180578293323
39.76424191266983 34.22909152805478
14.6746593209586 247.36687783858346
190.5220400284877 188.87759379596093
85.19859881362463 210.94810539531238
240.28784031594367 211.607644946524
141.68262051921806 201.995331689816
178.64357358245547 63.14430262808535
109.56159990709435 157.57631688468206
100.22569987316187 7.557717055462765
19.20877018935993 5.581843964656885
79.78869362124541 105.372666222259
205.1865246607791 169.9358505623731
111.98327224961207 147.16025706114084
191.57235978889472 28.208804069725367
240.96396708676934 75.12246010483071
43.51518370829546 171.77714748513296
99.71167128856031 37.593697044954574
199.2309330932922 216.32261391899365
76.15201823412309 166.4789122092113
110.50563883307602 44.2542939871636
122.5918000082605 91.64195618276244
169.26611074269712 17.088606981647242
62.2191896244991 141.28230855415873
185.42985214805975 95.00697904883734
57.20846948647973 65.76476709765802
129.71482204368945 233.73292003419078
1.9953118855679797 39.44960995596364
7.3425174655583625 230.9239081798424
235.86568659782716 238.31252220207483
170.82501781792507 190.15988421492278
149.60744155871268 30.230009828900506
217.02188627056387 85.71191871664458
171.38318499199355 60.33815352070121
33.80664992778315 225.73081957674864
245.84443306481734 173.11666259177744
209.9367803295748 17.056310934175144
11.018544457076812 246.0434464997959
4.342011291220471 83.86251679890516
12.284759493121356 105.43470643578368
113.97408683576704 12.284156700223898
136.96689407056314 89.1157610418025
43.57536219169886 64.9148682532559
210.4277961678782 73.85517720777815
75.64159078315465 62.37880788216471
138.72010239518576 136.40436729087156
80.08546093081719 68.78497574818077
214.21669385652234 177.86073305253336
73.19272144851402 183.0073030812684
182.64640987706773 149.0191501868663
125.38222135017935 178.4275577649295
90.7375557495462 123.41776569109474
92.65828454798556 195.01865497390457
124.75679449962342 9.661246995306684
240.4517773586562 249.5659994308252
95.2308022127572 85.97168244833792
157.38398903134734 100.5077117442634
142.20023352261137 46.23567404444906
225.6131701941553 141.07834603455964
223.2096269660184 207.7150627273568
55.487447388773035 107.25160373789444
20.228051279317068 239.80712977519892
204.03288750739577 230.28661855398644
41.34961136294332 227.2268063520854
231.60883658191418 197.33178599544158
38.74672386081543 185.64722184588044
191.0538545832608 147.78941050132073
161.83991927078432 219.9557143396095
155.81251483601005 188.13186955069094
161.23353545881588 104.27787781296749
19.963057360709247 178.7493632101104
203.36974204968794 200.92562649168443
223.85591991845533 192.9957825923866
228.01760455409106 241.65016432445336
52.41871017869426 55.51503788548195
245.99362087327896 142.4578809745056
29.81560265576108 13.143890510397298
43.759690141477016 53.609219134601204
170.676219975418 139.44868346917636
67.96736031325032 173.18933239569185
104.40027029121785 74.80816586600342
31.050336850536986 207.18483839043472
172.69978479211562 176.02768614157068
224.67310802268113 175.09247907140323
149.24949451149928 176.5673459361166
210.07416903856193 229.51735964973733
173.3885553775922 170.5338568249947

918.496565296302
456.45967226873773
588.6028501022722
18.030496574057064
1098.5336883360383
450.9481477386056
443.2119178784265
887.0396757509436
865.4025333364327
625.736828566875
867.4928646093969
221.39033154222864
255.02619279260153
485.87508358740433
486.6767008532406
606.9437018659015
517.900565948259
1195.8438368309733
422.8710755151776
323.1540731240428
1165.6897987407526
923.0237328443271
375.24435706073615
1032.029513636025
717.9279090582947
998.439872368196
962.2698088393191
856.2655251149818
482.5834411104879
189.35254509473728
855.9838554774924
1165.2596787905586
1092.3362295384354
440.0050846018549
120.93722492538619
309.1347874212872
743.4505543395893
192.4654115071483
698.4947342426448
493.8122616499139
741.4195776225517
930.8274888353715
573.9033091717348
3.6962639949241645
281.8550470638685
465.0686908699972
1082.4071345862315
1085.0322251670204
420.45590447897206
871.3257529732114
432.9939805127348
1042.787033370074
329.53029196148185
673.9255873470539
550.5092730033768
262.2391122864955
432.1138692830243
484.6510951723789
937.8139140495163
13.10174429142639
303.97853348162215
244.02799587866645
246.61430583793472
425.624333715589
1006.3285974267393
97.79039924956722
1100.1911036700087
41.02665245563009
287.8748776457621
838.1272236121138
178.64617224510943
75.46177181771787
495.54415686076715
210.89791391259922
18.42597488280699
383.9956180879678
690.2553782551623
599.8005592923894
149.44252130389037
903.8115151075748
618.7999753757543
503.1176426105116
401.1098279317709
1018.3476110930202
518.4715808075964
727.6875514692964
896.2029870952598
560.0684683202318
451.8475605849644
510.17714854004737
32.86745210361231
564.0602379535565
626.8977105100101
1127.0327858301457
531.5108840553157
1186.30080845673
682.9212609257232
15.828958870178544
716.8864570907601
640.7431578392549
687.0733760468756
268.96954339842335
1064.3447791444648
170.4807489313109
953.2863629805008
768.0251833203347
973.9465170554744
171.59813566198167
860.3663877976237
1159.109290221008
76.1098981424062
826.9823098373155
915.4074699294421
855.7473155193858
944.3857424270972
616.2376061305713
291.63271217570093
399.7256231342382
85.65746929607037
578.3314944829426
196.0796713384723
1173.2841814334756
35.93410523754577
363.6500049278359
134.33440881962335
797.7118809848305
784.6122459226317
293.837880233216
47.16767696910411
555.7762544137443
326.60566012153475
221.83641467262544
405.97750411674764
625.9644301771685
1196.0160199544675
784.5032161161345
271.07902293127825
519.1085080978263
64.46717330313102
68.93744354921898
312.5517123215642
490.00858757239274
801.221972350942
788.6813072542802
834.3137144908862
39.208357836864245
170.90450234194714
729.3134899657963
1120.8531050481859
424.01351618267745
534.1497828103622
1074.38503273924
770.0610396977214
21.881853664774166
306.9973049429753
675.2193642841586
385.17645770317665
151.59873032910264
3.7962597666019504
775.2080842441172
695.9858838281838
603.911558159951
661.8249499025278
385.6704080395587
955.7623022187877
93.7387024694436
1045.9791055939643
283.717822756322
1006.5197352747256
1193.372092979126
198.7566260967925
1181.263952563169
435.4800744035454
888.2184249813617
1116.8055385728276
797.3476942590421
544.216149127458
343.3041254527754
588.3882544790112
573.3474991463619
385.0379293314795
787.4324063531344
1040.8875042440502
897.4489772907876
932.3248056236378
1193.0662923575185
655.1263255693136
899.0085381124513
1148.8372552840922
762.7659250851412
194.2625505074582
182.97111159888973
980.9161976426287
957.5809250221295
775.3826657775018
989.3003071694183
19.074700231733594
468.55146360096313
860.5224505021828
766.3948216547102
1184.145534710403
147.33619642106163
1141.6600869017177
502.85395107000863
1153.8487586611818
1113.4192584753955
368.93011950972937
1079.3448794558765
747.2952573487311
248.59255128404752
855.6502935485605
741.3129057106514
1126.5241464953938
1040.3207442171624
495.72851266900733
1008.4851770892823
815.3948131973196
619.4974350219995
375.2972408236543
336.2052019491973
953.1730288448636
830.9709960262229
539.6574687582698
914.2554508298499
955.2022972150467
801.5398563950944
1075.8146201776815
661.4476393019684
1015.4498942913995
1118.8070065864256
639.8179763918068
711.1889194921897
258.7768145655128
330.0926742343414
494.5385990055438
139.48485534927966
1077.9086680272665
71.05858316241621
944.2428703523852
974.2325191139083
603.4139972374313
1184.7525570912426
1016.9728854887838
102.6005099084737
502.19174589817584
377.0009310648287
916.0999532538303
858.5924395653539
15.378879213433008
156.11501318645207
752.6353630231464
1131.4830303360136
322.6647178862399
634.0132865007599
1064.2679670726905
774.4167609688569
243.29401300252562
94.50737423873976
684.7104117945348
919.4351208526577
227.18871158639942
1125.0723424519235
182.9068632490395
369.9674444478189
373.1650528684578
849.7507616241946
1000.4860125157586
178.72346462474292
48.625888005353275
72.88744641944336
402.6649752070628
128.03843751483018
477.79001488292585
809.9954037141252
735.9173393013546
845.5464888757542
119.39182302731255
973.3383329742153
134.12587735162353
106.0108526552304
551.8150530248279
1019.7679588879314
544.7364582528141
326.9203243250298
656.611811295984
1087.1617255905708
1177.0555669979549
415.6027688497116
840.5161963059384
137.94210351233832
82.40063457495046
219.97483180308072
317.50224032593104
131.98420525338332
1198.1976363827973
301.8837302407011
375.97917475314233
114.39667104252362
491.9864035303218
544.0997958573956
937.8141601647017
238.08777733129446
659.0039888109208
286.3203082528531
155.0763797424312
178.92913997897162
569.1502792600917
235.82720677855173
1012.6748017833633
753.754441620846
100.56810744243494
956.2056957070304
919.0714378999152
670.1684706117325
365.1158389036874
981.5306882740176
571.9852296609037
983.4312885683083
888.272036356974
689.2449959372665
1001.0749244698083
402.7487775406299
251.56271419961172
703.178508196185
346.5623672893176
314.7770893809676
765.5830911439423
199.71459341576792
432.73106826813495
625.0707276606432
595.3309376046669
462.5178301720371
903.4164000645327
75.66100758750677
172.69976855475622
237.94799596823304
296.7556514248904
281.41260368900464
4.373644359751903
758.3848194847542
301.49485693639565
630.700491781555
1106.904597589129
475.7307085345364
1157.0584877502115
2.8050270431155924
888.4832067181316
684.4691596333495
203.68837911839304
419.78583491176647
303.7322981415831
187.35793294201198
272.8090699953676
780.3583114315604
959.059490497913
967.1407560985203
523.4841335674498
86.5214893617956
215.05582751817113
212.02266033023224
206.20803073606368
1006.6904120520816
236.31700997819854
12.631168295484999
1081.4639580113494
501.1963255059572
897.6771838691341
559.2957673021112
491.4021350701675
304.91463810178647
165.88555365499624
147.78202808380578
889.0868552821721
27.47655769559938
1012.6849042372169
991.0148548596617
37.586675520703885
1085.588429868463
211.3462201294703
32.234771096439
996.4874114690987
296.11067667668163
1080.1438411993902
674.9486950505166
1133.1654280810296
706.267431321954
587.3943564424803
199.4247186259877
125.72264185497423
921.5862153018481
425.98977720044627
328.8334013528351
836.143485476633
1134.6061536135094
1134.595733073336
431.64350925206907
92.4705834786951
657.0858776547072
9.62349942347313
374.4795674003812
698.2789953257184
448.7850378366304
958.2650586873573
1163.8040411600846
357.01646031382086
654.9563695477749
738.2051381310016
723.7768619181267
377.7537630035573
1083.5851703318779
925.386552268603
434.4013631408103
406.3722766318519
1022.6059682537258
729.7570535742827
363.78170826594595
1013.4750208426975
299.16488295705096
1024.4912520266919
401.21419137774103
443.74230927096795
1199.5385203947371
491.48745945860196
683.8512716095056
569.290918527106
575.865550108927
878.383354089006
320.96201635205955
879.7818484213885
632.1211368456338
440.24230784525133
383.78535707392496
477.32401044198747
335.245994035968
740.8186415718675
113.80572789398727
703.8178599972676
927.9429881136112
23.024749292807954
1020.6577426007041
826.2883367299535
856.957564229581
1075.3108453529885
236.6003065683567
872.314633071456
137.88621089828897
394.86577974829385
1090.347046860086
248.90930392740776
1188.1519146222167
1136.7029502157948
753.7777962631388
34.92339533817704
915.6582265868238
131.9400463964008
282.5516664995259
978.3097462510417
832.4040633392793
769.1371355350288
343.10037704204433
813.5083067172834
823.3229951416345
1143.3821543963418
1161.1736853575042
1138.759464158302
1153.578309508656
96.25229346044064
969.8991113907302
124.78990011338581
663.7605402428693
796.5050260348817
101.7804779949768
25.81421379606894
1053.7465293445482
342.33290488486324
167.2581164425518
148.39236127982318
705.6654213375755
486.7363132665047
172.09627243672188
132.4958483008787
925.5616754605371
263.8109318202331
1193.9596755178854
15.832468855688651
412.1698880004864
142.58485025126663
1043.1007492360875
970.2669266911277
58.23035969401531
881.6158677839443
482.84660934805174
1012.6163738299393
519.3510438141767
786.9077426156227
839.7520607146097
382.89711866246273
910.5960900704474
436.1820578500349
1039.5769785108287
1065.1805554949342
952.0511787388759
1028.5536818694559
991.9945824317624
424.40904516895046
444.9902393228663
210.3001841795821
717.445051482247
285.1810511099764
850.1215564794671
507.426909653041
1036.5028020523455
840.5272026394097
203.75147234079338
556.3461480795058
1050.112575534003
46.28982043954704
241.82745626237866
245.68730975542246
1035.2400735211868
710.9822219799966
385.5856901163228
572.8788083046062
656.1731678853996
111.57075920440401
221.54899397307886
1194.7353552532434
1151.1411480193035
947.6516317612549
40.94181177636986
938.3558278470546
749.442113568989
206.38298213696706
937.6150934513222
473.57846698439795
1036.26219969118
534.0123075451354
186.8866043018952
181.33820153692903
223.64564322677612
576.8713057468839
517.9350503179368
36.613872658758105
569.1097205009349
266.14195682452635
766.0404686215859
676.7787868323966
835.0236965117148
211.36284648836164
529.2837016194558
26.82882301916686
53.454589717132116
67.86014397574621
766.6621507230249
849.4977535045397
444.5865248492847
336.14483325800677
950.0734803412067
903.8818604046112
470.2611192141007
257.91921605719637
750.2869398101649
676.6190042603757
502.62614389719096
109.52910630451056
701.1214143845557
741.6688531241765
974.4566785820996
862.2667470882732
905.9249461954322
850.7964483188101
1001.4987093195665
1163.9196489312799
942.7956458516197
1133.532430524815
674.8103909094204
1004.8053445910178
958.8347309351078
1031.9824651809813
776.0420477065722
726.0608132675341
0.4351491161419243
434.53274635641054
877.6806320464709
1108.8845926384731
1124.1264622303738
23.33477339777056
534.7700691524061
1035.4027395762848
413.7671874622206
1069.0098898446474
1167.7959664603009
933.6728117339903
1168.9005626973062
792.6560535802433
820.694800304641
222.84531460946016
641.5041019843093
512.969414774984
433.6585706582454
705.1842163634643
879.246932766651
632.4773794316196
566.035157177536
33.590727414660364
830.6769022879188
921.0202844202493
13.045750525130144
762.8462554986036
837.1858147532967
677.2960459255037
555.0544444995453
183.7827602194646
311.9558246866415
171.54959779047215
112.63487147797011
519.1147116251124
597.6172030320815
547.9868909834473
672.2861019365018
195.81985470587588
5.00692816772972
214.73006435123895
1021.6718596090096
57.1453049752893
914.0133985727799
617.8124870745124
543.3170421253582
1185.2856101102277
641.0735555913933
407.29690022175464
1035.260636286691
389.40688153933013
972.330095789392
275.11893297061846
322.80489670950914
539.468721458612
23.332704541304526
237.72638845773432
616.2844748348797
1150.2624462321514
815.9064172872193
1180.0268515809005
1014.612423331801
743.9611029511987
274.21815438519985
763.4202452950759
922.3622648941405
14.324806476410668
500.47833848594775
1149.1722030748833
983.2024730112527
1175.9900273589387
534.1420771966442
452.07064055034766
439.0031169900682
327.3519408433101
1106.6086162829517
1163.0501586872595
669.0644911862198
1190.7893507958088
2.8614687804711045
1049.534106300483
1187.6153959128615
369.7786151500766
694.8945666541937
164.5147831550883
1143.2965746304508
1078.3838793184452
300.9983538680707
1156.3186502813303
725.794926696444
1017.6819399259457
253.4535596596112
566.3243767815819
1192.9686158320483
1010.0770308945737
597.861411134959
65.84038871394576
1051.5015898080856
1134.969292227649
834.6674799460841
1141.3821117617204
280.4727911629162
383.74390110943943
535.5133202766667
268.5030826290183
121.40890466434463
1157.2286681300466
210.46625511434712
337.75822696520015
538.0253052049422
627.0314665920831
928.8540397580339
952.2623077480051
65.58697714727889
1127.4080930986247
695.1122220380519
249.922564214935
678.7246930281958
5.042110218472224
340.7410520326319
78.30235365682864
709.6687909969659
945.9928546594898
430.77820456007527
618.215040840743
1012.5263016343353
540.6231764620687
1098.281918122816
1193.7098506752773
672.3261906285171
403.817515093896
1095.4471225059197
169.74871692314122
878.8732697225855
904.8974876522092
446.9267901207086
894.593186783575
398.2415154744847
465.7067631217214
917.2273396210925
382.1312554315928
966.475586255213
1148.9181125270159
160.6503873021481
407.3239357872061
1115.6074114410828
939.0301975154882
535.2241599511295
648.1832149445092
889.3818714935157
127.17921521090707
71.54936838346254
339.5685085729324
844.2585317484397
1104.299477095559
725.8577076071452
12.238101626826474
361.8037638142718
257.28819941402884
478.8156414029042
732.6946460955338
238.217282140938
992.8390246544802
1086.3384303914872
1040.6681007769178
403.7807700780482
306.414003920792
20.930017690567336
862.955277795523
324.1003799809273
1085.7172232535272
427.31445275902456
446.3125231145384
392.03738026777205
473.5286413830905
1110.9150624620554
41.58009009423768
6.472446225074685
714.6576884245684
190.34393772706727
674.8051367321553
262.1442533791807
822.7646206173923
882.0863760018146
915.2180082590293
522.6299920926624
192.95960185176156
411.59467405088714
1034.591198721781
162.71445802600533
151.6932545706715
895.1167938284049
1188.6386839408735
183.66255750381643
619.0877360624096
1146.4335709335307
1010.6859764521894
32.23176847635697
1051.832992831442
199.9209582449645
694.1537320126636
260.8690092455869
291.9759363075283
712.9083708146704
65.97927952381445
400.95712796154623
804.0448976579147
658.3344398704176
827.6861473865749
824.2233274934932
660.8522750324374
589.9872696526674
750.8664796742465
846.0743860037951
342.69713789744037
809.5868569976806
732.0305979633613
200.73295911271407
327.99674286633507
783.8126107962171
749.2412500594877
246.86946554202365
70.87196631458974
236.98554958200336
371.1206989620539
1012.9388556038621
921.9922837266027
109.4294051565559
160.69923960109688
1135.33302790889
714.115800305913
1123.8395965698796
614.1947751256424
923.1229470016627
71.8141780377417
606.8304404722803
854.5064233497668
146.43576430395865
1159.4193801658541
78.48891958163514
106.61928229335253
791.4574983076626
513.7997017933194
1183.7466488920084
1118.2946040247987
792.5520631988184
421.99600474718164
566.2072456068871
425.81551268537356
301.81057078867855
50.54750877534574
150.80627197610022
1135.3912571006645
754.5884495948001
972.9253761681651
745.7948627311299
331.2656157294667
1085.2261315963901
825.564883843052
919.4188749620007
286.27577591507486
766.3984362206282
342.4977930923719
377.2173010571031
1166.0275579927904
339.9469494282842
593.9821041289983
492.7027574116947
460.9003894764388
429.4922957477243
466.89508267436753
512.0487965501974
389.20717395553095
277.183672216618
895.2735443241667
599.6391748269272
423.8883274042632
503.1510092365908
1140.3658409644777
552.9778323947679
858.4032591534616
733.2356752360864
1131.8597467569716
374.35557104804786
1073.8062579687835
940.1006367662534
112.96088517707194
467.9251410103636
1162.4342438221036
912.2721687827599
291.628363349917
1109.230143150781
62.82654557911885
71.99930064778103
906.2850333293638
782.9237950135872
351.7134327521141
889.5691453540179
68.45495080991772
1180.9074834767143
580.3764319991518
294.31649066183616
1086.4645530950738
521.5381928706465
266.6250341450207
312.9204027715978
131.52089453664723
3.963570518538522
731.5901072478936
190.13538689690566
828.8674707205544
369.77933732295793
829.9693336819506
324.22193885109186
561.686804960099
159.27241823241374
203.7055422225514
631.3219837256732
41.211474250860384
134.7276991786669
825.5200739865745
938.933954689717
214.09610057044293
416.4444252953634
390.0751874369604
209.8897191462484
592.5706663618719
542.1567420114782
520.8869367192954
26.5797214585469
835.9324227616034
809.9628012286562
744.2912932100493
619.383113177203
1096.634794025346
1095.858638139715
686.2623637674546
858.6375156602903
450.3876717147147
176.02024686855987
911.4046381118186
674.7990768794128
1019.4506544144416
216.1137360442664
436.58818903209874
1056.8430089316685
552.1358879883136
258.02893716979946
1187.2645611624332
351.9061864846664
314.01383718544616
911.5915796800722
846.205290039382
307.57041248659255
691.7792440010887
1110.9030318937519
649.3581356705004
180.42037482281293
191.7345212302903
21.12535487059275
586.1372252137867
961.1330047462833
1132.6743866444929
580.0037716673204
529.5739094403679
483.95965828181664
136.6391558653819
280.47962184796904
76.63435038984758
821.7781585195697
324.5526589157836
358.7013803730118
65.66675358167464
596.630587814311
652.1128990904305
480.1253408855284
530.1414758861614
428.65826717303486
587.6812068972263
58.27230931863985
127.47351241766796
1097.9405782834042
939.0431520164832
192.37162321789256
1154.823253130691
926.9460454146866
569.0066297537742
228.2685311082189
586.2861710686358
738.8050883821121
523.6883186964491
315.255880204694
193.31993983263231
258.5086243135097
930.7992303078883
1174.1452977892548
1058.8591842649398
551.0006391513791
315.1295496809188
932.8958335570633
169.36423409687913
69.75162048139231
807.2996649283517
1036.2455676779932
604.7030633518675
209.11355610891968
870.0547847669864
110.95607802974574
742.6531629237659
1063.04134810732
125.04204329218494
1121.0288476731062
272.63240312502217
139.20257230410834
895.5855287808614
302.72372389145625
40.935953846948124
882.3404036881515
888.1644119931323
734.1086988304857
1153.08666607216
526.1190944067172
6.1458834122934025
1110.7225651219183
531.9550575669389
551.9605459462739
825.8929888018246
282.7507983259098
911.9364319350923
1010.5433125093938
578.5709692268938
852.9299066773164
497.84184666897346
957.9810999081751
138.59191863060408
1150.5170852946546
43.76228149097212
277.5511275754636
132.6532657408145
326.40481663793514
888.7762928589264
1148.1475278367102

8.6 17.2 36.0 72.1
17.2 34.4 72.1 144.1
25.8 51.6 108.1 216.2
34.4 68.8 144.1 288.2
51.6 103.2 216.2 432.4
68.8 137.6 288.2 576.5
77.4 154.9 324.3 648.5
86.0 172.1 360.3 720.6
103.2 206.5 432.4 864.7
114.7 229.4 480.4 960.8
129.0 258.1 540.4 1080.9
143.4 286.8 600.5 1201.0

2 5 8 11
5 8 11 14
7 10 13 16
10 13 16 19
14 17 20 23
18 21 24 27
19 22 25 28
20 23 26 29
25 19 31 34
27 30 33 36
30 33 36 39
32 35 38 41

