1024 3.0 0.0 1000.0 3 160 240 100

103.48864939969793 45.84393023207281
78.8968195915404 51.1644174295765
214.51988302036517 76.17787155160185
249.88366145667794 121.98806932861686
239.9795702760345 76.47578149995607
107.87756613145763 152.45540938671527
145.2911952963953 225.12925199376187
151.37597485692885 205.02117720886758
13.621519701352891 145.46803480243014
217.82571462265503 182.183039624463
11.862899725258252 203.22748729557355
247.50587284688072 130.92139204144772
25.373943958992314 20.328762906048958
114.29754226557142 203.65050337203576
38.99869341075843 92.94686098404422
36.80673005979448 77.89348597736954
74.42141664238744 14.696804571631583
105.02129861193268 130.09690029844785
202.88992076231722 128.43736253375997
219.49640104136844 214.36193564637605
208.62057191845668 157.83192858065638
63.29322794790734 181.32917580267934
24.17238657708315 12.182075280406462
225.4979947582323 166.54761135104366
169.28305411112422 240.9543898075993
104.67433579513578 24.042026330903965
93.95132433409289 25.76658281168301
200.4620968500993 48.55490127329182
118.61370129873008 176.47773553567384
117.99626634996702 194.75424197702458
23.941385435069268 111.67956814809702
52.436903626430166 3.1767014581668973
73.16612475198863 130.8814342421544
153.190272938673 105.85400700135978
91.57109746606149 113.3288562392946
231.90328149483284 88.9622237563551
102.45639023159622 98.30304371728194
237.28482294172431 69.02771120158555
66.21101356949899 36.454992715496296
26.630301696585118 196.7483022942854
170.05665720159652 11.576551698849775
16.993150027278638 97.41046530199998
66.53457161859139 205.5682760121296
17.556281537167596 204.30136455724977
221.40775506164587 46.318014321466094
113.49731933919183 39.31486034404699
52.85382048512074 24.379514319999046
186.4376693475435 185.12244905599744
29.978861487161307 14.359180310442115
109.01392773958679 174.57571606161827
133.5760964498324 124.16758315670049
201.99536401344488 208.7409573445564
99.81129251380835 120.16610811042386
22.60238315852206 240.36921419236535
134.4797268073423 66.41785760244726
156.82862584597012 91.36716562384079
174.2575265142919 236.21176562504618
20.740503615598065 48.85391069607667
104.9219228385569 109.93572744584651
107.91350448913559 6.907718494823023
167.5470166700806 9.138701348243766
55.21698320027066 35.863864534102866
114.81374995564094 165.98396315603293
124.35480670152621 17.740288986734022
7.691104980376035 140.1414799384206
58.12658545030319 35.73173107393565
74.44728325039829 82.6409776174428
66.07891115749115 49.871110011459166
104.64524441143108 179.6664478255124
242.48892055419876 35.06142337845281
29.772273061578176 191.6621170042441
241.874678536182 142.2373113692608
152.47034308084793 45.195913350672136
221.69550071236085 19.166771660951653
21.61885725290294 104.93530640413296
98.51973618157855 209.95986482012597
147.52689513366892 20.604344305612088
229.38396248186288 187.42919796905034
111.61651550599885 103.96719535813907
80.35056232688368 103.9550700259745
29.37556563490079 233.45429465233883
156.57277503980742 2.26373740724814
139.233770627504 91.77801478983208
246.07596323795386 107.53271218988824
34.811558627418385 170.85269790483179
156.61625634468362 148.75184861684104
217.4941526207084 177.39445702197483
29.416506913700264 161.49389679946722
167.9201731933545 26.403173569610665
241.9442554642262 166.20858334022435
183.59022939187014 229.2165685952227
200.22210782210882 118.18055224363653
179.92989738018858 76.47743181535874
169.94226081626158 65.81143327615699
158.077802388905 181.21998151266118
133.97823917555436 156.88375226165843
17.952040694924175 41.54332122504678
200.20457611977798 89.07287029835028
84.77745105613532 62.654074417234696
203.52246444054705 197.03669034429603
44.83129455709256 235.60867770790753
99.04622454901919 242.89448549764185
33.669238876796015 103.2320733185183
34.02264836769367 30.915845965613503
187.8134205224913 105.7787934594061
120.06359246257952 39.125140076531814
167.719460827263 42.216026881433194
32.47769207264087 152.52412766257046
174.9883877956443 109.10656309472938
120.85484011610708 53.86931073810339
60.94259931320584 218.2600667836928
247.5296510703034 117.1668366616227
17.03164888779471 15.322029475206833
47.9378947434782 41.16351628165166
203.29925474153683 121.65922671119877
118.0576650490464 128.97463119759283
24.322035964717603 88.48240839497282
102.08689077048119 174.08152694123967
135.34601632408462 111.24210163613557
44.27465567211272 24.040562573379137
195.9698369691759 15.188513712736023
90.49464986252123 62.97691946239634
14.456699578608179 184.81360059823908
76.53746437199885 150.46994061831353
25.887160760063782 147.81239497179084
29.420819053897514 103.55736666362262
151.2881785907743 119.34095085541257
137.8737684979114 82.14596263175713
91.44800129982889 137.61444338125327
194.91546787017083 25.67409484049418
92.90304557288489 105.0659527452791
31.357009821019687 2.1541092731723332
164.4506879205624 73.64041328253188
125.4031754714473 56.47204887466747
178.66015907699136 100.95698760603891
164.46168501244136 7.72466860045995
210.184953441128 158.70237203435207
39.240090907252196 199.78099624595745
208.37626372401644 62.760485688552194
193.5321243567737 198.71374760490176
19.151504045769734 51.91300955891626
222.09739027364637 79.01913146324935
113.2231152026278 140.18749428605835
208.32848151093748 218.4749831605492
193.71407422617648 99.78894111488371
29.562167033700764 219.6154429956204
185.42638280592104 123.58485385358073
219.10773552678492 188.5978487633349
23.467025301779966 33.81735310015235
96.09011109944493 185.45742360173816
168.704742483598 174.5885473196808
66.54612726314451 73.34347228428298
198.90328950713416 67.08086788994125
190.2605945073906 57.13729019787689
178.3549574702261 180.98589735644376
222.89667649501055 133.10938738214537
149.9376174330362 149.197955541223
181.2232154293026 8.977160726732603
215.3755041166221 27.63834979282248
136.9805956827014 91.83459219763454
242.85544059519128 18.025228338066885
22.93084385919217 148.07776971121297
236.18518875136093 122.70133480895676
139.9341632762423 139.79686412955581
12.069087909144766 235.36421853824987
165.24863519008895 1.35537431247168
212.11667800857273 234.41379746850367
158.9964624963622 142.0257510817383
5.965565366623599 154.70520351769326
146.9203773446795 110.54703348898711
89.6479295242054 83.15384078526516
155.38878987577854 52.27008498353733
163.9824424975201 19.647157901163308
234.57032193682147 203.72948986366637
116.57617562405936 205.11537980123248
35.86721499756174 210.605047674166
87.14195086356521 113.40146625117572
105.8967800581412 139.5029669182966
33.95601272907567 52.75829706268082
39.982017821521524 83.95739470826976
215.25902097157245 53.916660513812694
35.41135376413074 120.10028070785714
179.21814544286235 192.73784702080474
54.395448066061974 172.38764754415692
220.7034717085283 65.02940765727672
70.89180314626591 133.39706624564977
180.90509309447089 212.9833155500432
243.22640823653572 157.2822187311447
169.18048343727204 175.28390358837797
92.82233228613862 147.14042779953175
9.134229217352408 119.63153772845703
191.4359366069296 126.35637088577334
57.465927325860726 99.29271111844703
27.610448113368243 76.11605764244273
104.59307155405637 131.8747525039771
126.69977599752222 17.13695440840865
12.659795141491099 238.13258947402332
230.25729537600026 249.4422985459437
232.6873902546244 16.920241528648294
220.95733176015986 164.70585291807177
35.9044724555134 12.893154776692784
203.73683639737564 6.819782543946218
121.73187081566958 21.72628331678994
201.41155227186826 33.96192396434727
210.49647094642074 40.09418394410713
161.11768395582698 93.17529322579315
244.68875552420477 115.84300720149277
209.5278923847963 5.5268316635699035
121.63844380924348 54.1214461752664
116.62339509991254 139.1467732967261
222.7765004988175 15.030918353907408
168.0405730788821 52.07177785785108
168.4354351551282 212.04541469618096
236.05709806615198 108.58408256405325
31.013932268564332 194.40210348286956
86.41218716222629 224.0466963239627
170.54435722001426 245.70087255661136
118.93507301224146 224.5621536623539
65.34974474449362 47.13483990529957
187.299876317173 149.8458163720974
190.18940985675263 61.154428359393414
150.57265355564638 43.547783800108405
97.66774014202053 187.27106987538346
128.82647269052887 148.5166024296485
169.35712620666047 36.14613187622895
154.88122008728752 228.25383044984392
10.37065331815093 211.43694116775075
173.45139610841127 66.30815663416523
203.61347277480877 10.406833001659594
21.9194818535427 199.2757733049659
66.38275543769933 227.72396742111846
166.95214429308047 1.7061961147191163
198.95378957955774 172.31725534850912
131.9626010311726 18.208134598400566
180.5063771303586 137.43021277751112
31.43302943022458 243.4948252476304
48.15163344807235 66.00843097530456
248.80869855335777 66.62588055415588
90.01309568595936 54.937285239550604
116.46176225876526 164.58543200166292
25.79767366305549 8.618011047985902
2.997029158704673 51.70537792046584
149.60599015920363 96.75674991101266
177.43694551731303 232.4511808490659
176.8289013130534 121.34176170531902
90.68497881897774 139.18896947123417
211.10397135203687 122.6925439231718
28.489925442907627 173.67830052205102
118.90919551273737 111.7479384202742
132.31746445848765 92.13245409753334
208.33917154760925 36.316702506082876
220.02074620774957 11.22172889338402
30.89958680956298 178.60177594386207
7.115041286427398 239.842680863994
165.93486842869467 245.60703632065005
206.29279874507245 223.16383374171463
130.92404125533247 6.954109121019847
245.08706508870895 165.89233252888255
220.8018415107781 209.97034742086223
248.49265952612922 189.98604543304847
94.54206949488086 235.50133556591112
178.37184350212425 69.36425366002597
81.72286883795857 136.80100606842376
39.977669691599715 98.79667424326033
219.99129512050243 102.76558636909868
59.938855409997686 168.41105197667028
100.02472115653477 70.48608600231626
79.48066493192718 113.19608395990868
57.925139404997964 40.103004006477235
123.17976203231457 14.231322564256633
7.939021014785857 186.0749556164325
121.46869471916142 58.9570115392859
155.84936178825595 90.5943045939741
17.792618412148297 148.37058448069772
201.06409906487247 99.21903403081431
161.20675538072211 103.78452341474691
42.00426274699251 198.86955185739163
151.17485341531014 109.42724876792734
171.31363645731395 143.15292601889828
44.08140991497947 150.13004702839493
78.20916257254245 202.14935672162107
67.51594610155948 176.35464670500815
196.81024390946482 122.28861889620136
72.00800427916896 116.74067946448562
199.63519463406348 40.91239445576397
219.92397591996277 21.715418475201254
67.75590741801452 5.091699750911783
174.19088577196464 142.1882100640835
97.28147253676262 119.20230953498987
172.1383943389119 216.59619685056046
233.4020361256692 233.53091214820657
191.51146094826635 144.1204106228638
239.85362316574904 81.09900446910326
181.54657843203253 206.33207901663022
137.54345506678763 37.708346404849685
230.52907694777485 203.92065496582399
95.37612412170024 99.83725630141929
163.5766893804272 17.227732298953107
142.3900627095114 70.99431916168331
117.88098720275022 118.71155681904364
163.1344728665569 185.44548586182205
22.558877981512765 58.99778270727843
144.7043611550224 12.479493674176002
2.782198844601708 31.992409967385978
204.92960201953133 29.780744255339748
246.93580427662127 132.08400400041575
79.6279854102836 25.86720923230948
74.00332594860706 109.87499372575607
46.51115757421962 37.80138681508918
218.8901448279493 167.38315239778402
185.77228230545487 0.1353427260041007
25.346508427219806 93.70862587051937
152.5848787702619 125.09311942715895
116.43660862917984 148.3889262259952
31.45931260163004 238.07228917715105
69.03967410244438 4.9557828784373426
165.52954129518136 98.03014203557139
197.76130636885725 148.42119368711727
171.33450224845691 242.10564589974564
186.85963232275407 217.75705282464133
246.59490164015872 71.38082528119108
13.108830157607859 58.92786997355154
10.70508554309696 194.42206243928152
94.48790904575318 184.5821643090538
5.729572916400749 167.21011521421698
10.825787300725503 84.22549855277909
106.28337149730574 88.81569444832341
113.09627596276981 188.9134627028955
239.24744151999394 47.66062442960919
12.296863235408823 211.46893584086206
221.55206042550572 20.656312668755117
16.367261513533265 92.14386314027372
65.19248371531432 164.415444048008
62.733967971265095 121.1375595649897
1.8516443900950252 226.63036409528135
121.31750862741048 19.92604441181983
0.7609843211366929 146.05720375229905
74.02891468497246 100.54859725626832
65.21485545554603 148.10501308132828
130.42583908040643 170.53819818563878
88.70369980059925 210.78586341917148
214.12301320511864 29.650746155293227
182.47931832019543 247.28346699611427
162.94320111800315 201.76766067513265
136.9744864627255 244.5127600233202
208.4414760316815 2.539896703027511
23.096643189116527 239.42915812173825
141.35151012207712 176.5703961365144
240.08537689532483 200.30565793047418
66.19796791737251 153.12728674626072
18.235952114425107 72.62804946018758
90.08157927084135 234.91658882104107
91.05852638125658 11.39125099360641
82.53989264931977 129.21436883712957
232.31493357364045 219.6352763584071
116.44882379951486 108.6064624436589
174.6377508367338 127.08422856245951
54.557196939300304 79.93918400686312
17.018489829170424 148.13054801794402
234.49609563277684 14.81640208117882
140.10464347005887 219.841107752216
199.84630984088113 220.66955947937498
154.21421681334508 82.47420604916105
108.42210001764633 247.1889208552726
190.67025261286327 180.2168332102465
216.68558430148033 122.25279003980344
125.532127799799 52.21374859240288
112.33506339958782 57.3387419094574
153.17379683668344 185.79833682250603
166.6697097900347 116.24019924558284
162.18030785422698 244.1335339032729
208.80604562029345 78.44793284673598
18.30046233813054 230.46659220260176
155.63050025874168 208.39570069825083
182.1796597721768 143.41446113470542
166.47685898781884 7.118642430696126
75.62068954649791 231.0869505518697
219.6795514946169 214.37217480832018
36.87969926759185 187.7771555889412
7.130085114298995 200.39377271702233
89.32301690595979 220.89928864937113
178.3511146568073 202.4765890792551
143.99405932155673 78.91986437547263
36.738637757104925 157.97542158186857
156.42432197545025 64.00388424197614
129.09832725788374 1.1963369687713055
242.75334258774544 13.104094911602694
30.29281880679846 20.73712808397554
171.46510590174512 218.1738663996507
56.87461414782413 148.14680986741124
48.49352663580409 212.40736038694308
0.11069932847709851 98.4925435057109
50.004514513448285 72.82384613509495
144.05954876256985 63.7767784515621
175.29466907003084 114.4766730037444
3.9836250760790226 222.78113640341496
110.28721705544012 5.194177099053842
75.33943184493044 37.97013754977338
168.69001288909126 72.14688165611565
74.62451253387692 40.6058835825745
15.55532970069337 146.80640591237824
103.2016342660175 77.88661263499728
111.85454284420635 68.96783925764153
189.7035829441802 139.81089654128243
215.5398422117291 121.26246736730772
136.58624470197782 239.19859238807365
199.10268084631662 148.73493644118324
141.6042057669816 72.99473823194191
133.57868143205255 242.48677232736378
203.326018398857 50.53708526580017
243.22753395736206 192.4725884080435
247.2418421314037 247.9426987950786
133.0246357848937 98.48789197479338
156.3470771454547 131.85003854537368
172.9696971125072 101.61227385442514
140.7732079124411 168.2060062688511
84.57424190900706 219.03336572079127
210.66048478496452 198.7285158501919
46.97259747327948 143.80559327268435
107.95776938200399 19.848816076947216
191.4341821114509 142.00359883936605
44.825878362050766 86.62398820410783
152.28082882057325 148.5764145798238
119.47682935804632 25.549172273390376
188.67463786338644 107.03982131202936
247.26906329803836 233.49213745487572
241.7325900744929 88.19923637153707
107.18304953812785 185.09427201310552
42.34234528359407 97.491300072094
79.28602469353224 82.2486495964477
233.41492552615227 79.64578763774205
85.86240835720982 189.4146401369637
16.865096485977617 236.9754625153453
2.3133799375848474 71.59262450369539
146.46760001816727 184.57182916461068
3.60819825036815 103.19337130459955
218.61249830824113 223.17791380038352
97.46653976933911 243.5548132977554
230.9489517263263 40.945531899439864
206.82862166635448 147.1214452722167
56.15249490578095 222.81317015492394
224.00609102577374 147.32993561887787
111.07459861631092 228.20461008261213
142.37688367130002 232.18969638183037
123.84308913633058 56.23169181408902
168.87557493199677 65.43246787913453
230.52401039347032 14.852605093270633
17.45835520042846 153.69233410854193
105.52991426925385 234.72138413102675
60.33656942659521 75.45960536540716
93.65073389155553 140.22847953464446
109.5456727057836 51.14008947454091
68.6754330060011 113.94444400565354
170.0244328444978 8.51440575839782
15.146024643068579 202.41825672584318
75.22342352491962 144.7336543669347
76.49699435124235 192.26835588180793
181.27478565115976 67.94347321725044
166.14287271459511 191.01364549658393
172.7194376561959 202.79076091269482
39.92797489757871 3.292702237632339
157.73510674524164 89.27386680303101
121.07137200268193 35.254961286986074
22.39442720842913 244.30180451589777
205.87875158353916 184.47263950169926
192.8823027982747 125.7622371209259
24.444871356779473 187.59448075531594
63.311277159763115 237.0755203549518
71.4112207238741 107.90552348340091
249.80975492130617 146.77757633548563
103.79693515077004 25.985568610488315
30.786307656641366 143.12280670099636
39.912203470539474 235.09392659781804
31.33585844460274 134.25754110413538
165.35406598898717 137.01173199724968
31.608931085720606 221.25065462916055
166.39694652146315 107.19272620309059
81.9100430771095 162.03817032345697
200.65217368907048 42.9348818692267
117.23673228887493 173.50544637230368
182.97506539858662 29.178528462969005
165.96019826047748 160.53652875852825
246.89632410743843 65.16844005796122
12.727206941764656 48.297458821594894
78.0513620400988 213.33920476236867
214.82128467319885 140.55401117048686
37.619849987974376 74.69794221950896
184.73565658807433 220.66583742753235
154.0540655477724 27.748684178079685
183.39881770886447 139.381228708873
194.42189915511608 88.27982182823335
145.78925467097406 199.65977735374494
123.1219594231086 121.0624521953137
178.26931310931965 170.3625819708407
33.98125276509531 22.13705880864858
92.95937000048315 218.57542676982655
62.1706837547 143.9045861462666
138.64090715103052 101.83229978160962
149.92707086139401 125.64058822368645
108.07295185811344 223.65835677458617
230.02612064324407 206.32155818431332
134.93515727858585 17.072999827834167
52.55681375683901 177.2470798241631
125.69074029023275 183.13177994708
173.31709403093961 70.52808028418761
186.3054073127415 172.8764871321439
17.237201449635144 209.84105662703195
25.725814575163348 81.44342760315648
199.48786979335233 50.7114081603397
76.51371901908604 66.41733259961383
228.51363464228862 28.414022465146154
167.11410857780584 226.82322275730627
207.12895223061167 1.5646180702916235
82.84118342913818 10.270568685228271
181.46607305490573 193.5958365684107
175.51831763240736 240.6148562658261
195.23984077914332 239.74160023998078
8.90757557490504 146.14937135901656
34.35332446483394 163.1154824762285
63.827602218961246 45.865334072243805
145.13995183163556 242.67921630463368
29.058688987702336 112.81049999799667
184.49972734789807 238.19561063991932
95.95609233576485 92.86577727150988
22.49676597279085 53.320981952716565
209.3431687930469 185.83838575061233
52.4840977706873 213.7397720031102
238.0545019049102 210.87941452657765
134.24171400651443 195.5151543092854
59.67437577629312 48.54986610179699
80.5206678547942 125.0621721479318
58.35874550407677 180.46551210593617
150.6831545034125 41.53404662999879
0.40038608968723244 72.26808399181344
197.41361355173072 101.60499473809293
52.40423550031056 47.91777004842063
132.48281419324198 46.96813533893912
193.48835471222492 227.3488818114858
72.81384638461525 175.03952392900868
235.15448404872475 44.76356204728682
131.22517094535527 241.1161728372193
39.54797848574104 203.3851229173248
150.8286225789956 233.78157881746702
210.65227352715752 45.76005828035951
224.1413146333703 245.8574431393727
66.84889602993843 69.4865705397801
194.78135386208106 137.10484618620174
158.4960753685699 68.70549238755933
142.001840506922 116.80097565016904
47.5186364444167 198.15329345629766
225.91041544610312 91.92843079810802
241.2491782634574 111.63137705756193
76.12921466913578 198.14769929005357
131.20254624231006 30.02733088585857
86.44938500825164 129.89796326917678
2.0256975842075087 141.1717027257245
184.16378547453692 45.315811800716475
145.78390284510397 6.226429213483514
108.49708326276856 173.0791760158828
149.01953624210157 226.88418606408217
221.1616385608527 8.333353945717992
26.05031561173332 141.51743209531327
131.16722364731817 121.77204200919833
26.413355490877393 78.9472264175676
16.693580632832383 50.93832185351091
65.68452173935016 73.36238673152407
249.12773750965778 128.1858772718712
217.81487110959023 26.896151520074437
153.17980986215292 123.392988029598
145.95222058961295 131.52167063184766
219.6344218023552 52.18946397018354
97.14981854193239 9.726158200319441
41.65716532717778 172.88670655284093
26.266650726117614 146.50962743299115
130.36259766971736 195.34926424173204
178.05160157185017 222.52820866092443
207.62851748325545 8.538688203584915
127.81965915672733 77.6805544147853
168.4686705993754 183.26230752779531
173.07183105785396 198.26460622233523
216.2087427093767 249.65185443597358
88.72020268135505 139.48802519514064
41.09435163182068 89.25673446204763
172.5603176590943 165.24272189680798
246.39508916607915 111.08221351485616
132.1950708599747 68.54549384592335
198.311253102885 87.60013215634804
28.500358815162247 89.36402953499196
83.47799005843726 223.1287461024537
65.90084477552006 156.84657829143282
219.8494260436427 130.8437240432109
59.75025061488587 225.48887354080966
137.04779273852412 228.41107765276934
207.39277463275658 176.39842710869192
222.32331841330006 109.0084657752249
86.5712656069654 18.795398328412205
43.25796915738292 104.11709863501198
219.90922918758937 146.60984421865115
8.668157951043392 88.29567104868657
11.795718827850216 124.59967248734738
128.18944763682555 190.17409660565355
224.01535222508875 75.36092933003671
234.04515229152852 210.13607874952945
205.09288281941906 9.083620669301684
63.375652327123696 160.9657598774076
75.5490987896685 221.04220116456653
129.4997475057782 86.93132785332153
192.85868537610258 142.6626099053315
239.81351355004975 157.1495242773189
159.67901977297393 86.56414758095998
232.44163608327227 179.6278492586197
117.10114373560066 100.29149350693022
116.85709272839709 5.585275465997519
217.33581866410728 200.5838831773225
219.4297047907702 185.1610532158089
121.50700715280769 98.00491249036608
15.758767236204092 166.84774590200817
179.24725528224153 203.4117444338336
141.76887778065498 215.5398491722131
243.62442197050865 168.97202710689223
4.346283898354731 7.571453611120993
35.51541152783383 27.00499334696027
88.00487385629471 62.2295416963104
40.74331559653524 88.30469084866888
20.646629976804 11.741949961698971
228.14344798415752 67.08785748529164
85.92791774182642 89.69269985723449
6.66678227213946 170.34414203142657
65.45718059493011 200.4720167868422
111.92853854169302 244.65414722694032
122.15367809322531 113.83795101581678
84.54873812674008 2.5428854025533187
40.248398625547296 102.7822870714637
64.0232038725636 109.92741261092426
189.34773837050113 62.31563535474896
236.0078436543142 35.71276686116837
232.4271001291424 132.65669433739782
157.83911533235462 172.62490579496156
47.510378460507404 50.16567742224143
93.02414842655521 130.6584994219759
158.77612529362108 210.84734104538128
189.66709933306444 242.01099860557935
38.788735263536154 219.94706065173082
98.04415170062528 203.66253014354623
129.36430884823403 224.71984581751133
193.33296141104165 188.99839473066652
44.821571876330815 34.015344436889336
243.96905884973967 165.92980129777825
50.6590344300995 145.0417256343566
14.394131609793998 202.11584329542268
230.67465812171451 61.424658154842575
69.30747546599933 152.56887640920837
40.50049453034962 44.92405388411197
52.01387159194809 195.60379280720502
96.82279953567854 199.63267665486208
213.72211155286757 41.39036672639071
167.81288057379865 42.59533219703568
12.97021662510678 104.38735937643543
184.69941214971314 238.66085251547895
158.80008693921437 153.52740954601936
29.614462930201423 129.4529095387388
187.00348964087348 101.28131396236296
136.41971935914415 2.0214495418716116
75.18073020876379 18.387099516079115
4.685476830093377 247.097808229806
117.92816576052239 47.531935281200646
157.0440274837692 106.5053029592507
237.27187555945014 234.45084976657452
148.52288203989846 19.091164000638592
152.07953220890892 87.27744662266498
92.74422346254855 49.434371433160486
6.138237964992188 91.37858892456224
44.72314896688809 29.77314586393237
74.48944709125414 47.98255511158522
139.8131318846528 13.387608431524257
9.93509779545948 80.53385032676175
197.37552176172335 74.84458664284493
35.26695494208071 175.41756482426493
27.868488346804998 227.97040234667134
15.150658261703281 16.554203602126087
143.9691157931711 5.128889085182636
148.58494704640992 99.04991941922329
164.02371931675282 25.495436866974753
63.77315604439815 212.23853245254116
63.73476362211955 123.24676674353904
243.4998252967271 117.30540740437489
246.24227094828103 231.49856020717928
234.7092598536358 175.3495125251362
149.16101332257423 115.43551587681678
28.40330700056351 97.67915957841322
102.38562518793279 29.25008508156307
69.71992598194917 223.55061094219818
130.5329717906046 157.6868186566469
174.59452499409358 223.92426216072104
129.58945430283683 185.1776500336516
50.26164226217378 186.55621635171002
209.94116578091112 109.18538719344184
248.2708236380422 199.03807735746295
25.11232627910742 174.14256671194872
88.98594694208376 142.3258921797764
64.8561217110698 3.272394862859157
120.26064525884664 172.8467421485327
183.40034306737854 55.84884448859639
129.7045538349211 61.615294593022064
56.826547123952245 88.90523689671814
162.14247723223883 242.6246405023722
202.89780487486848 68.4072983859288
66.7799301795538 162.18383943745454
54.584360269938045 118.49130887623072
33.900103073517066 195.93259948416375
121.61128150142805 84.13111310427429
102.7919280075926 164.1722446743826
238.85038858746555 178.46292161650584
89.9935060574868 190.00272842749857
41.327930759641504 134.71859360580524
60.10563342874359 45.36198072330871
102.90842627833796 192.8662598965549
150.42452968764385 133.75425183473618
212.81539998468935 137.6817039207556
218.270160286649 125.53207271643626
70.0442247620241 121.28628109417025
173.8422263926804 10.868624266444915
222.41633777548054 4.878719514078228
171.51400273625225 117.10826322793935
167.42693162350432 149.53949995261158
16.522845777610623 152.86901156892782
112.86988453057101 30.406884583861455
84.39050682492208 115.02789164832575
23.68369863263828 237.95248650246353
134.18428013281866 12.719279766423174
214.758447829202 101.49046610195006
126.18657757901971 244.85893989119404
23.054394035934788 203.57206071171964
44.08269204101131 102.99386020841008
197.96641880457085 94.16960407030011
145.4559064343644 126.28325810500677
248.17589536459386 22.741900798904062
184.8265676055616 40.48905135652739
44.155195680460004 71.9565612272724
46.267502094318566 106.90899781963861
212.08613180330966 56.91981089711298
189.15076300636161 221.18803889006077
140.55916646597169 96.92685814771052
68.73189986034015 96.15709820751562
247.0303497550672 73.65651737291418
44.02371816753606 44.536750425935274
215.81689853387698 122.55802352328455
147.24943743856937 112.09957299176041
68.45989073902479 67.27259241230662
92.54974417272493 207.73268520748314
167.19186894510352 193.04677619735182
123.63559381585898 86.17251211724201
171.37954780034843 138.34530909391842
18.550736574828086 94.55853203594006
84.23009618921931 200.08784747370194
49.18951411762498 23.95266281100644
191.0888984739671 138.66828536734624
147.25613694143274 197.82698464126005
7.352540280832515 55.394118699155975
173.84817323153953 49.99972946317213
69.54690532996024 86.79846543615157
22.097109283450795 109.00244071300503
29.271432578689026 150.9728237882952
198.41373089557638 204.17276498068676
9.610621159279908 73.12021585138159
54.38663359192966 151.79702624152898
37.00914481149134 43.84009785644588
198.08558378576075 61.34197152882953
37.79742601238184 102.76021880942926
249.33849012091326 31.96024901201408
42.83281230223226 54.95055321964559
193.26726615281794 69.62650461837835
31.0657317980558 76.32280779607645
82.59745293122772 176.7973693895695
235.0232348029105 159.15925916115341
177.04988569804368 95.86738310597309
232.38233874747098 83.8187327337676
101.409859729025 104.16942069180546
66.87693002361215 215.9394292963462
236.97783662070108 157.9802556006582
172.53690898715047 166.90205653849617
104.88693016651335 219.97118975014246
211.20089572096413 233.67531819072144
243.12780714961173 15.35314604712401
187.79563045414164 29.7544052599992
21.857584290337794 172.17563465408762
93.0486268500857 202.46123337110512
104.50402418017008 18.312717216719175
136.02980680367452 61.181921434835004
145.12063215403379 167.93049640997086
79.3784384052354 181.02178629708627
31.219308628028326 130.7845238695145
187.75274532647097 121.6907803104939
141.718608838929 147.03371377281817
204.12548254151596 140.24001058890428
133.60323542467773 71.51999578760291
159.844086243699 81.48977222318618
146.37155823485656 73.55354574123827
44.544302533203464 136.73698658726133
76.65212251746098 36.09971780356602
174.12699744950623 209.05271300262558
117.48653908407164 148.98239168401935
215.37898372162022 172.7362301460959
189.54467422953724 57.242898310015555
16.129711892007652 47.52306651696422
202.01398008994855 73.94004876573409
76.98914443710214 214.84945870633948
147.26932846883986 36.258824078907125
176.151913803944 174.97328137867294
165.76862524435208 142.169458602077
136.48086273137977 56.76655967808403
191.2185138949285 166.11114761079372
194.71413506841662 167.0998086328797
232.31923680152101 215.56792799252239
14.71433355882301 152.9513072283933
115.14352680754556 22.24524904077102
219.00410374112 208.76985679056452
220.95560765700756 209.058125141877
13.697920631281752 68.08210645648086
240.12073319455484 214.6647034161016
44.27128420713125 13.97774111472222
195.13081209863964 74.12523750934314
140.28139354213394 63.44206937432492
168.38119719303535 36.9389368027338
142.04857538774723 236.3128616044301
238.84136122531802 213.5727012870359
198.79159281937595 194.7158807213891
174.26738013678133 42.06298103035136
118.36074759847013 23.06279144345788
122.12279864491596 85.57517975630915
23.02346085570739 58.11689516291488
101.64036553890188 39.714280915730455
125.83482352712977 92.4804289202697
81.45553293809878 224.79032013246749
217.09488092437837 24.776899860595
189.22930879996838 220.644946390553
200.0965905910647 68.98781155303001
142.87785148277146 171.31169545160262
148.83216108619834 10.466195018381864
178.61067742371995 82.44829164275674
197.52094858284389 167.0737108366936
59.30105469471925 203.7484661156946
2.971848413438255 33.50443680834289
29.118867863763885 147.58526388325578
44.7242258693048 78.17084519834866
126.28679200609797 136.5253217434195
23.422697140901867 115.68827988621325
42.844509996346204 15.412461163669677
177.87098904584172 173.91344345576928
30.980550808108852 230.73350240951552
113.71521721476834 202.30082608962323
235.31951762682468 202.3257172905515
246.03930627069636 101.01185413812041
43.55240470459682 35.90239735966022
167.16068419609007 105.62946924432518
77.37438497597343 237.6244236537939
229.57310563849876 221.83804565299351
173.36570943064223 91.95777508294267
109.88612508123913 158.4680037671369
81.46479861119215 186.95159911908377
48.185672691346745 117.4879437908529
24.933158005696455 213.37433658003033
188.41483621646287 215.8194551523983
102.76964129170895 123.20301773903728
134.15909883183065 83.97895412627157
42.19724301174774 215.44460165450056
114.56734925762608 58.78271041786401
229.88581762271127 167.35961663604834
96.46701545366248 139.8079874454963
246.09259261865222 4.8150231548671485
5.687340651379824 145.71370311984992
215.60670459419268 12.704653147336764
53.65148469267175 169.5654761016724
212.4174192884765 111.23138339897845
142.7588661803517 42.81819956699151
24.69060998620928 183.35283240907762
158.3878085318923 116.64992584313211
8.163935417825563 189.74886877072973
220.63077786582656 72.37238202302105
99.89932268837268 131.57527648940277
135.40999654701199 70.67180903311365
38.21632191869967 42.35830217961986
22.095680354277363 106.43787838709406
236.7461603720255 66.90488679000786
36.317599966086995 185.3142383069282
68.78598822640674 83.05859526191256
61.91397325068526 52.515916824882744
214.60317175725623 85.8136649955831
100.47692562878602 127.77584037740824
104.88084054969748 6.237566572349196
228.9761077999384 18.298198192437415
135.2767645090432 42.64383658299303
225.87253136041028 137.07470543627676
88.88075184506694 104.51815868762962
36.87165734031014 87.45694883302147
26.508955336226187 125.63387209756718
225.69314180488954 215.1308597016644
213.0179207384863 143.5504582837338
133.45943357354588 248.65527198008812
99.92169366243463 230.9133646880043
137.3741066559879 243.9949737878159
234.02354722767186 190.18224878419204
228.21316261529944 35.32794927793184
167.0915290546454 109.19667751474462
110.37841317544276 114.05887097042947
155.8889351455977 170.61065923262154
206.54555286586756 179.86064456452974
80.3060401399999 164.72070946676183
230.80288589911316 144.23958007157836
206.30816869266096 83.00150685531321
177.99291141678947 59.3955271041669
205.2556171118869 235.59682865797438
127.01942764126147 168.18828614317408
123.54190595744218 215.11853353369756
86.27899821604368 21.68116829078909
102.58568069974072 197.91704164137073
75.00149349324705 62.36116529587368
248.4395207618769 211.10033423313922
226.76268426109814 184.33662492256832
13.713686695207421 220.05923223701882
131.607943933429 58.94241964446012
60.85862135305015 65.86292069060504
189.35580247810722 4.423923100537547
154.95199416469003 245.3215097536421
176.75379786835876 117.56449440392988
63.16354976859967 17.085536548760576
90.21051185471183 247.35618797551132
6.18052277738207 177.7044470279306
195.92874200590686 33.69146540888595
24.320835519130807 10.763727959594267
58.60634706690837 20.419642779038906
245.08110833686922 124.2863373968026
199.74108292309586 17.941894565644212
41.347003764656776 138.64471182958366
120.28933198210274 60.572751884118006
162.31013334605578 176.9443850158143
65.47394791214312 11.692264786624134
236.6046444514747 42.83614112522368
179.64385870242862 165.92671018583843
194.5950054213965 226.50364657539856
45.88524759144211 12.806032435801445
220.56523184269557 199.51234980687275
217.62722999920715 155.13573149647073
103.10817200786512 143.65463018460818
160.0161613380712 231.35554033677883
97.25283533467271 248.92167657902652
239.87033321181556 43.64816815179484
41.787136199216285 7.293611789795207
156.00287964141538 198.67456267991616
1.4808097158864053 236.38389893013644
45.03286590525124 209.434800718887
85.92671705717333 163.34701395870937
156.48917142081103 209.4920997381725
144.50223451074174 110.86612512363642
206.41514853710603 242.3595969209753
64.48392189357477 182.90920792002171
34.105252801533815 142.76658352201036
86.185322411036 223.1067262782832
105.00317087859653 216.53718286550102
141.07040005421777 144.99376953093213
97.71465901586848 45.532831380056315
73.39871140358822 22.46608217462431
6.367427607654602 144.03724741004578
246.28578127073922 229.7880200734609
212.86181888016498 124.85039162689316
11.748963429548315 43.683240721411025
48.846250296251 224.94571325400182
92.69355442937332 40.23262305474529
159.37821395331082 107.31894358972674
181.29491592197857 93.84608575805319
218.2639106058244 218.1517213283232
163.54315290050673 125.20928374325064
208.8488527506621 205.1295834009536
123.96312475710877 145.20371353736766
155.52412657734098 91.85039946447624
73.73168424515877 213.68819878886987
94.12385189851224 162.1141575698702
9.173742198380658 183.62301322988557
162.1712232764018 207.6463524809977
205.07339620614363 163.68501057463433
72.08340915134289 199.01384040063607
161.54207277446687 195.84974884735007
31.635042592391887 6.232963179459233
235.6412146350798 4.542325982144213
27.18556169327835 219.23056954901813
33.44346015433941 114.83668048970897
49.63646397602223 147.00415973976848
117.0863586439492 65.8407952336689
65.50819341202867 228.61338073728513
115.26126164210562 178.32446973718413
38.75948158046374 189.59691679954636
218.30230283618093 48.260171504059755
210.0557443113905 3.490619724923344
185.56826442874177 109.11010713510757
245.17138384984207 218.31089487747326
237.26622166946046 208.55750014229375
185.96425795166522 187.12640870139376
134.8800648513481 213.2946118006096
61.439983399853546 39.01608777196433
148.07584803869224 145.44790418240083
70.86055050108043 41.19411312719395
150.58564870399607 179.18875193695382
238.74399227865968 243.10287887055793
126.40427155338487 101.97994805082935
65.7878014150301 243.39405933100107
219.48250339145656 184.09853655747668
83.20773462121988 240.192290561193
161.62609132353137 179.02593667762537
189.06558410851468 223.7088688243307
142.45218656650195 103.07082510260432
168.5656330093741 231.89345036022544
44.81422815098438 128.9441132285137
156.45809750614757 159.73235974867177
125.17914229312063 199.30036421341995
29.554357158123324 59.741979175071066
75.27667998596252 43.082882494165254
41.25174652608296 77.2395962646045
249.95535040009696 40.34594082822435
236.97662655709763 48.788271114916434
101.89477789849002 225.6597842071695
205.2707846090888 166.05847165072421
228.62098633678204 8.451952406701157
58.10977437535031 38.82949058889557
109.0873843674516 14.026679577129109

105.02448640900775 50.342004952461
81.09537824744362 48.03917402822014
215.2106039765817 72.57593717043973
248.02525490334037 113.91661658174048
242.06506245404017 84.6051886236774
106.59192835996473 148.18188985606903
149.3507572857557 231.91319111971703
147.8886832740152 211.0894077893312
14.12410804190667 138.18949180988443
217.78148382960805 183.79779322835674
13.806537605222214 202.63722577332592
239.48868893060938 132.8819277802878
29.506669733068424 13.945167063960955
117.25319317457908 208.17413412579637
38.03746727758256 90.62337046882143
35.97206230204894 82.60815949741563
73.22066158118476 15.022782081851732
106.10777620964473 122.52008046144732
206.00564869530007 133.8644555655452
225.9294462324886 219.63178544166774
208.76872973497908 164.97530939840024
58.573660519629115 175.33862585690446
16.06718913975583 10.405954927834637
228.63262724848647 171.31514352919535
160.97572595919192 241.5842953176528
103.76390010153538 30.60534846852145
88.65352151909364 28.122445752980564
199.27410748018312 55.381602837582534
115.07835141331616 179.13592714511915
117.38902111185936 188.97560002562102
16.94177430129201 114.64211128236046
47.84637850042897 1.7514460414920496
76.57496628425253 127.24864363461508
149.5074612734224 101.84048339107665
89.33216960604499 105.34717167755939
234.70105499362157 86.62219796554224
110.1087600406045 100.24548031268051
242.3339871302499 67.94392521944687
63.8241217305204 33.2608581098803
24.708475785469364 200.86281558705633
170.78021770747813 12.839226634327684
20.085614257810885 96.75878390912865
68.96021999622121 208.0467523559318
21.187135225512076 206.40703650780293
227.9968303014024 43.38216092548677
106.85673305631028 36.963065015927526
47.167019018299314 27.763940621983924
184.2624474282376 192.5010120035007
35.568719252809466 14.70956109094973
111.7741085304346 178.24424153379297
138.84310596139406 120.45599573383994
206.3309906856895 202.2623340382017
98.61141841642238 124.51744700659245
22.730043275651035 242.91499022408246
138.2470043171085 61.28418756262419
164.8627470852969 94.0806227754773
173.90063147346433 231.45109889411137
13.452591747969784 50.67022628205112
112.07778593811469 111.44385228471792
111.30452399903825 9.467041381458541
171.30320589720645 13.469971172334533
54.98963451448247 33.339502502771815
109.1243811921079 168.76047883635093
125.63965356213048 20.255225964627034
6.1839244932938575 133.8637206312009
54.5946916427906 28.989695293284157
78.7016725852998 89.16577826375224
58.530244173230464 52.71377135990016
103.30507805698646 172.29629848374003
247.94920818297427 31.83809306186977
25.562640223970952 191.5115058980277
243.51296388401914 137.31946757774537
155.25228108784944 39.67049063418676
224.04626866736515 24.14408396713427
18.494367693116576 103.44511406309923
105.09962929668815 215.29236403011777
145.0342294717337 26.142092931991602
233.99793463383955 193.5817713428173
114.10552546628158 96.1654116816277
77.84469459981861 111.09495769670936
36.27198367446105 238.15948341000504
153.86840471736173 1.1263166094432897
139.41512117074922 89.24433737284309
246.23493615575913 103.67399485023346
33.63097776170421 170.37120680138725
155.39729977669467 155.95263512068354
213.98715638479018 170.95678880817619
31.57518374753332 165.15256219637752
160.1866526266751 23.851835432199515
239.4417125261635 159.39021647097243
182.13980445795843 234.08428190601214
198.70963565099171 117.4896947262713
180.51358741139455 81.43171010232534
164.98311803829455 62.04876103893309
163.13826337402654 180.98663555492485
134.2500417835859 159.81285541950058
12.46807389872237 37.294454552437486
202.2767718194411 93.10205913522945
84.16842874418751 71.03483598943764
199.53341416869708 195.38415049833162
36.940380054243356 237.50525853845906
101.35437987148902 247.9886286823193
35.16900311623999 103.13299317938434
39.77536771903026 34.10132727496487
184.94538038472191 104.69358447328952
126.82594779366124 41.08487980193137
162.76890187191918 43.54222174088893
25.269743586835258 156.78766423836262
170.28337141020066 107.75569961985381
117.29059848981547 60.97986523154045
58.32604586128204 218.82068203220177
243.04822354791858 116.32324947835052
12.34673333288827 16.472030285491574
45.675347359215245 48.89370817015198
201.13384057660573 124.47248867738104
114.95732117740415 130.0269355329335
28.32569759984388 88.33810618917413
102.56087689671192 176.46666231623263
133.24681550215882 108.97834579276355
48.36827896474838 29.378525872251455
192.21749403195733 21.43768688727063
96.85715458873185 65.08605150266824
21.35653197309628 188.45317591127372
77.57075712596392 151.84034564782175
18.436924343965934 147.13153078123133
34.97441237991863 105.52251904413542
153.33849586212136 111.10785381667954
132.11099788312987 83.40194951809207
96.09304968557028 140.1948663820245
196.67005386619167 22.460029646352574
88.33359345386069 102.77611426374177
29.97356792331793 7.6886906559445745
160.85429790414977 77.17889672048182
126.08573510549967 62.50782248821859
179.73209972100028 95.09725217966597
159.89731765100115 8.82031594932975
204.88757522298135 153.221702902711
36.853621647024326 205.68244709713574
204.39367639989015 65.25955084890825
194.4556358324366 191.40995811118648
20.212968683856165 45.89357224683105
217.57177716873096 77.54917578074321
117.45552979955038 137.75461497099957
212.43990787236146 211.19073330978597
195.07901715626562 94.7400786771769
33.926231914793796 214.92468291156055
182.39544963944206 129.73144152248526
218.25605704411745 184.13376531331832
28.32651215444898 35.405594055371054
90.16947160750944 186.42347083668736
168.0990334034616 170.50060135437013
72.18443288064819 67.49959881333861
195.54256020070017 63.83085715457462
187.11933295418535 57.186989827448436
185.0242675545004 181.65199021825947
223.05806129457605 127.25777856116267
151.13760989046213 144.69115589338026
178.65365753438624 11.093819167198898
210.0157071663102 23.92931341110219
141.62803054712475 93.04300224515308
239.47309698183827 14.547815683271681
23.14077524613234 140.71851351966694
238.45486794105867 116.53733349152806
136.2006481834662 142.39430968188495
14.552528412348526 232.0387300260338
168.80047212771 5.847344120619713
209.7893538195133 240.10228252069916
155.23935234673985 139.41180657427802
6.392658685902108 158.68336727373588
150.4917237843675 114.84234553609157
91.0481463946404 88.01473983647257
148.20310096541508 54.76701612645285
164.75508680065852 22.44313652981639
231.48785463500627 203.5726196578483
123.71044651070157 208.32322171135212
32.64380784337245 217.7243772232675
80.06093141997464 109.65724406143367
107.9328966524277 137.52946672541327
35.618055140945486 44.7895958612724
43.81039935861139 81.27160272108094
215.25002205879932 58.31517775393502
28.341184773145873 123.25703370067126
172.81695375037847 191.55377421450936
47.949137900624414 176.22814914028513
220.02271347165245 67.64198137347843
69.84608194509978 135.48866029313487
184.1074889679225 212.004330570411
238.2015375187244 153.54110627065484
166.0972922600226 175.20191826777403
93.70811665887064 142.91926957681986
14.272523805380438 120.8139970101224
196.6562630935006 127.0609922008804
54.64025306452611 99.8923060757346
23.604866387594072 80.75987782096797
104.44312724934186 127.27595265305148
122.25103947872459 19.45355423149539
5.621402293599753 240.44229520767178
231.5130466345526 244.91506989773225
233.00735477944036 15.627416820546081
222.89526418562284 165.99067266811616
36.23119039479483 11.674562899699398
208.35191900564502 11.434348320996213
114.84977707595002 19.839261644078647
203.95133115465939 39.61813320578453
217.38237436950075 37.767093663211156
158.8630849757798 87.95418890745627
242.90623910949301 109.2258606271769
209.26071316829714 5.95011803579526
118.64979407049556 58.59518298259536
119.3609852731814 139.91683228441073
217.86861101938254 13.091810179461566
166.26783996512296 57.245369051886904
169.7168413565258 207.8781824227257
237.33394098345326 107.0959240113851
29.995391153743917 199.9004074662725
91.51805026068493 223.52244815388704
177.65869630050392 241.13627556618968
111.68354367988873 222.6171495077093
63.67427965579453 52.7408769849331
182.20285338483743 144.6067594224222
195.89169590794643 62.925308283917566
154.53209421613093 48.91123331087188
98.57606785485659 179.25912789366276
131.86917462295912 154.00463324707536
166.83505602744506 44.1022160034574
156.18212954047894 229.75355575826455
8.193254807872584 217.43667896379594
177.48376492587823 72.8492780746111
207.21743031044284 16.233790466218867
15.563698913818952 195.9146455201331
62.68877097665448 223.27331087795204
172.31977390698063 3.544270277032857
198.40401461482492 175.85429747030918
124.1898797911703 18.791166888210835
179.85191489135235 136.37383745542724
24.873621149325675 243.22495663608345
47.64051022177718 66.88248855334477
245.5644643391721 63.1379981316684
92.18775450864986 60.47460763997584
121.41655753089576 163.09561907393675
31.416868833853083 6.594682391785788
6.962470974865381 54.02872910791612
157.1222448069337 95.35776578774876
180.22974159815743 234.90054023520884
175.58538398381324 124.09975493637343
98.64217973706305 139.21609413402206
216.5919131882658 118.72637522814736
21.318957172450276 169.77048271300353
110.79724196921268 110.87492964498166
132.93106022150226 85.54204481034658
211.3742109686751 29.222527995746567
217.91330186041026 15.500083833801332
32.549413501251955 179.37581294705203
13.525568043140062 235.36057228138242
163.46352317134284 246.19161391743194
208.05293808923196 227.86936567563725
131.17800387336857 12.046603592891502
243.4015617805721 157.68122785779153
219.4870115530739 203.2340266772123
240.4025220907264 191.88044687591963
87.61949303574312 234.31932987477873
182.0132192869203 63.21409516431806
75.94487800370972 135.71920447705133
48.05100856110581 99.63928178938566
218.44021163228905 95.64325851328523
61.06984447422345 168.59136619441585
98.18958051896001 69.67991000789067
84.4183120337145 115.29618461447782
53.27620590413415 34.989707784881304
122.54158826831302 12.912459106547065
15.645291661362803 187.7552780912617
115.38549719901123 58.20824115098067
159.78629680402733 94.2477057975872
10.207078264422742 148.74713138309625
195.79929774716013 100.24683981198237
166.48428741986675 102.39863364904708
42.49185827695609 193.00150078928732
158.77677797354437 107.84454190127468
166.44369058370103 145.34680454554504
41.42227351584224 149.85646001113102
74.73439739574023 204.84599143819977
62.87758675096617 173.18726227293317
196.31534108992594 118.39423395106333
76.65808260992699 123.41216358911966
204.5214741789561 37.94644256828436
220.76572303126989 25.064024227476057
73.95070898762773 4.226223521535621
177.99833399189112 149.46906587704083
102.04882275632635 121.30855777274176
171.3385380811093 211.10848134680612
233.25492059833076 233.65128262619766
191.68594882746316 142.0435189624747
236.9407233598977 74.3342932824079
187.11956924066925 212.46540962009036
139.14647341962456 31.921678032308083
238.4576912480897 201.66648484270235
100.12118079112639 93.76090133513212
157.49565985716728 11.62286941588317
138.18777256045792 68.80968066150656
116.83755747601876 127.12588116913018
161.17761053570374 182.1179925689535
21.896992350744547 64.40890319172759
140.58669874891578 6.188865269992849
0.07580392321784868 32.38888039518151
199.77659545229577 27.034227887212076
243.83572912892186 135.14937111165622
76.63862875042976 26.43603822303661
71.26168590430748 114.1339028064427
50.17482153732256 30.30233449831199
220.96987220625707 173.8260326177875
189.95509057410658 7.464269939833929
27.75205980174475 101.08923253239685
151.0648622454931 121.38293370597187
118.15520582356295 147.58923295585163
38.73829388642705 236.1893820197279
71.86986366887766 2.299398744286224
168.9998901743651 100.89001249719199
198.86584820172334 145.19477970752243
170.53673427684382 243.20536766511347
183.27613944641854 212.5400766225352
245.8535716562009 72.27622702013606
21.373168577647288 59.35471619209828
11.176245861774154 198.5904419958154
100.78043320527902 181.049554119254
6.801010419039883 171.26275957649756
11.529719864146804 85.11724203736257
99.84912012434982 90.8448179583706
118.45204301869461 189.39149785602532
234.5361378608658 40.676620053781974
11.031186484727673 217.53202695464472
225.59038397065308 22.308358928712856
18.40225884305996 84.89309168773504
70.86144062835517 168.08554120297438
61.99910173774939 117.7904422349985
4.773170874342814 219.58093185899844
123.4229442854454 15.452494884257595
6.876186585289573 147.40532315142408
78.3483592632753 95.05421298972158
60.41111995050935 153.86675148784516
130.97249522969253 169.58658041841386
91.83486274347807 216.9155703855089
215.9684232421188 36.61187075147898
177.9771637771516 245.76733161307135
171.22334403386776 200.00314858183245
141.17756827593487 241.64326709889627
202.3010665012279 6.6933024686062215
26.772862236061094 238.90027802630965
137.26675145413296 172.29390683420795
236.77134616344097 201.69831487050965
67.3598552684806 145.92997212355505
12.743650987801836 75.79225933390104
92.94983939924062 232.41975554657336
86.00843729216682 11.783041585327892
83.41258398303644 123.19515896415925
235.89055744439293 217.76855837516715
108.28161646954982 108.36093184528897
178.3600467347587 132.34045246833426
61.05460918024808 74.75907705650658
19.82003288434464 153.27073325421708
234.49365015302484 9.692648414428518
146.72303628078765 219.5600112333294
201.04967169722343 212.89754085205792
148.95827946523542 83.03709977458324
102.3133365547175 245.75561318556362
190.3035663402928 179.54582587559068
221.05599107924994 118.53144957552236
121.1135080856813 53.31182779847882
120.01025527975462 60.169418518451614
146.76675310141422 186.36052624023404
164.79572509100765 112.24456454360643
158.23989964159784 245.97254452661824
211.75779714634152 72.27955852182718
23.5099394115921 232.12883995096854
161.16848391583852 207.5009106832512
176.90757715383745 138.99351579338457
165.50781397526532 12.41936846313485
78.29358855570698 227.79308859245378
226.29764075973753 210.56926086289147
31.794677086820627 191.97858432880776
4.807275968409214 196.68789347232973
97.28434399676253 223.49696286408962
175.49172315647775 201.79188050129136
148.51540264354563 84.10469194650099
36.40658403267572 159.98956956273287
155.87447940744573 68.69011575465015
130.73318658943174 2.5979294707181575
245.222541264819 16.56178713231535
24.344735828604776 18.68224048387296
178.3310480079109 222.90169388114154
51.447451525612976 146.49048878684664
54.05590273564923 217.9995909727417
0.22609255517844207 92.1298348726495
44.97714628397187 74.08453150616862
151.2324483569929 68.03454306598603
178.6779668233921 118.41265000782269
2.681289258065794 229.4079067351678
110.17342955770212 7.644484595200673
69.23632449991743 38.15739744836327
170.83556433506632 77.16575148079465
73.02612333453328 37.17869707259103
21.328809591065674 143.86139977768286
103.81247641125863 75.71241357356023
111.79904942602656 63.52903303461177
187.82217298778755 138.97254265161877
220.85518581620693 118.48882308415415
133.77656246047698 240.23277446674624
193.43904936044905 143.75229770751
137.8872580176749 74.59647736084338
130.94096084300682 238.4612910716068
196.14495196823697 48.04184611114914
235.20062221347914 191.57657997894196
247.18876001564018 242.07998457340776
126.0731947513522 101.63547429798834
155.1073368737301 124.75484358321887
172.9506444664757 102.8656697936986
145.01254703499907 173.57126142092923
77.42225471701275 218.1756173722773
209.0385688183412 199.29195219290847
45.60277758586265 135.44568172773933
109.25145644610245 19.56844654536269
190.96720779303254 143.89268891677273
45.89720331818031 84.20155919361468
159.0210708836302 151.0759273189466
118.2748050755304 26.909228972425257
191.98358692838173 103.33390259848011
242.2811989259742 239.14268029925714
249.23944229782884 88.25163608157757
108.58407498563622 179.88761257348327
46.02903367192185 96.02398936932325
79.97955532575526 73.8669814830196
235.0582477921394 86.89486560103074
79.51969979795209 192.5844851891416
13.742238113624406 234.6921207749017
4.682802726582946 71.59239039761997
147.51653470825747 182.24720316147994
5.199257222463643 97.93442242418482
223.7309465124164 228.60468187125775
98.0983100414273 248.72212551091505
224.61156756968674 41.81587139510334
202.50469854358423 147.6644292748425
61.05734183486231 221.52589224442315
223.56402178545605 147.07649168487882
117.83620856075896 233.16058831044802
136.1467968905176 236.46121077799526
124.55400432785463 60.74655014614963
164.23645144791575 60.26159176580342
226.86836659086728 19.51702380776757
18.195885183316385 153.76648911776508
100.33440908074343 239.11601898143903
56.12831673590457 79.5552098213593
95.3740900624841 145.2333809520634
112.38339087074183 50.18786637243414
64.95429493929278 119.3775575948384
170.72418016955208 2.780472554175073
23.136620840859155 205.2486266974899
73.15535384989295 150.78725735103117
72.52078086767494 193.53666446985974
177.49172788093713 75.11098997329776
167.27051286602838 186.86295013502755
177.74481923140857 204.0055773796003
37.43575125319001 6.119297995603123
152.97045988367387 85.43241979800234
126.81108921441684 30.19456380855312
30.64790464834341 245.3711839163076
209.49195693275655 186.5058995469113
188.7803804440076 126.67326581927865
20.207980909162675 183.367286019367
67.11612945803058 240.99822027908218
73.2371941992731 107.73005892279238
244.30891304522012 149.0429973633371
99.45786291538828 22.948475231396344
34.27633795020704 149.77237145310366
46.54323118382525 237.22350659409514
26.20650572227304 130.40640327257108
162.1597956471218 143.93060974147593
32.26147144448607 216.83219257049106
162.7924094814815 108.92165239443602
84.02772573988601 162.42941580768127
199.17547782992625 49.979636028076726
116.83191688164516 178.21351240879622
180.38660834832135 36.63497873979227
172.95323097305405 157.56974568649272
241.78700091076553 67.63642782665588
10.10385824877147 54.35199962800158
82.00137567732659 216.9509885563174
220.88973436675747 144.32303711735437
38.22956806522323 81.44683239911299
180.7290922788348 224.6422945692515
155.57905462560646 23.21064987913554
180.7331356633491 132.2351807481485
191.07254591284152 94.36602280188458
145.89303215426847 203.85792293665878
120.68552642901767 117.09588934556822
177.6052521273578 164.09355681971144
29.514140719562125 21.87451418123562
99.08141424710443 216.48689996759953
63.41135707001227 145.73008491723834
134.3233482222666 108.26811929750491
155.66187658481533 122.57778615471645
108.40320155236702 230.066769516028
235.6825084952589 206.9119942532465
134.84564490099743 8.746267916240724
50.14286766209142 185.3016388662165
124.82276474277312 184.9543111389821
175.3704356698232 76.76057136428372
178.4724543854294 171.77167933371547
13.253997893991315 212.53252756121884
25.68927894120118 85.46767245944511
195.97576339617316 43.060520257941356
81.68706333485123 71.26872150281619
222.86504837103132 26.56963950425517
167.78997826353302 229.3133129062204
204.08856371839713 6.564104446404456
79.94796519862135 7.56540145004228
187.86424395042005 190.94253363530427
172.93450925639144 236.4164282387982
196.15286576263503 236.34180467000317
6.602798425398515 149.90266086765706
31.96286089877448 165.0825692965408
61.91708131459997 52.71855320188584
149.98823675904123 245.063276878661
36.94240747583216 115.49735183448917
185.55046911738745 241.5189565276604
92.19883126723427 91.91121323812784
21.072669746961065 51.68353391997135
211.92803294311958 182.08780207765918
57.91881393961656 211.6466383500692
239.48739772663984 210.4416220311902
138.31155178524327 197.7736833744748
62.47119504085619 50.01950783561043
88.40959467194196 125.1415731711415
52.24805234302904 183.43432275694929
150.76319847621593 35.586928440372255
3.2326923865392265 73.53400189226322
200.13513136556972 94.025028631472
50.26884100055659 40.78214337827693
125.39044936186488 44.247996345593506
190.63182978575307 234.97668589525162
78.19239104957629 179.9792568677265
238.9191665011269 46.55856392660107
134.94684668515163 246.01525273116178
43.16844125120423 201.09583856059703
152.61725292999873 225.66767430170725
204.3134437085621 50.806166843211074
218.86348313474426 244.77820798922306
62.91978465976317 62.33532769956868
195.86132766920642 135.13833604331066
165.69037020709402 67.5466764530989
139.09915886138288 112.52365601769928
40.2489674135513 196.42568981881527
228.27850162879218 98.29366922833461
243.10883234064423 109.32882181845474
72.31351939283631 195.17674802145044
129.21898246624232 27.41252788181947
84.627031944495 126.23498090283306
4.680287605111327 134.08502080227464
185.36933008294494 38.15736100700878
145.48465459530905 3.603637996116793
113.73433529913132 172.73714556633442
144.01753270894034 223.77574076238213
216.01322143437693 3.907797594670054
26.63383950762413 139.29976338242994
130.76123702382893 121.74540333524841
27.95154727318039 74.29736944536863
15.16388285401929 43.13379534693279
67.50345028902227 71.23426467261984
242.32747190882256 127.24241890288019
217.1543217076977 27.058391807800508
154.99544673771078 130.87252260867777
151.38021220584145 128.11615524427125
218.85483081374454 60.09001330891528
93.47208715726993 12.518047786571312
43.1645475724228 165.3382567808598
25.360942341340813 150.0972095554966
126.57342213994654 198.27858956824537
180.72585727892172 220.99291907915813
205.79210014605295 16.584044310576363
128.04265228456254 72.51153926021253
162.29877551993675 185.68583188118524
167.9587551198688 203.0002243118136
214.12507982066685 245.5718162364973
86.56776002121767 132.3610255516691
42.29765267106691 86.99116640849542
178.5726639593996 165.39363942241076
248.56457515228067 116.7925550780578
130.93460442330533 76.14642957740664
201.854108443 88.39281696138804
32.999551713801615 85.49582548158851
85.72441064627002 223.14641078042945
69.90207570454582 164.3206540867085
223.5253386805341 127.40548812401731
55.258033206924935 231.13546660401053
136.83700332218513 224.24774440498123
203.64888488401076 174.4945642419845
230.49225633915694 111.04518438197297
89.15012029985714 18.154173417047726
38.39814387527898 110.38932765580344
219.19531549994025 151.1380268264133
7.793028444733424 81.96017561496214
6.365415988991013 128.75090974061305
128.87101719434622 182.3953663588679
224.90042012170215 69.55734664591972
237.6348618184616 206.04349828524013
197.62484441566338 7.555399535309454
65.72566666678878 160.21400564614046
77.69729014051683 218.03860464497166
132.67535534030216 85.84387623490922
192.33879497850856 147.1290837366654
243.67464866431163 161.10730147135578
162.0035536722159 84.97973763255912
235.61986742415758 173.9647322981174
116.68523977148921 103.80870056926541
115.49681027859651 12.410705495765201
224.7869172913503 197.55885641040945
217.2205197738016 184.0905658714274
126.89251669002402 94.42467925239606
21.723318305246845 160.8777803808814
174.15222867145093 206.43237987868216
141.36304263220546 216.34928383626743
244.32360261585995 162.2110877588578
0.20801922011953744 7.684845371245336
29.49519431307021 30.116116531081623
88.48424143180628 61.75517433577815
46.40738391625707 91.13407437714038
19.534308743147626 5.705852114325033
230.60699279708317 67.56810721466894
83.41957246487155 86.11914535844284
13.189764269052217 173.93867520520763
61.56974247448338 207.0494173037414
117.24703900090763 242.3015815680375
130.0981385202513 112.66050345137324
84.23195541983847 6.094440021559178
40.11381522049992 109.24381319212364
67.50717928191868 104.42346693808553
192.08319796882597 69.56373491625232
237.97934808466124 31.252764608342474
239.41579817502 136.23856852010354
149.94223581470402 175.71811879514104
52.68139585097312 56.578694529616115
93.99594046577536 122.98647134689605
159.50511162145932 208.7843050338926
187.84136075164702 243.234090300841
38.213777821687444 219.61072128923232
91.35095125202558 201.21771149411995
130.9020367880965 221.1807239297049
193.97779308790598 191.7474492938667
41.3501448486755 27.157162881711216
245.44866395024818 173.93007805418904
58.23539195761943 143.1765236287396
7.942668596313624 207.03250737126075
225.14946325763592 57.3969237961097
65.94766649720327 159.68827434071403
40.346655706911264 51.82881767310507
44.21414869401938 193.43494708046475
96.32521749312134 199.32624222911338
216.5907925390171 43.61457170583535
166.559354555887 49.540958126325144
16.647435891330524 101.46975823807364
177.42747563309746 239.5484109311434
162.7572619023893 160.80984897668694
24.023020893504913 133.5666800116644
185.0417004880635 99.38654728345325
130.57870169187646 6.347981888103011
78.0898724581433 17.119839723657606
1.005397407762787 242.18065178126244
115.25877348869979 51.34790223686697
155.0814062332245 114.44647862956681
242.88337967718013 229.56191630248463
154.7854232443149 19.513089575383972
152.30384920745755 82.04945709716405
100.89424305650996 47.44610325031337
4.7025906229195 84.6254824516341
45.05510625957152 24.46368467806065
69.05983274052267 49.098286950951255
137.05823687827692 10.838946684355532
17.47794111492465 80.64854934057983
194.2081347694323 70.01024621696745
36.33448108709739 183.06912651305058
30.725315293554157 223.13269935349848
16.652756580362528 14.749113223197662
141.9534186354086 3.8971133776323494
145.25829964312743 95.64223581625619
172.27435374799163 26.358410549384757
62.48868925965445 214.29025384899583
63.84577209424286 125.86652167943507
244.9409263804733 115.03621725608478
240.93752715686492 232.2729781416224
234.12236658999274 178.7414978046897
144.87070822640555 118.1496077146475
28.38932715611203 95.72742023619158
100.18952018838706 29.999636338778863
75.37798321770525 219.86283344737063
124.14165570051449 154.7215877864195
174.50247144109176 228.69473145967092
125.31852539154926 187.95623251817725
52.39143965742027 193.95083083853663
213.59671761647306 115.37875984750842
248.86142997656037 206.61079545434606
23.65519251048301 174.5140530070279
88.93071195872432 142.12374493834176
57.75433607753291 1.3907671290058765
128.2522598649229 170.29507400957064
175.9174058365092 59.58762492604325
123.30630371019008 67.10205085666979
51.3115661701487 90.71137105099758
168.18805780404048 238.08842526029102
197.03022199824687 65.11703309855018
63.12752350240311 157.9430262924964
49.6067289434069 115.14550047499594
39.78540219453686 194.99835656513673
128.48360006978584 86.22323217904892
106.34838838717775 168.49980135748797
235.08716706623062 173.62082618450785
90.92828352697823 185.34186919511785
43.22938300773899 126.79170733424763
62.41599143414028 39.52082341444007
98.10656217396094 195.66270622631222
144.47978609067502 135.24123320077265
205.2185358584066 138.2430934866066
224.74359998064924 123.44813169128255
69.52455035419838 119.43020064486315
169.83162491183904 13.092419749005796
216.81267544271205 6.543905498590686
169.05997657780992 121.86669631253197
167.94235278206602 146.38072239416675
8.931347879166468 151.86954424749578
113.64272382480786 25.088743914681828
87.21452133636409 114.882536664459
26.92208545811281 233.01765723149822
128.56714155066513 10.24271571590804
207.7244963147601 104.26052492116428
131.4905127723819 246.12794453527508
23.44616052035767 203.71713163735828
44.7827816472072 100.88012760164838
199.26008382583353 96.01240865002788
146.38755875925042 118.63284314791314
247.01011339713293 22.015341840853907
184.86123086465633 36.62436822069584
49.05490406846438 77.78667999349925
49.970882393181235 112.2889536713191
208.41330862714875 51.61284653311798
187.61162668480452 228.75232966117113
136.97019926907228 103.23355594118397
70.78614885540038 93.91449523133296
247.42503009548952 78.84520059950903
48.21756522795223 41.77267035772508
219.1027850964274 119.39187882662011
149.80389542893332 104.06828170787433
70.87930877242343 74.2145646658531
89.12573227047501 208.9708099480127
174.48577246738932 194.81118423486475
130.08101422621795 87.64808287008807
164.5540091185161 143.35904228836242
17.46988659420054 101.42360091561956
84.97128327690572 200.12346279423002
41.89710503268099 26.85807032897397
191.80373026645472 144.80637640128586
139.57021866140926 196.3705481547913
7.969036392114493 60.70396453570795
176.01787819632438 57.982339724312325
68.53160005282402 91.05310992359328
15.709208128383139 110.55766342674158
30.782431158067393 143.5899315267252
196.6777249169036 200.60163950983045
16.105722242124752 67.80857413421823
60.423071948900315 148.6347189490029
41.30209893293335 47.774516064315705
197.55251249908642 54.799184885406525
30.037096563238997 100.60188116365839
242.45709957199497 32.53391583231702
36.73787661964351 57.23190110119777
196.84926069695794 63.76647851196973
27.638555522762896 74.42787788966257
86.78403609248741 177.69499599258177
240.14080220398168 164.98516430665
176.59653626804018 100.31435465512517
227.05391991004575 83.68518765972419
100.9534421687672 111.94176858779845
63.05647671232711 211.54689423976583
240.09199338353585 164.05276841605928
168.0469145789949 165.0935731289058
106.47209910365821 213.316375897049
210.8863884696697 238.72042762905272
238.25135481472125 16.844799281179935
192.93400715267245 31.24107909907653
29.035619020065738 176.4350009857991
100.57065550845864 198.70777505410888
111.85352783996116 18.535255901894864
132.5324739362194 65.12812414447039
149.92692255410847 161.07300607559512
80.48873679986937 183.52916982321187
29.49366644477494 134.96892811884405
185.60161994737794 124.07809553350951
149.61135759115783 144.49975164003533
198.4875204654175 144.7678288199277
134.51377698109104 65.84359817859792
152.20100270076327 80.89410622387366
148.5328983549472 71.41869944166865
47.694499564902934 130.95647892566313
68.41321082742307 34.67899445849829
180.84327059181723 208.62748534121695
119.92838570174966 153.64810971990866
217.80957493772416 176.59546864270087
193.2760923151359 62.03617242753648
15.738654412139896 52.85041439361268
201.63292003160257 69.52234265516435
72.952660864295 211.77029467905047
145.9661046192237 31.143101074645713
170.36359994987026 170.60392674011038
168.9649887518583 137.01899227762664
133.1454934971555 60.936078518778274
191.8403861864195 158.0863347314146
191.3268387994247 170.95661752065956
232.0722627379325 214.09877256272017
15.05442205853047 156.45114731853445
118.80830132121794 25.233185977091814
223.06635354642313 211.01190681142097
217.94589733452116 208.316016491272
6.835404826056019 63.859520025785294
238.58277082463118 207.89395551810614
45.97136741365332 8.387521475221815
195.1694306854325 65.93563757460366
133.80528357648242 65.07973138238773
166.34014686671608 32.481334442699186
136.65293609961122 232.65494164608774
236.5276850265826 212.43589336736906
196.50225180722998 186.84866047312315
180.49142928178586 41.253341794993155
119.62544673341225 27.369091047884766
128.55486665133026 87.31462384746641
20.31628190122603 57.835018647008354
94.81876030740078 42.965070469118906
123.88897826668382 99.36553103608922
76.83602085889315 228.6125681819079
221.2126441642381 23.170720494626984
189.09701024886883 213.9288783816432
194.8541241485015 74.96703613526832
142.01000914737853 173.9993000037197
142.65360651260963 13.30292053643789
178.776128914558 75.82039000845568
197.58407342214105 162.45151238796745
65.96819649543475 198.6712400458252
4.5920367577228225 35.47190302983921
31.622769702330327 146.3012091242657
48.59439276205493 84.03200112536538
118.03798318317534 134.90008970624018
17.291993145250455 118.66829844716065
38.03920917845641 10.755164139069073
181.65391927688273 179.9781879528985
36.146417235449455 229.38175196476664
106.3908728565679 202.28961941703824
228.39288477930802 204.02175328832894
246.41925828329886 107.20976252650597
35.84020087208617 35.642416781513504
160.8494444518477 100.41423126131605
83.082064785224 243.34048236267037
236.29678989469355 217.35024552549365
176.7960525977082 94.90846991953423
115.67030214792726 164.43699255313462
79.16903673588868 186.67168166817223
41.81841147719212 122.6044893586235
26.617270121340216 209.21682547900036
184.1749697264756 222.0338986640759
101.89454610711509 119.36542371018338
127.75659166814718 87.0772616749835
46.07035153843586 220.0184439808842
109.07744424800916 56.501396249577176
232.07827793948323 161.71083592752942
93.79755031484399 141.3330073994844
243.23301873878611 1.3924732945674034
13.244034571275959 143.0913935194118
210.0774485376314 11.816884974149456
59.07677873711967 169.63480423952166
216.70520622505848 113.89232223292944
148.16597014193084 36.307654204069145
22.905484919198916 191.06049189162852
150.15704397609397 115.17408102874685
11.971167305690116 189.54320840458703
220.63963535540964 73.44114566946425
98.27636086054758 134.03493637610697
141.21178539578503 66.13196032931401
32.77117213952449 44.51695751518386
15.72616613098371 109.35537938897002
241.61239755783134 65.49322334311725
29.612589723333834 180.5505074561992
65.10504751553458 89.77329032353717
56.232395031771105 54.90136545872587
216.2023912386138 92.99541120691124
102.60276272495328 135.16756028377117
102.57936715627106 8.049123605925883
235.80983269361957 20.27907401446971
143.18665930668385 43.65537561680541
229.55151049080425 138.3997016697787
89.41065217371771 102.70117951427554
34.356448369175034 82.85537173310153
26.10955939049736 118.85558489247342
230.8968407024316 214.83138505230238
219.0339053973888 138.68637294767728
139.97766475505506 249.45123037330757
101.10875271899913 225.06517925824377
130.26730384749283 244.99448658687785
239.1550994701787 185.58487870288323
233.88454963562347 41.576277949202655
168.72646246390485 113.8790842613078
106.36290765593084 121.01862578561622
148.72070180294244 174.6336030701971
201.6961760593312 178.04010810052708
77.78880291986775 163.1666478521185
238.52433231996736 145.00414068703182
201.4014902390641 86.26848091366473
170.56858627701547 59.77022404574678
210.4730224355488 233.0823407466096
121.24458052718556 174.2559364842743
126.82858945076744 220.04556598672568
85.11401129470933 26.412618943003647
104.43948858415611 203.1979783375349
72.05089118638087 69.51616577372258
244.32071732960904 217.18975013328816
227.36102658992428 191.90830340361555
9.561176769530972 220.3766149179023
132.898628331808 54.19127748929553
54.41460287344332 62.782042713397715
182.12464310329082 4.670392153767438
163.10673504577807 246.17301656445642
168.3900215120122 116.195455479091
66.87323223847328 11.992726179761076
83.74231842482746 243.67033497173438
9.423320551710496 174.15249277169184
195.68340820963863 36.83836556961162
32.1872395985294 10.243016215913336
53.11443879266767 20.318301571779802
246.1320311608805 123.88993817849303
202.58858655180606 18.82812836647485
37.31112176707063 136.56702558683628
125.27169115992231 65.24981784743947
159.92343440437418 184.53410798742019
61.044228522414315 12.692547526019283
241.36382175138127 37.699584236520565
175.33356239276804 164.48728126024866
196.95905521546212 221.262920903969
47.0606392491392 20.230501525299704
219.61292532741354 196.11457530222367
218.26115883615424 163.27597471986064
103.49714610002897 138.32186081136157
156.42539698625453 229.66646741722536
104.3239588686315 247.16285712853585
241.1894539329546 45.62102174669058
35.63119189330738 10.254219288831495
156.2947271263959 199.07708476241945
2.0770741776360016 228.36473248837527
44.628765200919545 201.1480003162398
91.67594620876085 165.1906677241778
149.81502696847454 208.96720295782725
145.33587450513008 109.56142807822638
198.3785424791155 239.65655817671671
67.64693835144539 189.41792325316925
37.964724451008095 148.16522134734905
91.19678506624274 225.58706500898444
110.0419690652748 215.42969817077756
139.52199353668533 151.15544091347357
92.68748662356374 50.04718145655115
71.66375060614268 15.185170132937548
10.255145823404199 145.4699576533444
249.04240428254334 223.03422611947786
209.8454316335338 119.16386483866484
11.227210638182134 43.57071348985339
46.117354394806966 226.63958015762512
88.22119088374173 37.47159090809582
151.7596503909914 109.89012202662573
183.3784337211127 87.60610295894809
217.77431229651896 209.7118588193718
158.4470363192561 128.75173924970878
201.26080457745866 205.6431294973458
126.79856318164842 151.7810133867443
158.11053881187988 88.4112235908727
77.63871042231187 220.90782249543227
93.54881752266897 157.58937985799508
10.847944711208674 179.6013913998982
157.0660809194699 202.3672874640649
205.92471687101406 163.89588906122265
80.47715016319304 199.1064489104824
162.81791724039667 198.40641351145564
31.971800384383354 12.086164576671582
231.58575412283662 2.5476070540309537
27.0231779836857 212.7957688788157
36.4454830841279 108.75319500119946
50.2322581186368 146.70767228744853
110.61314653543467 67.3370227030774
70.94450875615965 225.84742283926866
112.1126241438978 170.69760389766512
37.18838878114905 192.48087531427817
212.7519794747144 46.19873869868524
206.50810086047716 10.471101593852422
181.52546290354707 111.38929997547278
238.60558207050445 220.72091116956332
242.91112076243022 205.45021811211512
185.4929202128304 186.84079405323732
139.70700857872853 206.5298334089536
55.47521222613361 36.15908248602448
143.0701981624611 151.76708919048588
70.52696738902195 34.968029525111135
152.15922470052882 179.66240152095676
241.83675204009404 247.78615623732364
121.80848333810849 98.93301029658835
58.40849768437692 239.43567238044898
227.50858015609884 183.2686088229073
78.86086708735762 238.2768921306509
157.1791278709248 177.90787093794324
183.5687435499744 218.88195358253662
143.72788846487197 104.42368237515048
166.01783738332338 231.68529774808013
50.84400238510503 132.92722481441214
152.07210735173354 154.93422605953347
123.40308402363614 204.6155110342087
34.47553328030059 57.502082809405664
81.19149650658406 47.90868229489073
47.69185036823928 77.73765627733309
244.72046071209664 43.188901439419226
236.41281245195782 47.88364540942924
100.81552771133967 229.5561777594272
199.56354827210552 164.5261823992166
221.75985886373135 6.172720291675537
64.09047142794309 37.87801011120007
114.5664719960171 19.435354921674335

72.1
260.3
8.6
8.6
129.0
34.4
154.9
36.0
480.4
68.8
172.1
154.9
103.2
600.5
143.4
25.8
600.5
324.3
17.2
260.3
229.4
540.4
229.4
172.1
34.4
258.1
143.4
34.4
103.2
260.3
114.7
324.3
34.4
34.4
600.5
103.2
540.4
108.1
540.4
103.2
258.1
172.1
77.4
72.1
51.6
103.2
34.4
36.0
154.9
108.1
86.0
154.9
51.6
432.4
229.4
34.4
77.4
480.4
72.1
51.6
154.9
17.2
480.4
68.8
103.2
114.7
154.9
286.8
17.2
36.0
8.6
72.1
34.4
34.4
229.4
34.4
51.6
114.7
103.2
17.2
17.2
324.3
51.6
17.2
600.5
286.8
480.4
8.6
144.1
432.4
68.8
258.1
51.6
34.4
34.4
216.2
480.4
143.4
540.4
216.2
17.2
206.5
229.4
17.2
129.0
172.1
324.3
34.4
77.4
432.4
432.4
143.4
154.9
229.4
36.0
51.6
216.2
103.2
286.8
68.8
258.1
286.8
144.1
34.4
137.6
172.1
72.1
25.8
34.4
51.6
36.0
114.7
172.1
143.4
260.3
216.2
172.1
258.1
143.4
34.4
432.4
68.8
206.5
288.2
600.5
51.6
103.2
51.6
17.2
143.4
137.6
172.1
51.6
114.7
114.7
172.1
324.3
68.8
77.4
103.2
86.0
51.6
72.1
144.1
51.6
324.3
86.0
8.6
8.6
154.9
108.1
114.7
216.2
103.2
51.6
143.4
229.4
68.8
114.7
68.8
154.9
17.2
25.8
154.9
114.7
77.4
288.2
103.2
154.9
216.2
68.8
129.0
68.8
480.4
286.8
288.2
143.4
68.8
86.0
258.1
129.0
34.4
34.4
600.5
324.3
86.0
286.8
114.7
540.4
17.2
51.6
154.9
103.2
260.3
137.6
34.4
286.8
172.1
154.9
144.1
103.2
143.4
77.4
17.2
68.8
17.2
288.2
34.4
114.7
258.1
72.1
143.4
260.3
36.0
288.2
68.8
206.5
51.6
206.5
103.2
114.7
68.8
137.6
51.6
540.4
25.8
154.9
129.0
260.3
36.0
34.4
77.4
260.3
324.3
8.6
34.4
103.2
103.2
540.4
600.5
286.8
103.2
108.1
51.6
260.3
34.4
144.1
17.2
51.6
432.4
206.5
8.6
206.5
258.1
103.2
260.3
206.5
216.2
154.9
206.5
103.2
36.0
154.9
25.8
154.9
143.4
260.3
229.4
77.4
17.2
103.2
137.6
324.3
432.4
68.8
324.3
480.4
480.4
229.4
25.8
480.4
172.1
480.4
324.3
17.2
34.4
51.6
25.8
103.2
144.1
8.6
34.4
216.2
260.3
25.8
17.2
480.4
480.4
36.0
103.2
17.2
143.4
17.2
17.2
108.1
288.2
34.4
260.3
600.5
36.0
51.6
77.4
34.4
25.8
17.2
143.4
540.4
8.6
260.3
114.7
154.9
144.1
480.4
17.2
114.7
540.4
216.2
86.0
324.3
17.2
108.1
432.4
137.6
51.6
216.2
36.0
103.2
258.1
137.6
258.1
108.1
154.9
229.4
260.3
288.2
129.0
17.2
216.2
154.9
51.6
36.0
68.8
51.6
36.0
143.4
34.4
216.2
260.3
17.2
34.4
51.6
129.0
129.0
260.3
68.8
8.6
144.1
216.2
600.5
540.4
154.9
324.3
540.4
540.4
216.2
17.2
286.8
103.2
72.1
600.5
137.6
34.4
36.0
34.4
77.4
480.4
144.1
172.1
77.4
288.2
25.8
324.3
68.8
144.1
288.2
68.8
216.2
86.0
17.2
324.3
8.6
172.1
258.1
260.3
36.0
260.3
216.2
324.3
17.2
8.6
258.1
51.6
36.0
258.1
540.4
8.6
143.4
144.1
86.0
72.1
77.4
129.0
172.1
154.9
68.8
129.0
600.5
324.3
103.2
25.8
154.9
154.9
51.6
258.1
229.4
51.6
72.1
600.5
103.2
432.4
51.6
324.3
34.4
286.8
324.3
36.0
288.2
114.7
77.4
229.4
51.6
103.2
25.8
172.1
17.2
17.2
229.4
68.8
72.1
432.4
86.0
540.4
288.2
103.2
324.3
206.5
216.2
8.6
286.8
288.2
137.6
260.3
34.4
72.1
72.1
260.3
432.4
137.6
480.4
51.6
25.8
172.1
432.4
36.0
17.2
143.4
432.4
25.8
36.0
8.6
36.0
34.4
143.4
206.5
68.8
68.8
34.4
36.0
144.1
432.4
154.9
86.0
86.0
103.2
216.2
72.1
600.5
288.2
288.2
206.5
137.6
77.4
68.8
36.0
68.8
51.6
600.5
206.5
600.5
36.0
286.8
51.6
77.4
480.4
72.1
144.1
216.2
34.4
17.2
34.4
34.4
17.2
324.3
34.4
600.5
25.8
540.4
260.3
34.4
137.6
34.4
34.4
216.2
86.0
260.3
68.8
288.2
144.1
540.4
288.2
34.4
51.6
72.1
17.2
288.2
103.2
129.0
8.6
258.1
86.0
144.1
154.9
51.6
229.4
68.8
86.0
229.4
36.0
206.5
172.1
51.6
51.6
172.1
25.8
540.4
229.4
51.6
129.0
17.2
260.3
206.5
129.0
600.5
103.2
206.5
114.7
34.4
216.2
17.2
286.8
286.8
286.8
34.4
114.7
432.4
36.0
103.2
540.4
229.4
17.2
144.1
286.8
68.8
260.3
143.4
72.1
34.4
143.4
288.2
17.2
129.0
17.2
216.2
229.4
129.0
17.2
34.4
68.8
8.6
51.6
288.2
103.2
108.1
540.4
36.0
288.2
324.3
103.2
8.6
480.4
51.6
260.3
154.9
8.6
229.4
114.7
34.4
68.8
137.6
108.1
129.0
540.4
143.4
86.0
86.0
229.4
229.4
108.1
172.1
34.4
258.1
206.5
51.6
51.6
103.2
103.2
34.4
86.0
144.1
51.6
600.5
51.6
258.1
206.5
68.8
77.4
137.6
229.4
216.2
114.7
51.6
108.1
8.6
17.2
154.9
51.6
540.4
600.5
108.1
260.3
72.1
600.5
86.0
108.1
68.8
143.4
17.2
137.6
432.4
17.2
8.6
68.8
114.7
8.6
432.4
103.2
17.2
129.0
260.3
51.6
68.8
114.7
480.4
86.0
51.6
137.6
25.8
260.3
480.4
144.1
86.0
34.4
540.4
51.6
144.1
172.1
68.8
216.2
324.3
144.1
600.5
154.9
77.4
540.4
143.4
540.4
25.8
216.2
17.2
34.4
480.4
258.1
143.4
137.6
108.1
286.8
17.2
324.3
77.4
540.4
51.6
540.4
77.4
17.2
51.6
206.5
72.1
286.8
286.8
17.2
480.4
68.8
25.8
51.6
25.8
324.3
432.4
432.4
216.2
114.7
72.1
260.3
260.3
25.8
137.6
108.1
600.5
288.2
25.8
72.1
288.2
114.7
72.1
216.2
25.8
17.2
144.1
144.1
172.1
36.0
540.4
129.0
17.2
432.4
72.1
17.2
154.9
25.8
68.8
108.1
25.8
129.0
34.4
17.2
286.8
108.1
216.2
432.4
77.4
51.6
51.6
540.4
129.0
432.4
17.2
137.6
229.4
36.0
172.1
216.2
260.3
77.4
260.3
286.8
260.3
68.8
172.1
480.4
143.4
108.1
68.8
86.0
432.4
51.6
600.5
17.2
129.0
68.8
51.6
51.6
17.2
36.0
258.1
540.4
8.6
8.6
172.1
324.3
229.4
154.9
8.6
137.6
260.3
143.4
137.6
480.4
36.0
129.0
540.4
324.3
288.2
229.4
34.4
68.8
8.6
103.2
206.5
8.6
600.5
432.4
540.4
72.1
154.9
36.0
103.2
143.4
324.3
324.3
258.1
258.1
86.0
17.2
137.6
77.4
8.6
34.4
51.6
68.8
108.1
258.1
600.5
288.2
216.2
129.0
8.6
17.2
36.0
86.0
432.4
68.8
77.4
86.0
540.4
137.6
25.8
137.6
17.2
286.8
51.6
286.8
216.2
86.0
68.8
25.8
77.4
129.0
114.7
77.4
540.4
25.8
540.4
324.3
324.3
143.4
154.9
51.6
129.0
143.4
288.2
129.0
206.5
114.7
68.8
68.8
137.6
86.0
36.0
17.2
68.8
432.4
108.1
68.8
600.5
17.2
114.7
154.9
17.2
229.4
36.0
206.5
137.6
600.5
68.8
103.2
600.5
286.8
229.4
34.4
288.2
86.0
172.1
288.2
129.0
36.0
108.1
260.3
51.6
25.8
137.6
36.0
286.8
129.0
103.2
260.3
286.8
86.0
129.0
72.1
480.4
68.8
51.6
17.2
108.1
172.1
34.4
51.6
260.3
206.5
108.1
540.4
8.6
260.3
260.3
324.3
288.2
86.0
108.1
36.0
540.4
286.8
51.6
129.0
432.4
72.1
77.4
77.4
286.8
143.4
108.1
77.4
68.8
154.9
143.4
258.1

8.6 17.2 36.0 72.1
17.2 34.4 72.1 144.1
25.8 51.6 108.1 216.2
34.4 68.8 144.1 288.2
51.6 103.2 216.2 432.4
68.8 137.6 288.2 576.5
77.4 154.9 324.3 648.5
86.0 172.1 360.3 720.6
103.2 206.5 432.4 864.7
114.7 229.4 480.4 960.8
129.0 258.1 540.4 1080.9
143.4 286.8 600.5 1201.0

2 5 8 11
5 8 11 14
7 10 13 16
10 13 16 19
14 17 20 23
18 21 24 27
19 22 25 28
20 23 26 29
25 19 31 34
27 30 33 36
30 33 36 39
32 35 38 41

