1024 3.0 0.0 1000.0 3 160 240 100

27.224253415400522 148.1709779539574
135.24418910052862 211.95963826407956
51.464721324055134 209.41549253296634
248.3262999766848 122.50660614497316
82.50843298199322 78.62821030045353
111.765792331528 175.50268042351527
164.42286190532013 63.42849581301896
164.90199630600273 53.6137414778988
95.0890445943569 33.63934942957417
3.7707336829085056 65.43272302216643
63.46423252668326 136.0456008298581
68.50415527017478 248.31966675838788
149.10571731129826 196.09672460077473
205.9201626359418 211.94734284740366
67.44594704225979 132.7841866378439
247.8204076375875 162.22218990340934
53.8512947542297 84.51918049205734
26.640267690833745 174.5637768379805
84.90572717519824 4.496990016167296
60.83801662413762 121.22899935903602
33.64160053840143 211.25556658126393
84.91854375536592 154.7514363152164
202.2740241139577 174.25878497157183
92.2073252876513 126.56463558565315
85.79334759782527 129.806832877379
186.42490473223066 220.4249018099679
248.95037222945487 103.96778723528344
134.39006417726844 188.07276738787908
133.79323820577085 34.96318035013288
193.40773619330693 182.9916379652824
96.1717934549515 135.90107049015558
45.61856507871154 98.63939747817774
156.45788111024524 11.578049653261619
31.75752378625274 228.03762252444824
21.997270981413937 189.36256129868843
180.07415055099375 57.94573018491739
111.60767206253341 170.42692214632038
66.27636727495224 17.134294569710327
245.71097335134618 116.87470810099559
211.28169006915678 174.0519841792187
104.83778435272703 113.23991792925713
22.495392202722343 83.73013945530919
114.09190570829658 16.60035954484193
48.41110420969566 138.52563138252034
233.52278082239602 123.2806528558057
187.53459994359358 40.30388398570128
20.44422757224812 107.48886130247834
193.4989203704597 231.6716094930372
215.60394049945157 240.24567933153313
28.49022115647304 92.40236966250717
203.81315004408742 181.6171859862294
97.17545112323084 94.06287406527947
142.8010652108489 165.4951168568555
190.19620826801705 111.96426513627786
13.99890014993313 226.06846517054348
97.05060704224866 31.188532010466453
120.75617881510406 150.19864807881524
223.88720580664116 37.55339813714053
232.81238533954672 183.43521544596152
194.93688684477084 193.28299701115884
210.3244108207652 56.34952215505293
140.98032144647536 28.130471567435034
194.5098801592721 20.080383734289995
232.2296005165204 194.83071928519306
15.331503396760453 197.76799548159525
62.753487114392634 130.6841720932437
125.51101414756758 20.522226702055473
210.5304533761106 20.006333152920025
109.87680457543244 136.68210685570756
28.438009051404922 23.505471147830388
145.43440681835122 214.8195753238229
196.22083311054914 181.43972077225183
33.542879364578646 48.00352998175864
151.23347256921897 140.33255623894433
242.49399012120955 241.3323948764836
3.1970282888865165 171.0702166804681
38.427225466568515 22.6672033909949
65.06001037983985 155.82078129415422
56.06501610141254 82.78615398022902
18.240257392446225 175.69640529283006
111.34525855443187 150.68659980254193
103.71156270452128 124.49276739313758
163.45002180210415 9.423471650790328
153.17120096573254 26.144808830935812
244.0362492171801 89.37949983668
94.0818696360112 123.843909235109
109.76219178598618 46.22671681164378
8.571525192312412 65.38478240929754
167.1600550558305 83.26249137813707
116.35290396881572 164.68410164575425
44.84883508561069 47.94526880569364
143.51188072924302 213.69958077435444
14.361862048075242 193.99017885103927
121.63429404606147 115.5071286346965
194.97530052510322 28.532608983676933
151.07854356373355 217.38129552430243
176.48614801031655 132.0904367779891
11.680602254272754 146.36260641686104
188.64605228610444 190.42094993669468
66.96253209277312 121.91838107127757
77.10945154119267 186.62868355056304
209.91239708897177 104.43100757989487
141.22749167270146 15.53325711577369
105.73437059764962 112.27057131725971
94.11272088101477 54.461032640048394
155.8088018999328 69.47534247242105
154.22268293138416 189.79113996208386
231.8301279788223 207.380976669024
33.042472192053054 59.489238765506684
7.166410684224744 175.4263450445973
113.84477962195488 154.6662276165655
31.585108405104535 248.69202713804418
65.94842743176987 166.15536601427763
218.81126897914393 34.62526806068189
151.61835658139216 95.81740708068678
214.0892135680732 60.889901191890914
63.90212175929327 183.7940120284824
84.7112537945453 62.679375325608746
247.2249067541782 41.75486683962562
175.39937360040176 41.40870880624911
73.06618989624569 115.33165779462054
138.60429104059688 154.6834956848577
51.43390432620215 59.26334408067113
2.9184757039595888 81.98842051819877
162.70803253305067 189.3880392950339
31.168255044871056 142.63729232315606
230.771729568784 103.82927212936777
151.98153871754207 125.85131720326864
240.78533637715918 13.043637040714678
121.20603590470128 52.45989364356024
110.64052460579013 42.935460284298735
218.06360006963268 94.00483960086983
143.00788812236823 2.5616052727184258
131.72930196868825 144.8929899247879
39.80556042824243 152.02536510942792
121.53165937469404 240.904400612765
230.18448583827745 41.6518662118506
222.22377702206944 80.0527273072306
143.08119912203603 81.39860184326733
29.765970650119044 144.79541669074112
240.95248236956274 83.38886535492007
0.1654634028030455 102.96320909351017
124.8099547364671 169.51469451311632
187.76924875540155 84.05572987014484
176.40742843143715 163.71758688875374
224.54394877309218 187.89507911969903
11.36514967443611 93.3260680841351
225.7987260025736 176.2297936786313
96.82137566938093 133.90225990566964
244.83838308766195 83.80865729804154
69.48163615192465 25.577922319381496
91.8388922478564 102.69065865322908
171.26586537586425 160.9016216670771
110.57488505874613 233.0674386499456
53.049090033517125 234.29877033021504
74.13039359548837 175.52011396890873
63.49263506041999 102.24094925968646
137.98835891130537 173.47675492066105
244.65622750471633 61.281809133604256
79.72638151411357 143.81250590048762
82.22372700705647 239.42726332688434
166.93714335308306 119.34376952646261
239.81247223277072 11.488902637761978
179.4890979984713 143.1476926943909
205.47942008119028 81.12308564215553
229.765729027661 169.69909531026605
8.213128577928636 51.046207520026364
73.70320636034184 108.20907695680617
20.452062323335657 206.533195517069
147.0180723612149 1.8533251910760051
93.36243748699344 91.80461587514185
63.52552670775735 123.95975965673756
211.83003916170918 89.48792851917914
43.83384591023659 88.32394532425344
212.1440399968437 51.34729415728534
97.60898300074902 110.42749110204741
206.64040977260132 237.56999288358395
201.50715900520677 166.142287216636
194.5866499435423 29.490602744137203
185.24369896189262 36.263475810152904
223.9561228499341 14.27003914720082
93.61562552073502 206.61455023926422
118.25795947087676 126.78907515556747
156.89919934490825 27.795820833631968
66.71948599770003 159.5164396635642
62.4144779912838 201.73532607459003
242.7743355480558 42.88168632517977
100.41649017387857 239.90083021927362
56.41575705490734 150.41827629219526
212.20060328366884 139.60244047056088
171.90093840537696 168.8646967219139
25.33321271522326 231.23469241675454
236.07041821019362 5.1591076371858
164.83857174982543 77.68281294545376
100.27614881169902 158.61404674223502
24.242932859061067 209.4695692695972
224.0428981099144 79.45899011242047
24.772565864541544 216.74635007789269
208.97701931434366 41.950645360630205
48.77429984320675 15.44332036588067
11.959349119058189 198.8766642056576
142.4363003365493 222.10641835573935
162.15849944165535 196.0335154456493
30.749028437473957 126.41356595959324
194.73050131312715 108.37034309564706
72.96232128183586 94.13123424589034
150.48508552448752 52.545485581532965
220.20509332902068 24.71854272034729
194.750281166958 58.21726483426817
189.23367483857933 171.71432516391283
51.724784320493654 131.57364328432075
46.01203537594806 186.07944556460174
50.32716929331535 233.4290046945473
207.18020792854034 193.9718521456531
241.8831068507204 82.62396065382366
100.63878228283905 28.156208072322887
1.0572331237408417 153.2890744706383
235.72846316502967 86.68974103131171
106.32153519232263 114.71363247892208
103.99976022688787 3.5592410127715803
94.89865426891828 73.15793532580803
87.42840530748111 48.50484484630793
65.39985432737788 24.828235008644313
83.45712946677925 224.55364753166083
73.60488203451773 136.86727562425278
89.36976385160969 46.84563849078552
93.50115893360777 107.45930364400444
237.3979872252138 169.64271844777107
54.542409283260206 220.09922490377656
199.75693174279994 71.79908992599255
61.81298038351485 79.29476256097593
24.606144603417118 101.29984731703759
104.06643539551241 108.65972760833573
171.06509583297708 178.8899320535794
164.05454712259763 93.22894138956616
20.503605089597087 75.24993399338439
82.62290217921203 42.73913629396192
90.86604075639437 35.764832790670916
25.011543810347785 53.34213358057127
100.40377524205371 63.534206148474105
188.5585806003099 15.167550195861606
113.71975527144238 66.96693367712065
113.6041302478931 14.098415726059937
46.81564819356293 164.23119984633414
245.90208214130186 2.389313247097846
98.215562824044 212.24666372605896
245.57215004200336 56.76182570853816
4.152878963013695 73.21603679338129
26.34621993181313 157.13759789445842
13.321795074013403 125.2220350533433
111.56264390716983 34.70186115553431
67.94414828215406 137.78028372375522
219.88705780550634 170.57036044510502
5.0071756902169975 131.30875309323372
182.1983597298339 23.67938114282292
217.57362951154101 103.44142387355068
75.76053653566264 62.88471056876427
245.38774547528675 144.6367285075833
101.40599204444611 1.0787180868209179
149.0585344673637 95.7526412727247
189.26750272509133 143.78127698764305
222.96364320017463 124.97793512884815
110.55851921563777 104.83225370147365
112.14890213585602 101.04019658173947
150.25417839391247 232.32837669134022
105.22724819531484 228.13116100798547
110.39462782359196 141.44096900842086
59.731129460073085 18.383634727449028
115.5464209561298 136.68714804532684
116.16823467319406 73.24142636404824
31.035900245469456 39.83308810694036
42.95414717412152 152.0222836529667
247.38917351015004 180.0928482184471
141.333886311203 103.52445419057246
136.07226113237257 11.428815088265626
81.42687955986602 103.49426475401793
108.58797016172603 180.90516682387567
212.9287943427746 23.552414724825137
123.65916980130612 42.89536594538762
136.41041851345835 29.06953319908179
244.235348570419 105.33697822586838
220.3708056679883 50.30568347180256
180.64365127772226 117.48727805609333
220.69575559436322 34.35983715901097
45.5995855126621 170.7701924453153
40.50724341802134 26.748801576880034
174.70825580061583 165.6190915721663
216.72947088592085 90.00385533264956
230.9420493895862 101.84599541908106
226.57926668152436 92.02749251690925
67.37723021938285 185.7358908103882
99.0522189738709 144.21249642332276
177.7310820210891 236.90428904102555
129.24920673807878 103.44704611822655
27.135150912640544 172.4323439057945
86.19670873638776 117.73058817754614
156.58973719589022 211.11159923592922
133.91354663467186 214.20796421800583
229.4914341215967 218.88304756975307
75.81930642852977 223.25135222455546
56.55307784177524 57.1795580270934
127.38705974648893 42.22502161575517
79.96249416940266 218.2342935858295
57.0951351328198 161.0415978931384
230.79875397974067 208.08409028979025
122.22519026285627 236.31259655972076
88.19237251922557 5.3436067743437565
173.9264055668055 77.621618267599
14.76914117918246 151.7246346598786
99.96530325061406 61.50901195208741
83.44586237649004 22.346760711409786
90.92298042044025 117.16024425120483
82.18746326953227 237.1159049389273
79.41160735991495 162.81430009406319
24.767443687105985 152.6698018926557
97.20051652520961 27.35883114702395
69.56928550421048 219.40863150341306
110.8995771713453 229.41619014627076
188.7051526294503 177.35010927602593
120.11611063839206 133.50895296057465
56.18663926575226 186.32517000744767
99.27898031395883 240.51624209450446
55.83165123422815 99.45597201434808
214.10138704694754 98.01592715997853
112.9636815500355 32.766790873573676
124.91339356025367 60.845979269232686
195.652340603209 112.4005386678932
103.66793040772262 196.69518832175854
27.628332471523187 58.40724437983627
158.0448045068021 249.28016315501043
147.61077550977916 90.77376549053545
203.33348394265875 22.763254132491113
181.04167971958162 28.16960538768659
60.520155532826855 20.98641889264513
28.110601333893204 124.17206691085426
172.92617634812828 10.845074838444907
182.4768836360971 238.68360739774008
104.52765764225356 50.17900392586108
11.991011153450582 22.160139042259054
158.86513860436906 181.70766166996708
88.41508183453925 160.15136491049986
23.73177515066746 43.74299248761182
58.25446195864242 3.5433652148364194
186.94047706825233 84.18293706065444
54.22262092013394 236.95038240467193
15.096712557140457 148.6929519281585
245.3486842144928 243.10066590441696
129.27748539050464 151.61799587636474
227.42563766114426 50.29577689948894
233.77563590106854 183.65858833369526
54.9566561558166 195.30776229929535
219.02880444677763 189.80954838426976
73.31775107764446 83.29459295556957
100.69659016420329 223.42558964610973
29.07795777100758 144.3833467287364
144.67926622490523 116.73411483209387
170.44613495172 140.3336933616995
197.60687581725762 44.31818812087896
156.05414081515445 247.0958642542929
36.11917445699833 164.78141256060474
79.61921955725693 180.68850411716744
51.83460982456056 160.8527162798155
131.4161255767906 147.79371517032737
18.593131075783724 175.60419125338552
245.6722603272604 242.87982766750022
188.4419910650374 173.16557956196294
93.48622196229233 232.7627594999846
173.50667114379448 183.62713443924355
170.498364732766 190.3874593763762
39.9154569131083 158.61590999269856
140.15154835976716 49.290319778619086
63.30901832837696 31.254742296318224
220.40294818386872 182.83893031358568
210.3697654167248 103.66197306488017
58.022503311883995 51.54443468199807
179.00065722938382 112.30933551791325
123.26977970982043 178.19512640941676
201.41609572810975 8.14349089317229
193.65028640863173 16.68071776644847
132.94414470969633 186.74910242736217
69.48604238209008 102.13457094194992
77.90405185475646 72.2223948019706
159.75587357526828 182.09135613959455
153.97130357211694 239.72959481806524
72.19406855351113 204.97363738542936
199.55792405227518 77.96511035745188
72.74571344754033 92.14724741500949
162.0566606807284 85.65907749967403
46.523190075342086 230.86848857750127
46.90249462890847 32.16556757050168
124.73004433283464 127.80084774380371
208.0380398997923 126.5928443997508
143.31408978246608 226.98596525811104
144.1756799734926 160.82724329004446
43.25721715643841 75.46503505770652
106.04833627070259 207.91879991744585
196.16596908973088 67.58680432372846
59.90170395898512 23.523585483256504
21.393211541365837 89.04092848236591
12.610653330195037 157.40384870105274
244.6479627860605 83.08115354128209
241.27510619704003 36.59362408962555
163.94015671005627 112.31439566006307
114.92878801809242 227.91340816003225
127.53989005471276 85.38246286528108
187.57544648054744 71.78627081277658
1.89837873277926 194.8237972637755
249.72960330135618 213.22759334721076
214.7328072591174 206.18721718140233
102.25146538686877 8.939850206632267
17.706327112713943 173.7291859364964
139.3713727398379 18.006937269048564
156.17538197211925 176.55909499823966
219.33239681293676 184.2718358286
97.10480260094862 17.597473537093705
95.03514467263638 3.1417747420116324
3.9036958873036873 153.18491071146445
119.67445465162271 167.36323860077565
132.83324943906828 34.33243921826001
131.2198118321803 174.827365303212
223.60888733249487 153.62545518005905
51.69865953064504 33.475100312884756
132.12910789380638 92.03508526644777
54.54467971058491 128.39755737838505
47.34862313707061 49.537240807690424
171.70184833542197 217.50495756646535
74.2643137376565 190.6909495335123
137.66457999953224 6.754109386111401
177.94922035835683 48.70419226522738
48.04065277083913 58.67457241884505
46.02639549376858 11.880304147753428
170.93280811776464 142.36248844908891
97.07942877040149 4.398953077684426
49.26078562435576 65.26407766388029
139.886378120983 20.976006519688394
135.51625015442693 46.63547206073765
16.505048204743826 1.3512106174250471
131.9859381989671 117.91039714564263
156.69875014350404 125.98147314985708
182.4284309389369 196.07238601580428
64.22824068683371 109.06930889840194
101.37043251057284 106.33044376105869
73.8869620735499 119.85067485790057
92.79192474960001 229.66373633414653
57.38058644482774 173.27584218886307
7.568324872129272 217.3527659125497
205.29119409372385 194.50119587889677
148.37628579643894 225.01337115591795
190.58681662239385 27.86562011112975
206.6003271021835 143.0358675478478
0.05916254220700301 183.69163411441122
73.07451779753794 198.22050858160404
175.27493192348157 181.34696617729185
199.5238477239332 243.9492565947791
157.1223904654541 227.71091290502957
173.8179136652337 224.97220767947843
140.2830734559855 16.37932407303516
65.1412698117706 94.75643098436251
6.918494885372938 181.30853719756152
49.849749017155276 51.570615237836456
162.62622260416114 19.944470640805484
214.3223976444905 154.6612715381328
225.0315103574812 193.7668991227171
230.32910904106666 180.7934983326708
216.04124927515105 105.65268913247483
47.4558476566537 207.85892127492505
151.09446959780084 215.47066510444995
222.68078979949715 50.70837590235502
199.4646715283462 32.72760950126133
121.45573606965496 6.673089559885714
204.9697530277948 120.00228937558119
69.07403572483834 243.45436308810582
75.71397919726408 14.041556767442536
140.1329480342303 70.34008221361374
138.49948757420867 4.891737796906409
237.28911073820524 148.32002637560396
29.572119512974893 46.9735593029299
182.39828956423514 225.51121612542295
164.9504849702989 18.628755261472673
225.64787364270978 233.66773190071538
221.010445696042 226.5307670295709
197.82817257160198 244.60168111235848
10.68898220256756 45.304964440758766
149.98300239894155 140.39950633756712
109.11271162963982 33.0726644470144
176.86867652445906 217.05562734676187
243.52250443254772 85.21262106850259
138.94940680745515 55.32271360810809
122.24796456480347 208.21484059325164
127.2745449905169 8.28200134015275
155.0884624783473 2.6245273343115105
183.32648772519457 154.09078743615018
71.46229528166609 219.22045518731073
239.26282329096912 211.453201513193
175.74326137218372 201.0774436382316
112.06417472119499 99.99807490301227
86.897690753528 19.524002056706095
39.568987112853364 97.65729167716525
71.95762148817676 31.390316063513918
89.7244401038505 170.12513522475993
24.441438151914518 162.91432486976169
21.783448662421822 52.24250685813841
46.6453019125363 169.31414326793697
150.20342150873088 221.41971735035497
98.03122102613396 217.83735743436443
136.2068735269562 105.33047287079111
76.25185488143671 212.12133014528283
230.76049378785842 213.25427490150332
27.829992395004776 48.64985265910066
133.79152135387744 181.87112641036822
7.646163176543403 81.10353955426008
215.3554403635368 52.7618037032426
227.672377847042 114.32036337415302
140.95273964904032 123.4196397280431
186.87282098631545 49.48845593104586
79.86711984929943 21.025742381469065
50.67734082980252 224.03869498104336
171.3629696778448 23.094812866488958
78.91080042261709 180.1821932557051
73.04894404507687 83.99386977775269
244.29961500333033 150.63298648311803
235.3096635409986 100.56755065931918
166.789841651876 86.54309614945976
1.1716764219426579 142.15355214685673
204.29232477801605 81.97904293721028
138.7433955182412 101.79008064470163
151.0561287600015 164.3293578062621
221.61617267226828 7.08303647563771
119.38729239173404 227.9279126079646
84.56705845524078 197.09018646641215
29.99147473329239 111.84566105211519
176.04644711408673 6.196125232316385
167.00373224826072 211.55407945490015
154.09791916830918 169.12328200731775
197.1527116683859 16.745084773336444
211.36990823700032 106.93400713534423
68.86360989348283 118.79578769547538
212.7974548351116 210.8688186710783
171.39554442113328 44.784265878728355
168.24116392556644 139.61130715915377
137.0221407656265 2.9105357884771643
191.33586609206375 123.95136164142681
144.6275020492895 195.84204304503993
1.40256709124853 30.672086722857316
47.03065942624285 41.382337122733425
221.79003985155418 238.50455656752112
11.408751626341889 45.21986910910095
162.40378230757253 185.85301841422458
199.16065942750203 162.38128086991728
214.84710712364833 115.38614301142056
166.86344045220238 49.30244382594589
16.616823291131844 15.334435418402098
93.60822899297564 207.4174055237514
162.91927303161833 89.25688721179664
23.48087098523177 189.97803600147208
41.966232531763765 242.18461765127938
192.83610052855389 193.97745691396963
236.00621611783575 31.04269300573431
68.50810003167382 68.01390732246452
231.32634247191083 208.2295336944868
201.8090065295379 163.517202751996
28.73812303679707 185.9562318311498
33.863371132265314 86.94392961906289
152.22142645881272 14.275720956991144
86.26899186251435 114.09703456931369
54.25495645014936 182.57105310256836
46.9790188001536 76.92498913452525
120.20772630837695 34.770718333865524
232.4687006799188 153.7570075953331
47.818977765353736 203.50617918739098
187.35867909227804 200.0511465991816
197.35855184879622 120.4900168005914
144.19469753121618 172.85077919225915
103.26226791912876 71.70370316806931
172.58076016110084 64.41953332737066
148.9573110982201 27.99437150112566
44.671637526035504 163.96983947622633
216.63002285764787 104.45337660105707
57.83910374913276 21.271519074161667
145.23054326093805 47.300222067966025
162.6189738765705 237.14182603951926
150.85262620341888 92.65770818611863
116.61609937434706 205.93344930514183
229.8272893457608 43.803127759041935
69.55048373227623 61.93719158022118
127.25153150059485 85.49062215778294
249.97384620273633 50.815725649088314
230.1645445890564 106.1713340997682
63.83252905083417 145.5918045176835
165.20411111345294 179.985382065071
37.08830063650595 135.36566372736473
70.28842046204569 71.46930571821063
107.8567448450214 27.1962208752978
127.60644838189886 34.373515769098276
183.12186062778244 21.086040896853397
10.941500305585327 205.98227642219936
39.114531622763906 241.93300899183936
130.04022443092748 194.12216542722905
46.50527721812178 188.24045426689082
155.45388940991464 230.21979253462595
231.4526985783996 199.27542360895313
77.8257658962461 114.64207490571971
25.66985884292372 17.49603876132566
86.316305259733 207.745964431439
144.5634872483925 162.1717560673796
93.22382188887194 229.22222490183103
209.30467114071146 72.82581068301513
222.5468399741678 199.73986521672185
58.214646144542996 57.84328090871244
26.931248965460007 129.97689081411653
72.19394500865809 196.33086807532686
173.25976244713985 12.57965430472377
171.9786065996454 149.07362690148645
214.87289219505442 239.7067806932073
141.95098038914622 173.14508934909608
225.92994288550443 58.0367542129418
69.63425707958784 44.74258603248488
232.10533980864116 203.37710338764003
17.32243093382582 24.53069815740247
117.27812848496652 34.30044147425046
90.77620664251259 215.31000583229203
138.31072896171472 77.41211002488377
210.62373813798507 210.8941866725789
202.34492734072575 9.166971809510427
248.90741437397315 168.0906461381875
206.50310006866852 196.03714744120256
152.51362093087155 235.35022349830996
246.57176125897507 167.38516833461918
4.104528581553329 225.27315798720272
153.34455012549722 244.3953376037816
82.22319371326515 170.31731019946233
192.5569051240927 86.20325724716024
78.80284054537715 162.15088746196076
245.45830784692876 14.046625062404644
161.13231760892018 237.91698950380322
231.33801943571999 62.4120785899194
61.705014519132604 234.80216790203872
222.00645197131902 109.82442135315337
140.03135670172784 146.94039325759965
196.81974282366548 135.10704856330798
96.70007614267077 225.3266610919953
160.034401813029 45.51372823173183
63.29866674666043 24.258354662068133
22.49579440891153 245.3254660757556
73.33205275935015 83.94337004394659
164.84106731551273 1.7168633308446424
206.3841766035023 119.68203093920118
146.1843097687534 161.24438341422535
13.893978328492596 237.28144810920293
144.14499855378008 124.91009406685694
132.95847597392486 25.152861767979513
177.66921011524934 3.9037755014720563
219.27674055867436 125.1018676127115
133.19394375988404 127.9346666534853
64.21014334865663 91.39681027350596
120.1933440884464 110.12818945476249
180.04912225975082 36.447022739611896
230.37055436995456 37.06547473229635
168.73333259550455 188.62685145991242
5.485589503081339 198.90609528216459
9.748403030523267 246.7112557299409
123.80872924200742 146.68391893997483
239.9156780321865 201.46691812082096
236.18509589880887 220.69300470057266
242.20331917385627 146.81577965894286
132.02459592038295 134.78115264049862
18.54058929585667 102.15979564174937
238.67436113752652 117.49151817466134
112.58765560870081 166.8214193459755
38.20040036550063 102.77658787284399
244.149900209901 178.89828638712586
11.175206143211769 223.31460078520095
237.5867015414849 67.5800220205541
39.14604738675492 166.95894824976168
16.11291431391337 149.72903424618286
113.11334301772239 166.6647014579185
118.05659232985872 168.85524688528557
163.2933935088335 66.97336533518356
8.981566632893928 38.91000397265226
65.91467127534956 78.99780721304253
112.09891417362603 211.64793952431916
17.50624548490254 160.97498012766548
214.98427816970218 177.187783507931
112.84857233614237 61.98821173536134
85.17996619900079 240.1970712125624
123.72860062117924 201.00665200467068
156.2754296606925 224.5588692421727
210.6171827098187 116.62985675264004
242.4194389541089 104.12024808282347
86.1358536021175 142.90499623865176
207.8335804334431 204.82620483104193
171.55711490817583 49.09786600169053
147.83538578668956 35.16973508208712
124.52061256104066 145.7097764665965
8.348859954588145 109.9228109292605
163.29335004514965 34.13839690849596
141.80763305639795 67.51731350400395
242.31043108301347 180.76381552656625
155.5271749755727 41.13908317458634
75.66287844061742 15.516256432938608
54.00493406799423 193.13651379630676
7.69270527910143 61.4288308015104
246.19399663877007 221.97994370634154
236.38553651516347 58.65910447347067
195.53886158216343 204.1904634879315
243.38197948813726 99.13133030829881
96.63561612925794 56.918737044920924
72.98208936714076 160.7189308002819
75.3185013640108 214.8838783185017
109.37427084817574 246.20535549011555
125.56206971671868 121.95236059488879
177.66681426071437 173.99064710115508
133.0952232461936 138.70971061991034
184.04365910480715 129.57472019808998
49.741869115553925 211.57957905322735
106.72290346391314 245.83007688348056
134.03611775854267 59.21251211286996
47.16113672771649 86.20753327178335
201.6696124731803 46.16455053675483
197.3555056244982 248.59716263101117
19.313273126769587 100.75817218567066
65.19631933908876 151.9579257590177
219.5623055572208 19.93759998817643
99.05505191164143 70.23411560670593
85.58874335563493 208.28219374880413
184.4134509695427 135.36850980904302
149.50976179070278 157.79383957271577
144.8008428277786 162.82584354437168
237.63441841811414 231.92022972873295
157.88917350620756 39.91839635310304
84.54818642873052 78.86450451954211
37.55702969877422 147.39144991296652
169.15490594736542 44.9248142978933
59.54612066138246 225.10217669216294
175.60771183948793 69.12498185075496
144.0010124138799 134.58222500573598
236.8142960151106 48.31975516688303
23.925835557800674 172.69179278935675
35.25783112071576 136.6091979181771
196.36163635484232 77.54656416407867
66.75029113548663 62.849996061987376
203.22727902189393 94.81926251328893
143.84612560195347 107.41232734024875
197.53687723224647 169.30537466343975
61.18517304366766 21.41567664541377
203.65466438382367 17.09301489401452
103.89940886303789 130.53680304567845
185.2446015772843 183.08685901706937
111.47631447098775 189.7099918798085
29.850474393656455 118.43241195240923
243.4302154796509 210.64131408589174
178.02467358393062 18.201394317340135
128.61060062442866 92.82661781233007
66.50312006245662 109.32321585412194
194.0090792750544 106.74526341302476
126.00057845252036 132.11189214136292
168.63009992529797 157.57896718218794
138.56272752028946 218.09305719803456
182.54374782448656 114.45691194122496
168.13876598748107 3.603740858516474
211.55941365730104 201.98084561468735
101.72901645496107 116.72357867562481
4.894598263337185 227.73685077986667
71.08346972914515 221.02134779220447
12.79108557411346 83.25270645488922
130.66582333077113 56.04243723822563
14.257749252666708 76.38131578357343
191.33680024657323 19.28818775625399
148.35051572789394 64.70890351490708
244.02827920091835 92.79610435965951
131.16365432024006 109.71832179075983
59.18488206095002 107.76796708101926
107.09924047899311 228.563342210984
22.31398953945851 0.49289792052076287
242.10946448983256 8.095192148943664
37.96547705573075 111.49099127000589
11.24160786535583 193.0154145855889
35.979338180041424 197.89777285776148
26.455620393569053 126.4993809658784
197.45022635711146 55.529631620712564
244.51593463720613 61.08983012898675
1.5343525753433451 214.54289376022538
151.7749768454741 156.67090358585074
32.25042484294302 97.24683488858649
9.593459734597133 71.84793357979757
43.399157169091765 79.81172800257946
221.71659920583215 26.91232233060506
91.27969138560293 104.75790240350439
90.0884332088041 60.66398555706037
67.13431387509203 47.15514415371311
213.1265403574496 239.7624971931531
149.77533906916088 213.97008164086122
145.2472100953678 153.93585110626074
100.64607599015073 200.30287243290067
201.80265462131578 223.5359818630263
13.892718260631987 145.85999998071128
82.09802446582667 135.61809350588643
96.72196314930575 201.25382048261716
34.70185711153723 99.84272750524731
210.14633937388754 160.52877166934604
208.5629148545654 120.72932509901244
8.229370045753775 134.50199567252696
171.14541594028867 136.87333707559733
53.771668785214 61.184624707184085
99.58547864242706 91.6005609073563
49.61336778104622 156.2350607166789
166.13769623488872 95.72991023591973
178.5764518303317 70.08126879132467
55.01931748140296 180.13745438677847
179.20080596313602 134.72167269539977
42.596385698771385 212.44599141387167
4.007478988441449 45.914797351615384
13.115818339290069 74.2958310644587
189.7296435651253 116.0903113713582
214.27093469794036 189.2855011168982
222.2433156089908 3.655342418587032
124.71845186306894 16.783935911490328
160.3303314159598 195.91431960038486
32.2959836865058 161.65772694045359
239.67734399830084 29.550550428270206
61.160647192088966 219.07639677538344
214.10575658853486 156.41349778670676
126.8629806560257 101.76234550081092
0.3612648104550087 188.50761181767223
180.10485219189877 202.50256790463865
136.12101060680197 227.97290705546675
12.278317580570603 186.10758381611078
116.56312131708077 37.04521351279932
198.1062184593901 138.55121443750653
105.72979221319781 105.68618957583534
79.97704786482312 27.27355662475653
243.29821780386834 13.998138654567061
223.55591773625503 217.3269152246188
157.45487793467777 96.17264897807046
212.4405265282692 135.54414834739197
54.155552038278095 164.93200716341724
154.82481130073174 198.74761736902673
61.25549597930541 75.4488508345485
216.78536206383825 90.4072294806689
79.51697357926373 112.44361253898744
9.236118028190187 214.51493105222843
122.64381018657905 140.99751651812363
116.00945729349807 149.83338461901755
115.93067882646285 190.8558375120502
8.79871802021298 147.7654712727751
187.0737752639661 195.68988840601233
80.79226615876136 203.11840675199215
202.51699407783633 193.35548222013057
216.82126331860005 84.06378206167783
168.332018049373 202.06736464817052
102.6742442043089 146.44654927279336
76.0551719142915 60.30675172628497
211.18874512987742 43.2995369750247
28.449137460549583 192.86378182837845
125.19958866870488 248.57530750818205
66.32236895564816 161.89554945879118
78.37386697440232 213.08998047258294
117.34752798641543 73.82887336113053
173.90071293220336 121.07072245935721
121.52619635118414 73.52690527753239
90.61566982364863 91.40388139770798
221.1944379505878 199.8177258666524
147.88023744776692 49.53936014615895
217.01686205381336 4.616251609283722
199.5537398478691 155.14962838089332
0.299575910321509 102.97858193784302
117.70925407648834 73.5042328318431
68.95187452538768 178.92477861219925
1.3908767181225468 6.776408497896957
189.10456070790227 140.5027027843175
67.18055130662609 115.03071136582676
241.34905064634833 155.74985972602283
128.62028654338192 205.6858233155403
121.10798370043236 160.30661108117582
137.6940245519957 140.63593762733203
220.4183444517075 55.5532856927674
183.8964906368128 197.49451146232954
63.35192811910545 12.31025803402394
54.38716662891388 91.59506071110962
172.7451274218439 248.66125164121598
148.80863065549968 247.01182098344947
176.13371266759702 68.73015082535211
53.73061900784914 200.18253485071116
201.94410912241958 91.23461521207021
240.2572254308909 1.4959251823048747
169.92998268347503 37.48271226616015
96.49332176133888 214.76685665790262
143.47926247053593 202.72434632794184
119.36099302090902 134.05220573071134
105.37563934386945 105.46396714882123
69.04768561873378 162.81528184950872
53.94452292639226 245.77473663022644
162.24942706935366 236.58279261379707
232.29862036722986 249.6851230040559
75.37180714947681 182.46411171237054
86.53280293484133 245.08219946128312
38.747335729577365 68.75080248386045
10.140616424579196 52.8268443440057
83.98498253446196 112.79144816874332
207.00547382305817 205.11929487899639
224.5313600032271 220.86217315247862
186.61622391635638 209.47518971892322
162.12326551434919 158.49317124452463
107.73508321620493 146.643253772926
243.76095877133258 120.7188698447415
246.61108800299354 101.95907294004958
112.49157995506611 59.2677842720829
156.43295005856777 15.168076966077471
45.497228377533865 41.59094198631622
39.45617853947861 204.60220935944758
30.036575024532468 175.57352663340114
124.15904032718464 29.44794594855407
121.42275188797386 87.26928356417338
153.81273877452912 35.30024376106724
35.83243053940549 223.931531529547
55.530987425818665 198.56376384549137
126.49238937847282 210.87913111250532
22.405160805708896 205.54178424442017
79.71592456132163 51.61324215661206
159.6909211274522 186.9389129376766
58.714953525309646 1.2652309972060738
17.508093958977344 213.2970540959976
17.04419370588417 79.92167406257455
19.238775349453256 66.46509526154257
158.66258941475635 58.52195427248078
52.33904443784912 25.40719944571285
66.56588145934126 19.080317262481355
234.45674265445294 186.7998463069542
185.7775760116695 88.81203862746659
143.98679433465708 161.9756748712844
97.8263726888588 171.35534353221743
142.39386554652805 196.80080210246527
234.45271507504677 139.8585176571471
75.17146758135429 55.011827432092375
203.10094881239834 218.59174737185865
69.13121886604081 123.11609835788767
203.50308031535593 81.42744096318569
54.18934041587842 19.671888410969423
19.488549355564157 17.243270428489804
140.11834579443712 197.01431899350084
34.310253128713164 93.77450524851066
63.172220580427236 18.32552684542199
231.496454375968 35.03705903037202
97.60798771087356 205.75597104153357
96.60485460997423 6.918700943809752
9.093756998096003 71.62518784859579
85.84920986537118 172.17643429142944
25.955515610599498 86.8290800144666
83.49754817927263 239.23997288496878
81.2812262753361 130.25264989900236
182.82995357423877 196.432030929541
24.365075054391948 217.94392831869033
214.90694926389196 186.86476055422145
196.7593851738424 159.30401294242853
82.76218824137952 181.30345004563515
20.738052625636662 12.288586761725394
72.428139172445 46.30224316212681
7.882379128139133 113.83622774680404
99.57531400181193 95.90521982219133
47.39643790878215 245.4570984886274
119.84832340294355 90.75223219749832
172.97737356457097 164.72259923803952
17.02391523566679 144.66580885500346
125.40236511819202 174.50390605544902
54.814613044358026 133.67162040652573
99.98842536062413 235.72567799970403
11.027469589103417 70.33089989196375
171.47137759449302 47.966578233089116
221.30173368330597 75.8554660564122
171.08131160670018 95.01119368241018
121.6839346789112 76.11761084593829
135.6511008982476 213.5870361005051
196.46226627636563 70.27090494642869
140.94525563256295 134.0102439132325
25.60736857115306 111.33014163517763
29.866725308001772 31.32051130772087
166.3822741461695 190.3190807221303
245.14977737212223 179.01290051051726
61.387146238414594 162.97664171662214
188.03840493577613 124.80428885705156
84.50493243979493 212.50317949785835
206.7410799031731 52.60912472970974
93.1509169404659 168.3721917188976
229.3838054424398 7.543810191771722
145.45625456958086 30.434655919256148
199.54492715697944 168.9855702013147
125.25832288569674 107.20252295256726
229.250811490435 139.69026564263822
124.15183483800062 32.1696937578759
202.73464553894715 209.57139367116932
70.9520553468056 31.328871489460287
131.1320577698422 67.84660847493245
51.46248522585789 74.6050733322314
145.69958586861972 109.01245749957714
212.17558349641155 194.88097927323238
24.723101976299844 7.619797739787132
85.09075532979938 71.38683260243198
28.735540928817304 145.02089754079506
15.009343595384362 147.9896209380622
137.53373971280857 110.16446301158447
138.736508586865 217.818046559548
134.81335004742257 219.01345148582257
154.08899512584307 96.56974472718211
244.27890910925797 32.39471446833556
11.987155029990065 89.92269857895516
49.72330823224394 174.58376731040633
216.8688068160842 188.82521494882752
184.5567794053414 132.12570702242283
40.604565928564426 116.96909397550476
189.491798043876 176.4020663117662
181.78935960536697 31.25322327829308
244.31754355085428 225.11157825332495
196.0839134477196 69.34562616436534
192.0613951058466 44.76921399174946
106.19816638175536 215.9339957397411
241.78328030226 25.61181891526837
64.73902359772119 161.99129804835337
31.40924191413666 229.20542334630758
113.50901037559319 162.66037641888255
116.80722881731253 208.62941919197036
166.71866791295992 57.48994392194759
7.977443057385764 92.15073021097966
79.84740631973337 191.5458275771779
194.31663475906166 35.07549650807651

30.79291162803216 150.87293544581007
140.12675274690946 216.13548987323318
55.98326384381383 213.34529025770655
245.462470596625 125.79192062264613
81.77944284510019 83.72007969731527
104.44466472127651 174.05024080282234
165.98448183434544 67.47815619462594
166.2972144959155 52.19057587123335
92.83583434321497 36.413056645575956
10.310969087341832 62.2102815968322
58.75389218880911 134.2141575506886
61.224742483314834 244.23668561178417
146.44072882525083 199.42711306762558
207.46709860701824 207.34343691889853
67.22298430693776 133.2610250461064
247.55922983831124 154.21752798776276
52.3519753698243 81.54854149851678
28.96509011136103 177.70850561365287
79.81693387683656 5.086619364931877
61.72385067518948 122.15486047676823
38.92363720101394 209.73531814862116
86.65577792285484 158.3922854409543
210.55106553539784 173.84717608692998
86.28927281589705 126.69920590263753
79.92657367042183 129.31587680535452
190.5142046280471 225.22948882596245
247.2789963440172 100.98393918795837
131.21221128550093 193.3625489863518
130.6039617802319 29.50009096540626
190.0642756089815 181.70928551237807
99.69031025526526 128.3532203876918
45.99222179909812 97.34325216697226
150.95535608062178 15.459022719608084
26.753165074625716 233.50656288134573
23.263039939949685 195.10267566529322
178.48597178212103 54.868524121899576
104.55517592121826 165.9663673488167
66.02360933649685 25.427263416365196
239.11148345720886 120.97541073102491
203.14392238141798 173.07113448529847
109.20136302569414 112.57919077479437
16.18694180427818 80.70289229641666
112.16287065198102 14.580659321677263
44.59677569106296 137.3397080388249
228.36246457299427 124.68593223194641
179.9615565096419 38.40753768479363
26.64521740098791 106.16197571540206
194.5582898834997 233.98666164039818
212.57713572563813 237.0739511313651
35.09149874410431 96.88320030059583
200.38819805046802 187.6092414381987
91.77016152684037 90.1140340667666
146.57030722024857 166.88465317538802
190.6484363518535 117.50676828008864
19.52774248939418 220.423737838817
99.1526676784918 35.793929488961126
128.7588717477591 150.42610820689717
228.17735550523565 38.4751958694009
230.0730958303569 178.29157875908874
201.46760460193806 193.30195932088319
207.7375156642504 62.75145227802287
137.58372223420758 27.635971650264544
200.6386733446574 15.104860435652318
236.5331748433552 193.0089427675632
17.016827366036324 202.21720963502378
63.32876959118927 130.5404465397429
123.96428147378136 13.006507053113097
206.0229757212414 22.208357615727927
103.9630219108216 141.1474938245706
25.92525270381771 18.761757895696785
141.7969074078231 221.8049193513642
193.3656400918757 175.57489270007713
39.977601301327184 52.07928850254062
144.88479944668887 140.75948420413374
247.95908345066536 240.30384091369356
0.01120362253845264 167.98334464135326
34.90070167130133 27.42547458363126
62.08310524961708 154.2137338838594
55.80451155962057 89.6539966796396
16.933284958718403 183.5077435034095
103.68287561855772 149.9562831159717
111.0648645193664 127.48437402721655
162.64718032883303 5.72749896818972
152.8857116934816 28.89517047204218
249.93685131553346 88.82614773963476
96.72694008308991 125.61973478204536
107.8414812694112 41.3756002932803
12.554380159391753 64.02006976558263
161.56126364758666 80.60158689144981
119.47086159330925 162.03447844324128
45.79389734441677 53.03448005062675
149.1554768573068 209.9529235561827
15.674880703937411 200.06589323291348
115.13494389238177 114.60535065936803
189.24702754430194 22.689203178541838
154.96001491695478 221.37906203463763
173.6757619820418 125.90432954549632
11.362778064150175 148.74468928868492
186.23118306897484 187.92043080580635
70.80955014479423 120.48933969337591
73.70973524570343 187.71089101812981
207.51929311567076 111.64301760016357
140.8116883780353 19.130061932758263
110.93035919732658 105.92277498856507
98.23900585672385 50.985674528756384
154.56131952782968 70.3581621979719
155.3875839892533 185.531352464338
239.5643621535366 207.30702262557006
35.662807951695434 63.26269712895369
2.3053369589496886 180.1474861561427
116.11593170756615 156.6632662575426
27.07774284796585 243.351299252086
60.913862036360676 160.22540639631865
223.4342250331701 29.452702193071918
147.38551357267713 97.8973296527379
214.06914489206565 57.35879548365638
63.37438995311256 186.20523703078203
84.37218161466875 54.75083532424224
241.74357502221315 43.1460562076417
181.817150572811 43.02047302872078
76.76444019904314 120.64314922824774
142.0041171884638 157.33345457003847
48.391025755805536 51.50050768459508
1.5461026051324378 85.92442124677915
163.17175150024048 182.7828590269441
32.182643420318094 143.78435256911126
230.50329608187636 109.37532653889673
146.8801976384854 129.5550699451942
238.50634514453492 11.299073745765359
125.08549280635425 53.13434097229464
117.73934594810869 42.17219558596544
217.0228447367896 90.1146932527192
140.0853878911355 3.3956145232253157
128.6758245917768 138.650027349245
40.693511191345735 144.06286763047711
123.01312152810684 237.6134653105412
228.8058623634148 34.498589787683194
216.35972764663202 85.35190308147872
142.4283004362143 74.06375554157518
30.108200928553348 142.0008901743781
240.59831279102053 87.96636606807887
5.825043045610684 103.95714664238098
124.30826133109827 173.7525879617758
186.30891255115958 81.17085142736516
171.3410796658774 163.74770683462862
225.22475694551932 191.31945068873574
13.014091685875501 91.5734937182813
230.72716042070581 169.65743658750995
93.76591287425457 137.8702164499497
243.0930427190266 75.95486043725289
70.17258150998425 28.45725059079665
86.92039040423421 97.32900814875364
167.010662317098 164.4002850403815
110.83903370578682 239.11330078046288
51.55914868462222 231.7815009648655
78.17633746997465 175.58049925611846
58.79655719018764 97.05043650307462
131.2957565350019 178.6513242231993
243.85670193729086 66.28064506218779
84.39909483041464 150.6997357563223
76.46057461681127 242.73022459792085
169.3294974039619 115.66754162637507
245.91996199812547 9.860950535271334
181.25253753395944 136.20841357644187
199.27348635175704 81.27821716154027
227.87910960629154 170.01835477647347
11.163163732200305 51.288103630595714
79.94858582370159 105.81515812210205
23.381496688700793 205.07744988035765
147.0420434299644 2.7026611364449615
93.38555953854092 94.62337406023902
61.56499407065874 116.17696110747234
211.75906995500418 94.26667320744845
44.39474700973434 94.26664902458865
208.3144075704676 43.908751495625815
96.40973607592873 110.78454214846312
202.1370030804864 239.98581893624822
200.38472814636992 172.58304795944696
194.89171365175665 35.96264051243828
188.27335836307472 29.74982469275306
222.7060763375735 8.649271742351777
99.43601779938538 211.0188878064775
121.866890967818 125.60471716527627
154.22993796164658 28.02726720693777
71.70814153872753 156.41391647759903
68.37755223259512 196.99353483416476
240.84614562456414 44.448073523725235
100.32624411962165 242.813133501242
63.16980963159874 153.06717005515551
211.7017402154169 135.25015791153814
166.90413701986364 169.05554720643775
30.555357379108084 226.47817756599014
232.72446952679252 1.994592531691347
165.936095356995 79.4545610914259
100.30252553683597 157.51455144027403
26.880916280347446 208.7560739203428
221.06415849126333 76.04900777805767
24.38008037449621 213.19154036652787
209.397484568203 35.431557700477875
41.60340622353084 15.557083804557003
6.0389796142023 196.38940704950448
147.86016595708472 225.1959971053951
154.6893163949315 194.09364755946643
33.950915658202156 119.24395177532757
198.84594671042845 108.54090612613473
72.29620317785113 88.55298477321533
153.35613480897058 48.35072414954566
224.5176919065061 22.72600817498932
195.24958872219557 56.074966548020164
188.99651350063618 164.30584370169646
59.34837679999852 134.12116035791087
44.6906510857126 192.162072945502
46.95984802797171 238.30364589534472
210.92282918824972 196.66540016480553
238.38738949084316 82.60212914557977
94.43937733488805 27.08701033724392
0.6591662956409172 160.99358674948206
239.31780535885756 83.4322741933759
105.74651917670828 107.5830446239042
106.27371143321173 7.053304022676343
89.6895617092926 67.7531299881167
88.41515508789819 53.63482068800835
69.02377040582452 23.01208782887343
75.79163560455775 221.94948803861374
73.86132043993877 135.69710295655727
91.89112844129907 50.38547746425587
95.86092816329042 99.56532302390619
243.61314797673754 168.25540909084455
61.40332113226407 221.58629142660823
199.65715671715407 64.51522306224153
63.905692757422614 87.15706635041542
23.071999241732698 99.97583957003306
100.26445958682342 110.18269961504984
173.70448916039135 173.492071046741
160.90691244114862 90.2110707854068
22.69823715022254 75.59791228646579
76.88826951005726 42.06858219523446
87.8036309698037 34.93180178452165
25.283311494466943 60.98238945340001
101.61272241397856 71.21166299800025
186.15146894254997 12.001348659393118
112.6644854165868 65.2996783368128
112.11852648480331 14.586256359541249
46.47736140991088 155.93774207839036
242.33265240416983 1.752391789839547
97.18714357190261 210.8270751288031
237.32498787279525 56.21947781515663
2.311596031551566 71.83873723875742
22.901258335976614 150.01293027014216
18.163878246759634 125.64609487609616
109.64007115542742 27.35759657114714
68.14586379660909 132.4428755789288
225.70052488028975 166.74638877376714
7.000864640784032 138.75542628118475
183.4492292134032 25.712275700942115
219.91252892141028 106.3339569523401
77.66273230248422 65.9719744789387
246.73980302655045 150.6555144364038
104.79972846557126 5.379193609861499
144.93111774995128 91.1025567149183
194.5958372007817 150.06701256130071
226.69145814855557 121.43098206973166
110.15602997068632 97.68521760831361
119.91977741781312 104.35541543315422
155.90597787224948 230.29421204371369
99.74980446489049 224.8215181366296
110.25896191439729 138.00022700133133
62.41249844322186 11.382986775678534
112.80490499435538 138.4540888521537
120.57109225099938 76.83958064682555
26.205945445241102 38.4151555147125
49.070997244878235 156.4907274108089
247.03777812556106 181.88495386642845
135.85813035878272 98.3375614499386
133.8134507833873 11.309147975622352
89.60233370680507 105.62140705409259
110.10493505131228 185.7601614972004
216.40707896062025 26.10343237013857
123.98987214748935 36.5841705140755
141.41157250995337 33.91338499498733
239.64011956472146 101.46704597392153
225.51511705418838 49.95138732725829
175.58628654530156 117.06758044259122
226.4209776582565 31.07064675300761
51.43376360476235 166.4419613857833
40.70551959158553 28.05531000077738
177.2932215644738 161.9039171761903
210.55345346456753 84.68526319831169
237.22265384281903 97.24236948926249
222.07699263483178 97.50772015398698
73.64091933530248 189.1411169229235
100.27400140785642 148.35306539043967
179.7275733337272 233.5997192563945
129.15359909363616 98.92596269681678
31.25214592611328 178.38845106270298
86.48113735487611 123.59472424903772
158.24043998995384 208.353796051582
129.55627274493654 219.90191901913022
226.2387335881233 220.76157673112715
78.56598795977816 225.9305113351156
55.95397697326007 62.533058715049606
124.71353003344551 34.3400532753714
80.5843247721265 216.05493922859267
55.36232032465399 160.58230451257566
234.59094773639427 212.2623946993348
118.43391933777622 241.6506730832883
85.51844545542306 8.433460782806018
176.594235097194 80.58132299713486
22.39855332214788 150.6371335473145
99.2382220220118 67.97774832512343
78.76762671115381 22.88455680856777
82.45129424901945 117.43609100329292
84.43386466064837 236.13644153259548
77.34505875825535 164.09581399104914
20.929796962825485 155.32297213764264
96.50959427629313 22.000015768313787
75.12859550960759 215.2561774080794
114.57324660915863 230.59603894991574
188.74138226300923 177.06997049693533
127.77564287881457 134.2266992322817
53.927061415741385 193.41293008701362
92.6485864871646 243.7421664945115
59.427422930801974 94.68337375210432
208.3979610008638 96.0393814558918
118.09751888844441 33.64025620567529
122.77360406856441 55.48720274501054
197.5416212151818 120.66555471835343
101.0795947023607 194.41468309609067
22.201958367806473 63.28660066320749
156.84071055121126 245.69621128799758
147.68741577659998 94.40579213660615
203.27757470941734 29.755329330646756
181.79721658892026 22.0185947579932
63.47775809804598 19.520821280631317
24.87524911208647 127.70236683265269
166.5294165349979 7.543818110972101
178.3772973198356 236.7628924603135
112.65555100951771 52.58335134476905
10.162567656271964 25.473294746836185
160.18237861034817 178.19379458088056
81.79067475665796 161.14122953951752
20.825872934301465 36.303860172325784
64.9632682438696 8.470297588448418
186.36309885916293 77.80533266845637
53.97664193987225 244.06481663569335
12.536676793112683 146.07410761461628
245.74497482626674 240.0265427331039
127.81766000063116 148.0990490269555
227.88407767185802 51.900106418974524
232.48952465373486 178.11439955570887
58.15663067990548 189.52114760858333
216.62920130333774 182.47320818300332
69.95127558296596 79.14813183372118
99.92334547820819 228.71199899821934
28.7675253372682 136.60272616487512
146.33218664419576 118.98407805252131
163.71554932847323 138.5408492536005
194.39581822326272 46.24171268050883
147.63564460083668 246.2472784878166
38.39457008587235 168.31172675674011
81.04048273797592 180.41656474989722
54.86295322408047 156.41549089236332
134.38868444665948 149.1113330430978
18.917187213896376 167.77828690224442
239.68235549941102 242.25143624860817
189.46549609104687 167.34678351597526
99.04564003055475 236.45062040909622
172.5811909321852 180.75627965409234
172.8164506857513 182.34218475528678
42.38841819772199 155.95673174179592
134.84484402873764 49.57025112546656
66.164895190919 30.116222570912342
219.67746067253722 187.87169904962113
210.84395425621466 102.0067590242883
60.39400981684687 47.818427090151744
182.97056220986468 105.73666562059381
120.35787826268619 174.99630456579817
201.164460555504 14.356794603386374
197.00737473675713 19.929480904974678
134.6012893135977 189.63383467954756
64.9061201405784 107.71226957292257
84.06551368550811 70.26562555231325
164.0595922335043 182.602853618926
148.92214363865756 244.36803170378133
64.95536006625127 206.1477038121416
198.05340868215566 76.04733884236656
70.43278589452117 87.6733208533485
155.9129207958362 88.27076563570724
47.77249135196707 223.04107586294128
47.34828558408072 29.180186791869623
118.50588012212593 129.18693392642706
209.89277700705594 119.88810933721666
147.39428973737498 228.7795832682878
136.97720875798106 161.32401223831656
47.69492950544926 78.47927646479361
101.56918014669805 205.7432076121544
190.11340973422313 71.45991256576397
65.45114109653716 23.119516537642465
16.69228235677084 83.24321367880027
13.578841448728395 149.15102699022793
245.88539044502593 75.28610924941012
243.88188792829376 30.2241190656041
161.6201046168159 119.4529184835161
110.39695968456995 224.84794238220005
125.37186383793878 77.46466340044017
190.90769810599446 64.18468024090382
3.7455598506007934 197.42911778542697
247.6937462724456 210.95976456689814
215.06533948747727 205.48204292000557
110.1010582006581 6.640295301693383
16.480154705529298 170.960728618592
136.72665187456857 11.123530834496298
156.35068936680767 178.03785173561025
222.62685155247277 177.5730445887301
91.09456633142885 16.955191030938593
89.94160277886765 9.10711806093098
2.3609016070426367 160.77153149625005
117.73005230629721 174.13414638196525
128.13567037693198 32.95300429115436
125.33131466202153 178.3883632399986
228.98653987933002 148.78908759317858
54.65929061207792 40.21838640815878
127.53335458180517 93.75036094086828
57.75362116379137 127.58372747452634
46.13681823623797 55.39068880640749
169.79021573305985 212.56179925008553
74.670826691419 183.39570746736433
144.73878211487158 9.050259643601565
180.86362501991056 44.24352842756885
53.39723913200109 64.07034616023213
40.96317114064205 13.46688405338864
167.4470872448521 146.59185436324495
96.86494313962538 0.027046775057021355
52.411932338408654 63.14711503526391
142.96292133724594 19.87611214374885
140.28091245258622 45.795272270276214
16.82864693620087 0.9441204172724593
132.42948723986797 112.48737562664604
158.9467416851428 120.10388200836167
186.3367699675081 200.32030105670069
57.92641663990752 109.8598333567995
102.01631276292747 108.34168494016765
78.22966951212152 127.03257837274425
97.68423498321086 228.84679165512455
61.055489410875296 180.47353510046437
9.62383669742159 215.14733722276665
198.34671266800018 190.12697771545803
149.3803379231967 218.59701918670137
183.30583944567508 31.8663184308616
209.19478546643555 143.09916763032132
6.60126034604247 186.63885643018418
74.7450626892896 190.4909279601364
180.17901883734677 185.43050631341742
193.95807196239784 238.16854724289468
159.88122399523823 222.6065293317495
181.11049010243244 224.39017671536203
139.07615207003784 23.844946959998143
61.240055619449315 101.8890163699983
8.699934856606362 173.13775393559962
51.336191186606094 58.31523827665136
161.1479075303273 12.261709348452305
213.072682571023 155.00849759552457
229.8551316124633 190.7976256567182
225.45565801061278 184.1472000616769
210.49421625443784 104.17766197124564
47.527861752848374 207.55214280281402
146.64557337719816 214.94344477582166
230.14470766758788 50.43584303382387
200.47905320696532 40.33687797771437
115.5288836068225 5.571810071218125
202.43069819914945 127.31038106548412
65.73004548867745 241.60065703859726
82.50533274625543 14.440534406125444
146.2867551834805 69.34346879097144
131.18143270076763 8.570051160125992
235.36787092775842 145.20006629246754
36.667760527389376 43.366213253662245
187.95225546735344 230.21324200876637
157.4148065409056 19.405223197266675
223.8936523349987 239.9119547720382
218.64324982335054 224.19993486864178
205.37806857954456 246.08595772322857
15.96958113113825 43.621883026705724
145.0146359854052 141.38752527774108
108.84603951063993 24.968002003563278
177.39770018878826 211.2224724192851
243.11272487389556 93.60151836475019
132.18509342914177 55.129953267230995
116.88000109756591 209.81748467361126
124.13038343431079 3.3919920369505085
153.87242914312125 7.5524165693563186
184.26484706860165 155.14036704864742
64.61981541179465 219.21395054525078
243.88676258247605 209.13228561628375
167.69127001072064 201.25596902941612
117.17114400406506 105.4610892837797
84.36537581050604 12.792394893934771
38.62158583526437 102.95588932661315
66.239711641576 32.55234188300485
81.74028139827263 171.1429632768235
28.922462827551037 166.02595400158498
28.038259909458326 55.82788560123866
45.51935807654869 166.25327844755049
146.78930503601964 217.4542553323815
96.62213832266939 213.19195328532587
140.59767094441446 112.24016822846902
79.54518335536018 217.57422248882318
229.13867296129862 207.4270310318485
25.783457780340164 44.56644959825279
127.19880244099258 178.01935591957337
4.546635279934402 83.97985548867688
216.11159309822156 56.53157558817651
219.9941481219063 114.65936382891051
139.4765984288604 119.44502522057826
189.269062766 41.520605547774565
86.59541761073008 25.225536265355814
50.75190719471287 216.2550096232802
166.69257323459644 22.82721377989305
81.1283273228533 174.2294279226175
70.35889146762167 86.12349552046214
242.3800653169206 144.09973990617317
241.1455391561942 101.960763988408
164.0111128873991 86.1219425488402
0.8983005182003623 142.6304741845513
196.93283858652782 85.73417300641597
132.80576599138516 99.20755797416531
152.98480654976612 156.8071509901834
229.21870232452162 8.995313787891174
119.93142407157093 223.85759689176436
83.0297206308406 196.32394897983934
25.70367919745667 118.33572493109418
174.75236658270592 4.545913439926331
167.5778549692756 210.35341655342725
157.14237930561092 170.02395944100866
202.83232483824767 10.627808556688766
210.43785416612906 105.09018996685762
67.42303109023348 116.94813075553392
218.7547450599537 211.75548563112142
173.25180759585518 51.209242957666824
171.3841495998451 135.16769761862162
133.83727801619068 1.4336268424181287
191.77129058620875 125.54238989295396
146.619341741032 196.88863905574323
2.1427250585282778 37.617389473361655
44.878142872422785 41.54530736370018
227.732623332254 235.6094959310894
18.33897943472526 50.10683672299196
170.18453300252366 187.64987029529203
197.8997344020454 154.11733302295005
216.88104471370409 115.27756183425305
165.0781177969843 46.737871210665446
23.237091505924596 20.082032878894456
96.81412549465959 214.53032563919234
164.99749377368582 89.49647056740392
28.587578593235797 195.1523929609393
44.94710579694134 238.81385253648534
190.23462722638334 196.91613416680062
241.97186256816067 35.749879921961075
62.107785055714984 72.44991725188596
228.09236297329693 209.1086022720875
195.9253991600473 162.41815789253252
34.13425959521577 190.07214786988303
33.67937839369653 89.74966846395482
147.58054031637437 20.711324773732276
83.75499620485968 106.14136194486679
53.18441995284351 181.21291285107452
49.544597437102404 79.71860687172722
126.57753590922647 39.57463741640632
231.40689332339525 159.25323453305307
43.494494610730875 205.3399359932351
183.67081803524945 204.33443518727853
194.11882520462413 113.15273445066137
144.928038190127 181.29651826357536
105.36030016111856 66.43208513797921
178.68443147956842 66.0703658839864
150.45646809840486 31.463986324701125
38.21445893586725 159.86074461427486
217.2985476875421 110.41216883540575
59.88029155672331 21.133465400857727
142.5762737959584 44.75916527826851
165.41686222325583 233.51955644389923
148.23538471822417 90.80607034676666
118.18090614837121 200.36433225810794
233.8915207575796 40.38727775495138
77.3360388782214 58.64742478447782
131.77108725105893 82.4973055707092
244.71995920159188 51.004809333621864
228.59561104298422 109.21085930737281
60.87965822026067 145.79390093345742
162.7731395256459 177.09829114779276
35.074628670570014 137.91507013551478
65.62910500661972 74.78430578403963
107.69553557427672 33.70967360828697
124.727398868208 27.48558143709112
183.8146845753931 24.953340899120075
16.52480784755786 201.45106474248777
38.353950298668224 243.78101774641277
136.25616599907647 189.12239776870936
52.816217005948715 192.68334657577213
154.84817156612522 225.8200413803036
236.2605866304622 197.42115480095646
74.49650972088259 108.12787681755422
26.850168223019693 12.240923427919354
87.86532752929776 200.46465230812422
142.74541150814545 156.86384999323656
90.4442325378935 226.16852964083782
207.49532365191345 69.66492656252413
221.5016759963462 201.2018678124698
57.8130433040305 53.963115888681884
31.70214838589186 128.93253503308583
79.5133506428772 199.91368563795817
172.52047643112658 20.730421170231274
170.73806122653826 155.8791270427816
214.5305197722757 238.18651886379521
145.3622629069352 170.82938360953526
221.61263527547533 51.38582021613597
62.30847036509807 47.2008640171192
227.29640519479725 196.85836445802886
21.022271008228678 25.539472252866236
113.53258441808437 28.108125819590963
95.38266322271369 217.23013251416867
139.21711994114915 71.8495340170946
215.00489048055206 206.25033271648073
205.2182599323464 15.836649136859116
245.36681127640665 161.5162623616673
209.94222745395402 199.56810999597775
156.3962617530636 234.0014673379133
241.6763512006852 172.93564040880744
5.555316932742999 228.72685946716803
157.84472134294538 238.91658074305997
86.3912270472198 166.48696655873366
193.86984386059808 84.02708259265593
78.85669284605903 166.9514126909726
248.36485551116405 14.258607711732319
163.2200082079475 237.14021054009592
225.92432209537805 59.600126901501824
58.45878628429985 236.86328689071945
220.61854868030386 102.41472018433583
136.0298121096167 146.5025414972109
191.18179560757244 141.09319058628134
101.14294698375511 227.43374069711888
162.62757212336982 45.42888501769685
66.13760454228526 19.96661035910266
23.52690859969464 240.0263480676065
74.62117070298733 77.85928288224339
158.7793626216005 1.1861676077783156
201.07084643096113 120.6800648200722
152.39675461272995 158.9593090783509
14.013134615428996 244.52890637163253
148.520137200692 131.15123220714824
132.30595834374125 25.609981387150093
171.52531455769576 4.432374192455846
215.05765973248228 122.53518984102224
130.54587518095897 120.03580800683694
55.876423985202706 92.27774723102253
115.09883252271422 107.65576501735403
187.87014314260222 39.666119389780846
235.29038411407385 40.88220812048665
163.2667785974464 191.4862894503369
9.357494572940356 192.0960762399045
11.931127098539495 244.87423785961752
130.38914336055205 150.59980645976606
234.12325193954086 199.41254647272265
242.52332261102245 223.2360449483786
242.45121541278297 154.22337342094707
140.05551515057195 132.72397476714482
18.68817282338239 104.41076814878558
233.91740346920898 123.16535228771059
112.15319393404293 174.09333094586665
43.35491519206144 108.91243098872924
238.25096828965044 184.61011121037527
16.67139495053768 228.78433818485104
242.91512430537813 70.26350033821352
36.30041511624135 171.24724413891587
13.503347934275045 142.94047683885094
121.06087385367772 167.06359764808263
114.8361201881265 172.02880391298504
163.13229542076286 72.6242119599056
10.139255087283694 35.527875710716664
66.75710246050559 74.69799332310853
114.50493623264113 215.46753999467387
14.983366043112678 163.06703068856962
208.60049982831129 175.98843272147943
114.56617605673372 65.90988821499033
84.50096999469037 246.45674188295584
128.88185165784265 194.99500054347766
155.18396289688874 226.63471898851347
214.889824917711 111.43543351168766
247.93484624869336 105.19279649586267
89.14255991874784 142.44935746361688
210.17861953975023 208.53725051058703
174.129530912205 47.863907802920075
144.9981558761425 28.192672800410435
124.20376476733333 144.7044240158511
14.386050306452042 107.11550780339832
161.47557202653078 30.016616049297923
142.6443885498595 59.989659486173046
243.11535543852932 181.5660824058125
152.75053770197874 35.47405820796512
73.46851856830177 14.911425725830984
50.82278302496887 187.70988375938504
4.751812419618501 59.22989013021282
246.09127365522133 219.96501717808255
234.48725141097339 52.29609155607212
193.31378700528188 206.623413175133
242.06159750291118 91.28466960148695
94.92843194442146 64.14441326316545
76.23514114763422 153.50895155448185
68.43030059088461 215.85317448105053
115.87413694911058 246.23857440360143
122.09188325168111 122.92723437285669
182.06338977865195 174.527020538742
129.6528319500207 142.70347141574658
181.5241958285542 132.72198182934198
53.63059803790512 218.21656273595957
105.92871967888124 238.07159330314693
141.10996753364094 62.0378433215642
46.85661203287206 87.09322919122108
199.2979343319328 40.56220448105036
200.12583451628663 243.0263185266124
11.416570351717947 101.17444601312361
67.16183178994073 144.86435724103455
222.70987655282815 22.4822527235696
94.77973759597577 76.42766111222063
81.7571260308175 203.66144917729514
186.43643066770431 129.5692197479369
157.02585690016022 154.83890926791358
148.13680426943813 169.8760050943841
236.4516400260784 229.32035454382827
152.83050557556157 46.70952311349616
90.87391511475882 83.01557867454382
41.8394461428542 149.16044842060117
171.8867381388526 41.33926255018625
55.640582653218196 221.36637487883968
175.41301227531412 74.85250203422048
142.86849320773064 133.7404041297029
242.12924253259882 42.89440749555562
29.175215783508595 166.3324618851718
28.635909442821045 138.1362223665172
197.09240426879006 70.35367684133598
61.00271642609253 61.799733805814824
208.16288476563312 90.00242886264762
139.33886147325174 114.01365085943347
198.94599135302886 174.52753479200865
62.13312338154664 15.694692433234458
210.1614283075903 14.706851905990636
107.56332912888935 126.1323578251342
180.29946818593478 186.06197379822544
116.13105205757628 190.6331303921052
23.71211759807898 124.28928129704909
241.84474777251577 214.2493236039115
172.31416415549992 16.54461170080082
131.25704692226105 88.89983205364233
63.82263224968698 107.71788042894326
189.6841079792244 111.01496782179296
133.89155022199006 133.32730763005014
172.7910321905355 158.27332551043466
136.39359413396042 217.3391308349979
183.35138947552804 121.19395359653053
168.18058460820527 8.688918018443987
206.68318698876695 198.69564056898585
96.18618835268772 112.18736434016904
12.453876047302497 227.40200645189444
72.87100337210903 219.40167564015886
11.291362290089758 75.89928682052549
129.38997311251336 52.641523449802996
8.976048819716198 72.94749480486651
189.34499523183783 18.338174442671995
154.72899187818456 64.58152164132791
249.4592608261201 88.56817276327637
133.52791992262888 108.07708511589192
51.14447163338337 106.72357856463275
104.24255534205368 235.52053314744734
17.163943482648325 0.3707900369229189
237.2619419404534 4.942383726184662
38.5954537467928 105.73361794406541
5.4437688175444086 191.70604446061583
35.63711951616311 201.7637119049632
19.772904373433402 126.18242193832033
198.28738694727622 54.07117605492526
236.43803031154718 61.892805727667174
0.757722434744118 222.72495777726127
149.61939580649647 157.9088271664546
26.902782664525976 103.03743617876476
16.60546886185535 70.26668399003933
46.04759521938112 80.98715117275393
224.17220416867463 33.744152945825974
97.89978596988308 105.25892158321801
93.35374571338178 68.41663622213814
61.45381440731054 52.96051555031242
217.26538714823118 242.60859740779134
154.04968116085274 211.29455034003655
139.16612474529725 157.34562010032872
97.45185681029042 200.39566838420745
196.08595934342083 217.84812480145231
12.729971814687795 150.46253452988083
84.4354033561294 139.65902802349444
96.2903353532649 202.01524442899685
33.17607935895747 97.35658897284478
216.81363534518263 155.8076872127807
211.0379782510599 113.70527475527417
7.923181271131174 131.50601979152543
174.93228761097538 138.725805770419
51.51243771616176 56.976513271560975
99.30729185367571 92.76924197773545
46.126329004417904 160.9376478624376
162.72354271403103 91.94596271348829
178.21815577662232 66.34631494871448
58.80357432776365 181.30100401806706
184.738305330083 130.31342246291138
42.81870226329093 208.56057102488697
11.179341864985481 46.1408886069542
11.965217534895405 80.80274223163181
196.5518246947943 121.00018973040322
218.60225286302432 182.69561819100244
229.3816935646326 5.420683586313063
122.29879191046966 9.751424240045715
163.73519366085844 197.72679945859764
34.62687370418388 164.40320192825774
238.60953214022817 25.28804730045872
62.97013574031349 225.73273425897315
218.81640620301917 153.8901901578903
125.75142143946788 97.87676413284152
6.295823806329315 184.90401655913988
174.91158904388416 203.68961903920084
138.88225277562935 230.03486912031337
8.69638763686309 185.51514555450262
116.56052498599448 40.711442620467494
196.94659578447894 137.90202193986644
104.43652853613366 103.18120739994926
79.94538011308316 23.188851272497896
246.6817376812215 12.33339818080259
225.89684953847348 209.51537459520083
157.11248084208376 92.93398342414189
214.9329103277695 139.35160074105713
52.8138317153537 170.14289499729287
154.85661541935144 200.28724715669196
61.533937921386894 68.91767206982524
213.14807793451374 87.7691987942163
81.21238212335611 116.21194024265444
8.13163380643181 207.0839055058465
118.74914198716594 141.6499252502826
112.68065332475 154.99448846762374
116.81947499863598 195.46099770319518
8.717715850699664 152.44803735233117
186.47402876278403 201.5603628328948
75.67157694281667 198.7908433150231
197.0444391066924 196.3117056478349
222.09585639628582 84.23370610676756
165.85932068639866 209.98986202006708
100.18666003543503 151.32160131748122
74.29112591980508 64.73504949390794
217.2739592860613 43.81926189377447
30.7462104783606 200.35597715251464
127.7630142380769 240.9273461396859
63.57398320174703 157.77159203443784
78.0708915497193 205.10392563956194
117.79159128936314 74.00780104288843
176.23374934114491 116.06212397007037
128.60015232993612 73.57292346513353
95.02267754734036 94.80337072616321
225.98436616970312 195.7551358533153
150.5842055872127 46.45606021068158
221.601868273679 4.500185188499955
196.53903665740833 153.92974783702982
1.2265573263981755 103.64274840082419
115.97727025553647 74.32779226998882
63.30904033559687 183.72845520001658
4.166170698557014 11.104979401756976
182.56348455240712 142.94713867936645
73.4604646958698 115.9812941283861
236.44494980066113 156.92052909162217
120.25277509638389 205.12845543365975
120.48651922759169 165.38985577203923
143.5038090622362 138.8875757123534
217.5311324672483 56.83666392152964
182.36193896866396 194.29097884059678
61.44254676656774 9.549561282473002
58.707524465901386 84.65010807187105
176.38462676077495 249.97001053740516
145.84737477201756 248.43930829723874
176.05678916516942 70.63420767391435
49.054594103676656 207.18943620170757
202.40399197822865 85.05491512773028
244.20085627245908 5.543240897909419
167.7107874547859 37.481821781950366
92.6649484034936 215.64051630164317
146.18472859424517 198.35717904199694
115.4290858386396 128.04608277797996
105.67277029830683 109.93277882761832
64.09272294164856 166.09239569986897
49.49413610968223 245.44968466882094
164.5768898711241 232.20896750450873
232.76751451924628 246.5733107597926
78.45154977608205 189.36355444751064
93.7438818767693 242.53761857031523
39.388361321613665 66.35777873463158
16.07941234039803 49.03947260833191
84.5005168756541 119.99209784658463
206.78123886520018 197.16586886409613
216.20440349683776 219.3341119421544
185.60454777790136 205.98254217377226
156.2613332698539 158.64696191251278
108.26976580792227 146.28699772913927
249.89287658103802 118.26049059599167
240.9231040812613 108.14458103840482
115.34415971356101 67.1496962819646
151.14623712484988 13.426308632331768
43.72552745155489 35.29299333608965
43.24279026955069 203.9662517961421
26.639682862979324 178.48169190826636
122.2823738473466 22.31961408370897
113.41110395668208 89.4769099131181
151.27552944008434 30.85694666418584
35.139211832861285 226.4276414229534
50.788228835139726 196.3707443626083
124.8293224537748 218.70737963694296
16.632215432158702 199.879567187681
75.79480795473745 56.24922773019894
159.24791620565023 187.65223446753717
64.75027797700561 5.3575682825290905
22.746298156963938 207.013513424457
10.791813136610012 76.35746919888534
24.09742573596535 60.28949115096968
160.2450028002638 55.38132962948905
54.46518276243412 28.467003421940944
66.8896655054133 12.919505500448292
238.82345004395088 193.7803371523697
186.87175584587285 95.90949921381345
142.60067538594825 169.23913133653667
103.41862348236508 171.300353392823
143.87027102394188 193.77684752341236
230.7543779259105 145.35493768296257
80.33854721704273 59.622858441776756
204.42761625338588 216.91258931389433
74.09177257158377 117.38527827830356
197.4906884278211 84.19050988684543
54.68110375070093 27.268846739737505
18.35805829825371 9.764508260064641
141.81251233916515 191.5056627842001
41.633191747315806 95.95868179226805
56.44667562774888 20.50020504866318
226.94304030611175 41.407508659433354
96.97868958651334 202.47828480450454
99.0464465873564 4.824871104619627
10.900525449004522 79.62957983507133
84.3674477718199 173.99811338561702
31.18771758155206 91.13881546702693
77.4461749588397 238.4761644849333
79.72611597021235 128.75150884654994
190.68069883159706 194.94517002459293
26.656572636258343 213.17244156954067
212.009202870624 192.60779069681354
199.58327363400048 156.76803400586004
79.21693838946445 188.255642258398
19.769193477674364 20.6670095960072
68.58182844807476 45.257680936489294
12.713287386868387 109.42942661736585
100.95800956646983 104.20531107804584
54.97798713860516 242.47025714122438
122.7764067831621 92.73087540013972
167.1588441941052 167.5111319950487
20.925998480235325 146.6740470153733
124.33194628945648 167.62809734521636
57.89425916525923 137.32870894935175
97.86655624504873 228.05807072672235
13.440275800083501 62.89057939553483
172.2025402279242 47.118709053342286
223.76934486909929 74.56365469414372
174.491195224806 91.97187352348038
120.28631103549264 74.20700230643449
138.52444218093734 212.06279226004855
196.28311260082458 76.86037544087223
138.45350196721526 132.82820504532168
20.10383644491634 109.3780830891227
31.141787190615332 28.09487680768591
162.97947648853116 185.0182293298425
242.63006835020337 171.98892629883747
57.43615723900708 169.00590413036258
190.72503368894994 124.1956768425442
86.78314396115164 217.3046595243115
207.7964660985794 46.854409326028744
90.04089478086743 175.79723315037737
222.32595398840652 6.6443480386217395
148.03029861717988 31.6486704417501
195.61904653389095 167.97266976517142
122.25459238931155 102.29358793332969
233.29407461979673 146.2153194194679
121.55172641466591 40.047524097726026
200.26326455839722 214.25563483104546
72.54590590474255 23.431675222403527
136.06366674128358 63.09921005260605
49.66456564823976 76.39560941993021
150.45757226231635 114.9624533065223
207.10145622098625 191.79873989446588
30.29317695803074 8.525465352359484
90.14746310039715 77.20622634077546
31.350530793403635 151.68829714518773
10.102848654189673 149.8646104599097
129.4943339382441 112.37621106888987
140.3390945680908 212.44339202313392
142.66154410405062 221.19864016977039
161.86764616023564 96.07747932940744
239.25150332181403 32.90643573677271
15.87493396704126 91.7988809476463
49.024233429281885 175.19497928219604
214.57208964993703 182.40288073450674
185.86947376725158 138.83466018690302
46.029993837864325 113.11041299654035
187.2000365783773 184.29687703704178
180.01075011704737 27.434021472170915
247.69154484115933 219.84191720633441
197.59291903730147 72.48042101640657
192.26852621262296 48.21446145347252
101.78421659199647 218.61535013368095
248.69972715586877 21.096602784687335
72.10122015130483 162.1720645486619
34.42095169125731 234.22673782708682
114.4255138871007 155.1700931900255
122.6224473221642 202.80957696337623
168.08457588392292 50.89521497453883
13.180554466829308 89.67249939041774
85.2606243829499 194.92644083919353
191.5763145519048 30.370297485700583

103.2
103.2
108.1
324.3
72.1
260.3
206.5
600.5
8.6
51.6
288.2
172.1
51.6
17.2
288.2
540.4
540.4
540.4
17.2
103.2
144.1
77.4
114.7
77.4
229.4
324.3
17.2
432.4
72.1
258.1
143.4
77.4
260.3
25.8
432.4
432.4
68.8
103.2
17.2
143.4
51.6
103.2
143.4
108.1
129.0
34.4
600.5
34.4
17.2
154.9
114.7
17.2
68.8
68.8
137.6
51.6
108.1
432.4
286.8
77.4
77.4
216.2
154.9
17.2
77.4
129.0
51.6
51.6
77.4
154.9
324.3
154.9
260.3
51.6
143.4
324.3
51.6
34.4
258.1
540.4
34.4
103.2
137.6
216.2
8.6
480.4
17.2
600.5
432.4
144.1
260.3
17.2
600.5
288.2
137.6
216.2
143.4
34.4
480.4
154.9
144.1
154.9
114.7
540.4
229.4
129.0
600.5
540.4
206.5
77.4
108.1
86.0
260.3
36.0
143.4
8.6
103.2
540.4
144.1
286.8
108.1
34.4
600.5
260.3
172.1
68.8
216.2
258.1
172.1
36.0
51.6
34.4
68.8
286.8
108.1
258.1
144.1
17.2
51.6
25.8
288.2
86.0
206.5
34.4
324.3
229.4
8.6
86.0
144.1
288.2
8.6
286.8
68.8
34.4
17.2
260.3
68.8
229.4
103.2
229.4
103.2
77.4
103.2
216.2
480.4
143.4
600.5
72.1
114.7
68.8
8.6
143.4
260.3
51.6
137.6
172.1
129.0
86.0
172.1
286.8
86.0
114.7
144.1
17.2
258.1
17.2
258.1
103.2
103.2
34.4
25.8
260.3
68.8
68.8
260.3
154.9
103.2
229.4
229.4
600.5
260.3
260.3
154.9
17.2
288.2
258.1
25.8
286.8
72.1
288.2
129.0
34.4
540.4
600.5
258.1
114.7
77.4
229.4
34.4
216.2
51.6
324.3
286.8
540.4
288.2
172.1
129.0
480.4
480.4
114.7
77.4
154.9
324.3
258.1
25.8
137.6
206.5
17.2
34.4
540.4
172.1
144.1
286.8
288.2
432.4
480.4
17.2
68.8
260.3
480.4
540.4
144.1
51.6
8.6
34.4
34.4
260.3
103.2
114.7
258.1
108.1
36.0
86.0
25.8
68.8
36.0
51.6
51.6
144.1
600.5
600.5
114.7
114.7
77.4
25.8
258.1
103.2
480.4
51.6
144.1
8.6
34.4
51.6
103.2
36.0
288.2
114.7
103.2
86.0
600.5
154.9
286.8
108.1
324.3
143.4
17.2
154.9
137.6
260.3
229.4
51.6
144.1
51.6
51.6
68.8
480.4
86.0
260.3
68.8
324.3
143.4
103.2
86.0
17.2
17.2
172.1
103.2
137.6
286.8
154.9
34.4
34.4
17.2
114.7
68.8
600.5
540.4
216.2
36.0
260.3
324.3
114.7
172.1
17.2
540.4
108.1
480.4
108.1
34.4
72.1
103.2
72.1
108.1
216.2
34.4
143.4
286.8
8.6
324.3
540.4
8.6
114.7
25.8
17.2
17.2
17.2
86.0
540.4
114.7
8.6
540.4
324.3
154.9
172.1
72.1
154.9
144.1
114.7
260.3
260.3
324.3
600.5
324.3
77.4
229.4
129.0
206.5
432.4
288.2
480.4
103.2
8.6
288.2
288.2
86.0
68.8
17.2
154.9
51.6
540.4
51.6
129.0
114.7
172.1
600.5
216.2
34.4
172.1
260.3
86.0
172.1
540.4
288.2
540.4
258.1
129.0
68.8
103.2
288.2
17.2
108.1
432.4
229.4
34.4
216.2
216.2
25.8
72.1
286.8
72.1
51.6
17.2
17.2
172.1
137.6
480.4
258.1
288.2
51.6
34.4
51.6
172.1
108.1
172.1
137.6
72.1
103.2
260.3
432.4
108.1
216.2
143.4
17.2
17.2
172.1
480.4
86.0
25.8
143.4
260.3
324.3
86.0
600.5
286.8
77.4
68.8
137.6
258.1
77.4
129.0
72.1
68.8
17.2
103.2
172.1
68.8
216.2
229.4
17.2
143.4
600.5
51.6
72.1
108.1
144.1
68.8
172.1
68.8
144.1
432.4
432.4
114.7
77.4
17.2
206.5
77.4
103.2
143.4
286.8
600.5
34.4
68.8
108.1
36.0
216.2
206.5
34.4
68.8
216.2
77.4
17.2
143.4
143.4
108.1
51.6
540.4
216.2
68.8
172.1
260.3
68.8
51.6
114.7
432.4
25.8
229.4
600.5
258.1
143.4
114.7
103.2
36.0
72.1
36.0
206.5
86.0
68.8
129.0
216.2
17.2
324.3
229.4
137.6
17.2
103.2
137.6
8.6
17.2
540.4
324.3
154.9
540.4
216.2
17.2
17.2
600.5
137.6
77.4
103.2
324.3
143.4
206.5
129.0
432.4
8.6
540.4
72.1
108.1
77.4
103.2
25.8
288.2
34.4
432.4
8.6
172.1
34.4
86.0
34.4
51.6
324.3
68.8
34.4
34.4
260.3
17.2
103.2
143.4
137.6
17.2
25.8
25.8
229.4
324.3
600.5
68.8
480.4
17.2
17.2
103.2
154.9
34.4
103.2
288.2
129.0
8.6
480.4
143.4
114.7
103.2
86.0
260.3
103.2
103.2
36.0
229.4
288.2
540.4
8.6
206.5
143.4
229.4
103.2
258.1
600.5
77.4
144.1
172.1
288.2
8.6
34.4
36.0
25.8
8.6
154.9
51.6
108.1
17.2
137.6
324.3
154.9
480.4
129.0
129.0
114.7
229.4
129.0
68.8
77.4
103.2
25.8
103.2
36.0
51.6
114.7
103.2
68.8
137.6
260.3
17.2
51.6
137.6
137.6
216.2
25.8
8.6
114.7
324.3
154.9
108.1
34.4
36.0
172.1
216.2
260.3
288.2
103.2
17.2
103.2
103.2
216.2
206.5
34.4
51.6
77.4
154.9
260.3
154.9
129.0
137.6
288.2
480.4
216.2
25.8
51.6
34.4
144.1
172.1
129.0
68.8
324.3
143.4
143.4
129.0
432.4
144.1
17.2
216.2
17.2
8.6
68.8
216.2
144.1
68.8
288.2
229.4
51.6
108.1
286.8
34.4
86.0
480.4
216.2
324.3
540.4
8.6
143.4
216.2
129.0
8.6
34.4
72.1
114.7
216.2
324.3
17.2
51.6
154.9
51.6
172.1
600.5
34.4
68.8
86.0
137.6
68.8
17.2
103.2
17.2
8.6
34.4
540.4
229.4
288.2
216.2
68.8
172.1
68.8
480.4
68.8
17.2
172.1
103.2
324.3
17.2
108.1
51.6
36.0
51.6
8.6
51.6
36.0
324.3
51.6
68.8
143.4
25.8
36.0
229.4
260.3
17.2
17.2
108.1
8.6
229.4
77.4
540.4
540.4
288.2
286.8
103.2
51.6
143.4
600.5
206.5
260.3
72.1
129.0
77.4
260.3
432.4
229.4
206.5
129.0
25.8
72.1
258.1
34.4
17.2
77.4
129.0
34.4
17.2
600.5
540.4
540.4
36.0
154.9
17.2
154.9
144.1
103.2
36.0
34.4
51.6
51.6
172.1
51.6
600.5
144.1
172.1
229.4
258.1
600.5
103.2
260.3
8.6
17.2
154.9
17.2
258.1
114.7
324.3
229.4
144.1
600.5
480.4
34.4
51.6
114.7
154.9
17.2
108.1
34.4
258.1
154.9
34.4
286.8
432.4
260.3
480.4
172.1
260.3
432.4
258.1
34.4
103.2
72.1
77.4
68.8
229.4
68.8
143.4
288.2
229.4
324.3
86.0
540.4
286.8
137.6
480.4
154.9
8.6
137.6
77.4
17.2
260.3
51.6
34.4
172.1
68.8
144.1
103.2
68.8
288.2
540.4
77.4
600.5
172.1
25.8
288.2
103.2
540.4
129.0
154.9
103.2
229.4
51.6
137.6
34.4
480.4
206.5
103.2
129.0
229.4
86.0
154.9
51.6
8.6
137.6
229.4
216.2
36.0
154.9
34.4
324.3
288.2
480.4
103.2
260.3
51.6
137.6
36.0
17.2
229.4
229.4
108.1
72.1
480.4
286.8
137.6
103.2
286.8
206.5
25.8
34.4
229.4
34.4
36.0
286.8
129.0
206.5
216.2
137.6
144.1
34.4
286.8
143.4
86.0
480.4
103.2
154.9
288.2
103.2
216.2
229.4
172.1
288.2
68.8
154.9
51.6
8.6
8.6
8.6
68.8
17.2
172.1
206.5
17.2
86.0
288.2
286.8
36.0
129.0
108.1
206.5
229.4
129.0
77.4
288.2
206.5
68.8
229.4
540.4
51.6
36.0
324.3
432.4
206.5
68.8
86.0
51.6
286.8
129.0
143.4
288.2
34.4
172.1
86.0
154.9
17.2
206.5
25.8
17.2
68.8
17.2
103.2
286.8
600.5
288.2
72.1
103.2
17.2
229.4
154.9
129.0
288.2
108.1
68.8
129.0
229.4
600.5
86.0
260.3

8.6 17.2 36.0 72.1
17.2 34.4 72.1 144.1
25.8 51.6 108.1 216.2
34.4 68.8 144.1 288.2
51.6 103.2 216.2 432.4
68.8 137.6 288.2 576.5
77.4 154.9 324.3 648.5
86.0 172.1 360.3 720.6
103.2 206.5 432.4 864.7
114.7 229.4 480.4 960.8
129.0 258.1 540.4 1080.9
143.4 286.8 600.5 1201.0

2 5 8 11
5 8 11 14
7 10 13 16
10 13 16 19
14 17 20 23
18 21 24 27
19 22 25 28
20 23 26 29
25 19 31 34
27 30 33 36
30 33 36 39
32 35 38 41

