8 3.0 0.0 1000.0 3 160 240 100

95.72475166735201 247.62095016771883
219.65585788094398 152.35476952668773
197.6544975106069 159.5588607159776
174.63256241583582 177.4863137627297
194.08987697764164 11.686710457915611
73.88441333916005 58.6470052611007
44.65846519708291 104.6613808489138
231.0939209637494 55.04565573125974

96.64252179186458 243.9191929901107
221.7407288342426 151.72482103441092
190.72689537669845 157.8210540079131
176.7017885374893 173.56421368686438
197.3994350608405 4.390060003996443
77.29275197562191 61.97111510965087
48.56440573751916 103.4351750890641
232.174350823602 56.9431253846156

286.8
72.1
154.9
288.2
432.4
286.8
51.6
216.2

8.6 17.2 36.0 72.1
17.2 34.4 72.1 144.1
25.8 51.6 108.1 216.2
34.4 68.8 144.1 288.2
51.6 103.2 216.2 432.4
68.8 137.6 288.2 576.5
77.4 154.9 324.3 648.5
86.0 172.1 360.3 720.6
103.2 206.5 432.4 864.7
114.7 229.4 480.4 960.8
129.0 258.1 540.4 1080.9
143.4 286.8 600.5 1201.0

2 5 8 11
5 8 11 14
7 10 13 16
10 13 16 19
14 17 20 23
18 21 24 27
19 22 25 28
20 23 26 29
25 19 31 34
27 30 33 36
30 33 36 39
32 35 38 41

