8 3.0 0.0 1000.0 3 160 240 100

170.78691512552757 90.21831300561242
248.87717210017203 154.6347840584835
72.4388638242231 29.461883122331418
33.59558307039504 156.84957513959878
84.91847094006289 203.18771832759975
60.6812821883074 113.56819966153245
246.08805457075638 223.15585990108275
154.75932018318255 176.1304366333785

164.41405984901175 90.45391091449373
249.80610895054448 157.810102176951
71.16193999370773 22.577967769389
31.48425046052669 154.0198448133667
86.01266206024721 208.21687770922838
62.65101932721928 113.17287203026797
245.31880006202204 229.40974816194975
157.58652341314576 173.0057581914563

206.5
86.0
103.2
103.2
216.2
324.3
72.1
960.8

8.6 17.2 36.0 72.1
17.2 34.4 72.1 144.1
25.8 51.6 108.1 216.2
34.4 68.8 144.1 288.2
51.6 103.2 216.2 432.4
68.8 137.6 288.2 576.5
77.4 154.9 324.3 648.5
86.0 172.1 360.3 720.6
103.2 206.5 432.4 864.7
114.7 229.4 480.4 960.8
129.0 258.1 540.4 1080.9
143.4 286.8 600.5 1201.0

2 5 8 11
5 8 11 14
7 10 13 16
10 13 16 19
14 17 20 23
18 21 24 27
19 22 25 28
20 23 26 29
25 19 31 34
27 30 33 36
30 33 36 39
32 35 38 41

