1024 3.0 0.0 1000.0 3 160 240 100

74.55751170316691 3.639322051037591
151.82226444346887 166.59021447598596
157.27408969132838 186.14180977321
236.20671292266476 164.69719198648497
105.00983266726716 161.93190141115065
144.60600923028565 110.13263427960399
207.61521562400077 14.818339666234554
206.44874111063487 152.0597032157277
36.335441563729894 171.04516887402494
34.87506742164062 62.05767074064627
129.41844081594198 171.96490319908003
14.826947309035859 54.89388735944939
99.51723077089208 31.380122944912188
25.95687792414475 46.87862198827417
98.40894189783033 69.48832283687142
25.142496301191862 53.339184300467636
57.28307951147429 157.7477940393501
64.33057901628008 242.60493723921326
146.86261149909197 196.689807513428
30.74205332908922 186.35993220649686
81.28393474871758 189.5829322037107
48.366061611160305 179.16141490208156
99.02882876753208 185.60214894933733
61.79803986180155 29.600332088944413
12.174153402942729 52.23137083747248
24.728728339937973 79.71466721892942
134.1947100385171 78.02174574878809
149.3695203551547 156.71431446631917
215.88944893065596 195.15594030502427
216.1599821223905 177.3635491086701
177.51769161232318 16.898157797173962
167.9841028662106 188.71965351156618
86.0871575422372 50.69002759843433
248.31478481642563 155.6594575021915
141.11740701827844 236.4789025571789
115.12425004177895 154.5156655859996
68.87737483573491 215.66418409250574
194.77047597203278 47.22478242529127
93.0544231669127 79.3493296462242
44.29381135061033 58.80618088681055
120.36776340346844 228.70277145987927
225.18913976494702 146.25151518888282
134.98820791971622 239.638814022655
101.41733394635041 58.789727068854106
201.89462999555636 243.47537810279033
105.76315830667107 177.36083310408017
209.27092156851862 212.37555694178678
198.19593029712726 188.32669776434875
117.24648493752781 32.607835994370475
28.05188962965191 249.7552248512351
38.31363497292931 37.6167934003547
81.78049870292253 234.59835664607587
186.1687208793451 137.18310046306132
139.8784134463992 200.08732982031626
243.97297654886808 163.41083668309366
152.44171466003326 76.94905862293678
204.01865724993255 221.05944966932645
81.28916993608651 134.28723276457336
204.1449869223988 216.51878218629497
173.96769500452268 151.98084286272734
244.3454285461452 97.98437487053654
139.9146794679373 113.7338516048895
67.50573390237835 25.755192832301848
165.29815132980528 74.71603206105937
28.204144640167712 106.55973030373362
29.990105759003153 217.4100903164186
170.783386120959 54.11481351583686
22.577434670752183 111.49129428132218
44.64899471281022 157.337391879362
189.74341005198067 107.63661838024038
48.281950288872835 47.653568130449464
117.76254667309327 117.57401562874692
87.41776602720938 248.93235925519247
206.2562100645362 204.26411592031704
161.51942843571362 24.751804486501467
164.83333291554564 32.88620969106676
70.2307285796525 103.27345819462805
174.47025152487828 55.372169459962066
53.5707491071265 96.96977165111501
207.7673967945084 29.693048637267268
245.36991588044796 210.61045261076245
20.04476130247543 99.01991535455751
154.46268301881298 66.71769949515036
23.577371074427173 243.85848048764905
64.83679555077818 111.2181184692975
180.69792183717163 30.501976545085434
159.05025000276424 195.19742109450138
174.931629876476 186.81485790840674
26.30399683276635 197.93915954414413
182.89012834442005 32.23314542364758
191.4207871385526 123.80946869592663
182.47890238618137 74.21401050546613
125.71147836015645 168.35793234629855
75.76445651387215 32.123735148798374
123.8490437585267 184.61893950090604
134.57048669371304 8.53937266499874
212.5387186282616 235.6429947605507
43.007141599901374 143.27809965678458
166.30578447652306 209.32187448182458
93.67824267975064 198.4931123504724
142.01219649854878 68.41754531245817
101.41072125431111 245.33437184155727
175.12662596123937 169.84622175742373
222.5421715876379 54.97077164442296
172.5122338437976 109.17135481209702
41.34219245591 79.96846379321279
133.627664597643 29.33325944082882
112.39932554701006 186.29102162974468
62.89412571762687 27.840205809891355
41.57899897473935 7.666556111640604
67.88181466931259 238.36907976270243
241.1483847450627 226.79294207308547
70.07407790329349 221.4820058153605
161.57748318767224 66.66289385299636
142.2125109677821 154.4964890697641
99.215984788238 243.37449052078244
68.0546480512157 132.11702688365375
139.14037031345688 72.56032389524495
213.10390165527647 162.20583913305296
6.617185115797203 104.32063621223594
46.23910436884648 101.75416117132141
143.71090389396545 215.76510125494133
223.49809251781997 128.9162885125137
107.03414036211298 71.45581948969989
70.30639364801475 166.7113899740131
214.49831930164012 230.7285965574535
39.747151888063854 87.16292921782104
173.914577758587 101.06924791170997
205.7733020650104 63.93447260580523
26.35450723802896 39.22762738284802
76.24430668274643 84.66937730852442
30.943373090217552 1.661100380901781
24.83408241696919 216.4047271771893
127.38227127502758 147.59724675795985
95.24394426100766 150.99395905540933
177.8883947236287 152.23324317996068
205.71585052470854 75.80989889105733
190.09286680141932 210.4506973731158
214.828988577844 123.86209477836339
138.15187993669426 25.852835786714714
192.88224318757506 34.133601977447135
0.953174656118938 27.44698442015614
144.31625551361702 162.3033680564807
180.1009004945955 112.69976978134561
186.48294071109544 188.16119971515874
83.35022981691503 94.33010164588038
84.60135175280998 234.5020017112867
194.48612811161811 19.294990048602827
243.63210610919916 214.76408958272756
155.2159555780449 77.53667052655028
109.9875171840413 193.17442238804372
145.02764935637316 185.70103581290502
184.87881248943603 75.12176015864225
151.33723482014818 92.08224395960075
136.84547300606292 199.33176852799951
90.79522854063968 145.71620086078343
100.84233707392681 108.39654443849733
94.2368093384878 231.27140057292334
0.41124471447154254 24.440947676782343
241.17870725839555 168.75669080377799
234.75253459786148 13.771467145306527
234.4151115460947 124.54266903971207
53.803822422126586 231.3504131511607
77.31388100195285 248.80937757581768
29.537636456612283 239.78796816946917
212.37540564731958 9.14061962425991
92.94541063187928 93.1130282722412
16.667089657277227 69.76279935493717
108.31561437657042 177.48151071185822
3.0608643147042036 186.2733898199823
13.583858662578718 115.92256383463683
16.8842104904163 239.18086397671527
149.70080828118014 111.14483271266836
204.8673850086858 75.43473642537099
207.4095779572625 111.83188996383971
162.21802992762886 56.381105563837544
223.07406853207067 202.9641717512563
65.46040660408778 136.61097101012072
33.82186152360592 132.414607140076
19.473778025549894 108.80123560785448
29.78026553014726 246.68490017912043
81.87691129065328 48.33496155205816
134.0661838842827 84.83058224842047
208.27733789984535 201.89056172506042
9.310169574420158 1.5514327750679457
147.37022401975935 90.50226226195046
166.71147482200422 136.70453621913654
144.83272573652678 201.91236997469508
65.36871193299498 243.07960385217527
137.47762738207723 5.20127389066602
203.18685329131873 87.93092631413937
112.24607802806582 190.09488114615874
150.65219347283775 25.542528738883156
68.19366216812165 152.50614476968195
110.9856682994707 39.421021155752996
129.32019174277764 7.035584800454159
65.14017835489227 11.6749155271699
99.84432573514745 81.8205025199577
68.7394912445057 123.9638318117279
233.5125419105586 173.95705941330587
81.04730308789817 168.39858305377658
243.89041159369245 150.82988771329514
142.5677850023892 213.40065358177483
197.04376444036347 234.82469788153222
39.16762520417302 48.5364656249106
52.65849438859976 167.38401389942396
45.587581696380774 82.56198958800661
216.40072489539378 182.79332013725016
230.33574936501947 58.499122821334154
188.12874986020614 111.69688657926757
40.521926130045294 145.88229261800365
35.01590450759942 25.50746158506684
36.316051816037834 131.27755094165732
217.91741200657393 179.45817926618355
120.74813773206672 180.41357092354846
141.78706763156248 143.90797811460652
165.30822945005363 62.40499069482022
105.5336048508246 149.14410927820387
194.63171962101904 110.04793272053153
56.185334459079996 66.94216547893056
42.185727351986806 116.2619609828051
185.06109129115882 161.39712258982397
114.00609550925486 79.67524710330812
109.47820525236402 135.2883403148536
194.64958608257496 244.2173951436891
13.842277106245943 240.65291310890655
84.50157916665465 169.9860424918709
19.10192139779607 170.7238732000758
116.22386455430289 213.50210768152985
189.8118069973202 202.02177845145025
107.7327924244864 143.40326205561828
228.39608268351685 66.21742550273032
45.840757267023776 104.35939481073488
195.05414383847895 230.62564923499252
202.71694157730823 182.39694953822462
129.05709991522173 151.3335633291396
199.2950880170521 205.85236257888184
95.6960317522988 39.58986229916481
249.6163700315615 234.97810286818395
41.861394721166455 129.57345417015938
213.20512310826757 225.3121175722576
243.4734157408661 113.12564671451375
19.20665620812728 150.06591640433072
101.33360156082163 183.56898368942214
89.8079823993572 54.993398879355695
88.40574347197483 99.76760113842573
81.9195612937506 177.9137733511784
43.85186465303889 144.05604165645443
52.660766324012705 37.79304905417219
41.97854891000385 79.3118202847222
98.68990367228977 44.720871859263156
35.29921889813603 181.40194152571377
39.89884227202162 108.84532718296255
201.3629921129151 192.88038117630788
84.05387364324301 161.6534622763597
16.446841957315826 150.00737363705707
78.26423043720737 61.74727407972264
70.97510574315547 177.92795103850062
216.28871424263517 155.72725484831824
241.35780930087714 243.22228388535987
196.12245561399973 198.50143480136586
125.563596632359 57.038884465736544
78.32123888876339 12.878304501343779
190.81099875670924 54.62640816481845
136.5433569930732 80.1709444508771
108.63850043300197 144.7718472677639
163.46370902691027 165.5434257656558
246.5913816657711 244.30064188311678
245.5231142171217 58.94054736557167
205.93917931990637 75.88164575714976
148.40152693663867 51.76372948562572
194.67300012944864 61.56723379043777
227.92130379680574 247.78218359487707
151.6254306115158 182.05134713318287
172.69423971693274 152.51847194358643
65.88274896780308 245.23811671263465
111.98317349061018 211.65223933071974
107.32882764355092 17.09306425125179
161.39660299868967 217.3693290269808
115.52624758518421 197.6277370827141
39.629821083517896 117.19426428050264
133.78922730096622 21.645411663742507
34.99969605301864 138.84843000055247
227.3733924618069 106.29233124040991
198.16873523891778 166.7331578490733
80.55337841590415 63.511007496951486
194.62186047759954 154.93182758618337
79.83350266695408 163.13439994326555
176.34920478188812 216.44130991312483
50.81048251589465 192.99398075328241
64.46890033903252 73.81284932035176
248.60821099129745 191.4703817425082
119.90355834288968 199.42507506127404
161.64926131011302 16.367654660685794
151.5815718909779 204.3323736539767
6.2996555280564746 169.33305039550063
197.01033540436404 197.17787881554335
132.67971811235466 155.2042968390272
136.84869355865203 130.4450344869098
167.27763062759752 7.139201345632451
179.98831947808293 224.84165795214696
102.41394306006629 205.4096819456212
39.30858444392274 19.707019244289192
32.25130393614584 172.81159820260217
14.699526203830027 71.52330462150775
202.66131596126485 98.39764833659522
154.14224885051718 118.61466309628437
143.47170076404007 233.96827221365777
187.4263976995878 235.10231822577143
236.3294615477678 215.249248668871
177.65636320649867 163.60949356073533
179.4216719531257 153.73243733459003
159.75748889767638 16.614454752242548
176.79320422124644 40.97326999066767
207.62902754036378 248.96104798482492
114.72421820459027 164.34094530104446
37.08169628965702 165.49109199647495
28.42936929721959 48.85214249071734
235.4585362138693 100.0457710068022
109.0384006624345 28.379508665416026
145.55909648378557 25.90727335888926
213.4209512813199 12.598015679950864
143.66203913070228 137.1402425246996
21.316009945839543 25.45169482735657
203.93882606513023 151.8642571645927
160.0028767317298 207.08267227918577
8.79604938393891 113.63809646654671
146.92666910259356 205.3539744386415
211.5703858616516 55.66952852480375
184.18163970191083 214.66928169407342
119.73035062926324 212.0286099174421
118.00197707986304 10.922925946542538
238.11914767774283 83.09213585390485
55.09270489491938 135.3883821659435
167.26500134517175 58.80584814437898
126.43278354048357 148.00933853959194
97.44952048758535 134.81421619594485
184.47566678465145 215.74404371019506
100.40609334994879 105.07427221830817
179.60677075124482 69.22473793182223
162.53389392703804 132.18997658907844
103.18495506404571 4.696111714099477
135.6665840131867 197.0192589579996
136.73693855868765 131.6654058045354
208.80081287888146 72.69518593789826
162.49586379526698 76.83537519880879
169.22661347715834 190.14957574492334
228.2671100493077 106.6745778657495
222.8946370854844 219.743646252984
175.00940361609022 161.93903380604803
200.9192660713523 133.56951265692817
7.0013838880325086 66.07796374778016
158.29607192674158 126.76310856285258
82.80885235652319 230.80016208819347
203.31859697433393 99.90808173476931
2.1604789491125045 18.8937443404614
148.20053602697052 79.88606440418214
66.23298564606 125.62597673494405
8.776503315596319 34.49560148109773
173.3880898632909 198.084240741547
159.6439541906695 83.4946534393699
190.74325101947292 222.13967768931076
14.192713460161322 181.56682293209326
72.10870107772129 15.186595378683887
234.52465005077593 63.49353147633602
89.85294859201831 63.3019569883945
25.492683460307475 240.92324320421747
247.95673392025407 9.42704733735228
76.27135094969815 212.5469698320651
35.36968887476785 173.44274935141436
81.19927359603129 29.794206597546946
45.38929434237776 44.335871675155126
52.98768925950969 177.91199213256053
211.60947169873555 155.85884254032905
20.797074296709265 149.57429007439075
181.43054807595695 203.49910516128276
171.09171621366502 165.97314937416994
110.36759962558332 41.675698088285806
136.74614027371072 131.86977881758648
205.66889217624254 84.07192897663523
121.30678970264819 248.0494560721472
10.938268447906102 61.76873511864278
173.50870046081087 88.13346589038353
55.827075017480496 0.8880449668532131
150.49030576601157 47.566445378653235
219.80005952688165 10.306011774933065
97.6919736837334 179.03685618777521
105.95014959278615 34.0476342805249
172.73396583853193 188.1825938125307
85.55686002419233 137.00715261863326
128.22576319576032 74.592199213685
103.60964969068559 69.9559588574531
228.95907022695363 108.03287977949236
102.27315973174584 56.26975020676767
153.57809733584878 168.06030807644652
244.30405608022866 99.9537684167324
8.42785191108164 226.7845421259659
24.745123884574475 218.1833663115786
199.7939468847278 234.74361807966045
231.53681973552048 181.8597333185455
96.03932599825077 21.570814776390417
187.72951669397088 228.6078179614142
10.15936595043468 191.6696671779774
243.6262199036251 179.8690260765525
91.83644427677501 80.4662542554572
146.56131159065606 185.8378660345284
114.93282134608145 112.86970315657192
222.6883057581258 56.047603081853886
230.21046819079993 79.2996670165112
40.68795331075237 235.38558768070695
187.64377606530925 24.749713183509325
125.90321230406526 10.280861164735173
98.1676154252518 16.74370021424129
178.07506678950026 22.07604646066233
135.20519610510357 99.19892607742953
143.67012458118228 46.62434164060708
143.41125980302098 95.50169394260612
86.02443336227736 243.46286473171273
112.01394386759506 212.2885876713757
175.4803411045111 103.51923599543808
230.38652501768115 55.202695298167264
233.86303225268276 104.26901954969092
90.6570181406661 75.599929865078
66.23324135641315 216.94904511688372
69.7749751071965 95.63910016142252
78.47994649052053 225.7519739246422
224.08373801340485 123.91145573595617
224.14996576390462 188.01883177022918
69.11679339349367 122.28857096592685
240.92797123003555 103.34319210835974
229.79108241258 4.392680577802843
78.51447317269661 177.8959923387521
192.6350921937403 162.26898270166254
23.917025188790298 173.07051824046775
166.66899126878096 94.39253853737605
223.81433458131534 78.43621439383274
190.3575813256027 156.5992970986902
102.33416301985926 167.24453512490237
95.09447754600941 210.326241780013
78.62398292995732 51.01644332655053
183.21966243291183 190.6952313182172
77.2868945769431 211.12452497552314
238.19266352833208 22.99927471174193
97.07523300326105 64.67177191266576
198.6650555344156 175.08961996209294
68.51723379982941 207.98897471814436
218.0706941234562 18.684061333694213
186.23936590888178 114.70501967316493
1.8177841399605321 155.8731045889088
100.64348065796472 248.61071372344003
123.76312537266845 150.58963482209307
221.66159789081792 79.8442197009341
182.9187075970706 145.18657267871032
61.51603182656562 149.01754630913908
0.17036909405301892 190.2074198892451
167.08096010919706 162.72959143023016
39.35227947487449 222.65982986762768
34.02462149459626 185.12409722555498
147.26304876490374 97.30221027931502
200.38216181214273 155.2405569347416
246.08833564646028 93.98458716517635
159.57766182258172 125.34219880893527
240.67931936718628 193.61682564725703
148.4752686509459 15.526074211187069
89.29877594747954 226.13401098797164
156.05339776115974 8.444545003626763
36.961612113608126 47.43538705220873
104.26668951384765 116.60961522008922
145.59944187386515 20.391981471343634
172.43415888694994 13.190587899145012
152.74407771890537 190.70666744384957
198.29906479455087 162.3061499673354
189.47061948174527 181.4008635740728
198.08765714203744 165.57096167528223
21.632020398527963 96.01610490918222
63.209204599782744 35.70096654533622
175.411578015461 117.6802545918714
155.71358486315088 21.225772306783604
125.6321118256347 49.53081592754
38.315796663699 139.29617619637594
54.42780135178804 243.71400622292776
249.31435723205726 174.71479076340356
219.6461692436628 185.33559334070773
210.40227172707458 86.72737203514308
21.243031339672147 4.550613573081563
162.2753632367555 73.34557873745074
219.89216195032589 234.6149646171419
198.25063722163918 165.77657882712597
44.10072512486676 13.760793601867437
8.285060378258407 146.30528683866825
80.51988751497827 167.02478918093155
70.48336446145642 124.61195588357404
239.75328227526182 64.02707740015812
11.346232700223558 229.85226753192137
19.179177759101524 190.8984788850197
121.80794534611816 246.91988117328776
86.00942006398746 168.4652236024197
154.15548531177018 191.1266110407753
72.88213022173282 51.361083837888174
200.1340746894992 185.33977957034475
68.6562710612583 196.75486726831156
231.47770770802114 72.90686737772958
41.61084074899873 210.1573081171922
231.54885482982465 64.00405881262982
196.630332395193 126.83958018126759
226.37578762188133 179.6140871756159
183.43498275454178 228.9481572481152
173.8212717045027 186.8691529684315
131.11849608491966 13.371962510829727
224.22070137612715 225.84510149715692
119.29424610508998 26.64685514732998
138.86247515725793 212.85756104745403
14.075104712390651 171.64956788349338
2.779029453963605 197.64603280716278
199.6330898745036 125.9627514344242
194.47200267768073 231.68508976574185
238.25082625745145 137.2977832026695
65.81482100864645 32.98458683370878
79.46862664782658 47.64604222177357
123.95046022188569 133.29763756808683
193.8135554654649 110.8325857389646
165.35653369524294 220.5164326567631
169.01428354843213 134.02873782287574
236.19838312525033 134.05270093658748
50.743596945236945 63.29050515168727
164.72319297902544 219.25979174063704
204.9432908780586 212.87180931161308
75.08306495620512 140.44377988202916
46.390141892355544 120.71705850383005
156.6328689210324 225.63969054712302
158.70632405363654 174.2482222579964
233.1741665700345 108.85046749438688
190.0863533692745 149.54493536629667
105.72609411811057 240.26529499413607
225.28827054595598 38.40002549632321
235.10640545917508 164.0399782243829
87.51685257496564 164.54647069753278
37.41860533992056 133.65287653594288
77.95874057300462 225.57749487811836
12.373052140525614 2.022285406400287
123.66912635742494 104.51944532901994
221.12701311708108 195.77332466440294
238.87435903557952 151.9499043036245
173.6119147783532 243.59920146726608
130.87082588795872 221.097619983348
204.9707196260504 165.43561182639522
171.1204074059396 245.34761632420222
173.48707512076172 244.2851399878207
53.72848929775273 17.995319768087022
48.433027027433354 206.09344528393194
145.52243357517895 190.25043704357924
172.47463939685787 50.71503705832276
26.629247543859424 79.529389628825
5.707321168332752 120.41270588780273
88.13751202109127 60.33389865011279
89.00901327594227 167.5796495459994
129.8749116884322 51.19430823810339
220.74755992197544 115.2818980433828
2.212756485510697 55.68981474910847
190.85413110160897 38.22118716462267
176.2176587506644 45.09260726145079
164.45186547053217 135.77428342123633
156.38635555806437 157.49076303980638
0.5710091124866701 59.98173767195556
94.77721989954132 115.7405719181889
126.56779795613713 162.04821219868933
178.90343393007893 236.35028875827905
36.52154356394172 231.21489342213334
143.75151934823552 117.47644212330874
113.13211786029747 231.53745870503815
237.67642129600532 98.29066885664675
78.2385577896938 241.57004668600493
88.34527348106239 235.47226150364338
246.8798990678737 63.99627275255154
63.00082792850448 209.06092280399687
54.5792161062017 181.89660082532947
88.96657776318587 220.16972781256774
193.75148962799588 18.272899566777884
60.92965233484943 151.4033180706288
123.52222503475888 78.04786985611459
244.95148928167083 125.40824808583992
18.373864803939462 211.59150356603604
126.81456279638628 167.82638993481024
242.01699466744293 220.96215982954536
247.1456315702422 247.9213908420145
62.43468889378498 80.1684572152467
201.5498293859964 244.50447842051236
89.0625225056896 200.56542462860216
170.09488499315728 125.9575873817689
204.67887894415284 77.22229607906874
78.13583762850446 100.37708239093335
131.90218131915253 98.87897976935217
61.86566196115681 61.812628360528144
42.103197278075264 111.18599126823689
227.74974358217864 231.92307242624707
145.2175246795874 21.651101973484604
44.31867190455707 32.32514791510086
14.975183865368308 127.45076835561278
80.3789373402062 18.565561706754995
73.02456578393124 65.64671648079722
216.05210846404282 201.49290140703417
94.41914558362083 93.60025834342403
205.7372938519147 85.73943587031698
178.94069078527832 137.63538703104314
59.845168069623035 194.86200782053257
225.92290283041308 125.19213305387619
135.56007759921906 57.77831813384945
95.07938275426272 231.1794653648152
3.563976995758056 186.61779158586103
111.83592182238861 204.85532628666246
213.72047169700284 7.435179679268932
159.80400976679903 46.279450051954996
243.9823244395633 62.24205898607832
173.2417408208483 195.197535727501
91.73198510563793 245.85795166680697
174.08758230029662 48.15811650147528
133.05185348148345 209.14193482940587
71.28630203976627 43.033654614304474
230.75805685371165 213.5657923730147
223.85947255665863 59.759325531965644
175.07045660440886 131.3169430150715
6.79609775066764 70.36688566659011
208.82169478634657 19.133519204871302
1.9983837509897073 180.64585218937793
3.4715741943412706 155.37112625060266
70.32938138768613 81.41596836492535
7.3265703120289345 189.8148021989825
122.54321434101809 197.33461348017005
79.91453704819202 212.29067151484833
123.56543209634596 239.5111496900779
224.85122453279754 63.746359736004784
138.42998363981584 169.77143019611808
115.21609424439455 148.5783600846317
91.55432363789903 23.253771728696748
2.3879749794972205 137.3623345009798
222.68911502541695 243.52750115967882
116.61870935043653 5.57014844477316
209.7957840384265 158.2219453300343
71.25837367926094 110.09388130794501
124.71663199732544 232.17474125759347
229.4889886497862 70.26819623953409
230.16981825203231 158.6087618399143
222.85296595026878 191.09915167974862
237.53865320975316 108.20945193801673
72.55995758209313 101.83626236783854
245.07569758693444 136.6172176594201
156.3156473167422 23.28766606712243
146.29460418071812 140.44245325392188
61.922890252086695 4.261468739949703
62.01083860721865 153.9684399677591
28.58127657100623 186.88370483163922
45.45777566936829 138.775046489185
29.431913830001267 89.14304557309119
36.96533272861266 200.982878105762
142.56695400291397 54.41192545571094
212.48333505642987 51.12085023692919
135.52076669769724 237.76965943108672
236.79293872635563 154.04141578308858
200.04832477340372 40.31191011529284
86.37983741197766 172.90719477327312
52.47873259724936 178.61551723723366
195.6595994352158 28.76736806529914
111.91836732120156 26.12471956642054
3.7957163835309062 171.2936348330377
204.5450634529494 158.9882941987227
200.04234111966994 85.95327785740488
68.90461887565309 109.21680048855808
194.85419609955758 89.3124638855991
126.45030510535726 25.58798166301482
76.80287111977663 137.04880511866668
94.64367058017234 42.78207477532081
211.73545349902395 203.52952489358907
142.65571727694356 79.72976331784767
53.10157700782481 35.525778022544806
58.310230253507015 62.08787460222173
148.77342592853225 170.8659916713078
95.45162614360086 90.77604940272147
73.38110516550161 125.99043811045715
45.85867120480394 90.51111254037671
62.51241255057566 12.029109190249853
244.7722780419488 208.3098536742348
154.61970340172243 87.3378886311108
94.8510551280077 117.9386524882735
188.35090427253755 86.37426162963504
225.812690769898 122.60358150033379
197.76897807709238 150.96392605047993
85.88099645241331 98.7280057891182
153.40268886652365 51.97399289316762
177.70493316322649 103.23816630174295
216.4115490095558 78.21843453759175
55.87116359972038 100.55511389931307
21.41964505497651 115.369075557055
248.9484799692439 163.0218102812
133.39548442979887 187.69443321105797
40.2907754977628 204.58308978112834
16.600212113732084 154.85562561747707
76.44790763010559 180.61908882020185
68.58399844978483 156.465879599185
224.3490961540105 144.24432494997234
131.47938719563425 53.298252508773096
177.8689302335995 28.936704940328212
60.086403494944626 69.90240959272637
58.86760410378095 205.8553272236318
164.66102677552806 240.66652415677544
38.74093877832777 80.67475782780795
17.676366580961833 95.47697960232665
243.96012757265265 77.9391912129474
176.5699920964714 166.7318616739776
149.93511695618855 162.99612692012633
74.14012914313192 241.65905670815224
170.3446654935001 203.82337031752726
171.16204552271208 206.34814344747906
56.14101935673693 184.52882594336378
170.98066338592196 226.61213987146277
152.37001089214613 244.48399820718865
217.81839450431295 15.094059147048643
165.74529221986916 34.756303629514846
133.40436701589636 98.98776030384882
199.7905327333932 128.19225667188553
185.90805550117926 163.93743480568338
103.41998189899485 162.13133135972504
169.56821415929858 201.79435379930533
108.96694501203503 108.13614313734135
21.07567310452349 57.26525229991111
0.5217256232944445 21.401733553681968
50.51935573768612 11.339366299694149
202.35171205494493 234.22134526397386
109.46343478278634 151.54987524951449
238.65270050399397 240.3870760188777
147.7660990999397 199.27124735859945
59.23815248280487 132.47978220702103
231.18997099734582 97.9224581428855
191.7661516486842 129.81966918774913
133.72811084900604 25.088174643264654
2.5526493970664808 3.7316042758326895
209.7334497108882 70.59258704669786
194.44375085908362 126.02687242768809
0.8158173078320619 187.97880740618447
62.10243100027285 55.93118394670041
225.72969040203566 232.80579668372263
21.55809733989439 83.10578054872688
50.25147493067905 77.9107708779734
37.53833632401108 50.5222217368298
128.23691509868652 196.02091114913003
226.96350461352478 56.03794685885344
10.541152499079331 44.345112683410406
173.2355305718961 140.9606154390783
187.7939635254188 48.631304500427355
12.978515593870672 72.11641873506453
22.78127215784917 126.5945670773213
101.06455887500265 105.35149856044646
46.62966163915411 116.99275904950365
177.55874708142468 32.527949500160275
206.60327437235648 74.62556006054186
182.08656302242989 47.517042955894375
234.81616634069854 113.60538808054146
131.09286060119015 41.33337865204642
120.76569225748516 25.51132971672826
223.5650201983481 43.80491815875898
4.516271694487401 68.90541533722799
152.22874751908438 49.96649938903061
166.79516077465826 80.7441348782218
7.205029077443969 86.74352638392484
20.060830546343748 234.00815707857407
145.03613966424206 102.76354553716952
213.36270752354207 101.16155460451387
202.91730019694987 150.6143994565843
109.80898939869999 209.34561723351666
204.92767554688677 140.72219056711847
188.63784504594247 217.99574794467893
67.5454300328071 2.165153002326586
45.523994989088074 42.07087777246652
76.07242916026208 150.68881844545436
72.5242711707306 179.57576798006718
155.21478256918846 81.2539558376445
54.72485823082887 87.61986795837323
76.54066293152407 46.672315210830675
73.88241556509959 6.016730602169784
111.50417608810301 111.68685499928927
92.78182571849536 158.6590678659893
129.64229846326666 45.08539920671631
105.27975303029177 172.27110716619924
2.3462628512128383 2.2832975524260943
56.95367621437186 50.03415855334373
125.88602090176762 19.771668987748736
169.94597876779042 216.23836225204775
214.62130383080185 46.525808838963066
230.44425168479572 83.32046463210446
24.175279399901495 153.5874594314122
76.66165032215974 175.04462182920307
99.37238127316562 144.32647470004227
18.481966262525795 175.33117090507974
46.25694989080043 135.60473119864545
2.8130972166698633 15.310966156274281
181.21314290662377 31.655139415438683
14.568409128460774 187.87060512637862
110.83235465075569 69.77460767497857
124.01379416858374 164.60108167889933
217.4069392448572 56.55496991056355
20.23081666335502 71.57001215206543
148.38895946053088 121.83836766019537
221.17526264224983 163.84198186287404
221.94132995269499 160.99631030477738
118.53762727905229 82.93580771979487
206.8245995103944 111.06562817855672
65.09609607094505 222.9940807776461
167.46356379982976 161.32182863862977
226.4020199165613 104.78531729363732
105.3657392860731 238.23406505652582
150.85330561115515 68.06790727296996
53.48797632945379 26.899288192035048
93.1983402299361 95.4046902364546
112.11107290966015 241.41656332234325
210.09868385246637 213.3730207421927
92.84951955886162 51.32901576203336
217.18206994569314 219.93240976429496
230.70890046992088 218.2619669054556
118.88398752658294 19.717935596219622
15.43208133926363 106.08762353940749
222.4936715456598 209.78955832604925
128.38820189441756 98.58997730877614
27.982591326968564 54.9584174938681
12.586763657963324 90.4017087693308
13.498574621239518 139.83130069409157
4.281458225826595 169.17756880470841
14.691374055979727 94.43915444938064
130.97256775054055 38.178120556691844
183.18626146697997 73.93292084587627
59.29501406589138 3.70357183728684
249.7292851662082 181.22640590577672
21.679293182481214 127.59647305083973
102.93447258118805 211.64689695395774
157.23361075396363 17.949640975857328
245.56411267677433 103.2976624350287
79.50858089042242 145.3240224245264
134.97674985836633 33.462440495005104
114.06076133583615 135.5909081368962
202.93215414294434 28.271036114272313
28.157136846533316 163.97588248427152
214.65396654106144 193.34298758618593
197.42363922985186 86.98211874761175
69.56510380384057 236.36160268546544
14.968389101324087 143.44980068779603
213.2482220647184 118.12520742897054
1.1642855314244749 213.12947899612544
113.71813819509974 25.913752113569803
31.915046024908023 7.539168477458613
221.97100634515957 3.10633451507028
236.12840189048418 19.2347769450954
84.76380591407096 177.23468334791735
222.80372963333662 76.97691044752325
24.863089947722877 85.47582474048276
143.12204198477102 201.7803301603229
85.93968130023244 91.37277344420814
111.09434355120842 202.680558897282
24.823461959636084 121.46403310631995
33.145595079713345 38.68302371537744
23.32529203839373 129.9479326354107
82.86508871537582 104.09084233166021
181.6402389722488 31.514145866189864
215.70826383528555 215.99761100514846
213.09456382490106 59.3319161468267
2.3839973024719905 199.22154202818945
215.57077201058357 153.8345360394796
206.6344523127695 79.28886754316366
162.60324201727107 183.2139464206856
82.11739504375149 65.0831802255687
214.43125491038356 29.690337213890082
111.8616775795071 115.10976284834496
63.43124875396697 244.33477408782207
242.38693777181513 90.94897643832903
56.88426349861373 56.55344314016622
106.18644665754503 133.0440731509142
238.98994497694417 122.43481574490234
53.23955122649332 211.4125334949565
138.898453029237 119.52707559075625
21.030210401972198 99.62553061281046
4.0871232853540995 65.37580509966435
94.45166418767303 14.358069922501604
131.83251469045453 227.27428536434297
245.6961664526768 65.54621935411006
208.18103431365748 141.95680557607946
13.399312766579463 239.1754861561667
35.54073953531922 217.29211239483493
27.35177284221407 188.12959646735516
51.36609298269021 7.476635794204989
104.7611022089578 26.931466228510782
27.67301023941096 60.05762081480429
4.535588701434168 241.35214059131553
187.7665271166735 8.28023401694941
26.652730462903033 38.31951200081052
34.672296991054814 137.69300248566057
111.92696088776808 166.71524776692715
116.7990516449034 192.220957142113
81.8606041794058 218.3163138370681
19.016437913684875 246.49702551587978
237.94447917982342 109.58748772989418
46.006195757225505 240.12190412026865
183.1751185806579 189.5451035268084
127.73907638095719 33.53631498365589
194.97053923353863 77.26615397203227
182.91699630593942 132.97537507276581
36.336503924588285 41.268706933894144
29.70352171036833 143.50619327227375
56.385666348412826 187.48180211000152
240.4798567228337 117.30632451401462
132.86508050708787 87.09675077538489
219.88213041912627 225.16224365026838
93.98097201718039 125.42561099148519
29.736848783850938 206.00797294726047
55.822917069196095 160.02156673934584
100.9641129098111 150.02408453198808
218.8647881039696 182.5424523790918
161.82065096119862 11.081212333352076
65.79606953943943 155.05778770781023
221.29035687823162 51.20920775691562
181.70372873091674 178.81793024433216
61.36794981850796 156.11055169311157
2.0358780847834765 2.499608747653731
249.0027786785786 32.257864718365035
27.42100140558254 58.09981345231585
14.529608588106925 223.79991525750444
221.2707654574814 233.775131693319
214.04942283493872 123.17982123915091
232.5517764028534 31.704678911723764
21.484619095847396 10.671759608501697
245.24818781447698 10.039026348380025
244.55696720583646 70.99776151047588
188.33216904123324 173.41635920829907
239.6671595963968 218.83121377357864
217.07478979825896 80.6392615274252
67.85151427104255 111.72433462253342
109.38557385721398 17.268881149643477
238.66376958679976 112.35349636274239
221.21718655670458 239.25456789322683
70.20623823793409 186.4221689805214
216.1584078509437 98.15283973820988
79.68713418929505 3.6663438583955097
229.23968868854763 223.332047438561
225.09112959201912 239.13707712768644
52.87615859064246 117.41879397367741
65.12020205368826 144.9632181973052
170.4650437000608 77.79634984908503
164.38233283618803 174.47555668897908
62.621713541058334 13.983700208071298
210.43560033964795 17.15147473523826
72.2413733757685 116.41011331358678
74.32988947500954 156.69287046486295
212.8091294627487 11.930395087947021
77.60607230804389 239.4980857599589
162.52566128483696 147.34138126456457
3.8035753958781946 189.32020771445514
191.96952597370867 47.94737218594835
132.1714910041603 118.6976881068636
232.61248248865272 59.35713104026155
97.65702458724965 176.47394832083472
51.18829902732697 197.88624443132773
179.5738717252176 31.666413975136088
220.57948247174085 119.96134015186841
156.48709829146713 142.47169153766717
199.86037399868766 193.3426000875727
124.4679014380473 196.97226195214336
153.66540535975074 172.2843326356303
116.79177877226898 9.497164959698074
20.92456833689016 151.42225730047662
146.7437413335421 76.10838149470534
217.23856117169112 158.04726603957218
178.70336525175554 76.22139193317912
103.88947307086829 28.817954192323775
246.322410551663 213.89658126965176
57.538405184301034 237.01549627723898
208.89612611314712 83.73824778744782
3.342244144810408 104.74417321413404
131.520218200865 7.295049033947204
37.704315351095836 85.24979521129647
44.814533577812064 157.15899687150625
64.46198910565276 133.0124175624914
238.3715560586221 3.948206499848894
85.62935567467758 139.3721951836286
152.26098403705663 70.26094677091923
158.79966604628194 150.68937172808975
58.78153543431089 32.55264216504636
213.12500185305626 182.72849841603394
216.96414780497776 73.27160776899011
151.8739944933327 118.14961256068592
73.77465689909782 2.729719708049416
128.04739659805617 137.11831257866672
62.92153967941558 22.810180743591175
176.5322081465662 34.57687669885004
231.00117456338265 197.35702174639437
126.28658825213567 45.62844246397035
132.45382142581545 139.40150126175362
84.90605682290342 141.17131052450532
51.48791859067195 24.920558356985257
103.01392771246809 21.944276195921432
6.220061443043296 196.66335476708693
167.95671584285677 138.62682266966195
92.45090670394057 90.19487673119849
2.8254101044102864 236.9460078093384
163.00427241628887 140.78286687987674
223.44349305614426 131.08540371600222
25.747521142407777 92.09583205766079
205.39871652434599 208.25922093953997
88.2282801405448 233.46657357508593
16.919439110852252 107.27685981394974
4.380974064921689 35.03324613689471
85.47805170433607 58.49851443184392
73.24191387873441 5.31093184758627
193.4816325249628 229.6827697631219
241.35993060551212 206.82805690207803
208.88857550663954 198.5402929887369
22.26595234677428 113.98482594917157
106.86720634963004 175.75076845350316
59.91866581983707 107.72214315575987
61.772486413785074 129.27381253467502
234.65255087696823 117.84661340521116
196.84800742677837 236.60285563449085
225.50198911777352 143.35076153488743
143.6461068481787 211.42842799042018
34.862942053794335 102.35340015178635
40.98740754050073 249.77090469723768
133.526021228804 199.5216937004052
116.34420802976345 105.15950135810051
189.66251225243596 212.2356397458727

67.91882816103981 6.02649006940692
147.29277238720658 165.61019574264355
153.75185106847061 190.76994818044676
242.91462579929987 165.81870839514923
102.55532485054361 160.5636850889219
145.91783478379534 116.48161017676185
210.65352329503304 17.01419998343748
202.64767646746617 150.04131746109934
38.36219026236193 163.1983253375689
31.15076580616105 55.14672252112768
133.24808125999272 170.7236434505699
12.294883762042518 57.85010430591505
105.33380814120358 30.98355249767892
33.57992911916141 45.09822101976002
95.70019358892488 71.3325340298738
26.712826445978276 54.293513063486564
57.522871612863376 163.3987978224622
68.22354405944053 239.13087090566776
140.3173964877857 199.48797805847272
34.769654310739 192.65196976248683
73.08220982271376 190.659177774199
47.39250114364823 184.89611699825235
98.26287814747498 191.8032836049204
62.5682384435971 37.81647208278838
8.757702075542717 54.3602642985041
23.772161172099405 86.94449836171437
141.2835371051175 78.54802338212718
153.9087451432665 155.58033516698316
210.46541976448694 197.9508555890042
220.30219179542325 184.16373380763676
172.1044482110138 14.516639960349659
160.0036705548183 190.13162453422711
79.03433611680438 52.47094432629351
245.92965340445986 162.52919769587675
141.32943145207219 239.72577916608532
113.62699725723996 160.82403151855047
73.39441860498525 217.20951310449308
192.45274583551873 43.6825685428478
93.9606916857397 86.13342575166672
47.794259432587 56.31095329523655
126.02390304307603 225.1023466188712
229.1522705932425 145.1479508510674
139.88788192993272 238.75444874558625
97.61828621885054 64.21317831115195
203.02550902450093 240.52257783106413
103.20954599037916 174.60376852446018
206.56667845382657 213.93999018756176
190.52134257664676 189.65232879839493
112.26260251505701 29.12731624627965
32.945398823624686 247.72295638207532
39.88586454650411 31.23399521019707
76.18952091769071 228.43096573024965
188.9155051409594 143.96033276338935
143.22144847728384 196.50529738574457
249.4679143379467 159.76296499971602
152.80667846499856 77.03035283940171
201.68001646781553 217.42504560789467
74.48970718986384 131.8632917962343
199.68363697493 222.48070391059287
180.16612096848812 157.39767052194134
236.81912507796278 95.71499066086866
139.34641247302466 113.56540974094159
65.42553266040127 26.98558799252243
163.98026879885032 68.43436932692754
22.84322711090142 109.09150571452109
36.038390642854665 219.34724625876626
176.33902986364774 60.10481029654075
31.027078224997535 111.90924898209917
37.82712072161007 152.82089089371289
195.54643253767279 108.92310670943512
44.99415933342726 55.451424049403286
116.34827827430324 114.75531300781769
84.88836669434033 249.79605661523647
208.12958977181418 211.31385463190367
161.98860905314598 19.69627105811167
157.92202821518114 29.288132743898686
69.88601512364262 108.95351054082627
176.23948824064445 52.37711035402251
56.64529065624807 89.17232970995856
200.41113922496731 32.225383504360465
245.16669689430975 214.61353038929528
22.223665805154198 104.97348967958919
146.4883880004195 66.5701048544575
24.395259084267817 239.0998773151105
66.8704344776358 109.91718792859973
178.92596324794644 28.129033662652624
164.29409869814012 196.2828735497476
176.94352289728025 186.2672932898707
27.245557826330842 203.02694345380687
182.65230417959265 26.240265222306714
199.19434110163758 125.8638644842973
186.51053324891996 71.54508484717512
132.46599824803056 163.88379651666787
75.94966746342128 40.56570078717675
117.87303210357963 183.6518564598514
126.98798614127674 11.633624569957924
205.1996464038757 231.92838908092858
40.56088611398911 150.22103106293375
162.37638076707796 202.52453092202921
99.01435697893474 200.74254366512926
141.55242184157808 67.84515548255041
98.09524032814181 241.46973901923857
176.15594769357074 177.1633167091535
227.63124194175018 61.1551820971013
169.7091148104929 107.52741030629734
45.17409331612879 79.26605188964331
140.25880746894833 30.288507333816383
106.8083252850604 190.416838407606
69.97511802577053 26.658445408852565
45.47098867982646 9.529808268664286
71.3962851890579 231.75125814308612
244.2478560789946 225.85869061057713
71.9530038732481 225.60483657297357
153.8463465138148 68.77511449109433
141.3722707759195 162.81866956408814
94.97898016829276 240.96219137806122
73.85207039971655 127.19447904026282
135.0945470789269 66.16324576687605
214.8152471071758 162.57521719693108
7.297929490207633 105.18484539443959
49.174361573367605 105.97830821326515
150.5598839226865 218.2633463381494
219.94869300111856 122.53944648802229
114.31811040293321 67.46373969387965
66.08321684581719 167.8064670246037
217.50900620771174 226.00690567405744
41.811104862353176 81.39279387450027
177.46259963778417 97.52454105000285
204.80397269388365 64.93774939550865
32.93464054415088 35.40387192985986
72.95673199782027 82.46612065674971
39.226238570534754 2.880565523320222
28.548268637279495 215.18285588642635
123.60715679319176 153.05801325938478
92.56198000587507 151.22956053714964
180.37768183882602 153.73958318910405
201.34197194589066 71.18825456837388
195.32899631779105 203.8021116985128
212.89622526101166 124.96408476424192
133.4918356185958 20.480897790707136
191.37820191368206 26.653079303649545
9.083563216455287 27.5904764020071
151.5598610588364 159.68436647140652
174.75505050141297 112.47139404778147
178.46683402974205 190.55805852433025
79.41898482228011 89.64765634351204
85.57705978441368 233.79264047995767
197.09280504379356 18.15980115592364
242.28346485098106 221.9177776134638
156.75425517679378 80.08377093011337
110.41490544163233 192.72503998092398
147.59677546561326 186.54200043379691
182.5129382150016 72.78176150252189
154.93252330693076 86.29149568290576
132.48966018975437 194.61631519854265
93.857346558934 138.94006548977495
101.00309486092968 115.68619347907317
96.97632256439759 232.194309203375
1.4732321084134914 20.982960145737305
233.7570310797725 169.18994194997163
230.56124992564432 14.926664812564772
229.56203798912037 128.85365990912857
60.036471251158325 234.26702678604508
69.5751776630969 249.51554589481697
33.572794984531335 237.69727064502513
213.88047031280072 1.1442542630571984
97.29214052325786 91.06425171074764
18.430009403978985 74.48111382778069
111.18553378345922 183.7279969812161
1.7238012967154548 193.59069695459067
14.600869984276343 109.75648938894089
23.62244702996247 240.11517319531274
151.30821072557046 113.24722787047054
200.70319797436534 75.75042548808572
204.38054956221464 108.4956522376961
168.42428939771315 60.43881018239971
223.65040162599516 198.1739700091619
72.42896512368588 132.28294744993806
35.19344993800494 129.74418714628132
14.409120835235296 104.60005557814081
36.6510064049817 243.5398159685444
80.1573903257945 44.19931742266453
138.06186191337002 83.3855704341443
210.44118432693483 200.46691600300585
12.883303829467618 2.1181504399054307
142.81607633771014 89.2659311928099
166.2894990093534 128.8326638671054
146.5244283705164 195.08374610325728
63.095305265468916 236.66397036398405
141.38461406161548 5.46808877277255
203.27822851137324 94.38415694408539
111.76942906792684 185.84362949659726
155.2110966771916 24.82231907775026
73.65287773801893 156.2724857512678
112.20234229066881 44.944007619270394
133.75545274668056 11.012942164408457
63.96615837504643 19.863378587562234
100.62895025909674 81.19747973895986
68.89531738492902 123.55096652876296
236.6453431280949 168.68106855440044
74.12634168892241 165.19399055596597
240.13919066269062 148.80615335259705
136.76725403839214 216.12302171937318
191.11437640774795 240.84922750183208
39.99094306296294 48.27459258104946
49.160856165215094 164.5579470911627
48.359916441041065 85.80768321864731
221.26747944435417 188.36500240229157
231.25707955137733 65.70988343486309
180.46238826369236 111.02613270633596
48.12831326785671 147.85326659804156
41.318795647300924 24.254791141247345
31.387200165274436 133.05799163048854
219.64757966791205 185.25398256490337
114.9460739456378 183.36541219516332
136.06161509516804 146.0992356384545
165.70713285845525 55.8045953547798
109.02325440248973 142.13396289015427
190.04269595836627 104.03163637601007
61.24853502953187 60.73554838816031
37.65109041983178 112.1606828130514
177.58433975814285 164.82956248510663
112.21990799503892 75.58864161709108
103.30112151992643 133.37963769141527
191.84969661854078 239.21423060428177
15.232624226408726 246.9005378152132
86.2180018291302 163.4280833542685
20.06174946764505 176.2541348897063
108.23843492815729 210.80718051375965
185.86991167184055 199.8241669204397
103.49002732842222 140.0523649454591
221.88040249218918 61.00357255543509
44.99863776181554 111.07169585158799
190.92106867672723 229.03699315173318
202.18711931596908 189.43165409541479
124.4340196816247 155.75917847462432
196.9651157899528 209.10460677720098
94.34630387018645 35.068652145820806
243.64120906692023 231.39831053153284
44.17078364651775 123.09825982265363
219.6550503095208 223.59483611235407
239.4722992066165 116.13520712462713
26.345361869941907 152.64598594572254
103.63040707072696 190.6781304013884
96.2365804013521 55.72312989352671
85.59405921112916 105.38131845120793
80.78815350477839 183.84786527966367
48.587555456038714 145.60182942230603
49.380677388930565 32.44524044610323
38.35051543562601 82.81868655444063
104.29558175464699 46.84699069369605
32.3403897707554 183.50071689235222
31.89410447027666 110.47637976429503
196.07147324560873 191.15247735547055
84.57246719948638 164.63060110609567
15.525140578649454 143.93192592925416
81.18228723716834 62.99355809169785
76.7863647675926 178.0840772159551
210.78909634508196 157.53359233873226
237.06150398056693 236.2533125105431
196.71963613697974 192.50864376966902
124.94070589280501 64.95737662524478
78.46106286197322 15.853322033972466
191.80440445468608 52.427016179952936
135.3553895573767 72.41191158936536
111.78251845084519 149.3763921744985
161.73667826827761 161.8147173525933
239.83344794098778 248.17565846985258
241.74388961196408 53.95281014627354
208.20053676746957 78.6249476941733
148.74186036961765 57.213726200332296
196.15646079570683 62.53129324181844
229.5276992572577 244.65037731739324
154.7893060130418 187.62581471974144
172.88815198278542 156.55562819410702
72.72134516994339 244.48973915263625
117.15133957552898 210.06370827221636
106.44994426853805 17.81786130207702
168.41734109353618 215.846265090007
122.10498305023077 200.30001110300492
45.31172800968098 116.62050717466757
133.91543714117634 19.073720791533272
34.06766793628566 138.85689249991682
224.2835910564794 106.84194117206138
204.44535813747518 168.3247146317332
77.72580407466154 62.8297001457806
191.7368127572462 162.61102800598792
81.14677948906107 169.3988207505415
179.11156743070214 223.05840242927604
47.91703807394199 194.4114185496108
67.98737949714496 81.49536314875571
241.41555257213966 193.06819483946734
115.39795197165672 202.64649134747745
167.03501868680775 19.06082478860621
156.40531985535526 206.06342945714292
10.872918059758291 175.12652384634134
200.88779807511293 191.63205775955785
130.31987740577955 148.39445342641196
137.1571399209183 130.71637129862458
170.4281668679704 9.767709105353573
187.30261731494713 223.92645968582508
105.09738596335572 199.2088489744043
46.113364615466224 21.182372835734487
31.36959754461327 174.5899116043438
8.71807056912996 75.42024774610384
204.55658949946667 101.06518632332026
150.51931948944056 114.00075848264069
138.50386210853372 227.61759626399737
188.9518379189599 236.00758332262208
239.39041776202524 214.77677042860725
170.73526296309865 165.6903260874107
184.6975768445731 147.52225979117824
164.00078515149576 15.754115876068619
171.8527156904903 43.397086310316055
212.40082053838688 245.25567066952001
121.33411993135077 163.0017426927229
33.782749616112135 170.94394807942845
23.71345692040269 53.99192591806179
230.65224204468515 104.6188494685643
112.82981716756804 26.280819087514757
145.92344126786247 29.773877756914203
211.74843176136034 12.964866614414289
150.17038186656998 132.73984693034285
23.63148360024442 30.224701193928006
209.22885382146777 155.6472938471331
162.22583458405254 213.11776598608003
16.2738144903537 111.20997232261657
148.14471415932772 211.2825827525211
213.65343655611377 52.34674413824775
183.66898661932785 216.99153364334498
117.9073651045426 213.09535834530547
111.86117421694416 16.26428319083842
234.45227901164563 77.48776563510192
52.711090576810726 137.59768816969023
169.3518099456231 66.55820994137285
125.30305880856432 140.96765381663946
93.37598176390793 142.22060390913478
188.43694217610846 222.70762337444575
102.880023039162 97.06725336917391
173.47129573048306 73.8057759856367
163.3988993109937 136.81139901676457
103.01069222319163 11.070314542538872
134.64403323186255 193.93071651203994
142.3125011373981 133.7615958887436
214.06562472078622 74.91168264786285
160.62798874948697 72.7422126554508
165.22324869095056 183.93186030092647
223.88154113026323 106.39009218084023
221.6882229164932 221.84228615718285
171.73621038540077 168.12759464579852
207.8204785281697 129.32250275029327
13.277958186232258 67.94728179985748
153.04461946193663 122.07060928514075
81.73536731049825 232.79166131334748
209.81446245342912 103.5929843301788
0.556018265552849 16.565676342324448
143.39649370781206 76.90797782927864
72.16735927555848 122.29040192218166
12.875410991187607 27.292418466800694
173.44767279769647 202.90961371878095
163.81831828788415 87.88292509937001
188.97891300177542 227.61017097830356
20.023109693266345 184.2736189960095
64.64476293594413 12.524967407662457
231.6049138621789 70.57178553862705
90.66015375338694 71.23560775282417
20.41443306037827 244.3218720881507
249.68163616112304 5.845045122286757
71.05558014096108 218.3529691366943
36.098538758786184 178.51426820495817
76.3227569343049 23.101828441023457
42.84598436693493 44.6919747883007
47.413505226631486 176.99666088207653
211.7956252471124 152.73752301866793
14.84166153795713 146.6139626094485
184.27877874553084 201.64057013384044
172.54628615749024 165.87498439104354
114.22250845647226 41.05737498420442
133.14926607769002 135.32658174470757
213.43020932767547 85.05972574202092
129.05781855971222 249.99391476378153
13.42325612300077 58.34900090959147
175.49864315618012 91.64814482270967
54.13071774797654 6.036571626150511
156.38734161994344 43.288706808099626
226.40341483209338 9.091426185656253
104.09417711620914 183.3007445483657
109.20044589064135 29.92209991409989
175.2508788862514 187.35989492811333
81.07289505584495 134.70817093099026
125.22045115465532 74.8327996722101
110.18000776374964 69.93769193607078
228.520453749256 108.96237015792693
106.23487677336155 52.18961699442268
159.07383737502133 172.8939650139433
239.03245259996902 103.42612277402344
10.606613390392594 224.8732407247463
20.51530659431297 216.00095978041023
198.4372202929467 229.3698795619085
239.0180645022864 179.79239911973002
95.8020007114053 13.181611716288621
182.4198427499533 232.9405052671412
7.481074329095727 197.29839218996077
239.7758885990863 173.20930038985713
95.52076164848202 85.4706590689077
140.49245709816145 185.4503008685345
114.2221105275007 113.01787373523054
219.129057360681 51.233126623228046
230.64632209182594 79.40533314874268
39.223408505826065 231.94602894833668
189.36882962733333 19.16091667187292
133.43711955328143 11.77950470842895
99.74158138019581 24.53687982147279
181.4160033340051 15.195578766292266
132.37200317657872 98.28607154741006
137.437364498057 51.90912687648036
147.0236196970983 92.51189396580232
79.63485529623931 246.5641016633545
110.01722779969872 220.02269655228724
180.78851295397865 106.8117921499452
232.53188803134148 47.588590494089225
237.4764452394332 100.70229202348271
85.15092573707456 79.19480417424681
60.81737102013188 220.21816643961472
75.11802031186937 97.61762660848852
72.7256089582558 221.78901753221496
225.99007907076452 129.85674587456325
224.6397131490987 183.55324485511798
69.81319483503964 117.1810875122358
242.87091098823086 98.81526700095225
234.35839743579533 11.235208114969975
72.12641295308802 173.50915547414138
196.59061336861208 161.26234581895272
26.397656316616196 167.87227764635756
159.5125843355462 90.77142822759609
224.07557180985225 84.3222473490639
183.10212272009767 160.51759576272755
108.19926381270855 169.11578167557693
92.32444553271702 211.05073661174262
82.36688609370682 56.79203542189246
186.09809872189277 185.40253864257255
79.54469633271829 212.39927927842353
239.13135122337633 22.92846250142469
97.52521749671936 65.06094209300686
197.75574782444406 174.0197124095697
73.4853951468786 212.50901458885684
221.98003925856761 23.891383712912912
184.22906343110154 115.80686266609521
2.756468441497212 152.60253853544143
101.24611435623918 249.54742755990807
127.97119569277898 145.10320181752496
219.61858739194705 80.8013193066835
175.00870966237062 147.02299039703135
54.48567422911019 153.61019643651375
5.474593334931277 191.3137893262302
175.49915560291336 162.21649570501916
42.54742963021599 228.8215990146601
38.34233548185453 185.16154899510815
142.99879611355715 98.1872109060538
192.73515225251643 151.66585543428235
249.42571836916423 98.73594213698686
166.69565257601212 122.97824874848959
243.9723349972911 186.42765920135628
144.64168593343052 19.954680058898028
92.13057540507933 229.90033515574578
148.31147549151754 8.562244951950127
31.258214017610918 45.037394222208704
99.90403348593114 112.5464013763365
150.06750778246757 19.76359226344612
171.24093726696137 16.82288060145104
154.02279108870093 182.6221439402984
194.09171225785968 165.32908113257636
194.35778215804078 178.92126805089973
193.4989981625988 165.16897081448028
25.482807112034795 92.64524213891231
64.75278953009995 42.39504278303999
170.47408826050747 116.33431095398764
158.81029169083814 14.83822168225865
133.4995237168372 49.6119086146789
39.72349499830061 140.49087963462307
47.38979128071433 240.24071039641993
243.87640003995145 176.91948020345222
219.79321608850606 180.18210786927918
213.67561802775583 86.12004218244923
18.095803947151406 9.379582372592232
166.43326299345082 73.31412336292651
223.09874182479328 236.867321421226
190.2577085729824 167.2853191646643
43.60839036624234 12.335651800379072
10.563074815829715 140.76027081415265
80.41830656202684 174.7356214563389
67.86360481983216 120.49158622010697
235.88576921186876 58.26736137709385
15.440497069906966 224.38460216723067
23.181077546582635 192.34259762175842
118.24073135126706 239.95454107501513
93.5296926356128 171.92530187804746
151.96955834896798 190.27840813091427
70.83954418509683 45.03288039579714
201.7003940063131 188.67681131023667
67.36178934006692 205.09623813392514
232.98523084912895 78.37405206797429
40.286707250480475 211.10216811881835
223.74899161371422 67.07666895716932
192.05360209228454 132.34232810489945
223.78667104103866 182.8777356971733
185.409399955524 229.81972505578392
175.19933165247008 194.2923608494109
126.20266351615128 19.219907559841374
220.39446010236577 227.42109379027087
122.57950511260738 29.668458818159216
138.2653450670723 216.01758977838597
19.65102359422874 172.4854201970017
3.773741835700534 201.94124425340402
201.9537217667698 122.51116055417968
199.4136285487152 237.6225727803135
245.42791445072 136.25489213678202
65.78004019465949 34.958537090411774
83.69304067553732 43.04612692198598
122.58396278517894 136.55818389261248
195.5554723711893 111.35195118980423
169.079843000613 213.79436299721732
165.4903177841683 138.95878649606692
232.35946743864523 136.3122989688756
58.6444149402208 64.4095185933401
162.8944997455128 217.0584259891808
209.87242864296303 218.51439053921501
71.86348554868901 143.8665650747946
54.78846013968228 120.33069829422973
161.2286241015797 231.06806975865786
155.66448335555594 170.92004232435605
236.6930033393765 105.9501512925795
192.56099405291008 141.4936252856067
109.39409614175145 232.90177073550336
221.96856138195773 34.67977759638355
237.47475295097385 162.92955890582394
82.93558223448005 165.14990896022863
33.46375494813239 133.16179039032016
75.50734979277021 227.02818487091332
9.390727685421624 7.773176127949283
123.80430321486094 98.29896958524154
220.74944759914868 190.67636167020385
240.34227000694165 144.13939970700272
179.43872852809864 243.32108894889424
127.72701344328252 228.27584418769973
200.38734531050878 159.93498680167875
169.1370350205664 245.63651050798012
171.47378428227535 243.13395334860095
58.15592384531473 16.02096619762866
49.00284883423578 213.9907174609235
150.06975220723658 195.0297743310504
173.76216050211295 57.75023101798357
24.09155454586534 72.69828610593177
9.697289374154455 120.16853997385799
92.58788031105414 66.9173440762211
82.9899118687347 161.62579523717577
125.24918667573317 50.36622978814853
223.15425843761946 110.45943027108329
7.995269151151757 55.94829479083274
195.27513584629187 31.893095950535187
172.89425124859991 52.29523943847017
171.2183930133793 137.0112573483102
161.4730698866441 160.28855947296978
1.843897251187887 60.31083519644695
102.5600127827426 117.1733485653394
119.5366457301221 165.5838316916293
174.83396013501937 235.23393218498285
37.326622882568635 232.2185741588041
145.40232970140238 111.24336107119461
112.9111919788488 231.12574466468115
244.51146766338263 94.15949032436116
77.2634218523188 239.29352636965146
86.91194581137049 242.56729972290302
248.6942720453987 59.41181379365751
63.95543343069726 202.88781740653204
52.831071975443486 178.91753140963257
81.16816663989793 220.93380721107465
186.16478819496234 15.765115435712573
56.84431243625077 158.10167822361765
131.34976688208377 78.43342736041187
238.3782771709368 124.31115961677922
20.830968318755804 204.1335039709152
122.50995772969844 166.48432867096807
239.64417271577793 219.2068381135303
240.77341220752217 246.41548432266254
57.891225818586776 83.34763579815902
194.30002425722864 248.77240090443425
91.16637289008226 199.82635399174686
169.34242888190772 132.173453710031
203.9688020840391 85.58516939676136
85.13530135757327 100.66946012476558
131.4305291676631 102.24186209902234
61.513305213623525 65.34049927392857
46.17392962223018 114.92225096866734
219.64730729232534 229.86096603994804
146.33346493130495 27.728645972097567
47.481261758898135 26.626520422553146
11.78525060507804 134.33209338893042
88.08486224302065 21.70026108711795
72.8902920769768 69.09083301704861
216.0612776695453 195.84137187262593
86.85552283359569 94.05832104585728
197.883010257055 85.1811001713078
172.39105484863657 137.16559940648685
66.10188993129884 198.01482479280932
230.5063106089365 125.32152895437096
133.4199753393643 53.36083757781837
99.88647068378128 226.56309112997425
0.33287041752652624 180.05551326914187
107.74762342070207 210.39326618178873
220.48802036286716 4.552916080382885
157.6981006764634 52.78601947253744
249.28072753018157 57.866980842782134
173.44831109539805 202.10900016453976
85.7826943839187 245.6525077064807
176.53360501851705 49.28665525410683
135.32684771027812 202.09633625882464
68.37710658943772 41.86230401786162
234.25074126361667 216.35178841798418
223.79751824752515 55.271972402803264
171.3599028277011 137.48458105878993
5.344231803384197 63.78395256707597
201.83264279849072 23.905392325637514
6.748801114561442 185.73218099380364
5.829051059103057 149.73758615982186
70.31459458104442 73.40323363143911
3.4826065132411155 193.34326217810724
122.67437547821902 189.4204617259847
80.22794749751152 210.95138296980707
124.15750594586814 236.63781165878507
223.7078477277383 62.807131374344486
132.16990953522756 165.0765511260592
108.85626080769184 143.3894874567414
97.34281419689233 25.256186879366734
4.5645051921765765 134.51935879648514
222.35238365331455 235.17512887299608
117.61141299233476 6.13056151769506
208.6971992919056 157.51300072097396
78.08133146749263 105.17783978450417
128.53998616400068 236.17767774002903
229.3661515845851 77.94334784853105
234.06857103553781 163.21227763249422
224.09423572281653 190.71849782389367
233.32219184200775 107.59208406224494
76.49683887795605 103.10779564257821
240.17083880455831 137.319711971334
159.77474641513587 20.23001847679651
144.62599375181753 133.21040584178468
53.91816843192326 6.236259716104558
57.08032497018844 154.99419978845154
29.590548399149736 191.8465253356467
47.41367798264184 133.10886907191366
30.078213756123517 84.87919192098889
38.292981748844795 203.63852690289372
138.95467801010662 53.418664202413254
217.7452055801292 50.45354849430084
132.85340346846968 232.3744256605106
231.815981442578 147.21049476799683
202.985549928095 47.67686934468837
84.59529666294674 175.75565859661515
46.6939827857317 182.3205996652585
189.3881724138851 24.171243473186056
111.21134008972695 33.694159205774014
3.7664137635563257 169.49025803897095
204.2798901902096 154.39090915336706
197.35104244668656 81.80386495264445
66.86675352442012 110.32066473475774
190.3127478787384 91.29543871188444
133.4960715293345 28.756257494369887
74.92855747811225 139.2123309908792
98.73264607157323 42.996452657504655
211.13527692106382 208.25237438552335
146.51592847594313 81.49863010888403
51.5401225069205 35.670262600727945
62.21077988715254 55.05532898201765
152.01022674352814 167.2480696970457
94.32236743022504 92.3562044054099
69.13293507920571 124.95588945897312
50.12181076552288 95.30088359719294
67.6723456665149 8.012956453143122
245.6635513903299 216.71268484680098
150.83302760549586 86.0176978740887
95.19076091440412 120.01930452706152
188.59592585868143 85.10131971970166
229.18916017662085 123.73080024177114
189.7035716096845 150.72063327782615
87.02452842158345 91.12622393083342
147.86157747513505 56.456721611866875
183.89860598200573 101.788337581086
212.17785457367165 81.4080674266281
55.72210584623136 105.41480950442289
26.329399481542836 109.0172332648193
242.86233844243725 160.75272989526846
139.38885318040928 188.47448974884085
45.74740627168919 199.3884571476569
9.188900861550387 153.32842880354082
82.57471678795878 178.98514714461328
74.91378443060597 159.34659268551025
226.31150468952254 148.1467819677529
124.01468943925764 54.00230149560484
177.11975915411332 22.73997707260042
57.7580053542811 63.02430000827158
60.26661251527771 200.53243996449157
160.9075140993944 244.27024089010177
41.359990829542944 86.27569171319236
24.136997935191502 91.84300139887469
249.7985933360961 77.81441975390327
184.33066786141129 168.28337775109023
147.9891201068157 162.96051795577162
71.05219429507132 241.1360323863998
173.73656083968154 208.96943668255113
166.97602500682524 202.3646607789573
52.296796840067465 187.4933496625169
167.22727363314564 224.20278478061542
145.83459505158172 242.58401593379955
212.57842282009142 20.737001040073004
162.90297796683657 32.64231700700421
134.30019026901562 99.56027536758225
203.00831875722776 128.22364813464793
189.36040270743828 159.94875824861734
109.64439571134265 160.3983865276277
168.07567083598022 207.93309221575853
105.21199525448962 102.76871019120351
26.13733431805465 64.04420508295946
3.0007737893713857 25.746743234006885
47.893779117897935 4.988174851989491
200.22316186168817 236.90420385977222
117.45990020571209 153.0488049595342
233.22450003412672 245.44041742928255
147.48256614553128 195.89043480985322
67.10868007882404 130.1359957848309
239.00770532067241 95.24085155610854
195.5051963290367 129.2536615243287
128.74001857821975 18.99369793600181
4.564903788192353 11.206653649780518
206.06741397427294 72.41304138423233
197.95705896380102 125.90596510572568
2.68610163560723 181.40888655962544
68.03825076766401 61.648220691630115
225.4673426900419 228.87517664052436
16.813203504631918 84.51654398961259
43.66550469431063 78.62201436685103
44.070938516381055 52.9686167450803
134.77321814382026 195.45099192354166
218.71338739517114 54.53079212451817
11.413717044443993 52.105134188928815
174.35271594563673 147.57737858127695
184.96919508631686 56.31643119907942
7.821485171303349 78.45148899232734
30.070161919699107 126.58343002947039
102.57987184618581 112.24320145053238
40.13214165753301 121.9314704327518
175.22100283669843 26.927059071861937
208.7293048197186 69.15486994561523
178.3526271303214 44.18022816327355
234.65800856203938 108.86321140604555
135.33772274458488 41.0285134442466
123.08434962768497 28.597151801654093
223.46724911614763 48.813903818940794
10.268393183420848 74.30310372504714
150.87898810307271 51.32423707764927
159.89839836248987 82.72902737329146
10.24501748514517 86.1221647929592
17.700679495619596 239.76389215764965
149.20181254146215 96.14391809770851
207.13455199732053 106.74462873916083
202.54674286518298 145.2125537047565
105.9663690063982 207.272211308455
212.34520876229683 139.92432707505776
182.10568806003377 220.74359194708256
71.40492128793238 2.6126394302307676
46.04748504567219 34.2379496161796
72.02343985499462 147.8020298995757
74.99176827716437 187.30131583461804
151.2306170840557 79.3326720639484
50.40164118957399 94.13114206333175
70.02907267674443 48.05837233752106
69.94044748408568 13.238400196357441
111.4081087219271 117.04771441934884
89.27306566324158 161.68168831733058
132.05655955553968 45.63674514805019
100.60601933596247 165.96198804888996
5.793099380906303 0.35814474857312484
52.93127493834734 47.0736321739034
132.1047610205939 14.764479798199392
177.61793333803053 216.19599891290935
214.90456253347023 38.45763221868534
231.85227474228566 79.30428866915834
17.14297459935135 156.27061474744633
83.07583521617842 173.23885054146945
101.0154183186969 143.04759359327412
24.91244602419887 174.94563519938404
51.445455291541904 134.23902901372952
7.887910431548101 16.353145144900633
175.72120008367443 35.66759834593702
20.05712400173443 189.36667205492802
112.04569056207134 66.10483711406772
122.29195805130396 169.188761139654
221.37552642224102 53.522150896761794
22.460980437647937 78.374086946991
154.05866343151578 122.98798393888246
219.31038302978385 157.16422460228972
214.96191766458824 158.54470398175542
120.04632057982306 81.25318642918575
214.32301535805553 112.4395633115464
67.95944366133571 229.60441610811446
175.07507472702366 163.81357308690056
225.03412769940533 109.70280336420296
110.74522495552478 231.80662124240632
151.87463304594047 63.16207547884897
53.32724815332729 30.4579010508568
86.28796831432028 93.96327315075249
116.67869121056368 238.871326985312
204.89926290865054 214.1821809747967
99.38773966745224 54.87621741009704
211.00320753220583 220.64454417152365
224.6772575719985 217.93746579696162
117.14671750233435 21.59378559588224
16.79704207838828 108.53061069230132
224.98411805866792 205.74231367810341
135.97891350244188 99.60196685720297
24.10214949563644 59.9468240474672
20.372558578946098 90.267012044202
6.833516834881176 135.67976462969483
1.93507939683496 166.39542661141874
19.00337735211047 98.99470738216384
135.5427795975248 36.94219753158379
185.1993722718376 77.6716628593577
56.30563838926919 11.116752733161428
243.44971862886962 179.85766660537334
23.044390254256697 122.77591170296299
100.6117207364668 207.17774528780618
163.49924184189675 20.75210327885091
246.955732212329 95.88449118435393
76.75250685946952 149.0507214621645
129.47338293809923 39.733440558976454
108.10712913320131 139.95825329173695
195.79473683737754 28.695953054708205
26.526768760267856 169.61605271271495
214.94793687312838 196.83178369792725
203.7233883462729 86.46390204784387
75.983849336617 240.73867237578057
13.374615045936316 149.4708326434368
213.58839169226903 114.00620607182665
5.47963608411825 206.28406621445575
115.93808574158166 23.57036573537777
28.16509622819699 9.820625284074596
227.47725038309147 8.829979142572414
239.7588794776228 11.665363460347965
87.284903552831 176.39611338804244
221.42518317209633 68.81155128867294
19.82242698377698 81.64395225028571
137.93830462370337 197.7742943759782
90.02704693871374 88.30271614420462
117.93031253374164 206.47233767726
32.54966888087196 119.4472650928722
35.108980978831 32.722657798681496
18.942883115544568 126.87450946520951
80.26519558698509 108.99917148429982
189.74666319078614 33.44491249911965
212.30445581754438 221.41997308102899
216.48995124726426 63.93209038068465
1.8791656059646278 201.94806818287947
216.54786253514607 155.68238303704442
209.6759799795537 76.24114991555467
160.45589966479704 183.11133231307716
75.40966785743633 70.13590594002666
210.0655118391208 30.329294492462967
107.6546633755144 118.76809719720596
70.20634496581756 240.8743486546366
246.23532539298745 95.4509979480048
63.88947027513164 59.87465260807806
107.58904090912003 137.64276118096137
233.87460703427706 117.60072106928887
53.56182035253668 209.77552652704122
139.6516962836011 123.03992215028633
15.545315659067471 99.39494662098502
8.697274982515463 66.10187177530455
89.54151757632334 17.448635370916037
125.85784125892755 231.812477971182
247.81762824791747 72.62242477824788
208.2437954253651 140.98229748911066
5.502497935509664 240.97398824216086
35.885183742466936 220.109565059737
31.079354111927582 188.80697337528775
48.03338659704115 7.061480316720159
109.50637777774264 27.986394589024773
20.692498046597063 63.115263812894895
2.191920954315557 244.00120239922688
186.90880848186063 15.065479259039227
30.20877594290025 45.905467661759346
38.60440774360577 138.91749662867483
116.32114206049637 161.61313721888408
119.1298604814216 193.55185067307545
76.64529111285556 224.7918903159098
13.835324622285928 244.1458024522585
238.94289460878824 101.74424558957473
50.05787640434034 241.19347168700514
182.63326395358288 186.35202512029133
127.56872495814228 41.243597003618234
198.99541248131436 79.33810533684196
177.95723954770781 128.29590769280057
28.207846184862163 41.358856337306264
26.434981416680188 149.86539717596608
52.16982991347805 192.69260081618125
235.7392871246162 113.19183554453328
126.68070866093709 92.81846008805927
225.0148163880775 231.3721919758735
92.22315611159921 128.84158363219976
35.27750749484826 199.7832837813333
48.06698948833271 160.1159058078678
97.57402573386767 151.8668311475911
216.6694998891024 186.42979900690958
159.721302952479 15.506805408610603
70.90853240035818 157.49748926986013
222.65778229261616 49.54005210799844
179.89394396231913 180.9680326826138
64.27226382637063 158.46812949312687
3.0981256385596567 3.308257207168902
249.57961413693045 25.63246192467905
27.89560125659668 62.31266847541944
16.445534116952405 215.76499965561842
217.60772669949472 238.6123471305996
208.33562000025324 119.07929392823988
224.33082911922446 31.459006196275453
27.479987727140497 5.899710476231002
247.69161128090556 8.464921876054825
244.93177365064452 70.98259147860031
189.76310112369487 171.1482891726852
237.36975905818295 220.16739605169928
217.7848662410587 86.53880853233112
68.98386037766599 109.80139700134858
105.39319645339337 12.107228169120132
238.46531004818948 111.73107087177014
228.97433394790232 238.4475587092846
68.59310590450343 180.6726383498066
219.6089802637924 100.20664986158062
73.28020785420678 5.75857969029131
236.1298469267848 226.59466945121676
223.9102850784305 242.7592769328716
46.31882146597274 117.36153999059876
68.26247810605166 141.72795197014605
168.4793543822799 77.71824294075743
158.68431620752224 171.95036350801598
69.39001205690728 17.8635753205901
208.93766796140292 21.629244030876986
66.37555104852089 121.52343663303652
76.95810270490155 162.521599523952
209.68230429668156 6.607181005049978
81.83761629241238 245.68407737927285
160.33605995589272 142.28048235476254
4.637180383225637 183.11135957222385
186.06075562834738 48.573241411470015
134.0384666135506 120.64677419228889
232.17546998388602 62.52408122684117
96.4490053102058 183.18470471682474
52.312803559370295 206.2679804719344
177.80679182475959 24.07664719484365
220.43449816259573 126.99623780930445
156.0536463096181 146.95501047297304
207.71702731538036 195.86257380471423
117.52324256199576 196.87223478163259
155.97073531721838 170.95288824052838
114.7479680752382 5.953945028831314
22.643373740739907 147.78428311549098
147.072438273905 68.55843302438416
218.8705567803841 155.88158447133708
186.25110371704363 78.4780419459126
108.08656739348116 26.25319235925405
240.00744110280834 212.84472506917956
65.83956663693586 236.4191837834136
208.94273015536425 79.02768770429539
1.0808038121309649 104.28531855568437
135.324001598264 10.932770395683605
42.70489215948667 86.6624899909609
40.53406474551874 151.02332021011932
65.06058061806547 138.95363399901416
239.91099561565895 1.9798067936105113
85.52654961965447 147.13938598772646
149.67783631596023 70.22297780715911
159.90177667180384 157.71928054373015
61.282965094837856 27.572558857377473
218.1771546172831 177.64307379165996
222.94405693438102 74.04753140609397
147.5186208002214 118.1288297442625
74.03837554576573 5.2632143547892145
132.45370790803617 141.69712921971953
58.70568975086485 24.31268699553443
169.87810775603307 36.97729394360228
230.3316402976087 193.57967994393576
124.77606176551484 41.62601990967671
140.2033596648871 135.99373575459916
76.8311374524334 143.2179088031683
47.65868392249509 24.99073773665489
101.35039130716319 15.075699849838337
6.422959708701298 204.78637609359373
172.24632414996745 132.19377026975806
89.28462517658411 93.7557583257987
7.2848075599274145 231.18069581381815
156.97590180857486 142.17517776019548
230.7734638349738 129.37781411454864
32.4269274120943 89.82474391290182
210.8491063589248 208.989620500096
85.99932082032299 226.17577658699824
24.97460012928959 108.20349675796115
0.6939923830681094 39.7975098363374
81.14908732846385 56.19674550382159
75.55979546290357 1.59111821783961
198.98916568812064 234.66510211038852
246.2375000373888 210.82734381820086
200.54086827512194 198.70259480118625
27.635897528847845 109.42309907448819
109.74885326410887 174.88042040364223
58.67642683363683 99.53876227738722
61.639081617872904 128.29337563265744
238.53018504927863 116.1357006412287
193.1093230959231 231.1535048779795
218.63398998625505 147.722586139946
142.80992910545982 218.85249712622337
29.48920945280506 101.04772290489828
40.25372675813285 247.21000692920524
133.30649417465 196.22215445645028
122.91102488832034 100.85947285866584
186.47159901683452 214.20125273154417

480.4
286.8
206.5
129.0
34.4
51.6
260.3
137.6
8.6
137.6
17.2
129.0
576.5
172.1
8.6
108.1
144.1
34.4
25.8
286.8
72.1
137.6
432.4
324.3
129.0
288.2
540.4
288.2
600.5
103.2
129.0
288.2
1201
600.5
288.2
72.1
206.5
114.7
1201
260.3
144.1
144.1
144.1
25.8
86.0
144.1
77.4
25.8
480.4
68.8
540.4
576.5
432.4
154.9
324.3
68.8
600.5
172.1
1201
72.1
68.8
144.1
114.7
432.4
288.2
172.1
68.8
72.1
72.1
103.2
86.0
720.6
216.2
1201
432.4
72.1
103.2
103.2
1201
540.4
600.5
137.6
17.2
648.5
288.2
288.2
34.4
17.2
286.8
864.7
286.8
25.8
36.0
600.5
68.8
576.5
17.2
34.4
288.2
144.1
34.4
103.2
600.5
216.2
1080.9
216.2
288.2
114.7
103.2
960.8
260.3
72.1
143.4
1201
286.8
216.2
68.8
34.4
72.1
144.1
34.4
432.4
77.4
108.1
154.9
432.4
229.4
1201
129.0
144.1
432.4
324.3
432.4
25.8
137.6
260.3
1201
103.2
8.6
288.2
68.8
216.2
17.2
432.4
114.7
17.2
36.0
324.3
720.6
720.6
324.3
77.4
8.6
34.4
144.1
143.4
72.1
206.5
17.2
144.1
864.7
34.4
103.2
600.5
720.6
432.4
324.3
143.4
108.1
288.2
17.2
432.4
216.2
77.4
288.2
648.5
34.4
8.6
288.2
216.2
34.4
216.2
72.1
216.2
144.1
288.2
144.1
288.2
1080.9
72.1
51.6
720.6
216.2
17.2
288.2
258.1
648.5
216.2
129.0
432.4
51.6
258.1
324.3
51.6
51.6
51.6
864.7
154.9
17.2
206.5
172.1
68.8
144.1
206.5
114.7
288.2
1201
68.8
103.2
17.2
172.1
144.1
8.6
8.6
229.4
600.5
576.5
1080.9
34.4
258.1
540.4
137.6
72.1
286.8
17.2
144.1
25.8
144.1
25.8
288.2
960.8
34.4
72.1
143.4
324.3
216.2
432.4
960.8
144.1
648.5
288.2
540.4
68.8
77.4
72.1
576.5
540.4
1201
720.6
432.4
576.5
216.2
432.4
77.4
144.1
129.0
576.5
68.8
144.1
648.5
258.1
129.0
34.4
103.2
216.2
600.5
68.8
103.2
864.7
288.2
720.6
1080.9
103.2
432.4
34.4
103.2
432.4
286.8
432.4
68.8
17.2
68.8
144.1
103.2
258.1
1201
36.0
154.9
103.2
286.8
324.3
51.6
1201
480.4
154.9
36.0
288.2
36.0
286.8
286.8
72.1
206.5
1080.9
17.2
154.9
432.4
1201
286.8
432.4
144.1
8.6
540.4
17.2
216.2
154.9
144.1
1080.9
68.8
108.1
144.1
216.2
72.1
1080.9
648.5
154.9
600.5
103.2
648.5
258.1
68.8
51.6
286.8
286.8
68.8
8.6
103.2
960.8
77.4
51.6
480.4
51.6
432.4
25.8
51.6
154.9
103.2
144.1
172.1
480.4
600.5
720.6
34.4
258.1
600.5
103.2
17.2
143.4
288.2
72.1
77.4
114.7
72.1
36.0
154.9
51.6
51.6
432.4
288.2
129.0
216.2
648.5
154.9
540.4
68.8
540.4
216.2
114.7
432.4
25.8
324.3
17.2
286.8
216.2
216.2
36.0
258.1
258.1
72.1
1080.9
480.4
103.2
260.3
86.0
86.0
17.2
25.8
1080.9
51.6
288.2
172.1
34.4
68.8
72.1
576.5
72.1
137.6
286.8
114.7
17.2
103.2
216.2
144.1
1080.9
288.2
68.8
324.3
143.4
206.5
206.5
720.6
143.4
36.0
206.5
720.6
216.2
137.6
129.0
51.6
143.4
260.3
103.2
51.6
143.4
229.4
17.2
864.7
216.2
960.8
77.4
25.8
288.2
229.4
648.5
108.1
72.1
960.8
8.6
86.0
576.5
77.4
72.1
260.3
1080.9
114.7
720.6
34.4
1201
68.8
25.8
68.8
1201
51.6
144.1
77.4
129.0
576.5
1080.9
324.3
432.4
17.2
77.4
68.8
576.5
72.1
288.2
114.7
34.4
25.8
324.3
206.5
144.1
206.5
864.7
103.2
108.1
108.1
258.1
1201
144.1
720.6
103.2
25.8
260.3
8.6
540.4
324.3
51.6
34.4
172.1
129.0
17.2
288.2
258.1
720.6
258.1
68.8
36.0
720.6
960.8
144.1
25.8
864.7
51.6
206.5
72.1
432.4
1080.9
216.2
34.4
114.7
68.8
129.0
68.8
216.2
137.6
68.8
77.4
576.5
137.6
258.1
1080.9
260.3
172.1
34.4
72.1
17.2
144.1
34.4
864.7
144.1
144.1
216.2
324.3
600.5
72.1
206.5
144.1
648.5
288.2
34.4
34.4
216.2
288.2
17.2
137.6
864.7
229.4
68.8
172.1
103.2
286.8
206.5
25.8
206.5
576.5
144.1
68.8
720.6
1201
324.3
8.6
258.1
216.2
206.5
960.8
216.2
432.4
34.4
600.5
229.4
143.4
17.2
17.2
137.6
51.6
17.2
72.1
36.0
172.1
216.2
600.5
288.2
324.3
1080.9
206.5
576.5
8.6
137.6
288.2
114.7
108.1
286.8
600.5
137.6
108.1
480.4
260.3
51.6
143.4
154.9
154.9
8.6
960.8
36.0
114.7
648.5
216.2
114.7
288.2
68.8
432.4
144.1
229.4
129.0
17.2
103.2
34.4
600.5
324.3
34.4
720.6
288.2
72.1
144.1
68.8
36.0
72.1
86.0
72.1
36.0
17.2
432.4
288.2
51.6
260.3
540.4
129.0
432.4
258.1
432.4
260.3
216.2
258.1
258.1
576.5
648.5
1080.9
288.2
103.2
86.0
36.0
432.4
576.5
72.1
129.0
129.0
258.1
172.1
129.0
129.0
288.2
216.2
129.0
103.2
51.6
34.4
288.2
77.4
720.6
258.1
216.2
143.4
324.3
17.2
144.1
72.1
144.1
143.4
286.8
86.0
206.5
480.4
258.1
258.1
129.0
51.6
144.1
288.2
114.7
324.3
648.5
108.1
288.2
25.8
51.6
600.5
206.5
86.0
260.3
720.6
51.6
51.6
216.2
108.1
258.1
540.4
72.1
432.4
258.1
960.8
17.2
144.1
324.3
720.6
103.2
960.8
288.2
17.2
77.4
36.0
286.8
17.2
648.5
648.5
144.1
1201
540.4
143.4
576.5
144.1
1080.9
137.6
206.5
51.6
72.1
864.7
216.2
648.5
286.8
288.2
432.4
68.8
8.6
260.3
77.4
103.2
648.5
1201
144.1
137.6
258.1
288.2
77.4
72.1
51.6
17.2
144.1
576.5
103.2
172.1
216.2
600.5
108.1
103.2
432.4
17.2
206.5
480.4
229.4
51.6
72.1
720.6
68.8
1201
51.6
432.4
143.4
432.4
216.2
260.3
1080.9
143.4
86.0
144.1
34.4
68.8
480.4
286.8
8.6
103.2
288.2
72.1
129.0
143.4
216.2
480.4
864.7
129.0
103.2
108.1
137.6
34.4
960.8
103.2
432.4
540.4
172.1
8.6
229.4
229.4
600.5
172.1
51.6
1080.9
114.7
144.1
68.8
229.4
260.3
144.1
72.1
288.2
960.8
86.0
864.7
600.5
144.1
114.7
103.2
154.9
72.1
143.4
1201
260.3
34.4
1080.9
108.1
206.5
103.2
432.4
108.1
432.4
144.1
600.5
72.1
229.4
480.4
229.4
258.1
51.6
25.8
34.4
432.4
576.5
720.6
103.2
324.3
172.1
114.7
103.2
143.4
36.0
288.2
68.8
229.4
229.4
68.8
51.6
103.2
77.4
258.1
540.4
72.1
864.7
288.2
36.0
864.7
68.8
864.7
172.1
137.6
260.3
206.5
103.2
144.1
576.5
8.6
1201
72.1
540.4
600.5
216.2
8.6
600.5
129.0
143.4
25.8
68.8
720.6
1201
8.6
108.1
258.1
864.7
172.1
129.0
648.5
34.4
34.4
129.0
286.8
258.1
17.2
260.3
17.2
258.1
51.6
68.8
540.4
216.2
129.0
17.2
432.4
1201
51.6
432.4
288.2
960.8
172.1
540.4
960.8
129.0
286.8
86.0
286.8
432.4
8.6
648.5
288.2
51.6
540.4
86.0
258.1
648.5
288.2
288.2
72.1
17.2
216.2
432.4
576.5
25.8
576.5
68.8
25.8
77.4
103.2
260.3
129.0
258.1
17.2
720.6
720.6
648.5
144.1
72.1
288.2
1080.9
260.3
286.8
648.5
72.1
960.8
864.7
258.1
36.0
432.4
258.1
1201
432.4
432.4
1201
77.4
288.2
86.0
36.0
216.2
720.6
72.1
144.1
103.2
25.8
17.2
432.4
480.4
864.7
108.1
432.4
103.2
17.2
114.7
648.5
480.4
286.8

8.6 17.2 36.0 72.1
17.2 34.4 72.1 144.1
25.8 51.6 108.1 216.2
34.4 68.8 144.1 288.2
51.6 103.2 216.2 432.4
68.8 137.6 288.2 576.5
77.4 154.9 324.3 648.5
86.0 172.1 360.3 720.6
103.2 206.5 432.4 864.7
114.7 229.4 480.4 960.8
129.0 258.1 540.4 1080.9
143.4 286.8 600.5 1201.0

2 5 8 11
5 8 11 14
7 10 13 16
10 13 16 19
14 17 20 23
18 21 24 27
19 22 25 28
20 23 26 29
25 19 31 34
27 30 33 36
30 33 36 39
32 35 38 41

