1024 3.0 0.0 1000.0 3 160 240 100

110.5683742143749 207.214556268734
25.269804143325526 248.88728316098675
188.9059417017239 164.53565305589217
114.81868912874799 35.14614346636341
1.436841099610009 124.05757376910503
216.00541269312603 156.25203533466265
182.67820906765405 152.4115970231414
77.27088071341163 139.53310449692836
134.01729248487604 122.90259036501855
217.66673895029894 188.87300821430077
64.23604788984395 230.13357983533402
71.63331359670852 238.5022796455262
188.46328102964023 227.82333383872123
234.2795273039208 108.66017760253082
68.19129547154662 65.9806088759885
99.15577468813403 188.6425579747145
223.2474944471629 98.59286399338593
100.39644573888545 53.36174310345654
197.1805468528971 192.07522718756806
120.8545607440129 11.149487534707708
180.8223052276732 193.73103037285622
44.50413629555627 124.85371188648908
34.34490010205615 137.38981967792049
51.77638274863489 144.7817985493199
133.88091507658567 114.9589542755618
242.58575455052812 32.68553137910768
168.76225589495246 211.49897045131866
195.84172215443473 170.57014681765247
173.65676776216756 136.53426963406437
90.68771955981558 8.378228110250879
81.0809660316534 141.2316721484813
7.429528075705877 180.58345547207642
199.77045534943147 13.752997883285461
150.39270959506177 44.438499727263384
95.83945515241749 174.89344725887412
199.96440431718014 36.58804810159383
30.015003364087384 226.10788357152612
62.05891781055969 217.02757915222972
191.58878204006191 169.76310064463925
63.952115591422555 97.09264690025738
202.5662317742137 228.09250827630626
227.64225744965566 138.16459276447836
63.87871324532915 42.42060769433528
39.608377955733744 106.30740514677304
195.89128981469236 149.84736313247933
132.72626032042143 74.653953780215
207.76597620367647 9.727255332524775
183.3639771052292 220.75865050985968
192.7576535562348 137.47143548710153
20.779888362573523 135.88913941624247
214.54619253349412 98.31691413260013
77.59080785058572 126.93704059692449
162.81385401248872 184.02347481147996
149.64795428426171 38.56839364840647
47.66318588142379 157.8989812371182
172.87065772827907 38.775459974678824
63.11986371770656 172.28101924272
168.5291602955139 225.78254957606677
201.6705919518081 184.4780290898676
22.273151203572233 203.58127467037556
102.21823009836653 75.32709429125292
99.67425254735943 113.19548183292966
228.42603920328156 68.71151331335604
146.57563237037107 101.25417444605853
137.41498066189786 74.81222760958617
7.836252049575054 129.1993852652711
93.6961256723754 227.81789190590737
118.18110626291472 210.24073695691092
172.4743044468055 62.22019876696605
14.583806120193914 12.574011462921696
89.02872363518505 196.90235617598717
125.5164551818726 139.39094053447934
86.97980110779716 211.7600218411182
192.590835091878 139.2282576249134
196.3433632076701 168.5971292134146
225.1525107264974 222.42151065423644
61.06717640535006 143.67463242646235
215.09683732594257 25.493905140983404
70.76479049124416 58.937689860554
76.2245921453531 240.88690823824462
96.02447859067829 141.31421672571943
241.15494485675595 131.79827971612653
225.42643655124397 210.2574556781887
78.40559762639485 208.62551208400083
192.2966426025502 90.34205607920282
225.12590520718746 75.87092424756345
108.13203855705741 161.80681322309974
168.98730231366775 244.54222407271197
124.43221061445401 152.76933892930003
204.64227979278826 31.63529464568174
75.49504594071676 3.2187490674300543
53.3424516995433 26.23292715738576
111.56224734220574 155.46278902086493
207.88791182623095 79.42678602353179
160.4096482255735 193.00603164576802
113.58194996533558 219.05708905269924
72.43301706154826 43.00083441338706
108.02363894480416 200.9286240847343
139.11212374484796 34.369306782110584
232.9653489120932 165.14693141802144
105.08307690349913 174.83715650616784
41.45736127481114 182.89629560581517
160.32145416172278 96.24345355491826
60.83012542918309 130.58601739920687
15.48806273846337 103.0557092470386
243.17221293141154 85.87450044795759
68.51827971406621 149.1478493505773
218.08788674263536 205.84027690747496
138.79930680084138 61.855198612868975
185.94198179073686 203.286157815621
92.15086502182093 200.54173609005056
93.94220399737446 11.012000951287682
244.1786974528377 59.778899905442465
135.40814051091488 74.47683371351555
227.55603226647025 105.3234635222296
156.02445491319435 138.9440657426804
73.42716044092187 28.557882230281383
226.29847213253652 186.5889045663095
197.2253510085185 163.51717731947303
199.8007234288542 155.09443998548977
141.08214488036757 139.50313238246386
185.83385591245312 118.52885536405283
174.45472380701597 221.12219629229932
55.59654073853443 90.45766794184598
4.264901125731274 206.68558795701566
29.712174175372947 221.1836884008756
13.39458359962592 134.39106822023757
9.845532859889566 85.03383984150992
14.080221611120407 40.75346585153111
85.52215084823168 148.76562615164212
166.1140933746714 217.04125601883354
203.8192054821092 176.56225694212955
85.84905264586179 108.27871267660986
153.49125162947968 98.36714362858784
220.33351250349983 47.17218968292025
173.96646336549438 23.968790792610438
242.70608343140808 161.26860969070626
34.75232885293342 212.2346136704179
125.19806787999438 128.98031322226637
194.91398591243964 29.21783898781402
122.90605787725606 169.32351532873892
157.42569635004176 57.85918740281104
116.8235573124747 135.19699838233143
120.32747661615073 37.84613652732119
236.18795100376028 11.748883969908114
200.57926943765256 161.509301230346
83.53255893133979 172.80611346464755
76.43520025219244 136.50297886134732
177.13176827771952 234.60014017803596
30.12619348607129 46.29934140647174
240.02551396068372 104.19491984205828
35.42567601350191 180.43386629100053
50.105688645808165 67.49478172214293
95.02548721845311 86.42606574574019
205.7136534126116 123.10178370009592
54.512855656217106 232.84046585951762
176.83405976378944 47.03415087458865
23.544968197017234 209.10030258136143
47.18468474225151 52.926733163984274
165.45353211404853 10.97997465978326
95.38820728194014 217.00151736871163
187.79479285958126 123.03576720139766
221.6085606980511 11.60924794535681
20.23437849299514 34.54490196807791
0.8926719583421394 24.803390304542816
185.56280877918348 204.89604308863477
27.274319067821683 209.85210088766507
224.5701750259948 168.1177721241105
234.143100387305 161.508104886238
178.45553958551605 161.0591315524608
132.5396136393335 235.32146950694562
219.792631304381 160.35309545229913
161.37456412756168 179.6054144189696
178.14525447640617 171.56956477284967
153.29828799427546 178.17922440444522
170.00342041339607 180.63993642961617
112.991385846474 164.47743359513942
223.33587826310432 231.31824025682613
8.128341004297713 77.37324557346261
106.23201380075619 101.52308620660008
128.93002346346378 182.02269524974
174.3861265726809 81.19656375294568
58.03709485671685 18.15542428199232
149.84297215367738 194.48414602054416
160.82824464207255 57.83272524081379
210.920785217087 42.19787528280089
62.24402155185943 209.41648849905957
132.14773514965475 43.548163747935185
149.45462880341398 110.56719233385162
66.15030762293009 185.12073657452154
177.92118024140674 201.96153245462037
39.03983445002229 11.140141554457388
41.42631173428915 37.543508365810524
207.26079482988865 19.53785360055041
188.91812267533942 74.74107224956892
23.423112415245225 10.837406207847454
122.16230719110666 202.38680582594716
214.608010121365 64.58120149903249
64.01395181316872 90.55944193117202
187.19850866435615 75.12540661781256
173.836827645555 119.2477576228925
215.77296016244307 107.59312644067975
147.0448384292523 222.13832009393462
154.8113148476879 16.769692891015346
39.045637626836495 92.89150193711787
71.80257268011803 92.8846335827456
113.37997817720901 21.491841136511177
37.74919782527711 21.59419522489975
198.18243755406604 219.00702839442033
226.37071518620792 209.90621327843576
222.65986607382462 177.35259571693555
184.2136207231248 146.07573588348774
165.3131889834859 166.4176923533286
23.884792408342708 146.8664773358765
149.5634034073295 225.55361743072265
195.26535199482967 241.2126594310207
70.81716541730931 132.8520691185935
143.8453902564723 17.004370681860447
94.5071771676212 206.9067714518795
80.2236165925691 148.2585065527436
88.01263384516089 39.462391796617254
166.07224125428726 173.86251608925116
77.06302663591394 185.76925629459274
201.3429218809057 39.99614846181654
63.19741383312122 29.13803030900336
28.58071734382589 32.35923003796739
37.81158470817317 112.4167452189151
38.5351904802674 75.17295142183549
35.57848924295984 171.80197957121274
149.69423744532057 11.760590172530366
49.799029373639556 219.81968858845747
9.901912469191753 34.37294436675367
59.217352869174874 106.21240149792474
216.46585193681955 125.43278388867812
116.71902832596575 244.05852457934967
84.47123412739788 103.28926545579256
225.65441498400202 198.3864570171198
247.3483429054462 237.96534522135704
86.45253951182994 182.44459635589521
172.11972618730266 171.67910934622725
139.91301300944087 127.96283352745999
87.38858552058242 85.53881386227641
59.604375820587336 235.08464046300855
36.433025789327196 101.51783088497537
54.8569703605325 119.28066525341305
59.70747040453725 77.74056597764778
52.020329395367796 121.01570793874794
64.5032303291737 20.386936758729853
141.36599879357354 134.6714155005807
103.77639947904618 184.386818872983
24.30754518916839 244.83419717873647
112.80960407471258 26.98366694805862
131.70065722171017 101.91620323270989
202.6709175576538 207.9941012204731
102.41909559376985 26.976415901964618
104.12666491005601 161.95630994711664
120.09628281118948 95.2640926830548
89.73296465378641 9.439817758211206
247.0766322768895 122.15812994647234
109.16355188081081 143.6682764164892
14.38900182396241 17.17565215815836
6.78409079008449 210.09045794040742
85.56500860624325 153.47614249387513
47.65826188846495 248.15426084860843
157.57282318528746 205.73380458909918
220.8264868367412 197.63020635279562
18.3612024755227 197.4895162176653
238.75432645673757 24.045856589033658
157.57726869323267 118.58476987655844
176.68917402453076 103.96324829401071
188.74696143221664 30.386579039601706
115.97817134274938 161.8721188909604
198.82170553863793 194.82855057432528
92.919592597092 94.12532102654761
122.21615689553789 69.73909615386678
1.8689071575073712 22.344130492451153
27.607663991690927 179.25309842539295
170.7022888751307 102.14637113780542
245.09696709358542 184.15440159837718
147.14879428689372 52.993651445513656
49.53066549579993 193.0685383161598
29.119945112919876 10.453982548222857
78.15261565009476 18.56704029418496
53.929219546876126 203.07375578554561
106.86744465343675 190.87669746046598
44.64857958221849 247.94106311596153
43.649551027079376 82.37397076734828
230.3560028161957 92.2503021056206
162.60648729465697 182.24792312698264
106.36379254767198 133.31376657004108
239.7714014107026 239.46467398626643
212.93196555642464 44.83563966709161
159.09085290874276 144.87317632925644
89.90103348622966 10.882279147385432
222.2492195042497 244.14073921230107
193.28206650913634 101.59471989787744
54.125441024588575 178.2170453530774
21.543429235761803 120.70644707203509
16.45295627214133 111.00050685997157
236.7386368355859 61.19586344545111
54.62590471430243 104.31893885930924
16.204735843702604 74.93966757352308
211.66793852663722 215.78048774806814
22.886115892182314 198.74583681546324
101.74110215330006 179.99581940876473
7.859501259372237 213.2178693775025
37.13219094800685 210.20532727655305
142.8648916227642 242.33569014180566
234.1584864696216 163.79369431512885
134.8427335932839 56.559647572090476
105.73143472990473 146.63297524460518
236.67603644963447 26.994223143665785
183.6574762581053 101.8287516215749
82.48343966386626 60.61165521706632
158.346737825161 33.328431816457865
11.174062340418594 2.8354360787724575
71.86605896393921 122.3498302300155
83.75188690974115 216.42918159752077
238.91766072259736 97.75953844766558
77.07359826625328 111.98859166115737
200.49695790433114 41.224458830844526
57.148908428692465 217.15184905399
62.85861212381741 88.26086002588308
131.06820085760108 93.12317554393317
33.7935117772058 147.27042608458257
26.35978856999044 21.166406125498945
247.3612413253184 187.7739179124
137.79686570794604 80.8224987357244
6.668584698018148 37.667435218641245
193.63838512858743 82.97748207810818
108.70523045187922 103.99684232018316
160.175324180586 132.53749316119087
88.3349073017964 199.37604475738146
211.48424542151696 224.94208676673676
41.68709812673088 49.84815662069175
167.90082401404933 244.3286632807211
116.32976348154925 163.62519131590597
187.82982988645807 41.59738411126784
207.83234633778397 224.62606563209025
135.2212199847551 196.2733176361279
234.67647171332092 170.79924956943918
163.9302089800789 5.7046344677968435
86.34564430589161 61.3585570127029
38.68707864439161 161.94515017154475
246.72364523621198 179.70699206828144
67.6535035589206 42.444388561976744
162.9671345946809 166.26893530607424
216.91678407910914 110.39108314741394
136.43608407917873 136.53691901589866
201.84072239559396 115.93600801002808
138.40134215924365 133.97881752187487
33.58302136398642 160.49525679624543
122.07044953121334 17.999868872135004
141.08371448860768 35.889572323971805
54.37011120840027 235.39016958630074
151.880002832955 134.0780743450866
38.854188360648024 180.26054554229498
51.17734243336258 38.066098962083544
90.93487521593724 180.3507622510615
95.09599381378553 34.05422409225131
134.69758128132904 136.3487740039472
106.74654563836894 208.3465732434945
138.30398549850136 104.26451985974164
115.37341286061348 220.58309342988323
224.13686183173922 211.32483717979665
132.80563055713148 160.25098744923517
212.77234502843862 141.56661978834458
21.103074973555707 32.656781185308404
44.6387175494376 153.4970753823149
146.9059175276146 43.17435334363745
114.76669589015542 6.457827653367055
41.080864721078 76.14730180053728
224.9758590231126 238.10310124424504
180.27993506639808 223.62489936692046
124.49266409993388 90.08276960279493
5.973270172563494 91.19057296318364
70.2136272029815 107.60876941815634
144.45193702175973 46.84793881254032
179.62776020000908 106.76916980423246
89.7242559916459 239.69232968998736
158.97723648542043 155.7193354945923
227.44000908751065 198.37252946283624
90.20627910499573 241.38669238956456
62.13725304200088 224.7370468025583
7.176612054828308 54.12139096817922
243.95942113844555 191.11158134755001
95.67205997809344 65.99524993449846
41.82017962851578 206.90667804445474
145.31419503470673 97.66020089115837
37.93165584678612 198.7802965585137
198.65892126917848 19.16616537593982
113.62157377513165 157.39788080203914
136.42338690853964 14.373923549031748
243.93215947549496 151.88755442336398
58.06198933595599 142.52942112458743
245.57508451492134 231.1151404041978
1.1607036051409503 116.01437238940443
185.38342745227246 121.04535899820628
148.86444530299602 65.39597184626564
99.37815759463248 81.53075869686054
234.26201526362314 112.56191885941088
204.6111861266976 187.5902671727678
163.75863585403877 0.45079611892906435
180.40191228710975 137.14160703974397
205.54894237637168 246.94324008159626
198.00708566599002 215.586822496026
26.038936776808463 131.52750691507498
165.7362952935495 155.92708484410338
102.30367728633082 175.52515176711657
193.6178294464368 100.11890164089701
75.91202074306227 61.56688290404802
38.77297054631859 163.73356427810347
125.37262024775339 82.64397580308788
149.47017856671505 109.42266686554908
222.16672571970767 46.68574423631397
191.2556571099753 191.44061695512815
226.46175554809065 237.37998359242064
40.971109986869564 236.59929072482103
211.09392663649197 234.53774787997372
46.241649229994216 62.374993264857515
154.3065114458907 81.8376453579269
120.91702598128116 124.66098546596446
116.97639199152626 162.73920779673622
117.59164165386527 94.13458618011566
141.11992047139645 239.57523528731215
12.069675912279449 112.81060279341595
56.91179582968125 37.90742508780337
23.631393925378248 64.87892289368952
194.76679406891023 59.08205670219368
160.64550958861415 55.83810584291396
209.36660601652986 172.43617828210353
1.566225487524081 35.001185017867336
27.054947867248824 220.29214174936007
216.01996113502855 148.06952420838343
100.45202679140685 161.71899481586763
245.62688472190828 240.71675794468862
58.22940103894561 75.28767248335622
125.21432939672472 24.076988802129218
246.19160224885488 137.57723836291632
104.95668823535942 127.86864905815342
224.35054367616175 9.16807020433627
203.4993433678116 80.41653652159528
114.05314057834318 16.47103552316853
213.54311101529152 73.01316502832128
149.86789007248626 128.0142837340728
125.94830398356314 178.9176724696654
201.0443467161676 90.66271375017007
4.693612351105159 40.99814987314962
87.07862584227055 145.661207647089
140.1075069060962 160.25687757339637
237.20645422795127 204.0312552648575
59.949512040649104 28.270846468229944
58.515750999602794 55.98211742501094
108.86290657029654 147.2710012914031
108.73766345400807 235.5762331325983
146.2546631096995 138.95378371194877
31.6608751236126 183.17589320501813
213.70904958762046 2.987555529390895
8.605033758537466 142.4325553966508
164.4479452067836 87.96740558108665
195.9223523680047 47.39899515518245
127.27525273985049 154.38411983817576
207.66515227467218 46.31997988550876
131.83591964175844 91.96492483456478
45.45918756820211 135.87363771137657
53.34232024775745 89.62142424946917
156.14919546246486 204.58588153606414
181.34459569262776 124.26192557338206
122.55617672285518 155.495612715736
14.364543951100567 131.97754467678476
149.4174100852169 81.5352729722984
47.100732505598906 140.93362111001574
28.32711538112262 118.94572846508608
138.7125534321321 137.94652071958012
91.20703459989684 236.0720378183845
200.9872338327283 119.27809743873799
107.23661493096381 249.2119061115499
151.99108110802018 86.58255757902747
198.4897299833479 28.90569390838027
157.62116164608253 208.84057839345422
111.81489108852655 55.63034709857006
144.36369782534746 101.54056672699332
149.44840476455568 138.9236279149819
194.49507062696992 198.5901080678732
197.4101005538434 68.2863011205993
115.93224242527792 229.36731551906837
163.21749120510623 178.88297518051667
211.048291479124 198.87842561893908
121.92756519355208 227.44562871936046
71.68650368076574 95.92990120110353
139.16261840063828 77.23787495746187
185.76148722162964 11.44232268876208
194.8112006067676 19.685840566452423
170.49259553700168 231.37081640164774
171.7964408271586 17.651948044534656
82.51973328804243 94.003663100058
105.09310490478404 153.50723644508918
64.32040256038319 233.8141355187316
57.84368309874216 45.518148919197614
119.66038517796746 39.96246587558794
77.01911460561165 18.034503331641417
58.02584376609202 202.18489760188996
219.71908963770858 88.90135086320042
71.28167732298587 85.7197566618437
120.29145305449195 9.56439778944096
54.72424109981009 222.89177172126995
237.39818681564154 114.10218937282434
234.85095484719022 21.333768609879122
175.02942842801937 17.46284665193515
209.42038425454416 174.29069655878163
24.242409277355076 81.14018540739296
161.66979579664888 31.431992344600367
154.0769937381553 176.85147288448852
229.349966105673 52.03596698232801
160.99582428395658 156.48174129783698
22.98448623643162 0.871004565695721
95.17601041721754 26.608332986486182
231.2712870926712 100.51431399020063
29.968093875110903 90.20050237449334
25.285899460909118 218.41646041664941
233.80754903719318 145.720076698039
113.36244902621392 143.35870991272026
227.12462585875195 238.50514992052427
61.49960959407269 220.3904631120419
36.444889075458924 189.39732214244003
132.8566548865644 112.5278524216071
148.68088131769963 12.322463006307322
140.84711863062046 191.47452322324924
162.61430077183815 38.540676920336246
86.15626064376508 205.06998571946284
53.65940975159833 89.94383287404665
80.81108428960182 166.66681502322282
212.39828877699102 106.33785638169552
197.58182019422398 67.39297407591171
234.47722114159635 77.10118817315633
67.22508527252738 243.25647776040438
15.911279628987558 30.769065984728506
99.2886958641197 186.4400535315421
213.4486717153247 116.81438476506786
142.47509763433726 152.67885513527787
24.111121204032248 228.0972985166432
230.72784051895462 79.75168066099076
140.38267161175435 194.14452508301554
246.95304924114578 81.78528498459603
61.657647492812245 199.26769208972163
212.0921344801309 92.92495605608472
121.0454840338881 28.587880551738778
6.080217185778586 149.78721684179717
237.05544749828974 90.01192817448498
192.71717554396093 49.6502575364727
51.38558291309683 160.16900414694987
233.80703282479544 144.0593738282991
48.360062014805166 76.90467090272196
95.14741921279635 12.430387140781873
26.20402542765693 163.32928489690144
42.74655427837151 242.20594027384286
244.13205532392624 107.3926501957879
93.16555516202929 166.71489760460767
74.21693292033827 82.46432021643787
212.03004367299008 214.99213192629975
140.55335475351123 182.17759108979394
140.79883026325584 160.61036984233164
232.4520910071101 61.714195855962636
71.39354733808484 192.30067840522224
71.65482754333804 27.046979487122176
123.49144598553552 25.796784460921124
82.90275727631641 19.62801620461041
5.820125400488624 233.3406668409362
177.93577594413597 226.20486590420853
196.58245445258044 157.4536843916238
6.721312359703912 231.84328637454868
56.8526711837038 44.59018814138091
211.7578259818727 23.280846746365906
131.1723456003794 32.61333867142688
89.6871987612152 248.9939686403715
239.00435733605983 172.1291112844591
145.94919752381762 100.77297139839445
8.708263469913325 232.0890913536905
138.82920754922642 102.08995430274295
75.89546094420716 79.34951199745865
109.65869313919852 32.8298441962141
199.99633674624974 33.64848873596713
205.39186469376267 123.14597802595253
177.12886912208728 145.6437367986414
205.04609039544778 13.767270731062542
223.28846436367832 102.31308687155236
75.09313534747925 47.30078631773524
23.73238594610555 220.07573520187935
34.55703601310997 186.8883888618996
183.1917822914764 220.0447436272893
110.81661359285138 160.56892759899213
25.59317015210036 50.05124369293398
125.46855493815676 171.76115812239556
126.09253727815495 180.1047160448001
29.365344775914792 12.150007239945527
136.7000808164112 191.94120772562997
125.29916181381131 124.06140713347891
139.54464728074683 150.3185688039284
163.71032797794956 159.34343045859288
62.574641758492724 16.566813981014118
60.36150404755738 127.30529868553784
47.649575637400524 39.50190791878214
141.15131857195695 76.20840448325883
211.01722580646606 9.248477348859558
229.41328627951876 167.79590718870568
193.18918813944146 118.83561843963575
53.5879262491975 177.4194313558202
40.66583042442859 6.916095228164332
98.50196764155805 53.11214756355476
27.545884867997668 183.407355005553
56.23298926823511 210.3749244292818
0.8832789287663845 39.84903528928463
221.36591524134863 21.2225344911674
194.9337860259819 96.64346489907982
45.62761406568738 154.09474977733777
104.37154991038766 179.90259225039338
148.26779059580255 229.08554322010764
167.09838963684257 220.61016811873253
208.9086729215487 109.21697951695106
26.288863533522 47.31152836195756
11.881445216054582 186.65898394588956
94.00538681215099 183.32243631406303
69.7535591728396 225.34227610084574
12.110484157502349 219.20985758016207
84.34415748598961 110.78128391392598
135.32561711709394 76.39168219630649
246.29385936892567 230.27615053522874
89.80485527263282 102.66708343019421
222.52109841259275 227.06006213962218
202.37654968674363 61.53752011274508
231.99944215372017 246.00215362328532
62.57377487673979 10.308384278413824
235.3374527886895 167.51223343971503
21.334604334824952 33.68115036998795
179.38008902902232 141.7803401858528
58.76378768086918 164.9581516698659
52.68897656154719 162.15957869618921
214.69864850798595 31.99476156950165
200.7944859166579 248.54224393154203
50.760455291997324 183.03096585723017
86.7064449908919 119.88109313720419
232.95684885472636 15.43694868572129
6.023949597519978 43.75780209994778
79.327879164008 98.53552743232547
97.5045469046952 140.27645073420186
114.2056193024778 195.38814596808277
115.56464349588747 96.73432829170598
55.34256746992994 246.28629888539717
145.8223652220885 9.943391094208692
165.72611876464038 239.66884713340642
42.80830421622747 205.95804353977897
7.761090834645545 149.77458032707165
52.98617284052565 175.94761865617278
194.9875989827858 118.92529550083414
16.982398773282558 116.20997891275816
188.15261406251184 94.66708012500122
136.78607476073444 191.3386642479
210.5598606223015 232.9298266805115
166.19649088455185 54.41572460898797
21.510633965717506 246.33232754478843
140.94089778060538 197.23958730544317
208.7144202125834 210.14612762512573
217.898050765364 48.7365725725481
226.00248988379045 119.21401244050136
28.8625427088533 217.8899232570332
213.31967896048778 224.7589557438303
232.19575048531425 179.87106829844245
180.63797709304316 55.603921829086325
39.09864219458556 210.45726160331688
192.42562766889685 233.33131175461534
121.45972433482743 200.3621069096561
8.535115630740526 5.6720876346124935
98.86302287574745 103.56560035034073
29.523977043731858 44.183354826580675
68.69104611495133 159.40837946289113
36.97887055920726 233.05424347539113
55.68281500305114 90.20599786837255
247.23596182300585 37.496825652164944
22.069171290655888 220.0039361617609
105.73981110941091 80.59659489243906
64.18080337457874 199.46269132400238
27.253613458042338 39.132079950300216
70.51159755190669 106.15485275813083
76.5673336842696 72.41206345074391
194.91131285299977 106.35272253331587
13.86806732514581 27.91875710118902
206.78101994811965 118.64413969670574
123.27821151761579 78.59066068112902
82.90844516698736 19.523166101382493
154.42718593399016 184.61718830132756
116.51417894005186 165.8785397403932
214.99736468179506 110.22039043417043
85.85477873266557 193.85899843535458
129.37667486579502 195.06122633023878
215.57052967496833 154.10289842706166
126.06277997619159 36.20311651072977
180.66005814899083 23.267233791799597
120.45704755962284 189.90715121427266
83.15492479863576 200.60327562733494
97.90225816344075 21.6871661594151
212.11359506500628 189.2103559982167
91.39617963926034 95.03735622576828
207.78400898678137 79.61867133239056
131.38052915410256 11.454032289719224
81.39973276098722 13.111782964546931
63.59962704483979 61.38463327725502
180.68907248331044 190.91823459048217
220.2276044367182 11.895324108414318
112.13170885349666 104.88635268242253
43.01981009202113 247.5838570112866
237.48372248262407 185.5409774100295
209.54028501617273 26.37486295997779
178.44878737365374 39.30430138759683
189.3156690630774 119.21467405551748
223.94604144209546 215.14663452089425
84.38866815012219 121.13808921746094
170.84576765733047 147.39546821439222
137.1489738669623 171.65312656663681
18.97321735418292 75.21226614704699
60.60966215946548 160.45807126014725
67.770072779504 91.17406530587898
191.1452068658111 23.56358378943532
188.63440520141387 210.26810966848907
194.92780253158543 236.6497925911661
97.06983192010388 56.632875661601915
49.4268158179394 111.43363105153661
94.39991023626526 24.564236398950502
196.98333509564316 55.91907041200636
234.4049622788198 72.91012540278993
218.60134303640453 179.1441480193811
18.9398785668774 213.87093506874035
141.50320128067486 237.77311017235454
196.50391109295097 95.6883213985349
102.68307965322434 202.83032779965018
206.92978942406506 60.51390852611496
27.91767719577118 19.650841390749296
183.90329863643302 50.46669896720421
87.46444732794248 63.71006817809424
15.756668807243884 115.29269010895402
110.24883646245145 217.2556716137676
122.14541247886471 208.44474800562924
95.09241702439108 245.2759018641487
153.8774629855176 117.97677807311658
143.78928314973868 95.81493312341661
153.14967459437725 157.11112227573966
218.2213558909352 0.9053861852714173
22.975764705865597 72.23134339808018
12.720594542776631 43.67298298840083
177.12400248310936 109.75507591966493
159.21622757385197 73.95944435911223
173.74966167519264 211.38534686484496
86.97997691530038 86.09949118878838
242.42344083396176 212.91884615300847
51.89657156283323 243.46330097976008
121.45752892842582 122.34718695894536
211.27088003472352 162.35477663855852
138.58534610980482 73.33847367787483
160.09225040302212 194.85673032812952
19.20986856221296 111.85027805576425
50.979594441842856 106.86368465015033
110.40212933495872 194.27135289088426
231.0244568057798 15.58314380268841
208.72091961671296 142.83640976785236
157.70159943633521 52.80432126777879
63.56252729116205 186.03128634455743
216.95595127799345 60.528611281742194
163.43076489220064 73.43442163823624
95.56327794399202 179.26161682132692
194.45635985178913 152.9110913129344
231.28145631900398 104.99941634065763
237.7931781464303 219.1071243884146
139.30468175751957 53.830925157417774
25.228016531876897 234.13059833477584
168.1535446522017 24.832190338772403
107.47844722642711 205.42484250661963
189.28789642923195 234.16767313055064
65.60670906242966 6.385370408284796
129.54580842664691 186.8734898986226
228.7805521920554 140.10838673601478
95.5050446064409 47.62122546856881
109.84487507595708 41.79911755933025
175.42709220568193 151.1023497250989
16.225613486170744 110.52198102563304
16.207115168164087 10.637992486666331
209.6906281901932 79.36851118270036
12.327715264151411 222.60069766892644
246.34151663231722 111.97333154912445
203.60662753474958 153.5529816440085
135.37704941076856 224.19891540625648
59.780433490824905 196.27876699968533
34.33908052247006 61.203025609318644
48.8588028546208 64.5275038668732
144.68889707815148 62.63843247834824
94.83584630788616 141.851626021848
128.2059974499451 39.422450881536314
142.57508069820074 4.765537004205927
200.5223151125137 103.69539694667392
21.7519858026394 162.24495514298738
248.87280675687816 176.89118921317456
166.1545467302685 65.59362306428959
150.63093177484075 84.231338719639
151.72005118338402 203.08834520661284
11.237610950908723 202.24813444941293
165.00030651422816 94.85623145609794
24.499987638226195 74.7897748336194
166.15012442274752 57.58813085897888
171.32197907164604 221.80766790041002
160.0870006022438 125.85226299903331
91.5512629928109 33.53035557435435
231.62122341856886 195.86381034151842
185.08801359894917 197.39848947400318
219.72547154249673 104.97828697279945
211.09445874274354 125.30746136103856
76.70917204192895 139.42903490959404
210.28213001945602 228.92658641108557
240.72038509396916 47.34611142571596
119.04259119295236 162.7929646325368
220.5186864794159 17.405531681332853
195.70950311700236 24.95449073487524
15.416412867936769 70.30953923390706
36.75913438874995 137.12945451212633
8.265997724609814 187.22934358858836
80.29319843514892 198.68747586449865
22.641130590258296 8.566737102732702
67.14361151415771 42.90973467165243
170.461162026607 224.71148521566226
87.94531238847222 25.429428870721193
96.32772723836518 16.829746372103134
174.1070502215763 112.25477198032283
92.89647155850838 90.81491487929513
64.13140646736237 207.59302129559222
169.17861545907823 203.86099833162515
220.40631866344316 239.61686448026634
172.34983872566755 105.85590158531072
48.20118475737711 69.54641082683108
100.7644146965675 229.0452564038829
238.40214441585616 241.15318610369206
3.365751162914793 162.03668578433846
107.69337931614048 212.30447927966392
233.01191964368272 194.00717692084447
131.6208648473666 178.57912506277557
181.94457720808586 169.11701009801206
129.22343989656957 201.47994186038363
249.83191614665114 118.24548069800791
166.24266024055098 2.294383894903551
103.41756717364187 117.52643703956741
150.29831797425754 10.040016847753686
185.19772657075563 64.3766598530017
196.3968579480397 153.30655327099043
48.72606582659406 22.24604775970948
97.01114720732926 190.8142963619493
127.19392934322276 40.34154810590101
18.306134481218123 8.740348943812565
108.47250880936326 135.10199353782926
9.99532731671618 105.12579618617846
219.16460144228242 6.247472271883686
177.88956635551278 246.85122018719053
144.27140371739603 163.18566781348179
223.21498188230728 206.4811229288909
45.430547382051685 103.1641538810647
54.093017162440056 79.67149341440887
53.80172696419669 135.68536855299737
90.34176954144682 85.87877405819683
218.40203038706522 53.7971295732953
187.5311596759279 219.021068580892
198.97231391395985 117.60121561239681
133.36844574807103 186.0720917519214
113.4901652172485 156.23693839367638
19.170117488078898 143.85981140722686
142.55809177037133 41.47160311008663
206.7163521715326 47.884820292939196
79.15937754185894 141.2273936642152
201.28421756950584 2.3852884217119286
218.00632464796595 17.463814332044358
154.87257918777152 225.2855543454116
52.464363171046855 185.27974277756113
114.75786174504415 27.24381638600537
112.28478009310084 164.49916397495466
236.09038617000547 177.54669022193522
19.3487311398729 215.01170789959443
18.44024071313255 40.182420686391715
109.53617690969882 217.85820476366416
121.52079707884147 158.04311770305426
129.10961155921717 70.89408353165477
53.48464060122421 2.9325346728930333
227.08741135557793 3.764527053441408
161.29975560293528 226.85768723292384
105.33889207628266 136.64886507502524
15.954203440687293 61.178004690708775
245.40340929713167 132.54165154859174
37.119025543040976 127.89567765489437
52.08814941884571 60.99288143240622
232.1544533429235 137.7130298246165
148.07010532093193 99.78769360287212
94.10599677254835 11.167947380795573
142.83254186749392 128.3472767212131
56.21567743897016 228.1999960324601
54.069469989720425 28.722138286870035
246.43344931655582 26.116915806008777
240.18782618710068 62.56915619901035
168.24306427098443 107.10532733356318
110.19085857536406 86.75103810937392
2.1348180301861417 99.58176332182516
71.80670143166978 87.8664275257974
142.65099596373005 224.76469572330683
232.64949385922188 91.87770669970894
78.16734982955498 31.670215801446272
226.07578574611284 1.4179906062103953
7.186381605013892 230.3209618950272
166.95955601200893 110.98165953030758
212.12694723342977 34.89197137843275
27.50304683358637 245.81242422051633
81.69593344066541 211.8734512419896
149.16805189346957 197.89033005234216
147.089567735755 230.993188416956
221.50274389134816 142.4368398741123
119.47176422307962 211.05843554092002
13.120294820445883 61.20490750832394
161.48092118808893 182.75789610741484
103.24628819225003 168.53026768162502
159.99531499082602 243.42644296512432
104.86105158616529 18.30282090206381
235.9161561102634 210.45069839213605
196.31092676863955 232.22015637852493
200.3857484749907 147.29060201498936
10.300416522540962 71.61027499803916
237.75775068950233 227.75248899474053
54.998684967314496 158.95256400680978
245.59621692668875 44.40594180163285
102.00580651140973 143.4065664024727
54.44127490541298 5.679928563829762
13.73360468340923 216.35446581482682
8.47197932703947 144.12951384144782
121.38220845048852 1.3172515712794042
39.86723342036694 228.92768403551875
227.2961873927326 185.20135886307457
198.77944627379068 44.35495780567392
126.86624767946859 63.266697494665294
97.4853505703843 30.94391299987642
184.74069836752278 63.23840201997072
147.60170393908095 82.63957885791473
138.69865946903232 229.2284187274802
133.15966344983494 189.0709743380775
189.75233622366625 208.53217157497014
81.44078365663432 166.71275001876387
40.44306949937612 79.53062444378448
80.72721590499174 25.32191959917704
50.56736399630679 0.3674307680289757
235.10493804871376 9.511405037546854
239.57030941825744 47.95922429217106
190.07413356556089 101.59894031662608
118.42499431726947 146.0349033368919
173.6296513157588 80.11272223607146
30.749232547410106 169.68038769762046
16.82181762302998 210.67491926640201
22.680143104632677 85.03668296003426
231.71478950132928 89.21437756781853
138.4084460932638 175.4120835679987
174.92208775441742 27.78002259171114
245.2213016265134 143.25572357656887
213.0435869002469 222.72027797518368
185.29338317777237 39.51829390544626
125.60959210589354 151.49119713759657
36.90254119208164 29.65265431792649
114.09307415527358 5.984931238851909
168.46902007436384 110.40952074752595
73.79232607861181 9.102151609282544
85.58392276985543 35.93660933180612
226.23933652346767 49.6993059703823
46.295802315307554 110.3593358269785
155.78326840235124 125.61001031233782
43.508803616782025 235.82760242618238
75.23870613030171 65.88553466929609
132.71959896574793 185.45757720606215
46.16085580432369 12.051753103968721
104.80272929182574 173.46043820817516
212.78935280661324 158.60114506036973
136.8926562601119 148.17533068876983
53.740610376480895 78.62745649962777
151.9927213736432 228.63965315468565
116.7622231503287 8.008392540115539
240.73655975574715 129.3884854631605
93.35381938706719 193.89172561889868
156.2645886691119 83.77799679816317
82.58855422533784 45.40376300757801
240.6184437650373 93.95443862012712
160.37523271938846 177.71178539371977
125.97767157891346 5.004329025504461
43.31016114544517 162.4340848677875
219.17201852942472 43.171865533522954
177.38340113718414 161.63858878468182
34.156323086803056 21.16586517340091
87.35222656797615 44.421543027274495
23.352956069682907 182.97910190760211
188.60192754785714 191.24875004003087
45.04912878667672 119.66863754907409
105.2984879020667 196.54905266087357
99.33113575555436 1.9509453143516098
188.0274335734832 39.843084658530785
186.0608227839408 173.23674615289045
152.34772206790404 242.22400797800748
65.99488604031475 31.90737271257893
210.74996337995816 187.76911683266042
71.46546337358683 77.25127803199544
74.42856379844476 72.91930709730099
96.91971939814512 107.20184337891345
135.99887689452842 40.92941070708597
115.7142663601425 90.71098006882566
35.27144276210959 29.19186802491086
223.59774155860825 126.67357787704987
167.61693032291367 217.11122866621605
125.65359479708721 64.90520782029405
87.46071672454883 21.862425674212123
186.8262071861634 33.48316807380561
185.9223342684254 229.7027543651846
87.40415356746489 16.382697935729773
1.412507392295037 70.97100038815218
69.06902012705432 80.22159391451189
132.01133361172583 47.28548713803685
102.68798330326828 115.59266230405373
176.09590516192486 132.7948443854198
97.85063799685153 47.504063135985845
64.32864771838864 44.259417031867834
164.37541597759108 221.22915693312441

112.84497024927889 210.33814271915247
25.4414690995749 245.50552723888947
181.81218660395064 165.79134457364023
111.44482501748429 37.38244679415506
0.2287908022272911 131.6050895142645
214.88137531971753 162.8985207696503
179.49225304048437 158.53905548194666
85.50848212461673 139.06450724738315
128.1473963534388 126.16394299530693
219.8503855065996 196.6132994357976
71.01095968483251 228.26265234888302
77.76032623103782 243.9815254181067
181.14090980331986 228.20017828817362
234.76001363575784 106.24110870879275
62.709636824562516 60.24201017677341
99.66696990948928 182.20237293832395
225.40440075780242 91.11845423516094
96.40668703871522 46.53319697396535
195.21619823719263 195.20123732718122
124.62819333903278 15.996123848234955
183.63501000258597 190.54004570840632
36.78060668401834 123.69212289348411
30.65014305086544 141.36561249273998
55.87162767195847 150.89472136049773
125.66809452757805 115.62374364855799
237.3806412513684 32.621451166693376
168.16915260030393 214.29620426086413
200.88983739010052 173.80862891569006
172.54036030951704 134.93314420179357
90.26053776008972 11.692110678839407
83.80297772909287 147.1244624220598
5.729372382870274 186.2078072752082
198.217531775103 5.649700526105278
142.94661302260405 43.026816576185404
93.66817465865412 171.38833566349805
195.7070394286609 34.35087262328474
22.25798706145707 224.12389839822728
63.613108058458266 218.71589627247653
200.0116933508215 169.20636642899916
61.9193711501789 90.8738798679646
202.96535076584945 236.3154616811946
232.09062535873878 138.71647260303664
68.54211392585357 37.55827827599781
45.86290311355135 101.72595128276247
195.04754550622437 148.76268505550445
130.84966132749102 71.00816024786502
206.90255781513292 11.345531042244088
187.6142235677551 227.1279931275494
191.17863128262906 138.58566742036146
20.35225246492825 141.7977034982562
210.62431625877093 103.33054886810424
84.44384182539075 122.70771093762214
161.77777180925722 190.42037770417983
152.9052777400302 35.021297826771324
41.329460914411 153.31434484667992
170.65420500465962 46.3975701411084
62.44062697008995 173.92712556321496
164.55562942144002 221.98794355197987
202.6183929727624 185.52758002755363
28.64160000871277 205.133706392871
98.02693612220267 72.53152955374165
103.8023555084306 111.4155746214377
233.499753283295 67.53239305314726
145.1657946892249 97.877237386149
130.0083762836493 72.97006714786473
0.0048320865013162795 131.38623681013758
98.41958774931709 225.11626687283777
115.71887148220586 216.44607582414145
172.34800103351006 68.13264020927365
8.00044341245057 12.182170568325295
87.67820267540635 189.67657717145406
125.01075627065828 143.421956443958
87.69949748398423 211.73511008273994
196.6898600034182 142.26596371606803
203.3467182722664 167.21485304249674
228.64570810125528 228.95438122067853
66.06474157282918 143.8030050900975
216.74490867336496 31.91311539372385
66.62751754162744 61.82174463886872
76.51975960233992 248.86097440536972
102.10433916364667 143.95979439717658
237.92186121508013 129.67266678187602
227.66212795029566 211.6400560356877
84.70373733721118 210.24516025739413
196.93543070479024 96.88650247258087
225.35489101254254 77.01451134355294
114.77241552192416 160.80704791127155
166.90111684594152 240.590587059339
119.4300145397589 148.07610104886174
208.49419727456373 31.971437016686338
79.19579778597355 6.337498087168131
60.93664671056415 22.840609398332184
114.60565286510324 162.7359537816018
206.4305829757277 83.4915911061794
162.8255306904857 192.82417072033326
112.36231961556255 222.43829839766417
69.03338362355233 49.51950507436836
112.03236300871022 197.79299523399578
132.79829419555315 33.17828932214601
235.61827264378755 160.7389859596261
106.41163513650461 175.2249669760463
41.25895003991703 184.6596810394373
157.10755101932435 103.41928974532746
60.21890080263154 125.62983090519381
23.189049516721127 102.44417697984873
244.63918105228595 86.15363336665133
65.33515960968487 152.0380277638215
225.5472324738909 205.15937847493495
141.94163216969818 54.667241220429375
182.25489465211754 206.4664260996062
99.71730488333155 203.6506904462241
98.5316996084063 17.260446760067744
245.2839876227477 56.28257621306318
132.10096457814274 73.35253204708306
230.35127222974984 111.81736751322497
152.0673299891464 138.3501578018798
77.37650423189548 34.644376967722295
226.29693207431015 186.181168960414
202.1782589607062 168.99131251830252
198.77790140522458 152.3058018247493
139.7418270696512 143.78893133193432
188.15103354038015 119.13464261207207
173.62926467714198 214.249514826407
51.552852623640675 83.9155569402118
6.3937444805412245 202.10662325066613
33.21262924646953 216.32110027427666
17.329029316847905 129.05150629989393
17.31303854197941 88.80830998649766
18.34499816801158 41.61178982886379
88.68175993478897 156.47666778463716
169.90871349989214 222.28165646547313
204.4469151292245 174.8870738129791
81.85176908869435 109.71624588909448
153.11178210939462 93.98197571682343
222.7301988505382 47.9914815466185
175.99686879033186 19.019676373429164
246.5871313123277 166.78146914078496
32.09441171101701 207.42792725153006
128.14492295713106 133.299166789889
192.15727781690592 30.79545225699734
115.80110624480494 165.69403561884832
160.94375737261967 59.424423952299385
110.64388936605904 140.69743135891042
113.62788850415184 37.47024008074151
232.45002932721076 16.44254097872541
201.43017683948472 156.15019395369228
85.11864714040706 175.21180042791582
71.55484048522374 134.7956535680179
181.0557825168691 235.91974960174042
30.015980428369783 51.94670413228919
241.46859163147312 103.41912788710158
35.39200737552495 182.1201897204652
48.97013293273497 74.1720428541997
88.37702754107494 91.04923465475565
203.2460427412189 128.73435135568727
52.55974274489297 234.97275638841157
174.29736848079708 45.57692208271399
16.582557912675238 204.64254122126553
46.9568255455324 50.034581104251544
160.6799822401899 16.029584863216538
89.62325387842901 210.95402574033483
190.6027782274317 122.362719972285
221.07795201658922 4.128079417040159
21.371109982790625 40.8592866576897
1.6181615769871593 21.17701954425444
192.8464080509836 204.80163910408578
24.48380333501565 217.4607474527277
232.1323304581212 170.7152618942764
236.02413840334916 160.75582510110078
172.32332110219087 162.12400086079145
133.07292692525985 233.2233157525758
212.6961441084555 158.11102272542453
162.5831289443274 173.54217369314136
181.26698575685117 167.6992320697431
151.2963595086255 171.2508229351646
164.88447932667833 176.87386863437882
116.01011589431562 163.16368697088475
216.44063582490136 235.28951244876802
12.741510187334354 82.90079383268159
102.53796941572249 106.58819055627313
130.52960169251924 185.33389940236086
179.7546529069279 78.3400551290589
56.398230113017284 25.574790915790484
148.15355731311215 190.9938947072323
157.42740151400605 51.192967025923075
209.54144279666545 47.83940307470311
60.24357810351286 208.51430950909418
135.5358363374804 42.57100677888137
153.15496071215892 112.47051121940818
66.66159244061384 182.70128002849935
184.3158232044107 201.3693115464983
40.11084447050647 13.782610015691226
35.77295667695776 43.72360321801316
207.99311167297765 11.556717198139054
188.89913729820404 79.78354869877691
24.723039490133324 9.977303920333942
127.88434048974331 202.60710653666496
214.24718153749515 72.78521994754605
56.007323898813524 89.48505269080037
186.0458232786175 77.00688937583647
173.08931256781517 113.22438393151951
213.573778275635 105.39829674687392
144.7765153288508 214.90330171180125
151.36540644338857 24.399099867727926
36.26030762759832 93.6145041052723
74.07824155258594 92.05908991830228
114.3012074457879 17.855812117813258
45.53618616240141 21.575867559693013
205.72806242078417 219.18547885518515
221.99892445594188 214.51500618275483
223.36000054983927 182.70454217247814
182.44980295093706 150.78237206210073
160.53343642007454 169.92953777966912
30.317974744083404 142.73729613870998
154.84672279674214 224.54437389129072
195.11565649490396 233.54586515556278
70.71460046334863 132.4073957901576
139.49159874692805 22.505820372562713
90.57697549344252 200.37602893129846
88.32690862614342 147.33623288643633
95.11388495988562 42.49130695815781
170.24957838764925 169.1876704763153
74.23681148358432 184.39570900221656
203.83278387201958 35.01657317741835
60.38150151564281 31.689629800158297
31.404514651716898 39.05409398673487
43.4205439929009 112.68411183018567
35.78838729414491 71.58510898657549
29.850632839055173 168.63745526618436
145.99582887443012 4.8199712150657215
48.1684820794544 216.26419207850788
13.650562290171392 36.25215457501074
54.12088672464799 109.88445254813789
212.27285359210538 127.0227770716823
117.75778071954751 239.64282520971466
87.8889207590847 99.06995516538889
228.28440269121825 202.98769782384974
246.91739775681708 236.0306054914396
81.32531099122423 186.7695444729876
164.4340524101307 168.56781242094073
140.64305330565634 124.27266645720425
89.96015701598833 87.88266630331401
62.04949793028614 232.1793159562492
44.51056867171316 99.25848281550303
56.8509262729339 126.12308442874864
63.54290638752186 76.73939573319
50.61268564899632 124.99664199439172
67.36124696065757 12.972392881475226
138.58462910039665 127.28459481928672
96.46763816074072 183.4237468383291
29.040236805460555 241.49676237251916
106.24455934301972 26.818627062750593
129.46760928074974 109.33741726119287
206.23166877230037 208.68790685554228
99.25545792862131 22.91113451124985
98.7013646747611 159.64913050285753
127.40634394793607 91.67938732204162
92.81190926423203 2.122101885318056
242.81968871846803 118.63994161524441
107.07043930496677 139.0367256591075
9.937878393878135 16.909574766234726
10.908481641064089 206.7706896413889
81.07617527290587 153.89349925501372
49.86977855648764 246.35446992013283
162.93524038968246 202.37950029405314
222.31303163163054 193.6271021159989
21.283385411052624 198.6877453236247
236.00563107854802 27.21035598897406
161.655685111697 119.98998586236029
182.52541779003207 108.76353741949188
189.78863707805465 24.01115194685327
118.51407953059382 154.09199264696247
197.47511837317757 188.15943958133386
94.51087386535053 97.94742825077219
125.02422594545048 66.8971538887328
3.7658868072431293 25.047231097921813
26.453398047277478 176.30428837124106
172.86707731261419 102.49986501559194
241.63996716362567 187.72859438109595
145.98297247242482 45.724171975183054
53.230325744492966 186.22686146072962
28.18045698920707 18.128207655853824
86.40597251957693 20.234308011667785
50.1432508800341 208.45574361722882
106.33788457788197 194.59898134016098
49.80258711138469 248.84601721663498
44.380321856311326 87.15804671120317
230.7962294169729 95.3984871479128
161.660286631064 184.51951992203442
105.55662322338364 126.93442051774589
236.99145169597452 245.0486504854134
217.23020014265774 40.77601976309503
162.72879964632673 143.48802640257338
87.9407610431843 13.745775274692672
227.26728257405878 249.7552896284089
191.91588051995126 104.08144498744603
52.292888580238504 176.4474440486059
23.795734481517478 123.04766666553854
13.639504217506925 116.47314160071059
237.57966587797804 55.86941461263847
61.69733265286567 104.92697662461525
19.676645780855957 70.61055838228661
204.71943113783206 216.21766029844443
21.634024312345375 195.39587979543617
97.48160893554328 178.05827779647353
9.902807421003107 216.24733491467492
34.324193929478355 207.81171577662596
148.4542278632765 241.49011528863207
233.58350916191796 171.75606621078026
127.55761131142413 58.79907791561759
99.01433831490361 142.85068898268173
241.62722756701925 33.49239438478008
191.24973195421381 100.50949918542354
81.86560523940292 63.971813516532805
152.8814263249502 34.884736082188674
8.595058253114573 2.7190807444555376
77.67225572013822 125.38829133649956
90.93124930900868 220.2989408001427
240.7783170739003 101.67704668855451
78.03583840769693 115.64284518439491
204.74344438798593 36.956331778467465
60.33479042974613 215.07360995055936
57.84565087484928 92.64201683099432
136.3874032801921 98.65284899523787
32.735226569203135 151.7656902159504
31.221063746015716 14.970054708281111
241.63361454705083 184.55354743439415
131.11557283319476 85.26311413553874
8.472985726992983 35.1328246231179
190.00029869592493 81.13873670057495
112.16760012187268 97.4109206164471
164.64017161551283 138.185822610355
94.09898364099072 195.64273692707565
211.06309905567855 230.76734815143317
47.32693807497101 53.166732620154036
167.05487470204082 249.67047429942733
113.59571805594076 161.82788540720088
187.4902815636957 38.57394286855395
213.1401257363567 220.7905717660037
137.9894224437367 193.56482429898344
226.8993803397997 167.4301150728177
168.2166018626931 6.210226876968012
91.11061648222046 56.83871850181754
30.27127831920609 162.0290367831771
239.96842930508106 183.51030161231716
71.42075302697542 44.36506683869496
159.42398739655357 166.43961263783166
217.47520648984863 110.46191715806155
132.0644336244503 137.83148837771077
207.27876965192468 112.5124408589757
137.8670930675353 127.40684277514706
39.97851201902339 165.39342188883472
125.14749384350057 20.303492046992748
146.9353045870955 37.620571066501654
59.683445494235485 241.7723926909944
151.84792359367316 131.18861337353036
36.33632313503302 182.03975408589156
55.638574039548025 38.58339798710777
92.66356118139198 180.2486460409041
95.54600844671148 27.06943319578273
130.28794084214456 131.8379691840785
113.1317467940835 205.34959694684812
141.09754135546038 107.66022789600069
117.83069357310814 224.05767775962198
218.91390158022466 214.2809498823476
134.91276117303312 152.73890973549626
205.58004768174635 138.65540031883415
19.397043780429694 39.96241668733974
43.71293492256045 150.51665330575685
152.003054508061 44.40358196850086
109.13967104064793 12.255204330521268
38.00935075098391 68.38380171667572
230.0983443787695 238.03794680324168
182.23408617826402 225.5453404706321
120.0056770124332 83.61969260845738
2.4321265505400924 90.21864642146681
69.17591105149515 111.46054573848733
144.06716296181887 46.62548388985946
171.36647531428466 107.12611520845658
88.09423247332967 237.75698818931815
154.39574763063013 162.06655653538286
223.21279472896086 194.50176180555093
92.28204841801252 242.00970901326372
53.739692110907455 224.07408767935468
10.643721917301285 50.474187087023864
240.49190889242487 196.9971217515743
99.812888404682 70.75155529795727
41.48667027528266 204.73132753201602
147.50918893909997 93.42251113474876
42.45288560688884 202.1715448445467
200.06264151445993 21.542021658288114
113.6167131452511 156.08876237474118
140.32844447787843 16.48024408885529
248.77122722539437 153.34750088983003
59.68933167128909 138.04467783580458
247.96288423584477 233.0165609343434
2.038283613849279 110.85376367503491
191.33812159288436 121.07232068211779
152.537482484355 69.58417569443837
97.1283422829079 76.6039635526175
237.77588906101647 118.12754079490287
202.50686242091723 186.0666919839951
170.49822530854982 4.487113661498926
173.69713472905832 133.84759404663313
206.56083638938748 248.1417108245422
199.2010669711473 209.793577895003
22.206800809315308 126.96231992264478
163.13751940058205 151.08793020450582
105.42256578485804 176.2043315923136
195.15296276062713 107.31211530471033
81.22642282955725 67.00184635477946
42.6821325774191 160.92506006967383
125.80621811272883 86.749569024185
156.40826340123903 109.10515343286816
220.58915851569694 47.83509704847866
189.96995837003908 185.95148675119964
230.1175074443371 231.44023433856253
46.30526906694063 232.51691718986802
207.0283640567832 241.94554363795572
43.901308445257555 66.05676741637126
150.0096730197277 85.40805896957835
120.28294721302902 118.98182994203715
114.98831599613385 156.50253706718027
122.19013584733354 98.7312790808182
144.00843552103674 237.15586828851335
14.696156931288563 110.77057065795498
56.03567381290889 41.727200900903924
27.314478417785253 59.58274637530842
190.36824443799813 61.31159072575307
169.0610831892595 55.373036536199045
202.93191361672925 173.1077910115955
2.4280703507734147 32.07706112082348
28.89663365092604 220.06478018118722
210.9487025591175 143.50250373081255
103.70755270032325 155.75250491938596
240.0308442952572 243.67596125415287
64.68607439817178 70.78484858651748
128.13450845938087 20.631779060444472
246.34830435518393 143.91030237325606
103.10606174044351 131.84210535228914
230.1556024503525 11.958997288105843
199.84686096648483 87.07292212554576
114.16657565793511 22.67339656998149
214.460959898603 64.60229607519672
150.4938840246799 120.66554362323956
125.00738518752932 180.58029610433775
207.16392894952423 92.03592695401747
1.8053214737497048 37.08947638326349
79.19295795836673 145.18604946918435
140.65899079420817 163.82055085542535
242.79703205796923 203.53781869945408
61.062930425159564 22.619408503189387
56.6207047206716 50.72972506359477
111.4517301203469 150.3684695401393
100.72468310482299 238.00953081085942
148.10095233848185 139.41686318154126
26.936289281017157 177.22412344510795
221.57926006264185 5.3361506295364345
11.713198483088494 143.94580792041978
163.31493409086022 81.10029060252705
188.8059928130456 46.32091927559331
120.12958203829605 151.122250618071
211.57562207140523 49.054193871118564
131.3227360834697 89.07782364915137
42.678363540619685 136.51690202366512
54.52824881046045 81.59079166735091
162.77651459737618 201.10093517363995
181.62168498756296 120.55525014571697
117.15648149588229 152.1167001437248
11.519291551011722 135.26270831049246
157.1866154233471 82.51051573358394
43.033427709412955 148.17367381478365
20.06721672991815 120.60738812067434
141.02447615214746 146.05973185706353
87.32693683226317 237.4532023891103
196.45542322553885 123.43303128632246
99.33944367284472 249.53811952110456
145.1782543028193 89.01056347974509
192.15053471202282 28.01214815756467
161.8761456578093 204.74951799546167
107.38129265820173 50.06174470965788
150.17620193854 102.25588285476303
156.8416603640652 136.15324372874076
193.64347907401984 200.1204901295997
192.8001486714664 61.17757635421933
119.69047661457533 228.33984879294096
154.85117850477548 179.90270024628146
209.70976046952822 195.84329154033574
122.29548384157779 227.28291145692614
74.90065429262418 96.7640181487047
140.0554271469476 85.31957880833741
180.05854088286188 6.643131380881489
193.4979174584242 16.050919829949244
166.34021228931059 230.5830222882392
166.39514350704746 19.93822113659838
78.50780586928407 94.7293162309571
109.21489759288147 150.5614883351153
62.07818859043338 230.00494779291745
53.059550456722285 42.98954477689565
121.79577321253792 34.911354018905385
78.85943295624337 22.83968560673949
64.84432121133418 197.19346791678302
222.62123251443631 92.50607440092374
69.65254177451924 90.37328163674493
114.00956657429961 7.32596672231317
50.165663095432606 227.06982893751908
229.34260394633313 112.98550938791882
237.79258021838666 21.53289342733536
178.05745353755725 17.744272894426594
210.99919097158352 169.222290608332
19.861162047607962 77.65446261179204
165.63056247314995 29.285742775387565
159.66344255073335 180.38942854737928
225.39607956765886 45.08066578866046
155.36413344654912 159.88682939241977
17.660042160155903 7.251738967191085
98.27944872734531 25.964046520272067
226.95126653401897 93.77901742674908
29.775957044658103 98.21517103219443
21.352444170078506 223.32252460376844
231.85277837403754 148.41435535911214
115.7503750256261 149.72424971578874
227.61182210295104 237.16554828240555
69.56540267804792 219.07745595760838
33.99989814289955 194.5506766016706
124.51015729570844 113.10645785977117
151.79436231994904 7.9550106155054365
142.84640025433112 193.7678154645738
166.22665380210415 34.848680509795365
88.8934205536529 203.16934576889915
53.07941813033773 93.0772490128381
72.57085495729953 165.67468573321364
217.20951154873902 106.52167644602895
196.9660850637035 65.28615369428809
239.64807539624658 71.68010869981451
67.12113108830053 237.981490742619
14.988238609771054 34.08486728334831
103.50197353061772 187.94371580874127
210.82039319465096 111.34597981249259
137.16961428543826 147.26857588824208
29.758991736361594 229.82660513841617
222.64072534983558 79.94759102039647
141.30157166944713 194.02113052341198
247.36505608605532 84.76525809358739
62.99161816361789 206.863762934542
213.64266401436953 85.21546207520697
126.91109219428645 29.162857603991206
2.667040606984389 151.62396100870814
236.29338637590564 91.09344713646355
185.36307629597977 52.51476368691518
56.470044003650216 154.65076861284413
233.83594684694577 139.62980763225642
46.038929652716526 72.33801122948336
98.79798305359341 16.279718391860904
30.141230389706813 158.9808146077528
38.93893790206934 241.40044907255552
242.21942217602174 101.19120509436055
90.71010394223025 161.44459286902165
76.18589784058238 85.53238338716326
214.07281901313758 218.41917862995737
140.96385159345311 184.92389161274593
144.6098109783323 164.34518834873316
229.40736354178455 57.387946848814124
77.14279181849878 192.30445433168654
69.06690803933438 23.742057360531394
115.84785116012733 25.62270698408503
86.0881497353051 17.39672942538728
2.243374456182501 230.9202843949352
176.36064892495818 227.8224336234797
191.3998655786823 162.94914363968104
3.7866612495814636 231.97498253170502
52.95546338033569 37.874056682748844
218.50657822856195 19.670367865935457
134.8003183820535 27.779213968590593
84.04121208739184 245.56947464172956
240.48601388190713 174.646245130637
148.075493088724 105.31447893743945
7.217733310137698 233.5683581323584
138.94012724273554 108.27632819276614
72.60044495257878 73.86008833689375
112.2607597433706 27.831496133937122
200.92335325105077 28.0380980251817
199.86799707115716 125.40116938326878
175.52237490196003 141.23825322089047
210.96482313967167 14.855024467372191
219.07170891276317 106.15016405063304
81.55963346479295 48.79190770611161
32.20184448107888 220.02672848619463
33.69477207416979 190.64220637164541
189.85793494593187 218.42254445462
106.48926790391126 155.56407640592096
31.46251047594728 53.95260491498794
126.52967290992284 179.6014717868479
127.16714321505911 180.43145523714782
28.058333472336884 5.7051864297745505
135.53350128418643 196.25618615553856
126.11232869623873 124.33043416011006
137.74281296000237 146.428534116211
162.69199496523788 156.0533128756765
67.6236397015565 20.36550536827525
55.914479418858576 125.9933974685706
47.51729904185337 39.069391314765525
135.14739260114274 72.12235223885699
216.61912317761522 6.701761420548069
233.402351043474 169.84076499461355
194.78324922714108 111.67857256477295
58.507863545943565 173.92042812444024
34.66143866696891 11.243423846166667
103.04050708694973 51.38610869974233
33.05076981733654 182.86178543024053
63.172330991539404 214.52261289122254
0.850135411768066 41.01615194038214
226.53777243620112 19.620951821523736
199.35568799934398 103.15098019271565
42.94476576785144 156.55572858907013
104.36062516869077 181.33808650554073
154.21200893855263 224.0888472527763
162.32324822211876 216.8889394438827
203.96080289211508 108.24442944463652
26.973835445927797 50.037723864670866
14.525426004384695 189.50569402265768
90.8470732840789 181.8688326952341
68.3143799442525 231.73331067363836
14.670625181305185 221.75093022177234
90.33367464986469 107.0280603620501
139.77783776797514 73.7343421755624
248.415293644256 227.21448265597087
90.2079915819838 95.77563989637162
223.65791917502048 222.66033053743817
198.9328399081927 55.9478952896128
226.12590558233302 244.08464009922025
65.31782441817153 10.491119098421652
236.88765718730969 173.93502136148877
24.485013814698476 40.40036822312085
179.60182170869928 137.95760590721392
53.77679165306654 161.50653989970422
55.718643539098224 170.08189897122736
220.52967828606705 34.86057873790702
195.10104332803903 246.42032620045995
50.81982089168455 178.09168950342053
94.17995341332313 119.5106727637232
238.83355030962616 14.88882077481149
4.3091860446334564 46.185591360421604
85.94698413577079 100.74333933384982
96.83316391876056 139.5898019989258
112.22757816752818 200.79999876334077
107.96651578636127 95.35964328565993
56.93633077583851 242.15037949471662
139.5892033871495 13.731406940839685
164.98338395023782 233.9912486211349
42.630388229478264 199.92762062997372
4.010151172990112 153.3548329138274
48.249374690395506 175.21461010741913
192.84497237154108 112.4612309290609
13.19039993678156 116.30260769734905
191.53465914041018 87.3826677297603
134.01824066113596 199.03304957987268
203.2110011609963 228.94062576497035
162.6245725467184 52.45400544664919
28.0743998000291 241.09761330166438
139.1632152138915 203.2904227550183
205.09025582024265 214.09043374442962
218.1569241975612 52.66344965151498
230.11013933172524 112.55613084504004
25.068449265059467 213.03248279718778
211.79143792732026 231.89217037475353
224.48002688017377 176.63838271937723
179.1260132224662 59.279322949037514
43.42842642385036 204.22468751860734
186.36282398424407 234.28115261902974
121.97785277484074 203.68396660048148
5.231421093293109 10.067859253256373
100.55053502702174 105.75511677472261
32.327054857586276 39.02586780456993
62.32901763363982 157.87489261975452
34.48230150752765 226.3943774373635
58.18969829019585 88.27305375700902
246.6377499162469 40.67224637494954
21.92112909999569 217.7068210762519
104.69585494415321 83.91646863894786
60.45665792312715 206.01213785973297
25.795023239921417 35.016126944035136
72.80608269321068 100.33921687020644
70.98594607224051 72.28119131420222
194.1364509225123 114.40541938645143
20.08256783080814 22.891965835916682
207.82042117321757 122.83402503027722
127.19343774078273 80.29743663146117
83.36726320256143 25.532267193799697
152.14669498913867 182.87453658719446
112.98388089935435 163.82654387463072
211.7030995097002 107.27513595149645
80.3647981163837 188.17267726658022
131.75679419822902 202.5701054642577
210.75194093209103 153.72437495127534
127.32043602741888 32.11547560017131
175.4884389336027 28.44619370669238
113.90840971579108 192.4354388147437
83.47408234773043 197.17661004468457
100.03997025141129 14.675414509092628
209.7540069259924 190.6627605053849
99.66944699024286 95.41502713985503
212.0436774067714 76.17120174599437
136.01213107065837 15.461317376996242
74.40099495576457 13.054786011211544
68.22282673059391 58.66613395772175
177.8454013367343 196.68673097578315
220.54412243206409 16.045217107579695
105.04240787637617 107.16098549851677
44.55183347647293 245.4714319771185
242.58611276269164 191.4238516264792
210.00106041287802 31.128613855280207
179.9986819311322 44.899592357154795
185.34317498992718 126.51923153492147
223.0925648759819 210.33961859748266
81.795835003176 127.40043790734212
166.56247848742163 147.5652544786848
137.1398830697484 173.35563622579653
12.815905766778213 70.57882255111086
64.50589850406956 154.800073348179
66.98382888089283 91.87564025764414
192.95677350991446 31.045881877907632
196.84172412816037 209.31963066280713
189.8054416605957 239.61756763253817
91.15449152475851 51.376691021935706
42.31241650054829 112.03256296620542
96.23556816825463 30.874598731895574
198.22704101732995 48.197556941674684
233.51947826352634 80.30364119203307
218.2140810002623 183.36289282363467
24.14820293065348 214.33674073212774
140.16505984268528 239.4395915791929
197.98552818843254 94.90226937282229
107.00362692489642 208.54212766774862
201.16807561697823 60.177388347499026
34.27473918489166 17.338442357970248
188.82724536269495 46.595801853438005
81.93120542550017 62.738352894447566
18.260338434322733 113.7400636447535
104.978862824012 219.59254000244655
116.74599907553163 203.17311143803622
87.83732053051546 245.48093271428888
158.2810455763249 120.75483747659013
147.64470401277129 101.02202756106409
152.39169789755564 156.17230220724952
221.5871972032459 1.7841018247660156
26.032333716543675 68.73392934199634
16.19586067287873 44.59977544784824
173.16819155669617 105.81919639571014
154.2964401652499 68.68973835431827
168.58396723067568 216.3656543878163
90.87946215805867 86.52811716637582
241.64052560118856 214.0173739451936
49.15589015988003 249.46284953491667
128.07661668748725 122.8483276833279
210.7900861023455 157.00430476647202
140.88941288601492 72.14410037885455
156.32291859177357 194.59178919773754
14.019606847225502 117.66978789350155
56.679405242000655 112.44852131325698
116.51073608397375 190.48668424090582
235.1495234549143 19.710517794792466
209.96837078894487 150.96365865748157
162.5891882128471 55.19738891756898
61.477478377898215 194.25414155132748
223.88241704280426 59.14555219858758
165.46716206900675 69.17710038910573
96.64241238051704 178.1846775535137
187.5044814516471 149.84516503394036
230.28188463742 100.968379707474
232.56192154431545 222.45998621963156
133.80251776350266 51.32605440506025
27.917317785158406 229.69682583699318
165.45554724488304 31.694283467105983
103.81794243124892 203.10020591595475
197.06636934861723 233.0113672247478
65.76398223194744 1.933959989233014
132.30594607460216 190.32937596385045
229.79015397422242 145.07597664504297
96.92938943748227 54.920250365041085
115.9861191815101 41.80703754814036
180.66524109019272 145.6728048481327
21.44225946006792 110.15237544227688
20.008997266405785 14.450459287591977
211.5702774500988 82.64348303718391
9.624189196669464 224.39157141783744
248.60537246245482 114.44674563583237
205.31989524442412 160.4711453780136
132.620825388992 229.046566468916
57.508513796522834 191.54599293565244
29.589688376530226 58.828740678572494
55.74791292585562 67.47316086978286
145.07060513111142 69.585331741196
98.50592369210293 148.46309624514825
120.09565522593293 39.02157097917466
148.63838090658237 7.316405836531203
195.35300278247226 100.93616797998092
26.749834633751245 165.98218848357416
246.51751359335495 173.1947947648482
171.15226903415046 64.81246190774404
150.16150206056477 87.25175940454416
152.38024194700859 199.03032959241003
14.05386286680796 210.01185645377527
163.89101912370006 89.6593141416697
20.778196530778253 69.65976874791777
172.83592520593112 54.287323834926624
169.01369747555742 226.8591404452618
162.56204099488647 126.89016451540903
88.32605059898088 40.031129589839814
223.4454125197657 194.89493071964733
183.8253546919897 189.83254201962913
216.81592008614192 104.12613230816962
205.79187432285795 123.06775685650301
73.38492141874514 139.61352605523734
216.61138884000525 227.2123343843582
242.9376540697212 46.20203367369008
126.34258435137707 159.98914783108023
221.76189068363902 16.11493160947258
190.99637426063745 22.53440683183244
10.343698804329449 76.94792850876652
41.90276595722048 142.69760336129818
12.352698090999926 183.149080876037
79.78435045564531 199.42708337921954
20.792025719734568 3.631938954436115
69.66691905397823 39.45616042317698
171.19459775241867 224.46190014507187
80.63808904565784 21.717604839166988
103.52207756141179 16.018131617551585
174.2428099954271 116.4579886064863
91.76914299297617 92.79291687084057
60.68473911522879 209.35206306595356
168.6137360266186 200.64720109961917
224.0501660477419 243.625710233243
178.63869589210475 106.95319824003535
53.86481620894454 74.48863368694784
105.26669437091313 225.30151726950356
243.002418956168 245.29713223675788
2.3096984499549333 154.5530177456526
103.14273607094232 213.06866318788423
235.45015749128055 201.32554826048116
123.52036026538028 180.44826119489366
178.188054437614 167.55072425755003
132.51761272445782 205.28049166181844
242.91960104084237 117.7790340711812
169.85444896572045 6.007577102687373
98.11291576197121 117.68753567173829
146.97421910430901 13.81992085605438
183.14531818761768 60.73560037442044
200.49805119026485 158.60929840116555
50.783267209322304 21.461865626788786
97.59072381684642 197.58738322915818
127.86965572991255 46.857034490388386
24.42488641281193 7.569202604266217
111.73357255416002 130.0497264260113
8.342352414333787 106.28877823024361
215.20642933416636 6.676634809883398
171.95048076659535 242.97701398238908
139.6714179837174 163.01915376264816
225.76848231932877 207.425882530196
46.58415758517573 106.64180668625062
54.65143006135173 87.89475842570926
49.3662392964978 137.61793290521243
92.03934309725418 78.03003308982213
219.97351878114475 47.95051566465563
187.81570705421268 225.806483097946
200.5595606222793 119.75422279574246
128.8926753909046 184.7210795745814
111.4741740162655 154.49535479892114
14.334756259124864 138.1982268427808
140.40179465835604 33.338873683865955
208.82354051032524 46.53391548455046
81.12767078037086 133.45662112539367
199.69059319859048 4.258772832916508
213.85616304174624 20.12700917290358
157.5822151085255 228.02893993818117
47.18318195781407 186.52298503067536
114.75074291048057 30.727430731162187
104.9638108356471 161.7314337850445
235.4922938992522 178.02757869871522
24.0871290784663 209.31298975818842
24.692864642524707 35.63304747376961
108.2898295068345 215.7816132353567
129.94831457754003 157.73574372736314
129.94449632250738 71.56461107466563
46.0740636396689 1.7249145696854595
222.5112673852831 2.6968439593237914
165.2999536447084 224.3467208254047
106.79979365254047 141.30614532158594
10.963533705576594 62.949441772710976
244.59305458030065 127.34814571814853
34.5099413659124 135.615595981753
54.83365895316142 61.998347615811106
236.67155365599928 134.45404555967534
149.10125736618127 104.36917542083002
100.91800572907431 7.561810633315264
136.97227934277066 129.17696184757762
54.56808837661928 228.89244382953603
57.371658533257985 29.07015461198284
246.3975594074271 28.259666911156557
239.799541303793 55.31908905946756
172.92600183325817 106.42194046296252
109.20172965981529 93.06255943349642
4.781868167061415 102.2091783073798
70.1443871633585 87.54949172512907
150.53507805889353 224.59865974121388
229.99915333467072 90.67281474477531
84.84355361963286 30.731698150381597
219.18622293242132 3.136538580892717
3.9127239403608236 230.93929368819704
168.05214666115918 108.30262187108605
211.26108719587694 39.15108834376496
21.329590500638595 241.98348798369872
79.60991499748027 211.2289058231834
143.78074288789455 198.9141435515494
145.60145872179396 231.20704601580405
220.84241360476085 149.41273903912878
119.44395889215842 206.12218726918374
4.656979988277215 61.27728088788029
156.3326338939979 179.1992983562181
106.84896443016504 166.36086413484287
159.9543874878395 235.42593933949098
105.63977025345234 26.13611959115675
233.32321721850457 206.35740731413924
194.2275610590795 227.08770271029002
200.65061203337558 150.65875001169755
13.866060145647507 64.44603655625266
238.59684273645752 227.4700446462575
54.23323504210009 155.33452572047503
241.31251907377003 42.112747503940895
108.01084084531917 139.54162821841118
57.63027161856846 0.9193498392974231
6.249918542649057 214.3701873320621
5.298170664847529 141.67127353425235
119.5982834298902 4.414486845777859
32.55032100848604 228.32185020319807
235.50201883387004 186.93550869450166
196.57133946555788 47.74353461032948
121.89569469285134 58.14153863837082
104.07816827108454 32.244122551424645
190.58020016449996 62.44535866506279
141.2232847879811 79.86870747455177
138.8494422643456 221.14294670892087
134.62117806414736 187.74342843238784
186.57003976864553 206.46901132743633
81.26724630222625 173.45891723709084
43.858915150543524 84.51420531751461
83.66651975956458 19.536933562422394
47.53573849711898 5.010358480998595
228.64624846300654 11.57629990744191
245.24234332033097 52.68408398074703
194.6042866001611 107.61522745530874
120.30595373112222 142.85490397911218
175.3592574934783 72.35992341469603
25.88488767433142 172.78239092957907
17.472401436083114 218.18909253597903
25.91761455490113 84.86351891934676
237.9226291098919 88.30350014626754
136.3928523560042 179.8848676419898
174.1598579330911 34.785532910281944
238.93568269467966 138.34754214487802
217.26579756655045 228.11124959634262
181.4643665502949 45.09396623974551
126.45102716869683 144.53966009321846
41.56569940807911 23.475820865979212
109.31967834171208 12.284297969399754
174.9081412679375 109.20523126053105
71.00845912056405 12.271585380540406
91.77089519398335 31.685267811347895
223.42825465362495 54.83992919222716
39.90933796585686 106.95492012187266
150.78990725281304 119.36617233801714
39.344165469382766 242.8882508957262
81.66737441370856 60.45358660181613
125.61294941393747 184.6477531170102
49.07884644096064 11.862905336585793
99.75641766637317 175.27316242246923
221.08106134939786 156.93849057761537
143.01550288271298 153.16765082046695
47.79033708022556 78.47721975552021
149.68617860823971 234.05651468593643
114.95184006508272 8.966628055269044
237.55536394465815 125.00512345324056
97.60314489763425 188.36296167454847
159.95216452644146 78.37982000207249
86.52537013539302 44.119245502658806
237.59235638539684 86.29888071779038
153.71800120528638 182.52203244127622
122.69895042216946 6.075919475204583
49.5410383450472 162.81818183618253
214.7255390643679 37.272026966813335
175.1942758486899 158.63046600791162
34.37873787734053 13.885695973659463
81.60654841952442 50.32484623456779
16.930578339585722 186.74586180129052
188.20328214527214 187.3660347280758
44.572267196828804 115.35056634534432
101.12551755595625 202.95037166803448
107.16203818244074 2.111907416969289
187.9506715414654 47.09479846572398
183.41381799905506 167.2416055568135
149.78190857003756 249.56744625450594
60.83786490279414 30.968488280007143
218.718832094965 186.11958590753466
74.35138642778435 71.86475402862987
73.6528228745221 70.92461949493529
92.31418213600503 105.24760126686076
134.01213160751968 46.82415739552004
112.28692459633533 93.52985744116718
29.616481369313913 26.783452916818636
229.0124227224907 131.88881918996987
167.24392353668313 215.07191456861014
118.18255111471768 62.04660368259851
86.48792324627652 29.55784952405416
182.7907314246122 28.439526605245096
189.62576406771942 235.74298667008352
89.68503805456771 23.992378219918454
7.966283481152886 72.36087729546259
64.43989085076451 74.48670311424947
133.18491235977118 44.30183265079843
95.74066680055657 113.4259937578862
180.3714083137495 136.7860739585382
98.79889910279577 54.10608143282688
56.766163165921704 41.700363198491104
158.6353106257355 216.1973620602781

288.2
68.8
960.8
576.5
114.7
216.2
216.2
114.7
960.8
68.8
36.0
260.3
432.4
648.5
229.4
648.5
216.2
51.6
206.5
72.1
1080.9
432.4
648.5
260.3
260.3
144.1
216.2
216.2
480.4
103.2
216.2
286.8
36.0
129.0
36.0
17.2
324.3
72.1
216.2
648.5
72.1
8.6
864.7
286.8
960.8
103.2
288.2
1080.9
144.1
260.3
34.4
86.0
286.8
72.1
216.2
288.2
258.1
324.3
1201
1201
432.4
36.0
1201
864.7
103.2
34.4
17.2
720.6
8.6
17.2
103.2
432.4
77.4
229.4
137.6
154.9
216.2
114.7
480.4
229.4
68.8
77.4
540.4
137.6
216.2
288.2
25.8
86.0
25.8
258.1
324.3
288.2
960.8
36.0
144.1
540.4
51.6
864.7
25.8
129.0
36.0
72.1
77.4
648.5
108.1
17.2
108.1
258.1
432.4
324.3
34.4
216.2
143.4
51.6
51.6
206.5
129.0
1201
86.0
86.0
144.1
8.6
68.8
288.2
143.4
172.1
137.6
206.5
1201
17.2
137.6
36.0
288.2
648.5
216.2
108.1
432.4
36.0
260.3
1080.9
648.5
17.2
216.2
114.7
51.6
432.4
72.1
172.1
36.0
103.2
144.1
206.5
260.3
600.5
129.0
137.6
258.1
600.5
114.7
600.5
1201
86.0
51.6
540.4
258.1
260.3
288.2
720.6
324.3
432.4
51.6
480.4
68.8
34.4
68.8
258.1
432.4
103.2
288.2
172.1
34.4
143.4
720.6
17.2
143.4
229.4
34.4
108.1
324.3
17.2
216.2
260.3
114.7
114.7
17.2
108.1
144.1
154.9
103.2
34.4
137.6
540.4
648.5
576.5
51.6
960.8
216.2
143.4
540.4
1080.9
480.4
172.1
286.8
34.4
108.1
72.1
51.6
86.0
86.0
36.0
72.1
720.6
600.5
288.2
172.1
8.6
1201
114.7
432.4
34.4
144.1
288.2
432.4
77.4
576.5
960.8
17.2
216.2
34.4
286.8
216.2
540.4
206.5
17.2
1080.9
324.3
600.5
34.4
229.4
17.2
258.1
258.1
17.2
288.2
34.4
68.8
77.4
576.5
432.4
137.6
288.2
288.2
103.2
86.0
288.2
8.6
17.2
51.6
600.5
86.0
103.2
103.2
216.2
216.2
34.4
51.6
648.5
103.2
172.1
34.4
8.6
144.1
114.7
324.3
51.6
68.8
34.4
77.4
34.4
34.4
36.0
77.4
216.2
51.6
1201
480.4
260.3
229.4
103.2
51.6
17.2
286.8
260.3
51.6
216.2
154.9
206.5
260.3
103.2
114.7
25.8
144.1
103.2
103.2
25.8
17.2
216.2
137.6
576.5
540.4
216.2
206.5
8.6
432.4
432.4
576.5
68.8
648.5
34.4
68.8
1080.9
34.4
432.4
143.4
1080.9
137.6
77.4
77.4
576.5
51.6
432.4
144.1
720.6
1201
324.3
68.8
258.1
206.5
432.4
229.4
144.1
229.4
137.6
288.2
8.6
720.6
260.3
154.9
144.1
25.8
144.1
86.0
216.2
114.7
68.8
51.6
36.0
103.2
600.5
72.1
216.2
143.4
25.8
144.1
144.1
144.1
864.7
172.1
648.5
154.9
154.9
216.2
108.1
720.6
216.2
108.1
8.6
36.0
17.2
288.2
51.6
114.7
864.7
68.8
648.5
216.2
172.1
86.0
480.4
68.8
648.5
324.3
36.0
172.1
72.1
143.4
103.2
432.4
72.1
480.4
288.2
229.4
432.4
144.1
8.6
1201
72.1
864.7
216.2
137.6
36.0
720.6
103.2
51.6
86.0
114.7
51.6
540.4
137.6
960.8
108.1
108.1
144.1
144.1
68.8
480.4
144.1
137.6
576.5
68.8
216.2
288.2
144.1
172.1
216.2
154.9
154.9
288.2
103.2
144.1
324.3
576.5
324.3
137.6
129.0
258.1
432.4
324.3
216.2
144.1
144.1
103.2
103.2
288.2
51.6
51.6
129.0
1080.9
324.3
648.5
216.2
432.4
137.6
103.2
154.9
720.6
77.4
288.2
144.1
260.3
72.1
540.4
137.6
144.1
51.6
72.1
286.8
137.6
172.1
648.5
720.6
286.8
108.1
103.2
72.1
172.1
72.1
216.2
260.3
51.6
576.5
720.6
286.8
172.1
51.6
114.7
17.2
432.4
648.5
258.1
1201
36.0
324.3
114.7
144.1
51.6
8.6
103.2
540.4
864.7
51.6
103.2
68.8
25.8
229.4
432.4
36.0
288.2
144.1
600.5
114.7
68.8
960.8
103.2
144.1
480.4
68.8
72.1
144.1
260.3
960.8
1080.9
206.5
172.1
864.7
216.2
648.5
324.3
114.7
154.9
72.1
324.3
229.4
480.4
432.4
864.7
68.8
36.0
17.2
216.2
34.4
576.5
206.5
103.2
72.1
540.4
864.7
1201
86.0
108.1
51.6
286.8
72.1
324.3
108.1
129.0
432.4
51.6
216.2
144.1
77.4
51.6
540.4
229.4
288.2
86.0
68.8
25.8
229.4
432.4
480.4
51.6
25.8
576.5
25.8
17.2
34.4
720.6
864.7
36.0
103.2
68.8
77.4
86.0
137.6
324.3
114.7
72.1
432.4
25.8
103.2
864.7
51.6
129.0
86.0
68.8
8.6
144.1
172.1
216.2
432.4
86.0
432.4
72.1
600.5
288.2
288.2
34.4
229.4
216.2
432.4
172.1
960.8
86.0
216.2
103.2
540.4
1080.9
36.0
129.0
206.5
432.4
103.2
324.3
324.3
216.2
129.0
286.8
144.1
154.9
432.4
229.4
144.1
206.5
600.5
68.8
17.2
17.2
144.1
17.2
288.2
600.5
432.4
324.3
51.6
103.2
114.7
17.2
1201
540.4
108.1
154.9
540.4
324.3
114.7
72.1
480.4
114.7
137.6
324.3
1201
144.1
144.1
864.7
144.1
51.6
154.9
51.6
286.8
114.7
51.6
25.8
288.2
114.7
324.3
51.6
288.2
51.6
68.8
432.4
648.5
144.1
172.1
36.0
540.4
288.2
576.5
480.4
129.0
286.8
432.4
103.2
864.7
17.2
432.4
108.1
144.1
34.4
72.1
286.8
1080.9
260.3
1201
960.8
72.1
17.2
286.8
17.2
648.5
17.2
258.1
172.1
206.5
86.0
432.4
25.8
34.4
286.8
286.8
1080.9
172.1
17.2
206.5
25.8
25.8
144.1
114.7
34.4
324.3
72.1
172.1
1201
600.5
720.6
258.1
576.5
129.0
103.2
600.5
720.6
86.0
576.5
17.2
432.4
432.4
68.8
286.8
600.5
17.2
137.6
34.4
51.6
103.2
8.6
8.6
286.8
216.2
216.2
864.7
68.8
144.1
172.1
77.4
103.2
25.8
34.4
103.2
103.2
72.1
144.1
172.1
25.8
72.1
17.2
129.0
51.6
108.1
51.6
72.1
8.6
172.1
286.8
103.2
432.4
324.3
144.1
144.1
288.2
216.2
144.1
17.2
51.6
206.5
129.0
288.2
540.4
34.4
34.4
103.2
480.4
216.2
103.2
216.2
206.5
172.1
34.4
51.6
206.5
72.1
34.4
25.8
17.2
206.5
229.4
229.4
206.5
720.6
108.1
108.1
143.4
540.4
286.8
600.5
576.5
34.4
432.4
103.2
324.3
143.4
108.1
144.1
260.3
144.1
1201
648.5
86.0
25.8
216.2
960.8
286.8
77.4
260.3
432.4
129.0
576.5
51.6
206.5
8.6
600.5
216.2
34.4
960.8
216.2
206.5
72.1
25.8
216.2
129.0
288.2
229.4
129.0
34.4
108.1
288.2
77.4
260.3
34.4
206.5
324.3
1080.9
103.2
216.2
324.3
108.1
25.8
576.5
216.2
103.2
216.2
206.5
576.5
68.8
1080.9
324.3
480.4
216.2
432.4
432.4
51.6
17.2
260.3
129.0
324.3
258.1
154.9
72.1
154.9
17.2
51.6
34.4
34.4
154.9
8.6
137.6
72.1
864.7
72.1
77.4
68.8
51.6
286.8
258.1
68.8
137.6
34.4
1201
648.5
260.3
260.3
216.2
229.4
77.4
432.4
129.0
432.4
324.3
576.5
216.2
432.4
1201
576.5
576.5
108.1
77.4
144.1
600.5
129.0
432.4
864.7
25.8
216.2
286.8
432.4
34.4
72.1
172.1
720.6
72.1
720.6
576.5
103.2
137.6
1080.9
154.9
143.4
51.6
129.0
103.2
432.4
17.2
260.3
17.2
144.1
72.1
17.2
143.4
17.2
1201
1201
206.5
36.0
129.0
17.2
216.2
288.2
288.2
432.4
432.4
114.7
103.2
108.1
480.4
36.0
144.1
34.4
72.1
129.0
137.6
960.8
36.0
576.5
143.4
17.2
51.6
17.2
51.6
324.3
25.8
288.2
324.3
17.2
229.4
1201
72.1

8.6 17.2 36.0 72.1
17.2 34.4 72.1 144.1
25.8 51.6 108.1 216.2
34.4 68.8 144.1 288.2
51.6 103.2 216.2 432.4
68.8 137.6 288.2 576.5
77.4 154.9 324.3 648.5
86.0 172.1 360.3 720.6
103.2 206.5 432.4 864.7
114.7 229.4 480.4 960.8
129.0 258.1 540.4 1080.9
143.4 286.8 600.5 1201.0

2 5 8 11
5 8 11 14
7 10 13 16
10 13 16 19
14 17 20 23
18 21 24 27
19 22 25 28
20 23 26 29
25 19 31 34
27 30 33 36
30 33 36 39
32 35 38 41

