1024 3.0 0.0 1000.0 3 160 240 100

42.496711593827506 246.08800588766147
105.60760471639257 229.31937770801466
200.47183776761005 107.49590183760391
55.097003607861936 165.73118953408434
0.42564252539331604 235.2236618760203
66.12240093343053 125.08543354650051
186.22636323591675 75.22308184630947
202.42417471029347 67.99884437670892
8.231636318765446 227.13035818471744
25.9176372238899 39.65600841596581
92.761372913084 139.34908629887906
44.20993815354304 210.78546726613624
124.19827183269567 132.67855423053777
82.53952855052435 124.88938382919754
122.97908461553882 68.2265067456794
102.01992738864227 3.657894013701646
79.59348620142059 224.69263180083925
3.1534690933574803 220.34467988318917
106.55321929160891 189.22562471121074
165.73331359795242 66.19269320866469
104.4306258175891 206.75097571149433
96.75593499438567 158.28953571583247
50.369254392163135 12.096317311141663
232.15756409868033 90.82849637260831
48.99099624678596 171.9787052877563
52.11058782199246 76.61311199397034
197.2175399227734 225.44724662117716
84.9017422939558 209.56629065029887
132.29995456627466 67.60615956402077
139.89756817995567 119.51933265745556
126.37025377647294 153.97044542497477
248.33824230132998 23.467768365968755
32.84794374838149 193.68091109806957
233.3961372579463 182.2227470906018
176.86637151544326 103.65818664461163
60.51087827805668 15.546505915369407
162.75948908127944 99.27544107842573
197.68780243818924 144.63534488490882
208.79882969080643 175.72562488420454
214.34674986695816 101.72785445320869
122.16937794653482 8.183421713267302
227.6047059098206 221.62176692115565
6.86339762792873 131.20716674202623
20.563018575777942 126.54531128548538
32.96909352234506 199.5927790109593
176.3922932054165 106.83100200792697
164.0698307898964 54.895215614344764
107.30096273838925 229.84038678910673
114.26280599431485 209.02101365124898
77.79544759777372 98.52841371616913
209.89045679057998 103.09719835187006
47.914028888567856 145.23691661442794
36.8082347910691 104.92735144978427
65.98158785099953 23.303881023979123
9.074011672652038 154.48339030891302
196.39346235040315 165.38529304425384
76.66666225692087 68.30264747379539
79.79506205306156 125.82322778352325
152.43875754263578 229.17555764366344
212.31789961943952 240.94278990600998
179.58364486643882 246.07866118411607
49.4798732623152 248.89436858110577
224.5500341731498 153.5629031074105
70.56549584377348 151.8521980619683
209.46108686168395 211.53002676127127
83.70168699208025 115.60191683744472
89.34521994032465 73.65692303531927
117.73171955643521 249.98547904280952
62.47505600902484 168.80727426681574
10.98652092908073 25.612725954816035
165.02477820656327 131.08585120678322
162.24152170293706 84.64157006147526
150.76684667913202 92.38479777531286
143.3883845486383 214.71602298693483
224.68574127158047 7.191774617315266
174.40151020051826 16.299637747776902
78.25712412017529 131.9024758483822
3.8681496924333203 49.82195905230905
103.73688204945134 100.10519375260068
69.09960647284188 222.01265735965637
175.64285184992218 84.16983191295124
217.52799951628126 180.28344002080715
123.32687784154086 90.95675615419671
146.58327493366673 63.21551766327283
193.23115986274638 51.909588361574635
40.84423671273457 115.07592596397554
33.37701295943013 80.3542521023226
81.15206852365512 247.6289613629777
202.22233921450632 215.31821384362598
77.64474289250964 166.4639640968485
216.67862158805352 181.80536488265992
103.97003495972082 106.86426627363996
152.0455357499698 4.0428912794972796
124.51526221496468 89.94195749859799
182.59009929179143 50.403160009731415
185.1814317701221 206.21300267891803
158.77175679302218 206.6049883756051
17.94946278517287 91.78577213891492
226.45665396078743 47.37411981051065
117.21450159051935 96.86942089154572
76.00525148659327 84.54559406968355
57.70705376263349 82.61187297992167
188.5753948566421 130.5445490480502
209.34758260753298 28.91396775808652
166.3294799506156 171.258380524709
154.4670668549789 92.38636799486616
80.97960819135055 31.78794246254013
175.6892893032989 132.50168289281362
1.5134856338714364 24.151333516352206
93.31158609773837 185.29924711402822
133.19100743479922 14.373042598182034
221.48135507005978 25.62745847295844
53.802416160565805 181.60236245857797
78.62671055120404 232.888243197199
214.73671423515 87.28522262588542
176.05033745092376 245.44246278114298
231.30434241903262 205.41308903753284
38.72370484876936 25.467103145359133
225.5753197984875 62.42424360825227
61.13814480183324 85.48166013750227
89.76223618749447 139.32295329573154
28.419395066873882 150.17829608688413
214.57932730748783 42.822387996154234
29.60867335751352 48.03732403615405
243.88465788957234 3.677258674735784
75.65443028409425 120.98900402269108
40.143882267218736 208.62352839096363
164.75140207844407 84.22009490319907
124.06641105464217 40.21120879190476
115.81488757472778 73.702301894357
11.902827681479266 140.65744676097864
197.3996522151949 220.43622545718466
236.87400344540484 157.26152931785793
247.79203610955267 92.6317679540255
239.4012719094788 207.27579334536898
216.12728087859142 123.81895570699683
32.31586117138022 175.13615368251618
39.96561804416221 238.29389431027673
190.2516481239292 189.19450053094232
179.6316138817017 74.3945602604854
246.58582052938988 215.97606273347364
14.71293717626801 38.261078356973485
37.690597547475754 104.6206279329043
159.36745977935252 126.03859345452564
52.492655728593434 235.52425319156407
64.82264078909431 247.4386888694504
112.9556253791145 183.03506019135907
37.13584267697104 2.9697949901900387
105.47927928115622 153.61498172081158
3.3819842794917676 23.458723908968302
80.31100199684136 154.87915158936664
248.85066522835973 5.098534444391456
205.99399246131378 64.84083058119353
37.81333763760694 56.196509421631234
43.63306353778465 194.2294579785257
161.42944810753497 212.81375825260113
34.183751112006085 84.17399337888013
95.45309329623491 196.57247325882233
158.60094456836734 177.47456453309508
51.377454230023154 23.729919312492022
98.00279631950886 61.24005386171033
190.65720898053584 57.07448092229592
155.17268690737774 31.552465602228907
93.12611254244041 240.1064208816451
72.57606235867378 108.42459932718378
7.258886496749079 190.39789519759498
196.6416196149898 24.07359390196889
231.9154359145028 205.69955613964368
101.62544274340293 152.66163323764104
91.3674608740973 116.3057541245894
128.99179536741002 110.85746955678297
101.42451869314975 3.887950058990813
197.94294031440361 231.45115932672599
37.87367972522598 162.22035414222557
23.736990093104676 216.60143532125906
116.87134203700583 247.01053604387613
182.8806449487244 127.96729333242801
123.79987015498392 118.07181768818145
33.67819878638062 94.29772175137663
158.33315165196342 156.12505849434928
244.2457494090563 116.8385828382863
126.54019342398135 95.32573528082344
229.92467165496677 78.53591257079168
38.71022038174473 120.78076468794028
22.31458104197262 23.183782736788256
87.92250631620668 94.72013734937207
203.14330703070613 136.52051085713182
52.116730123732744 241.1830287080994
184.54048922581669 115.46304533571409
57.17640629950407 9.420002596059268
80.29494242738097 161.38018400823356
187.95406403087154 245.42090360161356
1.2384115962913167 17.320666567319233
226.17242742993824 17.08040984427367
63.33830316167105 135.69421555584137
84.4759578833709 236.40415531854447
109.67371494776492 171.6788717908955
16.37831205351789 12.737751380795054
108.66964954195576 134.0778935714204
147.19278977754638 194.49635050970446
60.12943123694184 2.7236567971379855
139.00088913783307 49.577324535175435
191.4046151384669 148.35871617594873
74.4999564080994 231.0576255288529
112.2491508830177 214.27673479571243
112.46463695533382 48.758957056395545
196.3486955154066 142.7850526124899
170.4915510319244 35.545062186848384
180.78159567940293 81.94349585817979
91.04709821341433 78.26494035256707
230.74626632176538 201.74440191418876
43.554368097991954 26.482975743169156
84.57358611154068 218.3005529377058
39.82491019097445 208.01300048267473
213.58775523205193 149.94781048027815
20.92731371490278 171.85547687200923
175.08863567367013 183.6660165395994
186.8095169961272 170.21632800971832
83.24644418179165 11.129083744468
25.27790155938961 94.29097788852198
207.59589911229068 234.34365016846127
198.138756750329 249.6564913821933
0.07828672586582264 4.111807864317946
139.1321654664265 99.97257815520713
203.70532250314153 85.58990015549433
66.79107007094167 33.40970549589617
126.66814812107047 230.37589373262503
78.86807092324052 45.26599865147407
176.3353577253645 151.9056177282628
2.0713943620909725 103.02315625045128
61.84601399989281 181.2130867392277
200.29015906425144 107.66834121192103
132.9835042739517 221.83882458339704
167.57343580832614 82.0073510919264
111.65343301626481 69.71456305667162
112.67303347883158 186.20525207208138
191.27121379937515 129.7776614095254
64.90630378351118 204.9815274664766
202.4766413885481 189.04662390558735
237.5683317798347 109.67527680938491
83.38699857697036 197.70182626188017
190.89589190964517 162.94955254854491
233.36982512738575 68.85644645729123
93.89703667823419 107.87452064051287
190.39949462600708 218.9732138361306
43.084907756945654 39.154687979511024
213.57715497972598 216.86014714807945
78.58691807791831 186.01580557387
131.92946395258676 103.51099003249206
157.06824699669363 98.31516887523351
179.3694290969485 197.52911563989636
110.68225840946432 93.20779594958591
135.98447190404 170.27533831627906
203.52916708633444 168.37710748337025
153.5230899104496 180.43300573806113
44.19839681256621 187.81760571700906
223.22466853510738 157.69865828944543
109.00586610732805 85.68717871451042
198.85141198355484 220.42003111501904
92.96454662085993 236.18608762388266
20.03819092314796 125.27772620479125
116.58129710559884 15.412431832139028
185.72992315350484 203.41771855874256
144.7012209563197 244.8070023035522
112.27310829954939 26.211767378967103
200.5133105254628 141.89391251272022
192.10782327669395 42.73792439959709
70.36697078583887 217.02997321517677
109.91015547732094 35.70338342859316
249.9815326245838 244.66318137633385
171.63951841643143 192.2323716289
28.558819908396565 21.24888181737622
131.22231857251128 108.30619315711726
229.21463237668834 54.986578761960196
191.83409241042813 200.96355557564166
120.87342213609686 41.98157910785641
93.04199173982563 6.419379871935887
105.22868149566419 217.39444749580088
156.5482994941665 66.81400898080852
223.083665428916 202.31086045887926
240.8865354474521 100.4765465585806
129.97719117924558 63.059262694619534
92.95610296418477 114.16010632242454
167.67029233331243 164.69959360528424
105.28998404926296 189.2592128255231
80.52269941943952 0.6557777219817762
126.00628819707386 111.0268436295285
194.20104303635244 172.37690333769746
129.89262518787024 31.530226647753373
227.27403833982152 180.31835039960396
59.239024136982124 61.31935857742832
60.4052675914675 212.76685133757925
48.80239852933302 138.6296572847032
29.14306174573042 174.03064654339946
72.06255921150951 181.41137749894656
133.69325560469935 110.15349586099623
48.95252424296334 51.75820463748418
86.77638858618278 192.53745008446975
239.75895638558615 192.55042905824615
47.35736884005073 168.3164788027281
94.06312534442496 33.32270551450014
208.15944436794254 70.76603559390213
92.3348724590341 115.14797478856067
142.97340441953142 139.12907953382864
207.93088577758812 237.77384334738804
13.719112813473016 129.5977256050881
214.54379435261578 210.0586878205116
39.8690603610376 146.4741010692404
219.12806630231321 82.89069909909422
70.30356270988747 108.93074865528504
139.8392541325174 175.57384091409165
101.80366368264373 41.624770729794285
111.15427021532251 80.67081117132466
225.55656077827967 158.9726397849659
165.58612381288725 69.94791855837829
188.58771415158347 119.24607874537652
27.586448470230675 218.47735350636685
113.1848557588175 99.78516101480211
189.09389748788752 190.9026482868609
132.2693557610697 241.10359511010685
0.004997327006484031 153.93583493719498
72.07514727505468 199.0654875040918
177.38454497685112 234.7101175523329
228.589350666683 118.2619054648944
245.0819586017102 57.95687929050269
101.71870254631699 66.44869038018358
241.76403704954942 122.41962364008177
22.353021396551124 137.9607343945985
52.48395611160006 145.95791214668503
25.998140891048184 49.6247675122094
82.86974523526267 85.37170566631785
14.029491803237871 35.854515948132715
0.8706023532806806 108.15591810361863
142.8362023655457 123.97904140399311
235.21344447248094 214.2765253161564
233.5335577310907 104.41107770210698
149.91349081069902 173.34675935114402
180.04879277553718 5.223338146950724
204.45609339434174 39.50520240664246
70.27907083433357 74.91144239040801
77.28624126366896 10.074614942986837
65.10171177896393 126.77522267587588
128.21740121975273 23.286869715656106
208.96288995461535 190.25210936573285
188.66218024039887 42.15048805150984
178.67967767006704 178.9136177814943
147.6929962004871 61.22742857574836
210.18066507071077 84.78309652772681
74.05735507100134 100.74551661311104
168.94288030287194 174.13984951042076
60.74739809271129 10.149166875993155
46.84913320591874 205.8805834706785
162.10117470668652 41.64847341479061
136.68880282056816 217.84160459277066
61.71256600546976 195.17259783944047
8.574130977633294 157.78502275719578
77.94743700851272 244.77813457795344
119.47553507277048 58.957134433238025
234.49643373882427 228.60378898757617
30.565098032042215 124.6342661914622
151.8057708697012 3.3505362349510737
88.86126909055534 119.03071926676826
136.16147221024588 186.49419407266907
153.81274235526678 20.54181930564375
201.39738779488323 50.96816534193358
67.12294523457332 168.01763524614682
9.981945217360538 99.65206182869544
63.613639063472064 242.954811255715
99.32746814685628 39.323469006457444
162.95230159450406 110.59786198439295
60.66985270552508 159.90645784971667
163.24725444555347 32.15823858911426
25.21679787035369 99.58492456612214
164.96362900096696 113.220158301091
154.9044854659621 184.22083337552723
59.06510607889911 174.34262771014699
107.75743095866497 169.85733584097304
149.6735185237701 107.79836166719478
131.17188298920755 151.77395724877982
186.6240588069843 3.2749158344110296
87.75056440234027 241.17533586746765
145.55998452425732 71.30226658893888
22.704738484751186 85.99179565167798
43.90935440788457 96.059429650047
6.187022333425829 90.73705127515244
152.5368635157844 184.65823063272128
193.25366093090253 135.56948648652818
217.59771246105143 95.65072086257115
193.65293292232286 198.30443869890198
181.8922229591989 141.27688242783896
136.90140110752347 191.3464116647343
139.66228324799945 231.79516849172558
128.4427970064684 50.83960527064729
229.60382457085024 49.72834661602274
76.75363607516076 80.95519190887704
23.482325662514903 115.50559850028732
209.33238066886915 66.4443432670786
86.19408444630389 95.99667215561705
44.99363776038698 120.80654926822592
34.51688879433099 212.03449770765025
79.95802999872234 111.4715333199712
79.68152561929448 115.62216111554163
68.29031029602254 249.81996169269965
127.38557042909396 199.69777532137718
239.66803339154455 0.8328300377655751
110.72038933631056 196.670784359127
240.80262131197892 228.91953828084533
224.09562440526372 142.54368357579747
143.855088597407 10.445992961780087
99.67013233668403 164.37697018440176
10.875852729835461 95.10062780553291
217.16266019624436 139.79116330072372
80.57245656397677 170.93486098167818
28.431450088861666 136.98122503290918
31.25992116603668 208.9325213490581
67.90860969587948 219.02832352816236
211.71963120824603 120.49176688284918
133.25966882052924 1.9824827806785572
37.044334762323466 147.03963777000286
102.65041170827318 176.2502327701212
27.0220181866693 225.01177444285207
200.7570391648328 229.28020081447298
124.40025873986232 243.06676306315308
111.77235759682999 16.79164076689496
111.21653954188221 13.765077106871694
156.4061482957954 235.98858546042513
22.78825106839111 203.6295755395372
79.80078426843471 244.14675301697753
65.95962664128868 47.2095714895745
85.35790869465052 235.36271203453512
177.33180134581568 216.62678203910292
237.09366955755846 166.17082724412705
141.88060101634838 66.33740237293273
235.1053165325914 3.996207336117885
205.77254811026833 238.14783043806244
94.37836751635389 107.6452655456776
100.23297249716634 111.0448124528585
47.02097406712918 51.783152415549125
164.20629592980757 170.19675245727765
137.80052078412749 167.7277436377128
152.8648090572285 163.97559325067078
220.45614813723682 87.54279544294924
133.5777935038576 16.280295709254045
55.32696733526493 246.0755061663672
136.92756625035346 83.39964608656241
123.95990998192997 52.03074734189356
82.76746152456546 208.09327535428739
238.8179145526886 87.72207355954376
5.76486257177336 140.12461544165367
59.28424118269734 106.05404629126089
180.26708741531678 181.84041499498926
23.86458900620503 190.75926125753497
27.832416805951777 181.0374053516978
187.66066370245815 10.359444390675598
241.0217150639399 120.1735457735404
246.56194593545837 209.49840595601847
235.53765380688918 128.75685958356445
215.74188475428952 182.39544193513584
184.29785684341547 14.633007162381112
212.8175694141778 218.09634680988506
160.14231713003562 223.23306706408013
128.2184026865569 15.683062222221212
1.0408526810397611 240.10764466796041
73.62300497043961 177.16621612102256
56.9560592477526 193.49583583332307
90.51484739797513 59.11137699254454
42.90824517549327 192.8657320935938
123.92090209037207 15.767491961797997
108.25750541297799 180.6594426376349
171.69531902022203 116.35951731178476
172.4238523222325 151.45138818353277
42.066477054972076 210.16219705598832
37.817775707714105 60.78635616140421
123.02517872168242 244.40683487989827
153.90176416804965 240.99371994586642
98.10105527618626 164.52424237355666
109.84607283635448 96.57296761596146
213.8871139732214 28.493664809912055
235.13571369955784 57.88981251861269
63.23885926017789 9.888965134866423
221.40214723335555 160.54666965847403
70.11133560543342 195.75119944492354
51.26048113777945 5.420572307139743
73.10283290610376 63.91724406649557
159.65597025196402 55.48050513342723
82.49798914016249 74.45488042561601
59.72613166578719 123.00434069590658
202.96356513846234 163.86793171465308
165.37380579491753 21.457871719240018
19.57763358200601 125.49293522479755
48.11729287413094 206.94539023544417
193.98584977798947 189.07853837191686
217.66910410681183 156.75327398340696
89.67047734885902 245.65145950520977
199.61443567906352 120.07495665095297
206.04891220719125 205.77353714545598
88.01624288274465 245.51985130033094
159.67133184123227 110.75596801324672
227.237407190964 18.774716413171827
119.67548802968456 164.93216512171196
86.50931157923034 39.00180079191104
119.07743936539971 116.15965264326327
184.6524241550492 50.65103824206973
191.8403042786601 152.72251947082972
76.3769833823632 54.862978505291956
0.6688637576623413 31.650597629424738
226.17595680852742 238.16944253968256
119.40337596187919 225.5715111792275
122.39559175734968 95.2909023411739
69.80982282658368 77.78287291826791
126.24493198215205 95.42131236108247
52.01630514794592 184.96324387583692
185.81136965573683 217.26903693674856
4.42476496521077 166.6464354504199
32.57083702328784 162.45481884500336
221.54429984567312 31.523542276524346
207.54286482906008 194.99103176454216
200.8405041955646 87.7271109842695
176.52552974203007 123.36389550375188
246.9914536362969 40.93062398978067
8.886627088866783 141.06787739636258
146.2336454876739 42.96004450635665
89.47564900977079 70.53778789558058
111.06903529490545 70.23578136892564
215.042055761751 229.52704660314828
195.7464705117279 140.34172398893983
232.28000000189942 66.33177724325556
179.16049495808176 104.34770784731836
36.27143695700316 128.38565692755515
179.2763768388061 244.97685826407886
243.59711418191569 141.71066592077088
88.35925422971484 25.726196095794045
75.84948654585682 54.41731618194004
158.09448382548516 94.3324643306312
112.13091288645768 192.7301510179941
163.32445598745312 109.99489985445568
151.3558896109147 88.8413485326158
113.41207383437055 165.505265588396
125.60777849225444 50.667088327179144
101.7524256214177 73.08675230681466
234.21125243472727 220.29119444797348
195.77787367706668 109.03956933408176
19.50530043774787 122.39430863229956
205.88785328793918 229.66980094710794
199.58376648847496 97.24443383496335
207.68071502477108 216.84715249935257
200.76823788764318 50.522047124182926
119.52524569263329 66.16037475146156
127.98569915628485 202.1512172013444
225.9901222979527 42.37993715438704
81.49157104140508 102.7299419731978
235.0458483271706 89.38590954496509
72.05644845195548 62.99778097604417
139.2090335722851 32.42112653109158
212.18522708961697 165.03160815204942
224.52521336076163 117.98316616441757
67.528447618377 225.66590454445765
193.60887516383266 108.83135531796768
108.76163573125719 55.88203492081609
183.27894278548413 124.27021706110209
245.73675422325238 195.81120434020934
102.35386380407354 162.19042989125956
161.543994970207 22.030902002364627
60.95816107197033 11.02519629172652
77.80048887213093 169.79960914271612
163.95301275031733 71.95570378886288
163.1370283387335 225.0725915540419
5.676239448092507 34.64946013820214
142.79670935894242 151.56275007750347
29.989471422242396 105.94781447836432
115.213211227537 10.601756646935744
94.35372403296944 83.05965062067902
215.02674803448255 15.239802770513734
112.87634914898933 182.5611812827548
66.10768082701257 34.222148402036275
97.10806185596813 132.84477411786435
25.98125886750069 12.95791695401785
63.2958043738783 133.8225327696219
163.18411400188634 190.36447433174845
110.46116729709519 18.101045493329025
120.57192555315058 88.4680414968478
113.26306472963654 164.9200786399301
189.9333459709197 44.27868333507476
165.02524943987046 243.38357085923735
5.575352528972399 203.44292671890486
210.57849160118886 126.51046776190897
53.92937806041637 5.575108226883868
192.3371261177236 248.25123325854685
3.9324267843262595 23.997463009297977
220.53882945556816 118.17335998093465
139.40583907884258 218.4359516502016
222.67593608756223 46.04571432290172
109.4166964864144 7.363221909563955
20.993325765942846 130.34032153108703
61.107524168982295 95.73604682546119
210.17453761011885 31.191684548841913
128.54890765556416 143.57735679661366
160.30289964396727 22.21784182607528
18.9584562309372 36.65553706293137
65.56765058357405 114.26529593965978
3.7419447645828106 174.0677084786249
171.2102903962016 131.44502414526357
131.90576066897344 114.61161780934212
134.5353813141216 55.30821831370236
11.806554249704032 46.48485853039993
132.05164183816618 3.8712107416769284
71.64294986702818 109.2807850974687
76.99754862410954 153.18151358981416
237.3995684234994 178.74991253753768
40.3240328401914 12.003138017131542
244.14559033195854 216.74154048126
86.2387448824995 12.059528873918508
10.989391406095866 54.107623037265824
50.041858831857326 249.53728136955328
55.645414899429646 91.1900109937551
135.52501621226583 144.9932533471081
10.6627369510649 158.00103047295133
149.89226718631826 13.829216981168956
56.58091876185106 61.02124878941684
232.82391992273605 226.67388394978468
177.28831969269862 118.7855286797601
86.52318853004984 193.466321973118
81.09331204801612 2.541637968267896
216.61995771815694 120.17729445014095
140.34037567238303 117.19274284810385
170.7158660946097 58.945716177377875
187.71810217301774 165.6725229775277
5.811862140472024 46.42100534438001
51.26354032309344 139.17928227941562
220.19024546874147 53.450334537753136
152.40743984501475 139.28489592454724
192.4007986959625 64.25213401372945
39.88294894365796 190.05619745687503
129.51947454228335 216.4638815042824
234.52543519627554 95.24114834562312
162.02336400446714 4.601565344815817
205.85888584626588 178.369389165101
22.102192795918768 38.52691059120866
240.69959754759577 202.40605394752095
85.84662559810188 86.18256568654218
202.52615183932022 31.052055791472217
117.34815753271474 41.260302394585004
96.02473605149785 195.06128880795342
62.493749766511705 97.24635328991133
75.63656506258737 247.52936036475546
164.98145199982721 99.75761060690866
59.090050065632504 100.71751414094469
107.70583963689597 115.5567733729185
61.4801879529428 92.10464175307312
58.92613773474853 229.04570043538106
132.46022027854514 104.03211133850182
97.3161774119582 110.55731062038468
54.87346264170073 60.64401818206294
78.76079355011026 78.61843599265747
218.54768920034672 142.67003498373978
223.69517391888837 44.20373388180096
83.59400267741485 247.72865937689997
47.4867491954511 212.26827812487159
167.519337893149 235.4913964769951
44.1250937047914 156.45269429186143
108.69960790801794 191.4676260408585
147.68672139869892 90.43308808195074
56.61261664927195 15.642223550295986
226.7559300489241 192.2880846176501
114.99341289894893 214.264324256649
201.3488937418808 21.058164737753295
216.37569681503012 14.435938313109297
172.9722974657897 207.64901991144157
232.78870166791665 182.7238273805314
56.23597677386152 47.825312965406845
10.143754601543014 52.234186003129516
51.18544164274547 191.15910768572692
204.06887363149593 180.82660801351966
41.17194576637628 169.97244189419666
9.50934314098381 191.4655030433986
37.449652614720165 58.15952258906043
43.67946486972693 52.991187656444254
57.45074127610886 77.82554717185694
141.68988853767786 206.84553572514676
183.68855971456276 30.471288548586745
30.372704110350757 8.687330012447426
143.28755833630143 115.48554986406889
68.51223495409334 33.35670995487505
58.36572434506376 5.379697272955841
210.62824082661717 141.48257675206574
165.95559633811357 90.05288511951653
103.04886793345125 244.0103136978871
64.90353432620499 174.77603777245983
90.18577155918028 58.43523327951294
13.495714820503935 172.52006004588003
224.3756685677297 139.55543364870343
70.46066919108193 142.9531889068978
127.56345323861574 102.05275924420376
106.02185215135326 61.142806209424
165.51710518883485 218.360830850878
239.2705856922315 59.05903638092633
228.182707875499 160.1909493023831
94.09633477334428 224.08423927226278
42.40661282870292 68.8994109215201
31.27780847498235 151.07156541784946
113.06346628992992 145.9925724237065
195.1183375469664 153.0358097344198
169.19596825645755 24.784050532694835
233.3981381985912 96.76202174600712
217.6508860958749 187.97894268267035
152.2219588955294 211.7127926530315
238.94863120641384 78.87165051405643
25.71050718767337 238.60948634237852
207.65279222563498 157.01506696169662
29.352088622517897 174.314422126991
87.2062836459687 68.7754844386363
122.71965510482164 190.1619972216597
54.76788437896998 49.66611276969565
19.824721978259213 129.11038022992807
130.4031988184921 66.49138148747086
242.2716865570689 191.33259674937662
122.23608557833573 23.331996657402932
172.83273081458503 112.01997258765809
228.2092239241247 165.01076877765578
151.62759449979055 166.9797775633298
99.3772582609257 67.2756842037022
103.46979383656344 74.88119828461201
21.48973588842276 34.62593029950603
38.27854288332133 86.94997191693432
225.304993970161 221.51528245210474
35.9288760976863 15.834661904262553
50.268194079870405 167.2031933838755
184.36189601783016 194.68509223995835
115.3586076985538 97.09279926974459
219.56287562220746 14.306840888887729
83.34511670369582 98.724321693373
228.4787841670449 15.92396701098489
85.85025210417011 71.0715839632361
192.17607578718156 226.80026272304585
12.742643356677158 242.23118116242236
110.49617447170162 50.78145549636082
246.01888578226567 19.642844455619507
215.14373273236487 193.60920655723703
70.09122847816963 80.28571762430897
7.572135857758538 198.12692037240055
242.86480187634945 31.10363730875121
208.00794663949384 60.59097059907592
18.69581837264253 164.08730267303525
236.95761112326517 152.08171933815544
223.22078671037875 49.90765043031961
161.94549866737242 161.88531190392393
41.72591465959591 158.20053269356552
28.59432772129808 24.380394118871884
62.09670257606126 68.39674424868717
226.7191542869313 191.0786715256955
126.70377919160595 186.73682120197176
39.75726098000007 155.56086963943054
187.78096055657196 52.7788348311074
49.60068066338971 2.507013135319369
37.14826389155171 121.59781243272417
151.2733790298339 17.948586101569298
9.910682410726013 228.2141887756938
68.23787429506473 178.81486320222885
171.9543077754592 154.63530041963514
119.54582861288246 240.98583131590985
173.87920031126015 55.50932596990768
39.72299254054784 160.13425485994355
121.99686032664123 31.11465021283985
116.14729024289358 118.03296774293509
21.27916497030827 117.23739104410419
154.17938638302041 17.141824271491636
181.30999013518715 236.55654770328198
109.19562822912849 183.78219666298918
54.74599873149052 41.99432308414722
194.66069548077064 219.08423052455507
219.32210567191808 171.1741500498594
221.57033086743976 119.71723855192448
22.134057097279115 60.91368038404854
211.8136578314807 158.4124505522524
170.42049097369699 80.0317606243247
69.31540107069547 139.7138272871417
138.3969330963613 232.0639772739119
7.293611430793712 210.79649101011404
33.38953411460477 204.0466598668972
119.19364142196284 55.93340638111327
155.32037329074873 97.7946490089546
23.408273724125156 240.8766128924226
41.57692619816564 158.6860245931253
106.30991193553096 205.7751546134963
96.01974055326117 171.5698359039045
100.31835578841286 144.91981383006143
25.197804674660567 195.68355154249764
239.03754349770892 232.73095758072031
111.23194113459672 241.01935585287413
190.78176582069187 138.47985760804167
244.8204904846202 210.61680239484858
56.52650604933967 124.52437618659643
161.74062898110665 71.26938749731949
67.72847257320691 208.5989697789363
41.72204674510649 75.51508875835283
73.37610543207055 205.8799057112123
237.56660806572174 95.7037858601389
195.69818633575636 186.1319422439823
95.14863433923207 216.51279640248976
88.59860644134979 151.78464528740656
57.20023244011921 80.63907211081664
132.42056098474805 62.07333732328873
198.26126502666065 213.2272866457025
72.51264766747475 60.403312155238034
196.19247858339378 111.26763597038273
18.596674755982256 226.37059584775253
242.29469130918415 142.12741193793283
100.97749330472996 33.536476277887694
83.39468243342476 26.479675928579084
234.22212240122738 16.553902070053805
221.55665728002205 1.6952300457173108
217.5440142934297 184.0146322268378
41.373927694675515 198.21382376086308
51.39991690491044 176.68421752699743
166.56587206831443 41.15758572799091
109.74460998768699 41.879541533039074
189.67512192642297 38.23074975295776
211.71918550911437 46.678257247570464
75.2662914844223 79.38270552780821
103.63551304592924 232.53277226279488
223.577392792574 39.50788378522391
170.8529639145795 92.87337086822325
71.8858719839994 177.6784360390326
189.2002992700881 3.9307037348780547
102.1062752922868 182.30393826989763
141.14757483470436 104.64353435697585
4.775244128641138 160.93761550606385
65.00515530728201 113.59032846287676
59.132348112508616 157.50254312767234
243.7373351010786 248.40584968860412
127.05636886893929 21.63053259259509
35.01349222268563 83.4860654280945
216.26150354510904 24.093040662017646
25.209679059516514 90.44464452293302
155.10605976993128 155.78006074810514
193.46059916390797 146.24413031649485
41.80741217036907 233.08733948027557
69.98210541746708 191.90058834284594
26.191653686347323 45.80653884658415
173.13712221310618 249.1701244727305
130.23465257871973 100.62887594793135
70.71014594960288 205.87718088889713
124.77821982624917 174.09397560065204
63.064141816693535 40.150658298722334
33.000415517747406 147.06627829021576
32.376821234140344 24.5381402606315
38.46346703290052 225.2317622581156
65.88443735963087 31.69124483166247
25.48691785717616 45.94405186376949
159.56054757293217 92.29674093976212
146.37033144571217 189.49059928454125
120.99362444591141 163.4188867037037
3.238973171990678 97.75667342149744
171.1363605538372 167.13626989162802
70.33862812310306 13.536430837842367
13.7605442097751 167.86825661248835
0.2972943268921835 96.03404723824413
119.49608394014297 30.394931204780956
36.88966169957761 236.66726614094284
160.01447237736193 99.72781548064216
164.65116816401124 183.68313132320316
170.88218976993252 201.1535671346615
48.256725650881044 240.31426469305202
92.6443120833546 75.450787986279
1.657628375297454 225.77938500409573
170.7370191437621 36.375859928469225
19.588047513212274 231.14736108038767
90.42811249897059 36.449013303031904
168.7354476401104 128.3785730023677
241.52752636943643 167.27082298671542
141.20704761795386 163.67208532514366
147.05458938755476 105.73374524228963
106.82862814927557 159.61320592749615
211.73873076577237 158.9007651092875
143.51391316151842 168.5993452922143
29.47369473788697 131.860166590212
20.411068455717967 239.72098513636692
156.39580200755083 6.270938000473541
154.13750119678 155.55368119615127
160.01451042215015 77.66236341223104
222.08237585491202 1.3097018341974298
136.3216574606729 247.0389159489736
113.9474760938787 80.68462565174609
180.59650212547166 115.13449261103092
195.6435383726184 184.4154036972036
205.32356515137175 63.019495664699306
191.53766195532677 151.1448979578035
136.56009771934418 171.02500498205325
110.58688574574573 242.79069150909186
241.08448699331223 69.5319302423957
249.3058132831755 32.39109564697379
207.0123312698133 167.85581315943455
73.02033370672328 35.31239374044545
73.46224280217503 34.5505111726013
91.27475302931786 94.92694973207996
27.144930740301525 138.41337928231783
160.68863617435753 144.26280442096183
36.23064741917084 33.650810491405394
199.25844238164436 105.23709475660652
199.82495546155792 190.177455426667
141.75271656076492 29.316241568870943
73.50279337317131 202.74680169719565
106.63647188350195 232.4850499406823
141.81353371288932 49.106519979389304
164.34620532587033 150.2761222000975
128.39031028182504 180.1243295330102
52.479869702816764 42.789198883056436
175.95258616661908 192.00318410182362
57.060583828890096 165.0471185675644
235.81416622756217 138.0559554757138
168.41128985957508 181.99480161557216
180.76459413383765 61.11217728973578
45.9440371297124 5.508025199108757
97.18760493253423 216.53827014461297
42.56003267982811 248.32388877111336
50.03622950515099 249.1295758386603
69.84324798188227 42.02835124784646
54.54355110484338 147.5203760936609
80.4387539947696 134.54292245947104
35.130144267725676 161.89390989310425
115.93460864229021 102.03179583369901
53.38893292931654 55.687609916747874
66.7062237009888 64.51955961862204
108.15458386652055 59.27711303496711
129.53928694628883 160.06500158267613
116.00457478226744 109.1896672797949
176.3361795301678 182.80024473354277
106.46292395661983 1.1564235415812696
242.14416605504886 11.247510900406738
238.3285791240921 75.85721354750879
49.923500084633616 204.8643411485378
137.25023721012448 142.70641042763256
89.96320134529363 238.02716444768117
184.2946788697466 120.20744670953862
178.58053314079194 30.54466376911996
158.22612106337954 192.5470702635053
131.74992348257638 86.77609452094417
100.61597773443273 167.26669875663617
113.57698085858472 62.791268820195285
243.24528113880467 194.93115933249564
139.2032293101623 225.18651860537096
54.17684019711133 62.47783507200403
172.2016489610345 245.61460365373492
85.25813450023473 162.19504207165969
229.48660786575974 141.12048577922
65.0160625111456 26.262422045853135
93.21522082146694 62.31924889070933
14.652842001624562 37.68808329267353
23.135993461793152 106.11454397119091
122.0662823929237 202.13118254286334
45.111131861765855 196.08196888554315
100.22102054013702 90.37645886034262
70.38869950022814 19.59097089575787
123.94676026945861 173.03018900491423
33.512682516579765 94.68505367887394
161.63634856241762 181.24891266366046
185.75103972079668 81.98495567102113
172.64757385195284 96.92141200699564
189.10994787812217 141.38736195522648
141.40025505829462 127.52494546840241
233.14249791421256 234.80414126831323
27.852628260673807 74.18820807228785
199.57487253147954 246.42608950871727
126.11843680560553 245.93377910784338
80.18885627438408 127.18820451794628
141.70657828188385 38.41344173004826
43.7614758559888 108.88364847018373
50.26817507596124 76.47219213242481
187.53102926886626 114.5501503950534
56.00889911230389 144.191439673909
70.56861450337706 141.89541912469886
238.82490382443513 110.0713692173437
159.54762652669976 241.6842407641319
32.42005705315451 147.41380916907391
228.61491471632715 78.93949502626135
184.60503932140145 182.89350861415727
129.23481616415378 197.20361816964817
173.4291992683039 15.930001731984195
34.76830206018422 42.493701511705176
208.4815532627869 60.7578811395455
230.41998216866241 228.94586086554517
46.66047764735185 130.34327977787748
118.58088362954925 12.952640670497617
29.839448673035896 42.47742877304303
161.87949816696235 175.81893143671812
159.36770211195778 101.43803919913816
174.99068573375715 159.43440841120233
159.04572467045514 109.06682758183203
64.7960390441232 45.21419083472039
53.1837279787287 75.36330402161606
123.58420240121943 56.13089888729103
82.99405467858736 189.53688432829688
65.40503680367519 171.33503931045732
180.36954525323756 170.9291728359739
5.349835562813793 218.51678756197697
147.81678678573257 12.900211965735098
38.648228532153 161.1535206596505
160.59149142143403 128.68388676649144
192.0564941921959 213.4126881806331
7.228494811587661 48.43158617147833
139.64375065097346 3.314007182973894
1.4463613063341596 185.78005326009588
11.902267547929334 21.80008636141467
121.98901206188398 16.02456385762671
89.63045671845029 77.36156729427154
23.37051921799643 146.90663406473624
162.30253711879112 240.37382355320906
17.268619855742322 107.86083452003089
158.6717763468939 127.08605899228014
133.77419475555635 45.95496431476484
181.17380990244388 57.654183791711
109.65820492435843 2.4396319119380507
37.38600375108631 155.94132911075414
20.457423147297426 218.4019821519605
169.50537699219637 244.90793585920252
86.71965349638042 171.0008140821356
95.36363327617198 7.753561382141672
146.2198671836795 165.24987771463321
239.96790623174388 157.73250866637412
94.30644424725168 76.27655278893536
54.07819837867378 79.111875624547
212.59127730768324 236.5463613689575
183.4939126728927 141.74765232234762
118.03831707977302 133.835289457458

41.11741970617688 242.82521168299758
110.24320490660247 232.0006123512513
203.67176533990303 103.5105470383963
55.97344082708081 162.61761423427015
2.914302432609567 238.2962040610245
61.09390279860663 130.05109834106477
190.74936371357163 79.44692959770089
194.5218709202532 69.01345609871085
12.655416982772227 222.56964504633456
23.98836018995118 44.82456773296067
89.5951934679865 141.83550972597084
41.830722057282024 218.5685048734255
126.93393983080716 129.083629499385
83.85323615417609 129.0467628790711
123.44039855118751 66.15040673099409
98.78987177164794 5.925175099721624
74.9506411018909 229.04136395345859
5.270174282051371 219.6657863875997
106.35089826219965 181.06101766830042
162.5640385101592 71.62607669821722
108.98203065442743 211.87725992340393
101.6549043817063 159.2224721665175
47.38719207177894 18.68035259942466
232.7542504683491 84.01336525377597
42.16039536863231 169.8133049276751
52.20089269347733 81.45387838519622
201.23977399830912 226.35187673164396
88.18030243658332 212.93440494422708
126.01325587681015 70.0475499808589
146.8202879032373 118.23129902385737
130.02440453752243 154.5669827518361
247.65125712140053 17.181386077623927
24.83168645123418 194.6062133962733
238.3463474281247 181.9589351488601
174.40808678129503 102.02128494748244
65.09247356224319 19.793981170002084
165.86410071017104 106.18465639778269
190.1281131419469 144.8472028750278
210.27557192147458 168.44600460958435
220.01622724714008 101.22951163921768
123.36907280793328 16.57468195306905
220.85245666912584 223.9754141610285
8.835700150172487 136.15062056632826
16.69756431077321 120.25105440646195
32.952024931911126 203.82335371281923
178.60628514681724 102.00961928551769
166.65898527754263 59.67897295961405
113.66041564196038 227.22198533512707
110.04946459501916 201.76873379510346
74.91588628011384 94.53958769524279
206.5186252134969 99.15410767337774
46.724287847882934 146.8766453895011
34.48243887127839 102.11917996928646
66.80388844001786 26.879209308421803
16.510516055492086 154.84187861949243
193.3822636915488 161.61091139995355
74.07903314467681 67.30580145559306
73.7152402783481 123.38510500887404
157.23637684329043 230.51973645154888
218.1749514353361 244.48360651423002
185.84802168969864 247.23299208655334
51.42809513353802 247.82438634730977
223.26581292617703 149.04558923849234
62.27256470210327 152.63151799884417
206.79327858780783 218.84809187418168
90.26276789091418 118.68422844962414
86.89480723869511 81.16031090877767
117.78670636908915 247.02925792227563
58.49105331080789 175.98556609889874
10.481816284819839 17.816725701789327
160.98754646935757 136.1899069933442
166.66514247056486 88.5535210715909
150.0796612046955 96.60988518159763
136.19106869531942 214.3068017573626
225.03931785660293 3.257212554447997
178.11440927540218 16.068247682477693
83.9201730834096 135.55412528011976
0.13537502184868266 49.0190556483483
99.43013413454477 100.4053688204325
70.76965724232942 218.98571273086384
177.76502888247617 79.47615010041994
222.68750257449284 175.69156322334845
129.0156625353583 87.43819126642342
144.57561794067044 64.27866890154277
195.0152659147288 45.779370985807475
46.39358438971802 116.53819654574055
37.91981373568065 80.82127292490001
76.56791725162319 246.17498031225577
206.02393609349232 214.45843144051395
80.79490145040307 172.21435556263327
219.73141519264652 179.16313682879627
101.08135591891451 106.00081241185683
157.16821307975377 3.9546658846993097
131.04558636647872 93.80338994609619
181.32039133848778 52.85622449673627
181.11562009504243 204.34430239708334
155.4318362651798 204.38407728109743
15.4637079181284 94.13557692761349
220.8646123229349 44.89565993815456
112.84237128542703 92.69678075785754
69.97060640067893 86.24581029467984
54.874111186111655 89.72789441540895
191.23096710267285 126.59348135049134
208.08670016323157 22.61576735871887
164.06236415251308 174.04633086926086
159.1010489308741 94.09725346595124
78.79917440983006 31.796117042165395
180.18366503085988 127.05087307789454
3.7632985249500264 21.344707710839046
97.67498719492868 179.66982078263933
131.70469417300419 9.588112056832825
225.3004851837086 31.014843125871884
53.48531327470577 174.16182011378828
71.91301045565193 237.17104320682503
215.49796820121844 83.513779952306
180.0888239183366 244.8330236971487
230.07476977407572 197.2390189978093
35.879875003287594 23.87516824276559
220.19438114899955 65.07143174146857
54.97852158968256 87.9501763346797
91.40981382947233 133.79492707324806
27.57361636437741 149.80985459562444
209.38629220218104 39.70639005023769
26.755690560209043 55.74633729552592
243.40799307298315 5.250307339613791
73.45506128874752 121.17777930082369
40.085214297264585 207.78735931983343
169.73840443068173 81.65939110766423
125.95051567047213 34.41585135611081
121.07170409241189 73.73888170271167
12.136408503791246 148.3586800394517
204.14977248089585 221.70747423563904
232.63982763637543 151.3590581105943
245.41919796661247 99.8761047819273
244.6030311164108 207.6393014687208
222.27881604402498 125.32249050645366
35.22120250286018 177.6924225659121
42.36443314113059 233.26315327256754
191.02146084795572 187.6618195428936
176.78424409000425 75.91211367417495
241.44923445548568 222.0128283840864
13.118297198858041 36.53486266019995
36.81717281491048 110.3183396204514
155.36976739327054 123.12152832344862
56.458941759796765 228.07886884494468
59.0357337939883 246.04130258021567
115.8839167874464 189.22659120107613
32.84797933196518 8.903542168353596
100.76953708407657 159.84814685894202
1.9948912966983867 28.51986912887494
77.06856208508111 153.96098084894493
242.63879944645458 4.545801192008342
209.65657459586842 65.80145612091198
44.9247253109753 51.74503102815689
43.96974189160119 187.72090713777536
161.38486630365773 218.03082831587014
32.95854623319519 83.91624796400679
96.4583746606302 191.19042867845423
155.9376394784507 175.25068924376325
49.42558484175319 20.2063839582228
95.6164860745245 57.14735146596467
184.90123649368894 55.265281992577215
152.18581202104724 28.78036273300777
94.69318156322257 233.92583982328648
66.73511599489595 104.67775397009247
4.34846351531823 192.97687875836758
193.0233793670155 25.498294003972326
237.14488674934307 204.48816516613667
100.89677491685376 144.35669574243371
92.57388884494658 117.94118182482339
122.5326603712407 112.78609801762002
104.6931694227316 7.99618270126401
195.9980977751298 227.69409089377342
45.913320241875915 161.93344801497
20.823576237176677 209.85256797479522
121.20707351288031 240.04838813764204
181.0567732778583 129.07359343953559
116.40509610722374 119.63167281814985
35.77462295064826 96.32621190765269
155.77551392167902 157.6609313756048
247.023772437296 109.84786994532742
128.66765556453126 94.22080892573736
235.6130511780219 79.82130448859473
40.95928158473591 125.49037639961355
20.317053735170038 28.478044364508627
86.07793080596446 92.63998298710949
207.92522568634496 135.3437439912799
55.46958066888696 233.58553101761893
187.27685678098254 110.07199552378657
62.12491933394687 9.974715712677163
85.40070842987669 157.97533410255403
193.97956605555987 242.81199610394145
7.356267284056833 23.0554521088413
227.61768660288146 24.06485782218695
57.774759725471164 142.05882732978833
87.54610221893283 240.7719372947109
110.98137167714397 171.43584932130418
22.008204518352947 18.063138392913373
108.5869234907548 127.32285192778662
143.8489343658138 198.2098251739121
55.07538874713397 0.1771751665832766
135.1204157581918 48.98601736656805
191.17295655867412 147.19177182573816
77.0359214303093 233.93218574548533
107.17232228372603 213.51064622085687
108.9272192061008 48.182864665457984
196.55446599111946 149.02788986573822
165.4998962142938 32.20203099285646
181.0149867307958 80.26836051329653
89.13564813723471 73.97480073142972
222.7595583504486 201.1162106631066
48.35458544283722 29.535607242939797
86.26248941840853 217.31397046383742
35.64647712568569 214.4846016477655
218.93811044590902 148.65876697781724
22.48308449228631 165.15326364176568
171.8041189422635 177.57209235275334
179.44339653429583 169.71190935986553
89.65184622986503 13.748015665030255
24.275015942534004 93.14817204674397
205.3314628909653 233.68916179558684
196.636062154018 243.43835846397613
2.072365700080514 4.388090117703358
146.601918743047 98.35483624106026
204.50867626249126 80.80853751423659
64.8575502306555 26.145443135593442
128.10247342422738 226.616228318033
72.4835747254779 41.714177648719016
169.61515172661424 149.68561140045753
7.303187076170476 98.72185425199976
56.28732262496145 185.1081621455534
200.4262603702068 113.06242271223299
127.6370721336858 216.66261412131283
171.77506756578086 83.51518706508482
106.07503812466226 66.61242536889733
110.1972082536311 186.83371411592887
195.16833377261904 126.84263479762559
58.32499244457992 200.63821996469935
202.53619788769984 189.9103055364831
232.59282773167624 110.14778625667488
82.76100611202747 200.26200049242357
184.32477362841246 167.54192157658252
227.84441056317576 74.42175889402155
89.12246531729018 109.46832587471367
194.57051066543116 223.4705466804945
37.88197378677952 40.87260570898957
214.79339254983972 216.9072910799841
82.02373023804577 186.6565390045477
124.99849389434003 100.44870938845804
157.2935363826504 96.07607595638218
186.3883404547382 196.62652462734678
114.3732261257861 97.08030310631982
143.6542761255862 166.80381873385835
207.14320013604421 160.9048958307087
152.92722526872228 186.90334243157315
45.529730727220496 183.81416962389
219.37648584806172 160.565015110076
102.25880049245225 90.67411714356552
205.17465550063363 224.432175157749
94.60848890457687 231.63336820935783
20.65125905005863 133.50569477587675
118.04108208178587 9.259799915470241
186.9802206745136 201.9390937063702
150.21746369822054 242.62139455697803
105.85702065962205 30.082599365913453
201.19066001393725 140.37390919757755
185.63998030606177 44.81458490842199
74.18203045027863 224.2721899557412
109.11708204305687 39.461038472454554
247.88452141627238 243.89628140779064
175.153862394063 186.4218990990312
31.2770167490839 21.53783934333095
137.69660106735992 103.36107579606482
224.9971574277414 53.66778902463079
188.39738446253125 193.83800226125197
121.79022120240268 36.09890111965772
92.11552365218037 4.043584969819963
107.61718508451997 218.0887072725308
153.8168624891501 69.6788980387788
221.33819111389644 199.75549937480906
245.66468256814812 100.33993737305477
129.8619765451985 66.40497097018397
89.654966878186 109.27133636266196
165.71137278302018 161.39217070524913
109.28992119505462 184.45139835647032
78.03649938894777 3.7206781046717765
128.5566074458699 113.03792919267619
187.34794523693904 168.2790517195415
126.1783983823554 30.89022527966831
229.54573711443558 176.3261504483197
54.72534929072173 63.51997159370201
58.30931839359299 212.15924334457668
41.03299771332281 138.39354132805443
36.233893453445795 170.72642759018035
71.95892482253741 180.77793749499202
130.50500343856177 105.59054726566741
49.565995947809164 49.834810911675106
88.56587534921675 184.4060677071002
233.8242114610522 198.53796706185196
45.04213524477627 172.05397223015282
95.06637574614793 38.848393363528466
209.3552014347908 73.59572844168157
98.08559155810212 115.64469221015116
135.54168167538475 136.09376435683473
205.47838654573096 242.7792389034627
14.349051341526476 126.67840384271054
206.93553825651537 212.33847647169208
43.350109690550255 152.49382597849936
214.21496325546175 88.44342114130826
69.62666103077208 111.84318945928867
142.61716268950323 173.20760648096126
97.64585738928108 44.59016043252145
110.03318462668263 75.6465098940447
218.81255609911582 155.80675352623706
158.5728637522302 69.12808084444097
184.40625758384405 119.51926047074815
27.328165933855452 210.38279510739156
116.52902164613337 98.49021404483005
187.44020570183596 187.225302349099
139.6850938967138 244.05220560481544
4.618129558898593 158.12792083264094
66.32952286315036 197.97737306982702
172.52060363689762 239.54841226440323
231.8147095348092 112.96225612841485
247.08476364737726 53.46040935390137
99.81367947843195 68.28149993669052
247.2178675829111 119.44949105947781
21.31319623369962 132.8527129453555
52.6650039175606 149.44897342146587
21.442991364883813 42.986363500975486
77.06252595514317 84.65568240523058
10.303424019320412 40.65728962619777
6.538771012026656 111.0903659362904
142.38217523384657 131.0665681327094
242.08920349127442 213.4111736101381
237.85308841652747 106.2546741379162
153.54149400177963 179.0394926785086
184.38495985374044 3.7685340593862913
205.02174310922024 32.77684801903488
78.20743441443013 76.0502919785445
81.44367190677654 3.996857534966619
68.42883206497838 124.72839491470195
132.8742778622339 16.594387967759722
205.56277307095465 189.12900080648933
186.53524620499152 41.48483581378184
185.8116821712904 180.43343225379425
148.9803814662104 58.10947759933235
214.49578833426278 88.10104466066382
78.44461404668273 97.1892885399778
164.04068547838463 170.09936363190863
57.37343851028939 12.56806481198472
49.667074992222645 202.6852722908311
167.27661744111126 37.01455387555303
139.3323860042785 218.74569068846188
54.19673047014981 194.5286355247572
6.783237827998861 160.4005514027417
73.71579982673785 241.93340977601898
123.88210733208443 63.81288270717175
238.83233821892495 233.8119758485303
31.076544877713026 127.74403743581311
158.46622940722503 4.132352780182091
92.94731556129132 126.43505683688869
135.26318089935987 189.66601198878593
146.42192999096164 23.212378035015885
198.17517794935873 43.812808057355404
66.4141397296682 166.19507914907572
16.578801004186296 95.23116052901656
59.1107114555442 239.84560453852384
103.47136898641467 36.52872616399661
169.18156940166696 112.35893925822685
62.656427000826135 157.9198061309563
156.97777856608272 32.2283682639842
24.26516634999093 97.46136302131778
160.58564988161731 107.07449508230377
155.7407682686461 184.7300805308364
62.2991917107249 179.38528644842594
112.76519461768147 176.67907116338915
154.69704085663605 113.78343929461768
134.30179689825908 159.4792174930716
184.05040997935382 5.538934328903705
90.35171165343326 248.4645211648883
148.3583737511882 71.06146336038447
26.724965721793335 78.88562110708114
43.50308479285025 95.23633533564596
7.185051716426971 98.63100566924452
149.56158027731965 178.23383763645867
201.07398607442127 136.5165199238104
223.1212993877982 94.56685944518945
198.2989676671485 191.89979292896427
187.67966825049817 143.11866723340998
137.58481618307894 191.69322149107805
135.47423170012513 229.8512212636711
131.94537389930713 56.063655085758946
226.99682292125956 55.82954737075835
84.68372015041048 79.8000282712904
31.504567997483747 115.79366654673687
210.1120411236237 59.902662568635776
82.17349588938866 95.78314601151428
49.67843709413586 126.01763617502462
31.44683879124141 217.86841381630208
79.0197528328272 106.43306603036979
77.5910636993147 117.50862327955231
62.37139121325261 249.25224403244735
128.1666956715634 201.72785476997453
241.30546025278665 4.814391169305293
113.01657818483079 191.39603126430652
242.9254056022404 233.0673584158658
231.27170687272732 145.09568089045004
141.49560934717027 10.422182972924826
105.81197194714642 160.48778059131442
11.657781368214604 96.64539383306173
218.8657208014853 146.22533920035002
79.06586798923473 174.88790421656395
34.7408582640715 141.30285839469343
23.54589645378613 210.28291007806254
66.72957956878489 226.8330860016394
217.35682804342434 125.57117767114701
126.0772206898656 4.0712862565236705
32.932259813831436 145.61522334100255
95.2108763711432 174.8775672010752
27.73817206231946 229.8851338827554
205.25841964299283 228.24365776846977
130.9358063958061 237.7129230245085
117.71447398819745 12.909022688215394
105.25493704234529 15.179857848058809
157.14228626369646 237.84604876154995
27.91656518516328 202.76343086726652
84.76733593410682 242.7260806470271
71.77623579273131 50.27925325667535
87.48237328021824 237.63646379163993
178.64279810217135 221.1453087801001
233.3692425547043 173.27022517075827
137.64389848487988 61.499773338808126
235.8688528434415 0.3523488885588677
199.52919033898434 234.96211931050277
92.63526597849936 104.15059881796803
98.49395808881093 106.49470492479865
43.43633055549173 51.453439326516914
165.37510136523525 168.6606542551056
144.78761283779767 163.80547799579446
150.87166069627804 162.86120126795893
220.75646831150442 88.57172431977322
127.0138764874676 14.76987514963582
51.62747346104254 242.32000037492944
143.766472293114 85.88424605540665
127.83251440993659 48.26501506605532
84.43724366763153 212.18122475252846
237.02412036933654 86.4175576347856
6.611912827122174 142.1966949521542
56.7939560848866 105.5948650970554
176.34011467409917 182.38357210868318
32.28877910491787 189.89791568374858
26.84655331448052 184.96362076199347
181.52898214496875 13.688472557624316
243.9302689566208 116.59570281325699
246.7161072460976 204.1724485036103
239.89173235051987 122.40456895408686
221.75330303207042 178.72952799129195
184.0425335480777 15.567795522381411
214.03955322305717 217.142186898318
160.61354537630575 217.58217999946862
121.61012157903495 16.97789880224415
0.2265191453178217 245.3758712066521
70.14033923806583 174.50311619767322
62.553956160546875 193.62483831819046
83.1947949194749 57.3207528334373
40.01932126697408 185.6193179761314
129.44164260045514 17.30313623223248
108.10260046334838 183.97730115563448
170.18665649908232 115.47498125292351
174.47526266005752 154.65561601338933
34.35558434795383 211.0406106102212
36.651710877053766 58.00177816776203
118.88554421310147 241.10008590001834
154.23701419097884 242.30997082333647
103.55364671604895 162.6484743863246
110.31991793396855 97.96929326999232
215.79400156410105 34.222392544948356
237.56914236644607 56.314630493257354
65.6552168242269 8.33878900540702
224.1374602689754 157.65294196468136
68.73047708439175 202.73223251571378
57.77344111407942 10.67702680688018
71.34870249519734 66.20789304028557
154.52589342708623 54.02201797371839
83.60360683929468 75.55695755056729
54.6602583310308 120.19241833694943
195.1948692421253 162.44857238989033
162.0783391998332 15.369425719441693
21.490865872627996 129.32291154049074
42.134272499934845 207.75648987791226
186.98782166750783 191.88668031175288
217.61929957919955 156.8675739142548
89.60243046140565 238.03299200269987
201.25659957607118 117.7987878870845
212.5699060559237 204.39566575647814
84.74272097161823 246.81343200182215
164.0771754149182 115.16978793767908
226.379101411644 13.008536270841088
119.66114347455961 161.4878863804936
91.38981729427384 35.01195258007772
123.57232892370773 123.28615683334974
186.7927123911318 44.33315004370866
198.16992995894165 154.87523226407967
78.16263194881243 48.454120231593706
4.992684102912897 31.13661055433839
229.4603285699153 231.56956574635856
117.95802597511457 229.88222810928335
127.69712147265771 97.66095122594895
66.15488431514643 79.37724942065422
130.61900077692317 91.06870992757321
52.00047233352873 189.99974677842147
190.52951336920572 221.40567751287858
4.837861783212382 171.8574520499743
35.912656561579965 162.52764085829122
224.2174975539277 33.9784676312338
207.4431841133514 191.42456082625392
201.35684547014458 88.60608531077746
183.0496762881004 127.06480788234711
247.35825080783968 38.391542412871296
4.94608026150678 139.78165108709794
149.91542326009287 46.93976279418083
94.5901331267116 66.0813683237737
111.23436398334208 68.0110284628355
219.93495718323229 234.20131994113967
196.1864961908794 137.18640387074248
229.11776618565074 74.20449531266333
177.6075246836004 106.60879602369936
36.605884546428605 135.1537060549755
177.42806283196606 238.55289505573947
245.16954047347207 143.8587331458596
84.73872162252458 21.54951439762215
74.97421459753475 48.524306372028924
161.6865614097269 89.83355784612567
115.41777968624625 191.09745720216281
162.71939858154758 103.08086054137594
154.5178697659506 82.468793778264
116.92105868109687 161.0192401010625
120.62589540667662 46.15677673664176
108.49159990080612 72.88927192655991
231.41405411022248 219.02565691714298
191.81617445292852 112.71650610286821
16.051221407245187 119.82366277038727
206.2826503072057 228.27850421234112
199.01673826339996 98.34120291654766
201.58496401897156 211.55415210911963
205.0208737947855 52.68473763898932
122.28405005688053 60.85626643158506
122.67965449662951 197.84534898316713
225.75871002798928 35.91587574033722
87.0857877709884 101.6091647427354
236.99059088911682 82.10843100238158
77.66701563125383 63.01360210444526
141.7889341786768 31.714774856149486
220.4161209500959 164.7957849700804
226.19111712063557 111.29228448708758
68.2837313959513 229.68669067189833
189.13075913288063 106.08719294469451
112.43325968599929 60.01380499095424
183.03845058721222 122.2959561684969
243.41633216865847 195.75426455919302
102.7884773033356 168.07692876103326
154.446170924169 17.713843427804605
53.64757980142731 9.025245477481736
83.55217852844812 170.2113365418102
164.27231903765508 67.03970484869754
167.85397171465098 227.54510486672774
3.11192839887961 27.37810346237618
145.69339177754802 153.77252255922505
23.705244544484692 106.70418805383528
109.37925782648311 6.287485664775411
96.54563427820456 89.2015231409784
212.06698200179378 22.805136899205518
120.05406049340037 182.2563243125785
67.57842824612669 33.07268962279658
94.98099253124114 134.1427530350735
25.110271832088806 17.665599832839884
64.80734296224585 133.8793286321349
164.92071425117814 194.93226766373263
102.73154141546078 17.750108174479585
118.35418288573064 85.49647950107664
117.66378523653312 164.06857609075507
189.00075824458148 43.42366474648077
160.72878357166695 247.92896704310792
6.207631814201974 195.89843311663464
215.68728544399258 122.11096347114669
47.5515549796878 6.5452186890146145
195.77094378983617 244.01349353045214
0.6068225012618722 29.79472071461356
221.77576295189732 110.71044275427668
131.54881797888456 215.61500673822786
217.286039367001 47.719236268704805
110.45828913381564 8.888821844979772
29.208389022167243 131.93723211247044
65.99565387443995 89.96534071697856
215.22934991210474 30.69684074990184
129.8408837420444 142.01638226021237
155.30911808171345 19.963597633254672
26.77581956433564 35.08180069456515
65.09352187993193 107.3865345053533
8.406465988870625 171.87178465485192
164.74245432340135 129.65609283076114
134.33283299352698 106.77191950628016
137.61236587892805 58.4878724560472
12.054524909812764 44.09179104717054
129.43621981304707 3.473518080649496
70.29504341884137 117.08582965015924
69.89226412393532 149.77005337344607
243.85485715027954 173.80283682518888
42.45236540606451 19.252676633160075
241.48087968941056 213.10750095634467
82.61809488705205 9.789555865687221
17.816626994699604 52.80258859494763
57.04355661057711 249.0195269127298
52.6860163249557 98.57281183098395
131.40460385846023 151.00026152008607
6.648691727453137 150.53161578334795
153.61731175119417 16.58565480824059
50.90975439010717 58.47093668111497
239.7298360150631 223.60339543823517
181.5076375799447 118.46008449468859
80.17768375092452 194.06605047292481
76.90020759061456 2.8930789577225613
213.9279009946707 121.33249072265504
142.80580218892226 117.94507246474225
172.3576769001897 58.137755908029945
194.31972595341645 167.03092304564603
3.0767834912973635 46.748666542210714
47.25149792083674 140.05994453550753
224.749697382503 51.353379552578794
146.93995968602678 142.53684658338972
194.3211216084159 64.31754631339928
40.98094215684006 192.8598474935635
125.90893019682511 215.16522635130653
235.37207985593267 95.71444443155063
157.2145353904406 11.38801527730543
201.72088198285587 174.73935055618296
21.695104920936625 40.88636425275355
235.47741298912158 197.39998523760897
77.77732838230328 84.5213771500039
208.66926401977796 25.805039165804455
111.89613534967735 40.462761835858814
102.72807931018843 192.53761228408305
64.4439269759706 105.50309157691915
71.78952761310536 245.19711440211074
168.06222902110028 94.38502561399622
61.14357622549748 95.25067981210947
108.17656290399741 107.95293408076073
61.91378000298753 99.3878746902368
59.51720809615008 235.88637717599497
139.02782568560576 108.73412015588954
97.63024385602087 111.59796206636852
60.04055210632659 61.53331680284932
81.09394903788669 74.54522896733786
216.59013171930434 136.4403154165861
228.08053201727878 45.212366951855934
83.81025073903808 246.6643914154133
47.951697174448086 207.38318325358634
175.37816190914305 236.0143133871686
37.145383345183056 156.93368032750368
111.30647408286315 190.5317235213529
151.1558510945235 96.3907018097101
52.461666926502396 16.615826332084527
221.11305011108604 187.44719125668217
111.72708249885972 210.14498678404732
203.61136339107594 18.670003633668745
220.18682044090787 16.05287211478948
175.0959221624241 208.29423290434914
233.30679761500966 179.30428773772292
53.30836258973704 44.58654792920741
6.7000727328365155 51.42950679095254
58.108834561742675 194.4293549461011
210.38766499642574 184.44687569678442
36.722751901904324 171.05678386029604
13.045388477421898 191.29614616410473
36.78135929011195 63.983013519540336
45.42950666715434 55.839859227852614
62.69448944817974 81.50767073432166
144.3350156116808 206.72495398909115
177.17992941247255 28.246999050995232
24.762742178199126 11.981260832896329
140.25686712885343 120.46714451684349
73.34192507988246 39.37228002418405
53.63933567228047 11.569447307230863
213.98190659401587 135.2299551117794
159.41928299699742 92.23429665129318
107.24081158674537 241.82381579182706
67.79432550319281 175.57482933311738
96.39025442410909 55.44044205604853
13.796793859135375 168.63991601399428
229.27361741173826 136.07949880561628
69.41119158102724 137.18191749040315
123.25019582555069 97.70073165344101
108.79477675250962 63.035488996051406
168.66310936678553 222.79876493727957
243.60244378416775 62.9029934158
236.08717781671126 161.0934243507076
90.5470502628505 221.23812007421446
36.74467966588452 64.21328646206275
38.12313505231427 147.9657671429992
109.0714480125651 143.8499543104016
190.0799052508878 153.33194066697254
170.20102445002118 30.070432793306818
237.47189850038654 103.8527163604594
214.3575072018533 186.83781308392483
153.401114909346 216.1018670747006
239.56320701287015 75.34754695066297
18.557123193367385 239.6908742673287
206.4558757297304 158.0783423208088
27.016073645512645 177.50064196726854
86.96795899895005 77.23063287433993
125.13611021840312 195.90475783082067
49.49833665781017 46.282378819271216
16.27173326114914 122.48573061404899
122.57579809247015 66.8987990558311
243.0101157189523 188.30527654786613
120.09686501372835 20.97523882914612
167.94127013549596 107.18243667977129
227.3820089480749 164.74122944135598
147.63484245184554 169.65985279905107
103.06500826824272 71.01193696784222
97.68819750472201 76.73334624299935
26.665596297155147 28.81892355976029
41.299928548263864 91.54289090804527
219.01111935723102 226.09772468612664
34.871557952222545 9.102271595637202
44.75044737730721 163.07224704852433
185.8622081578296 192.08272306601748
112.65684662940775 95.30525137893248
225.47463601375907 20.370240727968223
78.80832093210464 100.327355371774
225.75960261356897 16.97655551257621
80.34245101702234 75.75703829499223
192.5011702172614 220.6458762909514
14.465391046257576 246.98329558808936
110.26790227192195 52.122856062934794
242.6838202778201 25.143410946397882
217.05755815700348 194.06506820596084
65.71173613415682 78.10385704106845
5.862392255519378 205.36927982978114
244.80586059094506 25.353507109124095
203.3286599250283 62.00095365772207
20.38492305180911 157.9088492601042
236.61271094434562 152.55492983877875
227.90314085417228 44.264088769707385
159.74389046806314 158.5174911007979
48.280346312196684 152.93767554320502
29.2065841356188 20.10011182409388
58.38976191806586 62.09183271969784
228.2869325955515 194.1452190134507
121.20438580651943 181.73389685685692
41.486154123569044 154.12166695237107
186.93107130761382 50.81511109547498
43.52325164412024 0.6287848350448599
35.66406320694882 116.33945178448482
151.81140715535835 17.847661305544744
6.445056266293742 231.39978295995405
61.684002330230356 173.51139897515793
168.9449974912372 156.08980605825928
123.72572407020671 236.02084881067086
166.55228482240108 56.81749476688963
46.4591371995548 161.81988472859086
119.72755682812786 35.1366225646986
110.20842248529947 118.64250903032469
23.905551812813453 115.05787768226025
151.08987207716 16.070950977567165
181.2289771638713 237.97283904515464
110.57806724098008 190.29048326569853
55.60283482451284 35.758324978156146
200.66722500139903 225.0638589563384
219.25832807990363 163.72072551488452
227.75787746402818 125.14334924408946
26.343304716029138 58.090061475434105
218.94677902160254 160.41390485604845
171.50334688217515 78.71626687238667
74.39534809964576 138.69242921963618
136.7946654920096 227.1373353586529
14.370841006626584 207.93564025874977
33.351033826130084 196.0891432913922
120.68130363434537 49.17225509641809
162.76068744776407 100.53382601400065
23.365480205574578 240.3129646662467
48.03215413639714 160.88730027558722
114.13051597885845 208.2679905906572
100.67094220110889 175.95264437886686
93.88286906817153 147.089587750724
23.60191419618363 191.87698088077522
231.5999774222008 229.04587995354711
115.93687496569125 241.67105274628952
184.4900425812755 137.33403348611813
248.80323533063427 211.53864815206137
54.14208816065813 122.20721447715354
155.29052668757947 76.45809248498095
65.78620915799085 215.29720135307002
40.94176873492692 73.18626704569822
69.90831817947704 201.77400039845685
233.30124956618397 90.21218105473258
193.8720066657217 182.92178043873184
96.5684851560851 215.89896239152768
83.90138103009102 146.19166753327337
57.420792295645725 86.21090469244885
134.14515483383485 55.61993066308388
203.18535716925686 211.17626086086022
71.814576455781 59.98977194263974
193.87267237984707 110.28892506941982
18.233740804391026 234.1736029775549
240.67572762377415 135.9475996484639
97.00926949503605 31.738017079936427
90.272770313407 27.325966585185853
234.81433392071662 16.218017389676405
227.29533120834907 2.2416428633289245
212.4284088462008 182.6376953980543
35.987898432666896 203.02865215669593
44.2628681790676 180.2100041113701
167.23934169208246 46.70434672643878
116.13699648795343 43.466934401072685
196.35752984275445 33.44188396623441
208.6475492709177 53.04389832579506
75.00114125206916 81.57597042176553
99.10243225287508 233.7942563520585
218.23447000163844 34.31909779770071
171.54832484884315 98.45469980435354
75.11748866145693 173.8227625816654
183.84315695482985 1.1170020834578298
105.58686846988252 175.98784298751207
145.79719697222765 104.07768826542538
11.52753980225979 159.96460599380094
66.5456800899647 105.83885441311216
51.03663466697675 158.3122002892704
243.75606503919028 249.72515505623437
125.2419894394232 16.38190778159798
36.01973805351613 89.8170749543799
218.79046507019393 25.32474197861584
19.64689432675201 96.37571674966547
156.43163495982938 160.97662442464673
192.27952983054558 144.98619911940028
43.329356887039204 229.69668570959408
66.21986782617378 195.4836981723893
31.729892202168042 52.11714170358245
165.87625040447142 245.5090444307284
135.00337753630544 104.48738228884783
66.98125131033653 203.6169844367154
119.24767170210052 171.8480153972692
64.48851377081743 43.37544679310992
31.3696729930697 153.687396075032
36.192968114977766 31.63842093036179
42.68617097129876 218.66088236400435
68.13359295808607 39.60766061387139
25.01867202316482 52.54179026621802
162.16912140481415 89.25850173429326
146.91158187295682 183.85208091507693
116.67405600249577 162.86166478325495
4.856309883873422 102.35601852212362
173.51275391819618 161.9877756151049
68.01833052625115 15.028699815875818
8.378872266613492 170.27670159929482
0.1529379899512795 95.06350924926294
123.41030750236678 25.25780943658168
39.50008892116738 233.0812867897669
161.8833382432 100.91741009313083
166.7311672753553 180.5344447397136
162.73257218877282 202.33066052665114
48.55723844441126 244.16056973081857
93.32913145207253 69.79447611888537
2.8985005473140535 225.3309166214893
173.2453199355842 28.77634829008685
21.88784342176883 232.27536305124445
90.51466148253031 32.08450961960632
161.53632351564877 128.80250418254786
239.39181086134505 167.08072921409106
142.27209286257835 164.63822776495476
152.4939496598005 111.84980124669264
103.10294967857672 164.5679198372682
215.20587257092058 156.47168742416562
146.2960158936699 163.49826271002723
29.203666744355814 133.8369482833178
26.758538984829105 243.31064897773092
153.96486773503233 11.487632299609363
156.23436377283576 148.3179928712137
167.3582959190324 77.61673695260282
226.07143966157838 7.938594479006383
137.94125439385138 248.30914398092887
109.01657528637479 77.47326258391251
182.08996118883834 114.2992303403681
199.2106260312093 187.84246817300968
204.89637604755612 60.69171187667827
192.56204071271557 147.18147894965819
135.37856680795517 162.85605148452396
114.62544755536169 243.826123232942
245.90065644816983 66.17054350689247
247.37356542755478 33.28264781440929
213.90622490458819 167.06217227954502
79.18621153687319 41.018759164648365
71.27562387755823 34.80456526010251
92.53034845338246 94.35154321907737
28.50425142526175 143.59437921011965
162.9189358043385 151.60584334701838
33.95022795484984 37.9013102441281
195.44829708567136 99.03334666106561
203.18967725724227 196.84296508036584
149.42667039072822 29.190959127502055
74.94751280933207 201.6430204848596
106.50223407952453 230.5115572879881
138.98058955305947 41.45514832102726
161.0713715133218 151.91704926856667
132.4605312482654 184.32728992519841
50.22293500301242 48.01331619704297
175.31128325641203 185.39778870123763
54.41555611165061 163.86970843049994
240.27830762342833 143.50497585085424
174.2272519458876 179.2495280967787
175.49764450826717 55.405532235074496
46.30775847002688 8.831980239885212
92.24992319520864 216.47992188453068
37.06525286482015 247.48488161686765
50.306872144174704 243.34102128940324
74.85726346444568 44.811642653182716
55.65345105472147 145.82047833889945
78.31793180412411 128.39214419004514
29.263774730921536 161.35849479040434
114.19496225618303 96.41834904762231
53.09285624803839 49.43820076415381
70.59384139696262 61.66209250147653
106.70667514751875 51.9655636215042
129.46033395793853 164.0214127227264
113.07225049410826 112.85629933758418
176.35214718713524 189.9429591403125
105.23117275255412 3.085979462799676
235.26734614404774 9.895203002635744
240.27720637235328 82.95729321980133
44.58198728184376 208.67232324529317
133.62332076773006 144.7220669997306
82.96655394580254 240.63462971750303
186.98265705181424 126.40459484016559
178.34987564186866 25.00789539385806
157.82214898748413 184.09480614377674
136.69687719224135 92.90765695955075
95.49220433454958 170.728781845505
117.29410328856535 56.55557315314902
244.29450679150943 193.74841445281217
135.4592138146207 221.4430918302514
57.44582347389338 61.47156705612114
168.58926415339582 244.18252669814774
77.51895066742925 160.94833728120588
226.39047172648864 144.51121017923344
70.32487528443507 31.67264969079195
90.30477939194445 62.25405813756868
9.423297201444026 40.02533676506636
26.050031654169388 101.21256172278814
115.66158328580944 198.7559232693486
48.30916817850453 199.22477965395683
102.49349290120361 84.11648809754304
66.54642246956358 12.078057583935959
118.3892409616211 168.97473194555027
39.209424342725036 89.79547672593846
158.4893103205727 187.2270499947983
184.8866384166118 78.08506675924404
171.14907373505457 103.5997968046026
190.79193668836663 141.26074779768945
138.79710209123664 120.62927649402047
232.07766012887421 231.1386637671267
22.955519792656865 72.29616538294408
199.21799057607714 247.58434505235167
124.52346140024864 243.7477511007282
86.32126322491554 122.10670550740002
141.37413570555879 46.468960800019914
48.48032084474516 112.16199754341616
55.542232132442024 75.26979810153009
187.49696375276432 122.46059319495802
60.30217423231527 147.43522043020883
74.89555480682503 141.15780283229205
239.28608868225638 113.20885422253075
152.6577212980665 238.60399953106835
39.51205986552886 143.94181371614724
227.90350078022368 71.41062738887413
189.30072316125728 185.8065668246393
123.32606807988888 193.88950600429044
168.71279861242445 11.782843064658376
30.558191388296045 47.52622291342129
206.7591806974213 59.466211605527505
233.11478962034712 234.11647463934872
38.701306163277074 128.94127848873637
110.74831867731477 15.48883602405371
24.098680571746605 41.757869033528046
169.0237788739764 178.93199197180894
157.5912985938098 99.9615216898009
180.7893302388386 153.77409781661783
163.68540893639627 104.19967295703475
59.73503463722238 47.76744261863553
51.16344529904077 76.31833892529019
121.14687035505179 48.258377014804594
75.81139403864354 186.42918204223653
67.47091593216054 164.6038063161488
175.34051258915503 168.79921431836559
7.607859005297202 221.21922067650863
141.2025220146247 8.081807484998565
41.02343194670171 154.33731394823016
155.9380115824034 133.29782714939233
185.4208834407009 214.4474024840292
7.752974925989226 40.76922003809133
133.5630664133546 4.450679519994338
3.5931412276317687 189.70199923546286
19.45098550037802 19.09184805478434
118.82078052520545 21.517100474483993
91.20262364826745 85.39622586465934
22.826095036669216 151.83401365180907
162.950812211936 243.17707491777256
12.5436588683997 104.16251011036937
164.03993017009634 132.90500710229995
138.1070560245665 53.03660018661363
185.8064099690748 60.42942820011957
108.27238436281742 6.17545269743025
38.63559056926147 159.7714284359748
20.72541786637258 211.5080907261403
174.9902865133864 242.21568728390275
83.56791401988085 168.86880588492568
93.87792927134997 12.545143836467265
150.41957054447096 162.72675327498538
236.2565090509528 152.56939754956062
91.55070331899365 71.69022513289922
58.307059989406774 72.12034043279586
207.3680907726962 235.76484335402873
188.49133343972017 148.26792509510256
117.22538430331502 127.21741492268713

648.5
103.2
68.8
286.8
51.6
720.6
172.1
1201
960.8
8.6
129.0
258.1
258.1
51.6
72.1
576.5
51.6
172.1
68.8
576.5
324.3
216.2
229.4
432.4
154.9
34.4
77.4
1080.9
8.6
51.6
77.4
129.0
8.6
720.6
540.4
154.9
68.8
172.1
25.8
216.2
25.8
72.1
154.9
114.7
960.8
72.1
144.1
103.2
260.3
144.1
960.8
36.0
960.8
86.0
576.5
1080.9
34.4
129.0
51.6
540.4
1201
25.8
114.7
25.8
36.0
258.1
68.8
540.4
103.2
77.4
1201
129.0
34.4
36.0
172.1
480.4
216.2
36.0
720.6
216.2
68.8
17.2
72.1
77.4
432.4
229.4
114.7
286.8
34.4
720.6
34.4
1201
864.7
108.1
108.1
154.9
86.0
600.5
258.1
432.4
1080.9
17.2
72.1
1201
576.5
288.2
864.7
258.1
154.9
216.2
68.8
108.1
143.4
34.4
17.2
8.6
576.5
68.8
34.4
8.6
86.0
720.6
648.5
137.6
25.8
137.6
108.1
8.6
68.8
103.2
154.9
260.3
258.1
72.1
25.8
288.2
432.4
72.1
172.1
143.4
600.5
540.4
114.7
144.1
206.5
72.1
144.1
960.8
286.8
720.6
144.1
172.1
480.4
51.6
480.4
144.1
1080.9
576.5
324.3
324.3
229.4
720.6
216.2
77.4
25.8
216.2
216.2
17.2
51.6
432.4
114.7
229.4
260.3
72.1
1201
72.1
960.8
576.5
72.1
51.6
258.1
648.5
72.1
144.1
51.6
34.4
68.8
144.1
1201
77.4
137.6
432.4
51.6
600.5
51.6
51.6
144.1
864.7
720.6
103.2
864.7
77.4
216.2
216.2
324.3
77.4
86.0
114.7
216.2
17.2
108.1
229.4
480.4
600.5
36.0
68.8
8.6
17.2
540.4
36.0
25.8
258.1
154.9
103.2
68.8
480.4
114.7
36.0
1080.9
288.2
17.2
17.2
68.8
8.6
260.3
68.8
103.2
103.2
172.1
17.2
576.5
540.4
144.1
600.5
103.2
216.2
154.9
34.4
17.2
216.2
648.5
34.4
144.1
288.2
143.4
25.8
1201
258.1
1080.9
8.6
143.4
1201
216.2
25.8
154.9
114.7
258.1
1201
68.8
36.0
17.2
720.6
77.4
143.4
480.4
34.4
960.8
103.2
51.6
36.0
258.1
260.3
17.2
260.3
17.2
103.2
137.6
480.4
576.5
432.4
288.2
17.2
143.4
288.2
960.8
114.7
143.4
144.1
229.4
51.6
229.4
103.2
324.3
36.0
1080.9
143.4
77.4
720.6
286.8
72.1
36.0
206.5
960.8
137.6
51.6
288.2
108.1
576.5
144.1
51.6
720.6
324.3
258.1
324.3
86.0
576.5
72.1
77.4
143.4
206.5
144.1
114.7
137.6
17.2
144.1
8.6
432.4
17.2
216.2
114.7
143.4
229.4
72.1
960.8
864.7
288.2
51.6
288.2
540.4
17.2
108.1
286.8
103.2
286.8
288.2
288.2
103.2
206.5
144.1
144.1
86.0
648.5
8.6
258.1
216.2
540.4
540.4
144.1
86.0
144.1
540.4
144.1
216.2
103.2
17.2
77.4
324.3
154.9
17.2
8.6
480.4
1201
206.5
34.4
137.6
648.5
86.0
103.2
432.4
36.0
72.1
960.8
864.7
17.2
77.4
68.8
144.1
432.4
432.4
720.6
34.4
172.1
720.6
17.2
480.4
216.2
576.5
864.7
154.9
324.3
137.6
288.2
720.6
288.2
324.3
77.4
324.3
258.1
8.6
576.5
72.1
103.2
51.6
137.6
1080.9
143.4
576.5
72.1
72.1
51.6
103.2
34.4
51.6
143.4
648.5
103.2
288.2
324.3
143.4
144.1
154.9
648.5
103.2
648.5
229.4
129.0
17.2
68.8
36.0
206.5
286.8
86.0
17.2
25.8
172.1
154.9
260.3
51.6
17.2
229.4
1080.9
258.1
77.4
72.1
137.6
103.2
103.2
288.2
68.8
229.4
103.2
103.2
154.9
324.3
8.6
288.2
72.1
154.9
103.2
1080.9
172.1
216.2
540.4
576.5
51.6
144.1
25.8
108.1
143.4
600.5
216.2
154.9
77.4
576.5
103.2
72.1
600.5
432.4
960.8
154.9
51.6
51.6
137.6
864.7
72.1
108.1
144.1
17.2
288.2
34.4
172.1
72.1
432.4
172.1
34.4
480.4
108.1
77.4
229.4
25.8
172.1
129.0
72.1
103.2
68.8
480.4
68.8
77.4
72.1
108.1
576.5
260.3
17.2
576.5
229.4
206.5
144.1
960.8
216.2
154.9
288.2
960.8
137.6
51.6
34.4
286.8
432.4
216.2
432.4
154.9
720.6
480.4
108.1
36.0
103.2
114.7
34.4
324.3
229.4
576.5
432.4
286.8
129.0
216.2
51.6
960.8
648.5
864.7
68.8
600.5
86.0
154.9
103.2
143.4
137.6
68.8
216.2
258.1
25.8
8.6
114.7
288.2
206.5
206.5
8.6
34.4
129.0
51.6
144.1
960.8
25.8
8.6
720.6
216.2
1201
86.0
34.4
77.4
324.3
34.4
258.1
68.8
144.1
34.4
172.1
68.8
288.2
260.3
34.4
51.6
288.2
540.4
540.4
36.0
114.7
144.1
103.2
51.6
72.1
129.0
137.6
144.1
258.1
25.8
72.1
72.1
51.6
206.5
17.2
540.4
51.6
288.2
129.0
72.1
68.8
72.1
432.4
1201
288.2
77.4
77.4
34.4
216.2
288.2
144.1
432.4
51.6
720.6
288.2
72.1
216.2
8.6
68.8
172.1
34.4
288.2
144.1
144.1
103.2
72.1
206.5
172.1
960.8
286.8
114.7
51.6
432.4
216.2
25.8
648.5
108.1
720.6
480.4
17.2
324.3
480.4
288.2
103.2
648.5
108.1
216.2
324.3
286.8
648.5
258.1
1080.9
86.0
114.7
103.2
68.8
143.4
154.9
960.8
172.1
17.2
324.3
72.1
34.4
258.1
324.3
229.4
480.4
576.5
103.2
103.2
114.7
51.6
288.2
258.1
144.1
51.6
8.6
324.3
288.2
216.2
540.4
600.5
258.1
1201
51.6
206.5
600.5
172.1
137.6
720.6
103.2
36.0
144.1
600.5
288.2
51.6
144.1
36.0
540.4
432.4
86.0
576.5
864.7
137.6
960.8
103.2
216.2
432.4
600.5
68.8
114.7
154.9
1080.9
68.8
114.7
864.7
600.5
8.6
68.8
1201
34.4
206.5
229.4
286.8
108.1
172.1
68.8
72.1
229.4
480.4
68.8
286.8
288.2
864.7
432.4
129.0
129.0
576.5
172.1
432.4
260.3
258.1
288.2
17.2
288.2
1201
258.1
540.4
17.2
34.4
960.8
229.4
258.1
229.4
260.3
72.1
432.4
34.4
288.2
600.5
154.9
288.2
51.6
137.6
144.1
86.0
103.2
324.3
172.1
25.8
51.6
720.6
154.9
17.2
86.0
72.1
72.1
720.6
432.4
51.6
68.8
864.7
72.1
72.1
36.0
144.1
288.2
260.3
103.2
960.8
129.0
86.0
77.4
36.0
216.2
432.4
288.2
288.2
144.1
17.2
103.2
8.6
137.6
260.3
648.5
129.0
72.1
68.8
286.8
34.4
648.5
260.3
137.6
108.1
258.1
432.4
34.4
103.2
25.8
137.6
72.1
229.4
172.1
144.1
720.6
258.1
103.2
206.5
960.8
72.1
144.1
720.6
25.8
34.4
540.4
229.4
103.2
86.0
960.8
540.4
68.8
258.1
864.7
600.5
1080.9
480.4
216.2
34.4
324.3
432.4
144.1
1201
72.1
72.1
288.2
576.5
17.2
77.4
25.8
172.1
960.8
1080.9
51.6
8.6
258.1
72.1
51.6
648.5
86.0
114.7
144.1
1201
51.6
288.2
36.0
36.0
154.9
288.2
72.1
324.3
77.4
288.2
129.0
72.1
137.6
51.6
34.4
258.1
17.2
288.2
576.5
143.4
216.2
144.1
600.5
540.4
72.1
216.2
143.4
108.1
86.0
172.1
72.1
324.3
72.1
25.8
960.8
34.4
129.0
288.2
114.7
172.1
68.8
77.4
137.6
154.9
86.0
480.4
206.5
86.0
144.1
154.9
86.0
72.1
286.8
229.4
432.4
432.4
864.7
206.5
72.1
206.5
720.6
143.4
648.5
8.6
720.6
34.4
288.2
960.8
1201
8.6
206.5
1201
108.1
68.8
108.1
206.5
286.8
432.4
172.1
864.7
216.2
576.5
36.0
540.4
600.5
143.4
1080.9
129.0
216.2
86.0
103.2
34.4
720.6
216.2
288.2
260.3
576.5
540.4
286.8
480.4
288.2
206.5
144.1
1080.9
286.8
540.4
17.2
600.5
144.1
172.1
229.4
129.0
17.2
229.4
114.7
288.2
286.8

8.6 17.2 36.0 72.1
17.2 34.4 72.1 144.1
25.8 51.6 108.1 216.2
34.4 68.8 144.1 288.2
51.6 103.2 216.2 432.4
68.8 137.6 288.2 576.5
77.4 154.9 324.3 648.5
86.0 172.1 360.3 720.6
103.2 206.5 432.4 864.7
114.7 229.4 480.4 960.8
129.0 258.1 540.4 1080.9
143.4 286.8 600.5 1201.0

2 5 8 11
5 8 11 14
7 10 13 16
10 13 16 19
14 17 20 23
18 21 24 27
19 22 25 28
20 23 26 29
25 19 31 34
27 30 33 36
30 33 36 39
32 35 38 41

