32 3.0 0.0 1000.0 3 160 240 100

244.0341385773128 124.06944504364783
123.9748882164057 1.5190478893253034
71.52857065331536 145.2331134774349
68.29067458084708 239.9633499152915
27.803692396915437 24.233901030242784
241.19375853300326 216.07924993011727
243.87926297790625 137.70330835574194
212.65090759764425 239.73898998031032
227.24066329560986 187.1207359397504
157.91296963614013 151.41168833599852
185.47377919675552 23.76549636263095
168.71715822933805 74.15200840481178
177.73791123800828 134.78585338176148
138.40647324200395 146.41455036199258
210.86060272177588 72.45991541109667
155.86301478734745 108.93483585978255
183.9048984545141 93.35554306084073
150.26742390453393 154.80535350845938
22.227407345083662 63.13582898940934
61.4878566541237 125.94048032291228
238.81405066126362 23.578223110992585
39.49465108639294 103.11051388172554
210.17061674291423 155.21351348907388
247.0002033537154 103.58894426353982
144.38458923012536 48.7021516560332
181.7417947676757 3.5314933768181564
242.98796456919771 73.34793146581003
180.8504421324556 49.04129568704207
91.84908888410293 187.96296385898594
223.67581467527475 227.57768580106068
150.75007226620798 222.3526697376255
114.31449880472455 27.27620265626951

242.36757285431847 130.33075773712144
118.13314044899387 6.769597932701071
68.56621140437983 151.793421532643
65.35178274694184 232.93133779215347
30.074826479299933 29.381630506027296
246.34668884986252 216.31646324528333
246.0066229334566 139.65287687033293
220.16174483585255 243.1451474035779
232.96873018270935 181.87270530030005
157.6729807826477 150.2619061558779
190.71226558021343 29.856660602341158
164.9801387124855 76.56073780477222
179.86391715602207 138.86850563673025
134.26748310941113 142.91030311712663
206.06196138504387 66.5905269599703
161.06994164089295 115.34451619238853
179.00460868318717 95.11001982437445
156.5763497887479 154.35368621548767
18.422711727030304 56.20643785047927
62.199190255923384 123.42185935138203
235.65481893736856 30.693965553894838
38.16535444003028 104.96426653336776
206.72027211412762 151.2671074983506
246.3748119355625 104.3787922904734
152.11086348805273 51.04637201659435
174.88299037859963 0.6534447789133258
245.2415086878735 70.0791511605076
177.05468980814354 47.04600296543626
98.49601331266467 191.23160673644827
216.0747848032997 226.72997235929427
146.10660496377824 220.87543291027185
111.97576034692422 26.731337940267803

600.5
324.3
77.4
86.0
286.8
143.4
154.9
720.6
72.1
17.2
216.2
288.2
17.2
51.6
576.5
51.6
143.4
86.0
129.0
540.4
154.9
17.2
144.1
432.4
432.4
432.4
864.7
143.4
1080.9
144.1
432.4
34.4

8.6 17.2 36.0 72.1
17.2 34.4 72.1 144.1
25.8 51.6 108.1 216.2
34.4 68.8 144.1 288.2
51.6 103.2 216.2 432.4
68.8 137.6 288.2 576.5
77.4 154.9 324.3 648.5
86.0 172.1 360.3 720.6
103.2 206.5 432.4 864.7
114.7 229.4 480.4 960.8
129.0 258.1 540.4 1080.9
143.4 286.8 600.5 1201.0

2 5 8 11
5 8 11 14
7 10 13 16
10 13 16 19
14 17 20 23
18 21 24 27
19 22 25 28
20 23 26 29
25 19 31 34
27 30 33 36
30 33 36 39
32 35 38 41

