32 3.0 0.0 1000.0 3 160 240 100

89.67153550201267 203.9741422001172
220.87047233355688 167.54270792954236
136.62072440693552 110.70870830898657
112.53628747469735 182.81385394640387
58.790733247355675 67.73259391983163
204.21856058700016 59.185299357332994
106.036859692802 178.15345207443715
88.90639380900409 62.300677023918006
103.47750015884411 120.16858353434168
171.1484759357514 118.89173022146853
231.1332297110038 118.47013422445457
230.5915653875352 202.3614122373391
152.9295420741088 148.32450489977057
179.24996358598995 148.20779863901376
91.31659512181214 187.32333949812318
211.8446845613936 130.59708759455842
90.92636546560637 245.41059969196954
231.0079880613876 225.20630108801342
102.34758758183155 130.72955982381407
13.420471252584942 158.1392018025707
195.01529794459896 36.06950718064839
221.36821100408238 204.1337413645656
30.158328822850272 99.61404672817065
189.69500259311027 169.3095021232459
213.8399759127522 165.6604697134279
117.96936658837454 107.9008898859343
95.28024391460491 82.7926004283904
135.21060114531008 46.39201444904037
4.123242535196859 159.2853974447247
232.21377935859235 189.68379745256044
146.44554256393965 64.34815572499083
60.395504308422026 27.731040002871076

93.88511246364556 205.3814943124703
214.99120694770994 163.94376804990733
139.44147034524093 110.3314606094156
112.58446019017387 180.33252682385913
60.081591556477996 72.39066847628797
197.75240364800686 57.723333102373154
109.83477318485969 176.0623818426191
86.01565775299164 68.47846088535822
99.26077847723452 117.86875844882324
170.60772367541085 125.0852324011984
234.96252650192878 119.72050741471091
227.5969590547505 201.01866533428745
150.25165982504373 146.03832000579726
178.50563730611776 155.13413474032595
89.97045911584937 193.39355360490916
206.6678111760653 130.63876862576595
90.57194026595674 238.12527388972433
237.13641498589516 220.1958893238742
105.75760960088854 133.90425426513383
18.043706064431426 163.63194687667615
198.86447991291007 36.21708172181015
219.07988878806344 206.00963636921583
38.30779374169999 100.3877120638862
188.7990844216748 163.7460094710024
211.62107736556305 161.61171636699999
115.26053026835947 113.03413798442611
98.66896953038336 86.86265680302577
136.36583848830014 44.267350469898716
6.412273633132736 154.11964047593503
225.17544470488195 188.70528415869774
145.93981550772682 71.42172539944039
52.52967835348843 25.393837348103105

206.5
288.2
143.4
1201
540.4
114.7
206.5
17.2
172.1
17.2
216.2
51.6
68.8
172.1
68.8
25.8
324.3
144.1
286.8
86.0
143.4
51.6
36.0
216.2
960.8
172.1
144.1
36.0
25.8
8.6
960.8
129.0

8.6 17.2 36.0 72.1
17.2 34.4 72.1 144.1
25.8 51.6 108.1 216.2
34.4 68.8 144.1 288.2
51.6 103.2 216.2 432.4
68.8 137.6 288.2 576.5
77.4 154.9 324.3 648.5
86.0 172.1 360.3 720.6
103.2 206.5 432.4 864.7
114.7 229.4 480.4 960.8
129.0 258.1 540.4 1080.9
143.4 286.8 600.5 1201.0

2 5 8 11
5 8 11 14
7 10 13 16
10 13 16 19
14 17 20 23
18 21 24 27
19 22 25 28
20 23 26 29
25 19 31 34
27 30 33 36
30 33 36 39
32 35 38 41

