32 3.0 0.0 1000.0 3 160 240 100

22.520540402253957 97.59644148485604
245.34427849554572 204.1431772002444
119.54964100115679 190.48177936654534
100.45316345056962 40.99149930851273
28.1506913498 192.09193668082884
241.80453046474165 227.54167955312352
206.56241887910883 25.21690435273538
175.80153138745112 88.4906640485795
12.40817429764174 30.84816789534103
158.9238814415467 164.04308786030123
228.4071372856581 147.66385021699818
236.3044346210164 73.17521367495566
212.4560388675808 44.1966488182316
31.006644849809582 101.26869312767023
92.51632566745019 66.62416358779086
184.31662550454823 160.76958010611708
206.00295682270612 28.10218361684355
144.53205653893227 240.73122691671057
158.69701933144518 65.66569333844333
209.99529654192943 12.375693704162222
106.72997633008028 222.27836333345104
11.323607807671026 96.51986434417506
68.19273004271858 19.712509994026657
238.9900315119494 22.178973146131653
217.5327439639863 174.27967224015106
136.41729589974813 82.14056244320372
45.24474669571266 12.604977061485057
198.14311269866778 241.716130584978
85.64894455523175 36.770785753286184
29.59529582627074 105.62060190525612
2.421352676387045 133.96144388931202
143.85761760955947 91.7952514950705

21.889447389999038 98.20691771987921
245.24059017475466 196.7266884660478
118.32531767682484 187.21312518116184
99.76501613181235 37.53812807500959
22.60151329643073 195.6653227914937
239.07354628995557 231.00476183888784
202.57257323595897 23.113063059459897
174.82477173645765 86.82063541945631
16.445264346578668 33.090338883537854
160.3320759680934 164.968176400732
221.73679380967076 152.63292790739663
231.7906602296449 70.14543143503043
207.90664002942546 48.30739873358594
35.48529058064725 96.39956978255037
92.16941584833648 70.03225112497239
178.02104633768397 157.41193548763457
211.123077231683 21.47049734673975
144.94672864371017 239.24101969806205
157.8702531066659 65.35217078534284
213.0302580060756 5.092228903862766
102.04006231963847 228.78947450233994
6.416060025656756 91.6944074782643
67.60196979677139 12.756288382773734
238.18757943854908 25.091627946155352
220.72388579563838 173.62011602897553
138.03043512233606 87.84018541328977
46.35622839566392 15.222495808306451
199.17613741202067 238.23807589309396
78.23458982328243 35.47718555954879
36.36754521594135 102.63064724827753
0.7796804624703724 135.97011518654435
142.36941374633489 98.46819193484608

540.4
206.5
103.2
68.8
17.2
216.2
72.1
34.4
324.3
143.4
432.4
68.8
172.1
540.4
258.1
288.2
260.3
144.1
68.8
17.2
172.1
72.1
144.1
86.0
216.2
51.6
34.4
216.2
648.5
51.6
216.2
68.8

8.6 17.2 36.0 72.1
17.2 34.4 72.1 144.1
25.8 51.6 108.1 216.2
34.4 68.8 144.1 288.2
51.6 103.2 216.2 432.4
68.8 137.6 288.2 576.5
77.4 154.9 324.3 648.5
86.0 172.1 360.3 720.6
103.2 206.5 432.4 864.7
114.7 229.4 480.4 960.8
129.0 258.1 540.4 1080.9
143.4 286.8 600.5 1201.0

2 5 8 11
5 8 11 14
7 10 13 16
10 13 16 19
14 17 20 23
18 21 24 27
19 22 25 28
20 23 26 29
25 19 31 34
27 30 33 36
30 33 36 39
32 35 38 41

