32 3.0 0.0 1000.0 3 160 240 100

189.44681099377073 12.651595411072163
24.6414834585795 9.773141551433827
94.83952430864787 161.1451081020418
11.828700690402483 61.84514967221702
242.54783137375435 44.99664159820488
120.33650484460809 133.78942907438616
168.73638631298877 110.37981900848318
134.3234404954399 239.9859300109695
43.051649095410426 39.73023679664825
51.50144596951595 18.664972743484416
140.51979930003574 116.12503557100607
118.35154524300296 188.15689103242616
176.99732605909605 234.81512704753774
166.98830404233058 211.05989151953543
175.701358751434 32.562266917081445
133.66927701527956 91.15850850502815
113.2740325388755 232.29132670570885
97.34808280939022 7.955122098600775
74.41590015285546 219.16019135887638
55.7373986229325 206.11789606827037
179.52428634099297 204.291026952501
23.126593037937347 85.10141921784556
175.81958936312117 64.03284129124573
55.97880740813901 94.23522861183694
102.94501208328278 26.023225823160995
125.4861413222358 12.140917901206445
143.9100170299772 216.0580714072027
205.63434104184097 43.35255294283397
134.30523216173333 137.88205236401555
188.81710753050055 17.658162468895398
147.95869873488994 193.8220482048513
249.7948380017782 2.9238108154263087

183.24453333926803 16.682582123853955
23.698128925252416 18.105317831315222
93.04529614413623 168.6322637885895
10.534033678024525 61.19096047945288
244.49898226817717 48.76083718346352
119.93602707296259 129.81752396745597
161.1534605998104 112.75103238589159
134.11549850926022 239.93285338317486
42.468277375192905 40.09679374413869
55.73244570922145 13.604985058425612
140.54299945507074 121.9625612864047
117.482333073821 182.45886259775043
184.89047262291754 234.9462250525887
169.79676224752959 215.19997269863578
170.94898583958573 25.825206373674554
133.94707905169994 86.12433805372171
114.43668843655993 226.73119740649435
94.4874188563396 12.190462346652664
75.72710236413404 226.690924311736
50.03952168759865 208.50237529885396
180.23707472035719 200.93376580128202
25.215298971064808 78.25058581195249
176.9589126316576 60.309001178747934
64.0223263406532 93.3317304618896
106.69360337494135 23.151369376927995
130.397351656381 6.661588042418288
149.40120984822659 218.65513180257156
199.8387753650339 44.87687903394721
129.32521745448196 138.0222744331681
188.21730014044095 17.97197734444311
142.07369081867424 196.63403532287725
245.78171660553696 4.068494397970662

103.2
432.4
51.6
51.6
172.1
720.6
288.2
600.5
432.4
206.5
144.1
36.0
286.8
154.9
103.2
229.4
600.5
154.9
288.2
172.1
68.8
324.3
51.6
172.1
288.2
1080.9
77.4
36.0
144.1
216.2
72.1
51.6

8.6 17.2 36.0 72.1
17.2 34.4 72.1 144.1
25.8 51.6 108.1 216.2
34.4 68.8 144.1 288.2
51.6 103.2 216.2 432.4
68.8 137.6 288.2 576.5
77.4 154.9 324.3 648.5
86.0 172.1 360.3 720.6
103.2 206.5 432.4 864.7
114.7 229.4 480.4 960.8
129.0 258.1 540.4 1080.9
143.4 286.8 600.5 1201.0

2 5 8 11
5 8 11 14
7 10 13 16
10 13 16 19
14 17 20 23
18 21 24 27
19 22 25 28
20 23 26 29
25 19 31 34
27 30 33 36
30 33 36 39
32 35 38 41

