32 3.0 0.0 1000.0 3 160 240 100

58.48336481833905 227.70307059038305
139.60792388804953 205.10550133311358
160.6653652153098 138.0178047423665
24.8985479765626 101.30492291785426
5.154849073150114 236.2647496095254
80.84236682708146 16.932782063071443
163.03474728599662 3.6957712692833598
19.006760055855498 69.41365475800839
12.348852136899847 56.387184242100766
30.576847393852884 177.55997379453035
162.6636989002678 122.6249575037014
228.30547102970976 192.54721974856147
48.09004904086789 92.4521832864123
19.14856481801633 37.666678374794955
34.66493281128921 184.13110382099237
78.66784664926415 138.76664072342936
26.3021158568974 103.37844876854186
24.13216203510965 240.63729569206532
82.3265059076083 91.10985338019526
146.97357833785063 127.14187688351944
191.93528017491528 173.30897451205107
79.96754191532412 117.14165854170527
232.68710889966601 87.46134599634459
21.090346726792607 211.09502357490086
104.68077806157075 175.70463260480756
21.26630269970725 21.924306112552667
215.84570319281707 67.49575378964661
64.3530012871461 214.33373976825987
95.8931429346497 213.07387466247766
159.0968909398598 129.10773305506493
167.30305667637978 59.84306597551958
72.70928323552201 62.876943881951114

57.388014849764524 220.27191074287913
142.8524912785628 203.9458984115087
154.37216995345236 137.31090215560513
28.92003628603562 102.57108254207975
5.327460695226827 232.81418473545392
74.159249728883 19.0471779319078
165.4584841066105 11.052138608138112
17.266145208219008 62.66451467718509
7.453334274874685 61.94954400048369
29.980914884047582 182.85659356123892
168.59329800723424 117.42178828031935
228.05525661638632 189.74010105793835
45.29136663695671 94.14958262592279
15.906619948383632 44.64104874768776
32.410557007308824 178.60261537179602
78.35233651312282 132.18599249596045
34.48055809418929 105.55390794951624
23.307577564627923 235.79533926720472
76.102119777921 93.69435525846053
147.05905604761818 121.45176218959705
194.21790381104196 177.938986416073
72.73998880932206 119.04537551559577
234.67586976702245 89.96271127767874
14.796483967232765 208.91457202559056
105.1961742855611 169.79110415762804
18.50303181977103 25.814531009326984
217.9673998177473 65.56782043085724
58.349103828310405 208.95331155889883
92.7962869139258 213.08884994032246
156.94168632813845 127.75749320683654
160.4453976026002 63.122994527252644
74.55608070608271 66.18545703275517

108.1
103.2
600.5
286.8
103.2
72.1
432.4
288.2
72.1
86.0
36.0
260.3
114.7
34.4
34.4
480.4
288.2
68.8
324.3
154.9
36.0
34.4
432.4
144.1
143.4
288.2
648.5
114.7
324.3
17.2
144.1
288.2

8.6 17.2 36.0 72.1
17.2 34.4 72.1 144.1
25.8 51.6 108.1 216.2
34.4 68.8 144.1 288.2
51.6 103.2 216.2 432.4
68.8 137.6 288.2 576.5
77.4 154.9 324.3 648.5
86.0 172.1 360.3 720.6
103.2 206.5 432.4 864.7
114.7 229.4 480.4 960.8
129.0 258.1 540.4 1080.9
143.4 286.8 600.5 1201.0

2 5 8 11
5 8 11 14
7 10 13 16
10 13 16 19
14 17 20 23
18 21 24 27
19 22 25 28
20 23 26 29
25 19 31 34
27 30 33 36
30 33 36 39
32 35 38 41

