32 3.0 0.0 1000.0 3 160 240 100

191.71622964666312 41.58023490962184
118.74743859394499 93.2705402682326
128.729043478885 96.12563273959724
141.05274585541702 84.38255813100795
161.1269608852756 101.86135098783392
111.6590047424349 186.61277090681668
105.92983284685367 240.82735909392966
0.9609019438249766 52.13786845091861
125.17957966178683 233.18912411822168
154.68995406949932 88.05704832392061
94.7125964530445 86.33574859951155
138.46882207195762 187.319084943561
137.49047613223593 191.85922067177887
149.27897741404743 202.95223636380723
239.14687284561074 249.97066379574355
3.0879123368622308 75.23461409309803
6.055929985873176 55.856300473889924
182.32495875346027 174.2992071931904
20.545529126162226 53.46992253900207
178.97530906565228 182.3860765530589
246.5078582121984 218.9067201080633
212.2081322496807 212.28591294020103
63.23013309432243 2.7966257061477484
108.3182988195687 29.598700378377725
171.24011050793305 29.406395869590263
222.30229986183895 204.5692810312806
12.193790984803165 104.64751983395973
113.76215184367189 85.54873447918499
174.66743365928826 119.87251702269569
60.548002257207465 102.62264494362047
211.61967859665668 123.16026168379335
117.2799156798458 165.29601886832629

190.65928631109054 44.14584447821348
124.3316556141175 92.69850327174403
133.62167817630205 94.78988905819428
143.70776751250543 86.64555416868947
157.3760862958171 103.70479967110391
113.89298966030947 189.77250872624168
113.17814061317411 238.51979659922193
7.016298050465247 49.75923326817702
118.07744678030774 228.98302525177613
148.863239916343 91.02439489776015
95.85915513401072 81.16089985691843
142.69697841802258 186.33948282927955
134.9724137000846 185.3709463708501
149.34466888559314 196.1523777751569
235.99526483235454 249.8692940036143
8.916829051124148 75.51603813371285
5.773432062102179 60.988785868908046
186.27143080791637 168.70965666052192
18.561783639700874 53.69322188610015
183.81884526953482 186.61643241215376
243.2922465887854 224.06842059471396
208.64227472971507 214.83695098964347
64.22326184562158 4.024945393426377
112.76702044441089 32.4192223398371
167.30702361880432 33.76021249780353
222.36268821245483 210.0154645350074
17.74470701000544 107.65198993111996
116.64333352694045 89.42077597768485
175.50528299321303 117.60935030968069
57.95659963932251 103.40124071258589
211.51643373417667 124.45534987310077
117.612286497291 158.31770668361344

288.2
143.4
17.2
72.1
864.7
288.2
864.7
576.5
1080.9
1080.9
36.0
648.5
144.1
1080.9
258.1
324.3
154.9
129.0
216.2
960.8
51.6
216.2
648.5
129.0
206.5
114.7
206.5
960.8
72.1
229.4
34.4
86.0

8.6 17.2 36.0 72.1
17.2 34.4 72.1 144.1
25.8 51.6 108.1 216.2
34.4 68.8 144.1 288.2
51.6 103.2 216.2 432.4
68.8 137.6 288.2 576.5
77.4 154.9 324.3 648.5
86.0 172.1 360.3 720.6
103.2 206.5 432.4 864.7
114.7 229.4 480.4 960.8
129.0 258.1 540.4 1080.9
143.4 286.8 600.5 1201.0

2 5 8 11
5 8 11 14
7 10 13 16
10 13 16 19
14 17 20 23
18 21 24 27
19 22 25 28
20 23 26 29
25 19 31 34
27 30 33 36
30 33 36 39
32 35 38 41

