32 3.0 0.0 1000.0 3 160 240 100

29.43893602533648 108.6846251182445
23.81081350200345 63.19346815023422
38.88169482738485 155.91131533350486
41.434875165157315 170.0662550226806
64.6570540516371 249.0303298229062
178.00870088440533 157.9544144995816
113.649627138356 164.4111957309096
59.66559569179136 86.86290107903804
116.88194969755233 48.72314828002064
131.82808926138773 54.466458242294514
247.0215635225932 84.96939521191246
13.360844365185281 213.97266678734002
64.1177566741059 213.18156999924912
188.3524461551502 32.25287804574853
32.57784291344426 248.81919053506718
113.2962955316624 182.20177228972236
12.834010884880009 34.9292834520549
75.67300067712743 128.9066594378598
179.6393282931932 126.0182813504575
78.82185587621169 181.8367282889309
204.1536069277109 70.33236838761658
71.50689532454454 42.32806295820926
220.73958918996428 69.52606822216393
233.97322252892707 30.109358028264033
219.48619258333457 124.5889863000497
89.45876248566859 46.677707889903246
136.2064747909032 3.9376780001042775
186.98966942769985 91.16275777598287
33.93745713782198 126.21599293277397
113.44130375510855 25.871146305345288
215.76453280757826 107.25806463633205
205.53627916028876 189.47677971247091

27.560921909045994 112.4507101011073
26.101218338608817 63.93274613269664
42.94955051179505 159.28754863683375
46.58345442756504 169.46406351347414
58.744870411203934 243.75646615097165
176.39529233613894 165.7100562575454
110.88011620362059 157.4604163237864
64.72488752004027 85.23297204771445
120.19445213059132 50.05618984093632
133.65273508798037 61.85713294186226
246.46298311178626 84.61723087584686
15.323981641054695 221.65174995938705
69.27021050489977 207.98761261614266
184.44073945229053 33.47117827712828
25.526229938258123 247.75702205934564
114.1367592829352 177.98666659713072
13.475757292818052 40.198268907636084
82.09719502809276 125.99624114735327
182.53144424001198 130.7943678104199
71.91558656295672 185.623396258163
209.46012689135068 71.61994743487213
72.02920534118962 47.47692127173234
224.18587797951986 72.28878490435784
235.28288338586037 29.513495289643753
222.02128093744972 131.60487959993787
87.77485755494557 40.85932687849597
142.28480432678342 5.371485194444387
183.91526601161516 91.10227062775014
36.26444974553961 132.1651575157957
110.7118967969006 27.586261284674034
213.03985298082338 110.48580222360866
198.75278050477084 186.29471699894202

17.2
86.0
432.4
103.2
86.0
229.4
143.4
229.4
144.1
137.6
576.5
1080.9
864.7
432.4
25.8
51.6
324.3
103.2
216.2
172.1
108.1
648.5
288.2
143.4
25.8
960.8
258.1
540.4
324.3
172.1
17.2
114.7

8.6 17.2 36.0 72.1
17.2 34.4 72.1 144.1
25.8 51.6 108.1 216.2
34.4 68.8 144.1 288.2
51.6 103.2 216.2 432.4
68.8 137.6 288.2 576.5
77.4 154.9 324.3 648.5
86.0 172.1 360.3 720.6
103.2 206.5 432.4 864.7
114.7 229.4 480.4 960.8
129.0 258.1 540.4 1080.9
143.4 286.8 600.5 1201.0

2 5 8 11
5 8 11 14
7 10 13 16
10 13 16 19
14 17 20 23
18 21 24 27
19 22 25 28
20 23 26 29
25 19 31 34
27 30 33 36
30 33 36 39
32 35 38 41

