128 3.0 0.0 1000.0 3 160 240 100

59.791799255517084 196.69751545801896
228.61785236322723 24.29666148564752
14.712362378004496 149.5759466138029
66.2891955530826 89.03513668052062
28.209425097938194 19.52010451963762
55.5402051676466 184.35439707716137
26.849445769972085 145.8833443086308
229.51718473061212 220.54503970616452
241.0180188787888 240.60323305320358
242.18903008317054 189.4373976377744
114.52198787979856 188.06005185898175
230.033311850071 150.99582141951973
230.73961441743444 43.34972841335685
226.87591391560053 223.3438940890236
104.63326943081164 41.69992620806881
167.26907291461137 195.06770317969392
5.438810030706676 130.689658640821
17.8211963015652 248.34503226895177
138.8347397388767 33.77492546422434
70.56499173666333 216.86340002178585
9.982857713755678 45.87175683325617
68.44995155965611 119.84997626884613
183.45991077182364 109.72034244353456
223.54527299999708 207.74640133951002
92.6608478304988 78.11455068618389
62.42559252969607 209.1177335082189
199.51232363149 78.49788347953086
239.59977681644565 186.69224078928238
29.347993135428354 81.07868333717391
204.84630280540532 218.74308049007095
110.21878981616082 78.96527479303514
135.0396130387852 82.3174589246691
22.757539429055424 233.28796651473536
240.3697397332607 116.97287837475814
43.30514695094973 166.5829614806542
55.8673150298708 155.55622202989008
31.942335973030033 226.50334675491402
178.4992543995326 84.53889685558588
178.43003130657743 62.46183199125036
222.33109820277912 165.65796220095845
115.58997551284006 227.36081630884365
148.24038475118286 186.02297926008907
149.62828931783284 83.17677129074627
8.604736933229523 158.1068600025694
223.3050037683792 24.29275937358441
238.29804008752075 66.97461325959108
115.95314595632833 190.83487561903863
56.7065314569882 1.245941696851799
89.16023129112125 36.2155446379778
3.4873905751793277 43.33147531880838
95.92505614826958 244.48562255374506
4.159607805742427 194.78657890216368
31.906337439975786 186.2381342447322
34.02138528394338 17.595387979111006
224.47463890090472 70.16925706156282
191.04430706925856 3.863842854456845
33.93542629169685 199.60917286596512
51.204052220217896 54.50040556162378
238.72219175583257 117.92172270908965
139.86613102797992 106.11910686092715
68.73710778960962 161.28881857596411
222.2872230103491 198.44705161343325
229.43216321189658 98.41414942959368
127.36122868283012 92.08628392718882
142.50974245055673 74.9949227089571
4.423227862024593 127.66182472607551
216.36273654412307 136.7623208502556
10.531031937609765 156.5293790127093
135.87748750332213 31.699252618382467
24.614375612679957 126.64557720590847
150.40249725639376 146.81333768918074
46.889013580188546 165.1972939522189
123.86244823725676 37.38852543294788
36.38763078429969 213.85799910583395
100.23721625601655 68.21683819725035
43.92758830672047 51.30289727556314
24.182698692032183 184.78174461900807
109.67855782557417 169.87669361062345
140.5722281602545 9.741237825789922
104.07271476417307 236.75838003808565
115.44233711758974 196.31964240872142
186.8369043183747 211.35278570590972
50.308321212992304 232.01572625559913
20.758996144961237 12.581891690207014
16.01274912170847 111.34378462099754
42.628343557499534 16.357654497887175
137.47962582811263 190.54573480250139
157.97355471305843 164.68544256135337
228.22006601003574 14.807800530569292
112.00865081492 71.5875677907517
209.5486614924427 100.81668034185468
51.308299646402574 224.3369252091197
192.55603946150057 116.15385245590498
205.91608506315293 180.38844677819426
77.6985742846717 177.38905887025
56.741766169838506 104.83801026875165
99.63669787081258 114.07732279540534
92.8797204714678 9.424709506379441
54.7690733387807 228.30159470164529
186.76484235314686 143.057236673906
207.50596790870478 186.59549068353135
176.246234335325 153.1812258951364
138.58657788203615 200.23485787929857
213.85797227293202 10.193151182571524
193.13386251316567 208.27381225561723
183.8441314759657 227.20087700806542
27.721313843302454 141.87236191774863
81.09451504729215 209.24567482141484
2.331824461491827 75.01615913373588
231.72944642532363 168.8325396830088
40.2647887122162 188.45807463827717
216.4708189693598 225.2993565745103
239.10611249308988 238.45096004709052
231.81771090498387 183.8569994192834
173.80479313233099 7.620332991835344
244.28194973901248 94.93553005956615
128.73587338633575 242.12580596433685
60.69011269450414 160.90066871902994
103.78255408402484 182.43198691428407
103.3956101091355 166.30445716675328
85.99624914217003 212.5644017578967
204.67654133613598 211.9242911233343
58.443373472609416 196.14893795120582
15.045748846404722 13.578245368971565
216.06677472647445 242.302043552098
97.72991604674847 155.37683185220214
76.85750840792416 241.65917048716
193.26389214423915 169.7579030601551

66.44274477440173 194.36244110423067
222.83519128588614 30.474156060262743
17.30003363830085 156.08914953562916
70.0334798869653 90.49795746502883
34.52634460595996 21.01951948352626
54.0381585106568 183.99380547419796
28.26381337750855 143.10654863583642
234.51443027401993 226.10585300384963
241.48952790159302 238.9349769222182
240.30223237075032 191.55401818225977
107.45471776407823 186.38547963307963
225.91531775616173 145.09920764771985
229.56976816830823 39.71027587505627
228.91226693603136 222.9121877932336
103.85185957563101 44.10235716646621
174.9075315758038 196.42368590829352
3.9098138584917894 123.91247287222795
16.004821256545455 245.82336024254278
144.09118116127186 38.12022417916508
69.11082096190636 213.04555960833227
9.242930306576358 47.47819875722178
72.08375445198246 118.44808804060555
190.6342542895409 108.40986172111919
218.98811412614472 204.43497870125668
87.97574475634309 73.23907700550065
55.833569560277155 211.53882214646578
197.24022324264638 78.03451549368303
241.75241677370025 180.13509802949307
31.811933224883322 86.2780187738709
198.1332158662234 217.54911911539793
110.60708171468953 81.00448587262358
129.78343821835514 80.2727173508048
22.510269628033598 226.63086941697554
244.21861580907824 109.58270743955617
45.997739346404245 164.6746646430623
53.652087116915965 160.04982941044537
34.30414833669107 232.46647530427254
184.0125912581972 90.55836663467653
173.52350164648678 66.16741122893511
218.4382342292682 164.36248128947707
118.91670296602503 223.2508890656772
146.82748085282708 183.23676286353603
151.87236921933427 88.75379250040191
7.458926047184095 153.27115655833555
225.29025190380696 22.236771704274823
238.32955443654168 59.77931917121857
109.6100633872617 190.10554765899857
56.45886845049661 0.13453492153350788
87.62667615195441 33.821852262266056
1.0271795362174485 42.10513292664142
100.544877028263 248.78960078498443
7.273394221444407 193.11287148520427
37.09398930363459 186.91419964613826
29.588321313392342 20.33127996182221
223.6817007976158 62.01589664145873
183.69736616340748 3.2475608564585534
40.72868897725698 201.33113554057226
44.899543822955856 49.01686586237555
238.71382770883847 110.33144002162962
134.15777195870524 109.87436590642818
72.56402450418669 158.99464196944868
218.57889702107414 205.89736658490978
224.2070297235003 93.08683768346293
124.76381620156363 98.51500488056433
140.97937425415634 67.94904081655892
5.837809060222382 121.19488700697323
223.74784088095308 133.5996917158839
5.949538399750848 157.39660948109548
138.85904901553118 27.900958250108797
25.11258404891209 125.7900069485052
143.6300163913592 148.2194652247147
51.371737504223134 164.78052770660844
118.7430821443529 31.44360347680894
40.31305147762598 217.54364360289347
94.3801970456416 63.93837193309484
49.411725923401704 57.70256707437116
24.430419159451848 184.93714803413306
104.31211886908848 166.5886900046242
135.20568607275987 9.24493860465969
106.7862985724008 240.70486179966673
118.73815811407599 197.1191706717729
185.01113695573594 210.67456277901704
50.88879333431468 225.8060380264863
18.452105797038044 4.908507259471562
11.906611276603945 111.11018293000043
37.591550928417234 22.91713574925844
134.57997842863838 189.62582711134272
150.59330567026302 166.83391246072725
223.47267873595916 9.392735172949585
115.30589194118845 76.80569524015843
215.62564022458156 106.48785707424663
47.09676308883412 231.6991543066254
187.4995251258017 111.18402197055339
212.45380158149706 175.29500974592884
79.03380276541377 183.34760491713814
61.06253512571505 107.04847563846961
103.47696338850292 112.67724886988387
98.96768268421799 8.843053958091263
56.36831798195446 225.9124545208366
189.7181117772245 137.5001444218855
212.10399266165575 185.2086512453459
173.79657509838242 160.39896440344504
144.4378844868827 205.2837311864439
210.74762630745084 15.475953520918267
189.29754933092354 206.66821914729994
181.70278955397762 228.97480498786632
33.82282364994846 136.9041338205165
86.98456664112591 215.13350828250285
8.566707097423215 78.05619052359306
230.53059953527267 172.4549208295009
39.25718912934814 182.60507602258292
213.71690366054295 223.28845684772594
232.7088305561305 242.2269403246191
235.47882901872342 180.3938917586482
176.5958286492495 14.199783842564372
249.78606658592184 98.84751745299886
121.67369609917472 245.84096498969825
60.05000833091828 162.0913501587831
103.32763797834093 184.4784491593461
99.6421858262698 161.31856914890415
93.3697895230371 214.01200884348222
202.57591879339697 207.04719748607465
53.774502428020206 199.36764886989317
17.42479167591521 13.062470418511996
214.03180447487375 246.9761646203661
105.13067869675913 158.70969691823333
75.30937088544992 240.85654209909924
188.50518719703285 176.542385087841

929.2239494632589
985.3756263382392
1122.485914500633
200.84750882523423
833.8646969958677
184.08522479742518
30.01333427152526
53.46440440541576
1018.363001864608
783.5406979678402
114.80520363560719
821.7712261139187
55.328687146689454
164.07533749210324
205.00260043897498
453.5770276921871
703.8695332794894
280.74392710365413
713.4341337151176
893.4400369064016
1007.111754044843
578.6002953427228
403.50514559066266
1049.4628245599806
656.2687531849095
601.7789618483771
997.5165013336006
581.7114722189866
1158.5601166002125
199.19025889403295
331.4748303173792
373.3370627000252
89.90566511634316
1200.4365446328259
288.55673435658633
1083.3020047292787
626.3172000194235
308.14630557193294
590.6640015003568
428.5706069609737
81.17370624757753
1190.7449506611083
215.6634979489086
789.4397027934849
42.43412346689806
738.0008226974993
843.3193011412283
844.4986943573824
34.0576965985081
251.7382672843783
799.3189608935746
845.4580550344847
571.7766496279704
359.9488681988155
391.6772403234873
529.6033833288005
1159.8642177902093
588.0336463073493
237.49137639269117
1183.1885503473468
1076.3366463656323
1065.6381723341703
252.96365094699814
129.46836792666625
697.803234508732
269.1699848098327
134.03669852990643
545.9983494627379
1165.357109316809
626.8932769916908
117.3540866670003
646.2576133005459
558.4712627127243
1004.4407999914514
1151.2542593605644
306.2064880565764
519.0611956427962
18.111095110571828
101.41456859009932
939.1857335479843
127.21515719741015
58.2206802818839
827.2842404971675
664.1050095428005
612.6423186716626
274.7523290355355
1014.0684811208839
89.66346829132816
210.24508309717052
265.15107576551
33.60890148263949
752.9556346357634
657.7871306001612
642.0608398325173
434.85066664160894
1050.7523039321554
519.6799238140957
808.4937647556218
646.2108809834344
386.57173446977583
689.5775059904363
876.9899842789038
779.7871103290254
795.3923313070337
65.66297746475885
292.1496811011556
707.3643463817655
356.38963756960214
518.1359353433658
40.51498875620786
1025.7627246724855
705.939043234841
235.8059185946679
1023.020983676001
987.7110593377201
501.4479765311483
781.9480138858029
578.8037219322368
563.5925677958187
537.2981676960678
929.6417318351146
616.1508252240619
19.96320387130574
34.91346854658271
553.3267518744
1093.7301840584405
311.07469155012444
800.6516190390386

8.6 17.2 36.0 72.1
17.2 34.4 72.1 144.1
25.8 51.6 108.1 216.2
34.4 68.8 144.1 288.2
51.6 103.2 216.2 432.4
68.8 137.6 288.2 576.5
77.4 154.9 324.3 648.5
86.0 172.1 360.3 720.6
103.2 206.5 432.4 864.7
114.7 229.4 480.4 960.8
129.0 258.1 540.4 1080.9
143.4 286.8 600.5 1201.0

2 5 8 11
5 8 11 14
7 10 13 16
10 13 16 19
14 17 20 23
18 21 24 27
19 22 25 28
20 23 26 29
25 19 31 34
27 30 33 36
30 33 36 39
32 35 38 41

