128 3.0 0.0 1000.0 3 160 240 100

39.647665274239934 73.68471810305249
4.540655182409092 10.641643614965446
72.26474959350753 19.075254170069613
204.32783485407631 23.28990840743278
211.77214750585748 242.54580111832556
144.6716399718813 209.85841719584832
159.13472827208108 179.98575313909987
63.298008128138825 27.056869905896953
224.28386050292295 15.079185232374254
128.8293457159069 101.3116891785735
104.94538932060551 239.73900764278508
53.39716997501309 163.01613703333305
222.45045549760852 172.8743254770687
154.0185944062454 218.1691585683401
54.78168602866707 148.37292373548803
237.62049350721836 4.406019028386943
146.67824858732203 102.17968411841736
225.80385337290355 97.68335197102226
209.22713665112406 81.1239622507603
157.8144345031059 114.70449082803438
51.72395849791609 83.99408228798927
15.07865323063992 174.35147362654547
41.15376656412734 39.21928624360091
240.56472100301352 84.70630513361799
55.456499495290856 111.92998280909438
189.05942913810586 226.35367260117124
28.74729270613069 68.41028534524743
3.0091014748767906 175.9288545727793
200.8924941747313 231.59965301398017
212.47823954062133 64.86387437983967
83.10059496683567 47.43014595890846
159.8949890873249 54.65310494682365
203.59536512952008 52.5900919812321
244.0446647102175 233.45992771323165
44.08993351504825 144.67563211031523
154.44688727065403 205.88086603670394
82.17294700286762 12.266556763791737
219.29030819070232 171.24282805275573
202.80806728244522 217.216963546302
10.140670307641514 87.60794514995577
172.15836957465595 97.78761445161321
119.34893662382889 239.9715655057467
70.74822354063758 99.5554966935514
243.59069129087098 33.72620798513681
217.92082704913324 108.8668183105023
8.3812011337909 132.08217907807335
116.72573327330255 209.6990904476913
217.36506046226205 131.14068145537513
144.20324332415944 192.35647734934912
199.6569290057028 61.778278686788425
105.09110247711956 20.371865206804006
225.74220948045252 60.70105930530112
33.14551042751906 169.78098778134688
64.64772149588899 237.91272616808877
62.646629519605646 117.87126140316568
141.32145415261854 41.433466998047344
110.45631039853573 71.73330568071768
141.65720534970737 134.56941950914944
180.28884202794453 55.26931287653425
146.2075366184713 82.97284509100061
93.21290340321747 227.15968214894082
246.24116458321706 3.833643948248561
173.84318293998675 143.86663047376632
137.56931430673424 220.69973591855899
96.21221755988826 157.7595048243776
4.017519956030196 97.95258510876748
155.0003845014793 55.07895936122245
239.50605829046123 166.8522607269988
187.9758713359059 98.85354499430446
98.64102261556782 232.31777854125872
101.57747456578834 118.42990788251618
119.70606734133123 112.80439453714195
70.08034083047335 72.16326219165717
182.56121901341803 22.879484032267584
166.54472329427648 40.75539668812142
208.0923527168865 233.04761271763613
241.69497152336035 154.80978695552733
140.74244732960395 145.69866790734613
81.57759975783866 201.16402423742855
232.8047648641957 68.04721526608381
162.2997667771543 91.28056477286997
137.07477682339564 40.841086265036296
98.96988778859175 213.2767158451874
31.307096264850674 204.79003434055093
81.87745269675614 200.8153120088002
2.33850090405216 83.68326202181083
165.02853656470603 137.19168150506212
172.05057896827392 159.85987029165182
58.86059950702482 165.50773146278632
137.3257737845862 94.38176052617276
174.4005707525416 225.51052760911634
220.5468029032855 66.50728159151775
44.863125344391044 123.57529925246288
124.95158127037672 243.4603642248059
182.86057580092202 74.97618883436071
234.79186808358293 11.02405311711982
28.587503600762094 30.711148230342154
132.30103796259365 219.62164092560562
54.22505644496731 218.31778652264234
82.71018961718377 140.6669450799314
12.457886836847315 134.9524025269237
215.58276402278096 25.600381320802363
66.45468575874136 175.6354231921534
244.84593842432884 219.65979477042347
239.15391461970003 68.10991652567391
27.688795449797688 244.79171819702177
134.52108288783592 7.515915707305504
237.96062232746675 178.12555811871238
220.8751668739482 224.49573554331536
100.06436109254763 94.8591647944008
88.73322214261864 219.8709203171321
6.588594257956687 52.562799144426826
7.995980953056203 69.60721283989321
136.22551090457168 93.4653292999618
183.36607770847746 123.7666583660279
24.015872363312873 143.54931629295356
194.3190032663733 51.08668850317816
84.03886139601028 225.23793394559024
126.45774677666058 213.94090775902762
213.30783548747783 15.740155171977383
148.3073205362014 7.755071355754511
190.92181452324402 212.33579956212355
165.02333740695465 69.49940941329812
124.6373949091642 17.22043005003912
155.16757967976423 138.8678050139119
9.39612837567802 79.16297047214397
218.83876088578978 65.29659091239523
184.31121960601365 75.76459420299189

36.027579898961605 66.42279072395336
5.430545566582095 4.409498352381746
69.53158091212417 20.46637692610484
198.82677713194278 29.028668389015326
210.88253936471628 236.5391647589157
148.582353170493 209.60831731690539
156.77078985803172 176.180879283103
66.51247759369205 31.60272815663545
228.16741214057777 22.215866792811372
122.95355637986124 107.14837669612312
101.9063496569066 240.51071817972905
48.17164821562983 168.53340246828006
217.39391220367142 176.07521298506128
156.20371203148366 217.0529816954955
60.25684567936093 151.48718868334694
237.5992510166373 2.4575732476826984
150.9771552184357 96.0179191240425
226.4833568753076 89.73941341507843
211.92379800404228 87.83351627355852
157.03792605133737 122.76207937391312
51.27772590567148 75.82823697702112
11.741930672482415 180.40919578051358
48.43210166586731 37.220216559100464
236.55981784395397 88.11324428798825
54.5386522153817 119.86105639737049
185.5784072319958 228.72937655651236
22.98877088960463 71.73710775927324
8.010826728524933 171.86099768168302
197.89970386732224 224.85421908097734
215.7544409907854 68.81258826502327
83.91410069482549 51.012335539074165
164.1497925221414 58.41703097801959
201.05036643804814 49.71068358927583
240.1568896902042 237.21046154516978
37.782183607354355 149.73652574145444
157.52075130720758 209.45476191137246
74.44621891519506 9.580401397313587
214.46561651868078 167.0095193700515
199.48746187132997 215.08490789939782
12.669924429517753 94.46170698106265
175.73463366575908 105.37210652069886
125.80343143234529 238.81815566843093
75.79656848999593 94.44450379517855
237.21600715346545 30.17433164222111
214.86177973711915 102.33062518632391
7.559252060298172 136.85471673423592
113.09063741447054 205.1654037746808
220.68511953535028 134.05017912682635
145.50143820208922 194.54957135135336
196.03890617548436 61.42344312723513
104.10778672988238 28.465702661115145
223.77633076534062 64.53903993801488
35.74367703544964 170.12571658682538
61.16158510609984 244.81990269875953
64.33477915533616 114.79763827070668
138.86879047504038 44.182186224689865
114.03448472847732 66.09129408768675
146.51342123084282 137.25332417493453
173.0590966999747 58.070491071028464
152.82389708652804 86.86515640856024
94.78061243627448 220.34216459522008
240.35520868906525 1.9247751360567944
167.1043672166891 141.8107818057748
135.04798844158475 217.41456924429013
93.87996293978887 154.85208431183545
8.155139662529981 103.97900217758755
150.09442331832727 54.62972879399705
238.7461765524378 164.1778593407146
192.42584060764247 96.46232634938131
93.66621500329364 230.08557544217538
107.28098198900834 120.7372317948859
122.70979222076933 112.00619879831541
71.4465808463694 68.09252110267089
186.67470551770583 18.740071130416343
165.51661062483637 46.8747912997472
209.6600108890177 234.7600835351959
236.06582225096136 160.79537110078388
134.45455793696348 144.99602196377526
87.46286197146152 204.97343341898764
235.78818160691247 62.141552491840585
155.54495422433814 87.397105823975
134.45994362361103 40.65612611639438
106.53112474944679 213.2972994415746
24.589523021809 203.71526516780804
85.07294451850841 203.47691602848474
4.86161484819736 83.54123671772082
160.84339788378367 137.61861909198998
178.7906143617924 162.63140656658993
60.978831771900914 169.2323923691613
132.15378139333563 100.13729689435577
177.65786373953836 218.7128112718956
220.64452649430385 59.686710237704
46.100434169477126 129.9539323627767
133.0103447374628 243.37977029124835
183.9407737584142 68.43657368290998
240.64755727508125 10.891004133694787
34.460112233327536 34.87356534924754
128.19579149271817 223.93489850661007
58.992436987970045 211.76807056604238
81.49775775393434 143.49670983599796
14.928280047503073 138.46797062137065
215.5315840616248 28.372472574336644
64.27957186741068 171.26337941594096
237.12252425734226 221.06683658300994
246.35391271113448 70.76711665389223
33.7230597619195 241.62092511695928
132.88373898644988 4.152185237493305
235.67246077726872 183.9835566402088
224.1093030227534 222.6165086718498
99.04432404886931 88.31057769621276
89.97306060740098 220.38613056030957
7.063769160966432 51.808029743365516
1.854573481957028 72.01408396734944
133.14102360632268 91.67966557251728
186.3287280396486 126.01785597493844
30.18262777833214 141.23140556058
192.9647062779513 54.53492732946496
78.18379535341776 226.99463810512566
124.15866588289775 213.077194340577
216.21444995970302 17.4975733831188
145.1149009683331 8.086674211009475
193.9830789725411 209.39683305461318
168.596741843261 75.26669336791048
120.87847395690684 24.350134436546572
152.11859544166634 136.42351831624856
9.368215791962259 84.6031957394487
223.66879422999818 63.309431375701664
185.92289652535032 82.757945088974

298.1659939440281
1104.6800799996604
1159.3332052051592
376.1245736841166
1173.8597750975796
959.6621347915881
1134.9066473065498
713.9428954260121
303.6059848029533
68.92293890792075
1185.6230399444112
462.88671599335856
350.1020583219226
778.017886890163
351.060957616288
102.30281465126109
88.47693849811293
269.8892150226983
1132.3225689422984
139.01777222795442
214.49719675126292
1069.4213881297417
1169.027125070293
399.23946446344036
1081.5837683296104
190.97381328199393
426.6249820646369
488.94069499720985
461.78195417119343
1146.2510437267392
979.6750485532792
303.2696297683342
181.98354858275485
966.8597395365463
259.1925475151747
540.0678554548265
385.46676937717024
838.944716747902
691.5822719374612
449.9367903591991
790.5575574798911
839.7047479461411
730.2535960660045
497.1160694486057
309.84013721613775
538.5266657424988
639.7311398560696
79.99271467028454
802.0659855320646
488.8391270363351
410.2351975453484
537.875349504894
541.5067636218358
9.289310714043063
617.0253863157175
1129.0308743809262
163.59062036285468
206.90746362086034
1119.7050879964972
556.7729871283195
405.947210862161
1147.5844941177593
228.5774239578589
587.7256619180812
894.7917717865666
77.04757705135485
272.7827410964323
416.5563918098782
191.10555088184617
758.7637491042004
635.5456156335141
497.7144481534257
1154.541483199545
5.841775149672943
1005.3913308663283
398.7065717846323
106.75651086078348
741.6248632813133
291.5788919519788
734.3088099766861
1096.5689172571094
39.20706693880907
339.28943331463756
496.2906852589529
358.4857210340476
756.2749876415317
866.1049495514521
583.5087668296209
665.2359951694505
635.7329126943447
249.01347394981943
759.8633677299746
191.0726883442527
606.0649465591948
1124.8203883101119
1170.983183547269
1144.6504906968823
738.0042569637542
1086.862599160984
668.4114186443588
565.1842933734005
1121.9851354740442
1057.0952939109138
734.3054385798529
334.6525959510669
977.2270181106069
218.8659989416855
1112.2778553768228
511.42690722441336
1029.2850436654164
535.4123929003374
251.61630881173946
1036.307588332816
241.7680992858185
104.0324680497273
643.3137260068614
553.5592923777323
583.0052702541433
309.5007473294162
31.696679693162363
25.355675800069832
570.316729268431
692.7132759739479
789.1693744756813
74.03346429524801
426.7432172495227
25.75266585809559
391.8677870488047

8.6 17.2 36.0 72.1
17.2 34.4 72.1 144.1
25.8 51.6 108.1 216.2
34.4 68.8 144.1 288.2
51.6 103.2 216.2 432.4
68.8 137.6 288.2 576.5
77.4 154.9 324.3 648.5
86.0 172.1 360.3 720.6
103.2 206.5 432.4 864.7
114.7 229.4 480.4 960.8
129.0 258.1 540.4 1080.9
143.4 286.8 600.5 1201.0

2 5 8 11
5 8 11 14
7 10 13 16
10 13 16 19
14 17 20 23
18 21 24 27
19 22 25 28
20 23 26 29
25 19 31 34
27 30 33 36
30 33 36 39
32 35 38 41

