128 3.0 0.0 1000.0 3 160 240 100

173.38081169761756 249.85313902506343
186.6764975037484 194.55301136977437
187.56643646534113 42.449090548455246
205.23059917089208 8.897950642806574
62.335981428981945 72.29392796479858
134.8045976631891 221.23746318005172
167.23402928447325 154.82866078560258
173.06005410360046 100.03954687925507
45.980837698959945 98.816575844171
130.06375403111005 6.217622691546742
85.31253683474307 227.92986488908198
126.68299059359869 21.53511477487416
121.50016863821917 149.94231624271848
216.26273402274484 113.62074513591055
36.1759024156369 0.8676707607434275
14.68675639706793 178.6444716177257
142.38802017885808 88.97752798157335
79.77989933446914 148.06167233085606
189.85839243811517 70.07353726292129
68.30953738127332 94.10940603240451
113.14315868684571 62.99827426608598
176.778959870558 95.93075997219727
241.1577869837507 27.110083612422066
34.233067220905355 224.85165440495692
171.71664941492034 118.70754740163252
104.13845151917148 209.52131015224444
21.84101763680263 81.7571492614112
221.60858139217444 59.578116871062406
123.18022892132687 245.36548316509433
24.74353944820848 50.15047561636887
83.44591140480387 87.6110254641847
10.894942334545132 68.66249918458098
42.98835168382883 150.95838471825314
21.842250558013948 91.56192655642637
125.73095374628568 54.81150924314326
90.18447289288615 116.71880488025052
191.26636233867845 162.94690738098228
39.901528367570855 60.61656332785598
135.33641934789438 15.982471915231805
3.3149357424727133 83.82760289487263
163.98153395884128 151.72414871630963
151.35589828060762 206.67010362872975
225.53724758231857 58.15976304850132
201.99146077574488 131.21582961362913
144.1076710236479 212.0539479565647
74.2609738582646 39.80585626469732
236.7134774211145 80.27691172190707
117.18167693660914 89.29716253105366
164.94582395052615 138.0363537258041
233.53930165358128 239.7528518624746
207.9942646281948 221.4602249126016
169.6213253429487 192.73037690021334
16.559722537944104 192.12418626237488
169.95520504177682 25.300412660538175
148.67402979738839 113.75713274341359
115.52701476593838 72.2033212459548
208.72701656858075 207.82392523979192
171.97618281598622 29.359183653283633
186.63466925851546 174.09976996507038
34.25202052923426 66.87153685313943
225.80303322716244 124.1370061191305
137.32726288532123 51.32899182045145
236.69946613096542 217.2025000916023
55.6928406375857 151.27194540225926
89.08731444286703 24.079050926887696
148.13598970729637 72.27646436012566
128.4779777989996 237.92625350401357
234.53760295172086 93.42901967181827
63.54300201639621 53.97757788022109
184.28832910751117 79.0770065952028
101.85357251390565 146.6754795447419
176.934543652165 151.1230695294809
216.9921675014593 114.88672918328632
97.54840214437549 80.1218765625801
72.12154754848201 242.34433109435977
117.56992372429475 176.4043312730038
16.84525229042985 132.85853605354603
191.6646735211572 43.397550194123724
144.63131324519475 56.925269320372365
100.11940639768868 129.80461788865082
90.8472025206944 140.22239974092548
211.8327548216988 222.33827515893356
16.58322420466396 80.69867475808171
144.061959122149 62.49496053583795
22.09894780505034 69.73240643322285
113.28721267930943 144.85161372518348
165.86734444630673 241.59293190764066
126.40427081045833 108.25686188310505
187.34393377911476 64.39717475508938
126.9319106068214 136.10509453743822
219.02085720504502 109.15479820577286
200.25612823662865 171.71637766205933
56.85943053520476 190.38822068512545
202.6617529549955 118.2083168375246
73.90853552834723 199.15546731529258
184.8441300971761 36.948757412777034
212.6988940256874 16.053986628499523
90.51610757081619 239.02019252148705
52.40288179054014 134.21507556344125
239.6443706327296 58.72445341640156
187.4693643183987 221.39998817723017
151.06452452149955 63.119797143736086
139.50573841468778 34.37934181679089
203.0453526791377 89.15587343389608
182.62380667683166 101.33176782548061
34.980866109082385 38.95243977863358
204.0432376863974 89.47106845784852
180.25543607717086 131.56713264257274
247.3239929792022 170.11893651351818
50.739755999247684 166.71472100760658
197.85758372759946 4.684928957243012
177.66298046639722 93.37027781927395
33.06341410090358 163.74831613275066
170.01519217027086 152.01252392515917
168.05592408498524 139.4528952196341
51.48316104692241 220.92709687289107
214.89537774812294 234.11488824151573
216.3156912477616 45.573245509297
122.0930730149895 99.46277655483394
23.299015773365518 141.9781225239807
94.67392880153699 3.0016058715954808
196.7784051749808 50.961826887432196
75.85109469003667 164.3416837278975
171.47664871266716 218.34250100294275
111.52568033205141 47.814224490073556
28.134686280087973 181.53352841451604
17.588882876639733 143.19621538439608
99.38288276312909 107.8216385763242

175.28914724954112 248.63355936860003
187.64231790710954 188.08420861868774
192.57280911561043 40.00348800605033
205.69804267279946 14.43103101378318
61.42240294044993 75.97693733972089
136.77251437875515 226.83868656407145
161.30766418661773 158.4394383306081
175.28413437462288 103.17968762972937
44.05162572272689 106.57677035857091
123.56904486633105 10.364843079959856
92.0458832936 226.3947195886698
125.4636136366237 25.55156818179721
127.01360717416846 149.10926169614137
210.97252181833417 118.96773773189575
43.96077413551561 2.6054006594957158
6.959001429515138 181.3548997699266
142.78465271225448 85.40382788837155
85.62599925891423 146.79329502348315
186.718826172886 65.19022724025986
68.3146074424085 93.40574146344524
119.06951026849202 65.51814064330183
171.32265144772057 97.5148969206697
242.0954387971098 35.03084674456444
34.89283284960565 216.5686156481627
174.19380073703388 113.68823426291131
105.72401166663145 206.3298545148697
22.653228212876936 74.39858167535237
221.6322505307478 66.93788308014554
127.83794059244563 246.34541789719393
21.293749315141664 57.52731003073164
77.22936203851197 88.83163517386997
4.159997735362436 67.1724650469912
46.46088496740011 156.17165793011628
22.773313148884505 94.6691027500087
120.80883916860697 59.766507280751725
93.08664487564414 110.33772784034373
189.4188386172646 157.28018144447373
33.687284136120404 59.16722869567134
136.1497197019778 18.2527824635316
5.540031553793762 90.71121781874056
164.92386611168564 147.50055061061548
147.449213960277 204.96164501113984
223.56723657257808 52.3963089880268
201.84786344152266 130.4579025049812
147.46928308777183 213.28133265148927
80.11445097047068 44.40074249875162
242.0728579053644 73.8638412892549
114.49579183593958 95.89163291091538
161.19112440644886 138.14948896961897
228.56745081840836 235.02555839337853
203.96894179589333 222.26630110413606
168.2306030579085 196.42460953415173
11.518706709856662 192.99189837836468
173.32667957397513 31.86227905679398
143.59321171399043 113.4084492608104
120.33468836847966 73.85687415263803
209.18004388706254 200.3979897266645
170.46323205753836 26.120767321966497
181.90480388809686 172.33744081921697
31.64641038510638 73.16257608761909
230.6288538447351 125.22861078654849
140.41434844891438 50.350020472597514
234.69565068603703 220.2274550834389
54.576701962668366 143.8304638033221
90.74797705448654 29.092139945203627
152.63714212736645 77.78419903768078
126.27916739135442 235.83194017406817
232.54700200291566 98.97148595210132
66.21134672895546 61.84049146831111
191.87754101280683 76.497037465347
103.32076543279831 146.01608184090978
175.4651402357064 151.402750105068
216.2691583752493 116.49942835477923
95.36342343201493 74.8870583907677
75.57616861079065 236.64120052551985
119.97166632955994 182.15260577733002
20.679000942808777 127.36917627886119
185.99925423378554 37.197735469225115
142.0192763033491 63.91566600598661
94.54175417176907 131.0592562597404
91.97554284303807 145.4865750161758
210.18416006340965 224.98105036491975
9.373711622568559 83.91146426923099
138.79638007607525 68.47039596083626
29.06637597248654 69.77813093024781
106.67334266223105 143.10794243042048
170.85484733994193 247.80565320486974
131.5581620993232 110.7350765421859
194.5035289627175 60.76230457741941
125.74266172661567 133.34332471742616
225.1087415655659 107.07997471602911
198.63931303912054 173.0157556775464
51.57540363160015 184.23433092634087
208.543509445458 119.5991887198966
73.15174321423359 203.2932471491106
186.0533554740571 37.11854915239118
209.25122440513314 10.036771515988253
82.97998904014698 241.83781370471937
54.93375024766745 131.39863149570812
246.29435145353767 57.18238406403575
194.37671008860755 222.96160678607043
149.60230012099817 55.268665442401335
138.27058998382574 40.576283955105374
201.43201318241697 87.1042627125508
188.9266887234012 106.70355684081368
36.56301855088448 34.79203001720768
209.23520676035574 84.66387397764902
179.00014323644052 124.28905293007153
246.64002524878458 171.95078416581055
44.68451551567457 169.90389895530214
193.34511898709462 4.485106296445496
179.53923779474832 88.37990497111242
27.628448454456194 157.75567758573098
172.55874470617064 156.84231773324913
166.53704873027024 146.39796013189687
46.8503048576589 219.590363054859
212.59311335765764 239.17519367630726
213.08800947910947 41.42714320199878
114.72762293122265 101.61383675063443
17.45853345083556 141.24635920465838
99.73716624677984 0.4914692056152692
190.7716013613634 47.213820490827565
81.87320458323494 169.81934914053195
175.33941401590997 211.71917722687135
108.18845508323463 55.345914545037814
26.067877024201103 177.9602675093022
23.692116270482593 148.47065125191392
96.3397558874933 115.49581934301209

797.9900406357626
479.5735441357809
846.6744224774441
583.2397546723387
223.47606048349104
58.415722959063835
554.6197370093477
1000.5438393762372
927.3383679286652
793.9284057302984
671.3454529420809
707.7601704110131
716.2419327089812
745.0145889311939
433.57363473087344
463.2701922145235
321.5799254342468
141.03999673614297
327.92156642544387
708.8195822419643
1156.208215983212
194.7090599828994
360.58621815552
3.4168958843725274
598.1518302045373
97.87564301680442
269.973361702583
1000.7572591669375
418.6195603632474
1140.483004698091
989.2707839813997
728.7285185686889
512.9008427138291
1119.0287817110293
350.3703384870377
323.4715077047495
758.9605910755658
597.3399081786366
1133.9265814858134
344.6755553502398
337.8573703082917
198.99320391796908
890.8549165821742
473.25877123665856
145.14316210628442
139.63048419007438
588.9705742313153
406.95014951345246
296.08571006719006
527.8292799922626
697.8201744191032
1142.7462423427817
244.31374286739808
916.8102890901869
1184.6349286109148
391.96125959526324
208.03650431989337
148.60108091996028
59.4650334979876
63.74132852588762
406.5654218833556
484.1563022630871
1026.1181296348443
387.9606225135323
323.95714491714864
574.0066027731965
198.59933388605813
406.73773571052044
580.7123161723357
630.9159013277696
616.0083078722215
68.90573682105403
626.9745771058188
708.1400709394597
657.1341204525984
716.4881756509438
522.1460248442894
505.3391394402793
226.18107010791675
321.7049519284054
839.4585470014031
120.83020850157278
261.17899247325323
575.8445608937345
27.631181872960987
364.8936754860641
609.0133445939329
316.07693424565883
1125.2018272722746
1143.15911679902
904.8967687529165
931.2573362005941
800.8900116718228
1126.3173742290965
615.9507177034811
504.3619960505357
697.0377833217582
342.4291586634131
560.7581681977871
49.21501909635688
1172.7123909380289
1137.4095043082266
1140.3500924517182
872.1372162379774
75.73714512857414
940.0847821157438
334.5601308616123
836.5237668613893
563.2579806959276
139.39095783179818
943.7298894475232
593.9680188782269
1184.79345005211
602.8895797350399
377.8675366502037
78.4549556197671
307.80862679899457
182.96849253836197
451.25740449155427
1152.1432991328636
28.86369148772077
204.02646182794282
652.3182351952292
918.9781359177019
160.29505462820583
313.37829463995126
393.3121135696916
319.5656623323951

8.6 17.2 36.0 72.1
17.2 34.4 72.1 144.1
25.8 51.6 108.1 216.2
34.4 68.8 144.1 288.2
51.6 103.2 216.2 432.4
68.8 137.6 288.2 576.5
77.4 154.9 324.3 648.5
86.0 172.1 360.3 720.6
103.2 206.5 432.4 864.7
114.7 229.4 480.4 960.8
129.0 258.1 540.4 1080.9
143.4 286.8 600.5 1201.0

2 5 8 11
5 8 11 14
7 10 13 16
10 13 16 19
14 17 20 23
18 21 24 27
19 22 25 28
20 23 26 29
25 19 31 34
27 30 33 36
30 33 36 39
32 35 38 41

