128 3.0 0.0 1000.0 3 160 240 100

75.2952791499313 218.6143186022333
153.34048146779406 116.19060141996415
161.1104091150278 170.65879746204277
68.4614841586218 5.932593877651854
248.75856992530996 106.32563678357698
195.49366751036132 82.74508099209524
192.18137202741275 28.273684342122657
37.60088243929952 82.59066171384727
16.231268287783013 237.84030398979596
242.8217952650313 22.88491299548834
114.85303228605449 76.6751809070641
213.46579170056657 233.29796026578487
3.957278821644511 39.87068490516737
202.4461723920347 233.10819472540658
44.94443426540831 15.520045776776293
122.36272195637008 80.07109951280763
14.86518039954804 3.7156279706737907
2.7299442945507013 249.5127510902685
143.24439419288348 191.36654219275584
33.01732344661712 133.9295294145405
69.74652667689377 211.21906950141295
180.7315826783825 221.75867403843145
180.7774296850811 114.66586175761664
86.23919162914414 218.02743327406907
50.93930107466224 115.39079676512884
4.877418434671488 63.65777262431654
118.9645383710303 110.21527990686545
119.78579031621867 76.85783920727357
17.03999636881598 182.040721853371
133.95632801055078 121.95589711926638
181.4044754516826 138.04957290792206
38.3704047696819 6.136576839204489
209.42153411421825 81.88313631337768
28.160850021550083 143.15427718351614
77.0626897026232 197.7566694047598
201.92186904173656 224.94570723150778
99.38031202811337 152.7340238883985
143.68639528145604 54.29373795494166
98.4302049814367 115.55722275473792
132.57761450925847 94.47034271698988
36.889129491167154 46.9134444024937
19.555409867649477 238.78590741452788
118.45489735310646 234.95029019974987
49.31698342630222 46.821984392124264
147.43163312702293 27.653463070224955
63.22815329568121 72.4988392125811
203.25614032445623 108.27377157663356
181.7913729934342 124.51160994826522
69.57848563062095 147.68536189851
74.90477235544208 130.7775113744058
31.632159279775223 232.19386296152143
21.497934045375366 24.343682399008
44.642054376975686 82.41094377700955
151.11031260503742 223.19739587465952
75.55276770919431 139.3220746524509
22.350688269146822 106.14871689268746
78.77592741835224 134.53904843604033
153.7130992019894 84.07657811510411
224.99512970637986 119.82486503254408
159.32924733524854 89.20325520581842
95.04774322109117 167.09864890277174
63.90025669453575 71.42362051825299
62.009919292959296 207.83857560356708
14.287851009109703 237.627535670082
238.45548996025417 229.87951335558293
110.93135887047839 190.6587889181942
153.94306756238782 102.20630401111796
107.64867634013476 234.14704720842965
174.0546793127997 45.0289929594459
230.96709245551162 53.05705067837266
93.65849102655413 87.4909319190498
112.56162161065916 202.0393761043219
3.907491774729377 183.7994904300792
73.24995727190331 247.83413942166777
23.55594217096227 245.1027712633588
237.13505674470227 9.777312782370263
56.080020103553174 105.15583941670373
139.5563847258178 156.65955963569715
33.40791347604644 231.02977617945058
179.84176433924276 14.094739173590442
16.422964104937126 200.76575578170002
24.06538202437572 242.97458357545491
37.98915017601004 142.95059152969475
37.907616430729874 230.01700357854764
31.72158280779658 193.86064708277254
168.2443930756928 87.5898168314538
244.2835935556336 245.71115749306094
142.94511381643852 249.21162419698322
56.31956202660915 74.83216824963024
179.0923576943337 237.18050257398096
102.23976520165736 94.74239826271558
57.303702039935764 84.68540951108905
171.93423822824946 151.02153872636504
188.20766661258875 12.59501052626838
186.23350428441094 167.11729591474204
96.65415747304323 114.23019509869043
70.01441108703591 210.8700365038858
191.66108587555067 15.495613255234296
25.881705782346305 179.51635083142014
131.46903070192963 235.99587539955454
159.6927301990028 205.04412126742807
112.86034673894424 162.97428124690745
44.00159409805443 98.47222431829847
65.79750944593016 211.90735847448337
240.70289338935342 50.327126891370085
164.47024199043574 88.63600514634167
135.74931445678212 233.78228542914235
201.24446822116627 127.75544956645787
24.209203801767192 122.0429807439814
8.92365339890172 130.57981925666124
148.6576231109291 120.39954148929449
202.5988161045797 164.88459840978896
131.77309205200154 39.48760216584127
116.63897003226326 80.40608693553808
156.4379855039569 227.19617987355429
234.09901842014733 15.277490446721858
227.225408584809 111.03444376611144
189.10121759410575 186.20723851240797
61.24038393409575 111.10312090304423
173.34199026763747 3.3231292771255525
179.93718421519043 141.58665341297254
14.40773070742274 151.00921039009336
62.29832184942899 80.95480783876997
240.16743594448855 142.50264774161818
37.246027455258265 3.560186843995422
166.03218488287152 37.82929472391983
233.09371853100063 160.04554670327366
246.75817827004255 152.40909077209528

81.98287576174532 221.13286265967034
149.8009277274655 122.2667617269467
154.91289360933214 174.37571988135846
65.06482685354104 12.796689056186278
242.46279845028246 102.0628510020406
196.1680964501504 81.07840831475511
192.44092741206765 30.994941298488065
40.97096994023336 86.91146417764776
14.171550901946912 237.65663847536896
237.29224736269538 27.887181101128338
108.16351749995847 81.46114260242288
212.61546502656128 230.8729683908157
1.8922006658786406 41.58393333051827
208.784991508091 235.41590029004138
48.39925829267511 19.594998410453314
116.06488683462644 76.53099742949851
13.272761081905337 8.91297831468918
5.8768388049677265 249.37757236131063
145.73606281871812 191.0625714296717
33.23366104117151 130.8600679424573
65.9560706082567 205.07694498449024
178.92859211218178 225.15319245741324
179.26041649902947 111.85986850053663
80.23183754471036 215.21837667519787
49.086066371538784 120.4097901430438
1.3585382752744624 70.7196004947018
113.2644222037169 116.1022174972502
118.663400397679 79.62049091794258
19.062310211452576 186.06044391929555
134.15553018062604 116.60535705501692
179.4016364021411 137.03849418385587
45.31452643260367 9.626683795766478
205.76252783359485 86.66213098706393
26.53302470897867 145.18983943052342
83.8594250040375 202.6121113672755
200.76478428317353 229.72074826340818
98.26562933583283 150.54088512968855
150.7152084255556 57.79149614408008
93.87058277137858 115.80247516377631
131.30670356849913 94.87214076686315
30.915228517398557 42.24487943522856
21.678652486824518 242.62716908671618
117.41199989114362 230.59460585578987
52.02547521467546 46.17494507618661
145.75552815481097 30.423305866933788
57.60312054515751 73.13635942051822
206.10775503534444 100.7083330202674
184.61423156403 123.36527922769852
66.67570921125376 154.17249481194958
67.03628698159892 129.47807377589353
39.7502862782878 234.3483699500203
19.16391336859846 21.12024522523101
49.903352249657445 79.91349225300651
150.1821954022574 222.5628207832645
72.32504338359716 133.07583770549343
20.547660687290385 109.90134915032604
74.44051248399425 133.26927393176308
149.2910976966978 81.33677702354709
231.4216607619007 123.53000926627128
163.53095330835805 93.85150846587412
94.46325948916409 172.0642732893661
60.4349771714276 67.12568243017688
62.17461943689831 214.52965287705064
21.41157089787815 241.8142749450985
238.01343880015003 237.07570971367792
106.00807305427564 187.62192032500752
157.99283176993785 108.22785393117412
103.47358179838076 230.16484192835375
179.67510612772458 51.196276445062665
228.99751994276582 54.28324498982673
100.57252493124216 83.00668689858409
118.97973368488854 204.2684005818558
5.1169976104777914 183.91776862207794
78.41853970663063 241.4301912699146
31.62986158402467 243.49546784173066
238.42087634349244 2.14508328596727
51.72120100002922 101.72940365209016
136.60814756177393 148.90376494107832
36.58375708193082 236.3872063239757
177.4335183365279 15.63818107638834
20.40278026911377 198.6938529025341
30.261485818521866 247.52283286846597
43.04580195351795 136.6570318466362
31.15438450310981 225.07056225647122
39.97320136136781 194.2115863749618
173.17615984053432 92.55728018874595
242.8882514793723 238.43573863485355
149.72229295598075 246.7419764633892
54.34246373896534 70.58166256445486
184.35314322629642 233.06721256464476
100.57908114196535 102.57213222443049
63.770202716789626 84.27549558545336
175.56436301002856 156.77709683393823
190.9683641706327 18.278452447080205
192.48717306478034 170.27648864175129
90.6687047179029 114.00778699143468
73.78342050720124 208.70769291443713
196.38234945248607 18.74458689809591
24.37188976249788 177.55587502224398
128.6695358386837 238.84706253445378
155.67791270461072 203.67123225263995
115.30287800859881 163.66722539756736
49.335730539888324 94.03014768669962
62.94799841356679 205.442175635971
242.84372529023426 55.45226829614352
162.24780698117291 92.62102809917738
137.14406651105946 238.6352176792708
198.70992809248088 123.94509625111868
22.593295340910867 117.22610490704966
17.08113385048582 128.51487365494185
150.29381070733237 127.58098376336902
198.27859156306383 160.09828264266957
132.31344789811166 41.1524890726992
116.42960752865994 86.99545300639284
157.90609236663687 224.70616210607943
230.51994639100272 7.760826010944438
229.69771405856048 113.44535361500292
187.6263539829311 189.35649427235842
65.96967709024143 110.71641877611779
177.45887507656764 6.059654126110842
179.51576230568156 141.22305801930614
17.909757379045267 143.41578117982243
64.7605568682281 81.3020318044743
234.12221375653368 145.71715286046512
33.67483779987643 9.074035251726952
164.7646206967816 31.508907917889267
225.36297007356117 163.45035713542427
239.48466207957281 148.22155295194057

899.1815365780021
786.4220494506409
1063.7220593511834
1152.7560009809504
1170.9607999806435
516.1316160099377
553.432447640161
890.7944444961514
19.22765135552316
708.2841902481181
725.6798610917427
35.23438346296624
1163.7571793772418
376.8489138297764
555.0263392208016
931.8052984873248
591.3662692731659
454.30828993542457
381.6243728325052
438.9208643972462
573.3767849126156
77.63663823052448
860.1701888830357
210.65969820648468
453.54039398782817
914.2777218172863
654.4054066256903
1199.8939347101727
335.2883855441915
65.0006824621121
155.6152950394757
1113.816023423325
898.0407944519654
1078.9654374450758
846.56087685296
532.6077421564112
618.3417983997946
584.8447290889671
1194.8010248999587
795.8838532727032
471.34720981935334
1036.9488705726585
553.7853150041603
333.02072979660255
240.01457149956772
717.2825974625781
228.09056118821957
878.1886700350459
842.5732483104027
663.2857430144686
1010.2050753919093
685.071455683509
263.8512671137391
589.6980227492776
924.6212362249865
513.8997653717514
1159.6447890600678
1113.9782507644925
284.7875457237069
437.43616380467694
1181.5541728926612
431.2890829656364
899.5781993287356
1032.0247915130155
814.5665306072729
1144.347652666447
320.3631218843889
988.1674415357035
752.7451469427524
371.01019688738063
15.305319979611909
642.8095584355657
558.675073238138
1063.1912569925555
746.5429377604509
1163.8036845892552
784.5997791424428
914.5915888759532
916.5843600390117
829.1297378588031
933.2320462438759
1076.13775003784
1148.6261012254374
60.84136119787896
820.903802517867
685.4752436006758
1039.542287067138
783.337916200961
446.87349805364283
185.4192709399972
696.6256389835547
9.314576108036697
664.8763736340004
629.9690832757983
377.0580576471507
406.8301733051951
996.375810136546
1195.8369466093582
389.52107419405337
964.8062871495756
764.0020986021424
1004.4493813229902
867.8245527231604
957.0292622727527
1188.288817718888
87.42589291100163
510.65304466514624
956.6648040541769
394.94668137364187
1182.0938746079657
980.5735708717698
161.124095040462
1177.4647256539886
487.7467900298733
395.5687956133614
156.10899343505884
439.11417464991547
824.0869706968041
972.6684062268552
1001.3595293959678
28.483616481256774
904.0105912440924
169.13505942437814
1155.927107685601
1048.7958950098096
500.0945394044917
36.940344926273966
611.9775900364576

8.6 17.2 36.0 72.1
17.2 34.4 72.1 144.1
25.8 51.6 108.1 216.2
34.4 68.8 144.1 288.2
51.6 103.2 216.2 432.4
68.8 137.6 288.2 576.5
77.4 154.9 324.3 648.5
86.0 172.1 360.3 720.6
103.2 206.5 432.4 864.7
114.7 229.4 480.4 960.8
129.0 258.1 540.4 1080.9
143.4 286.8 600.5 1201.0

2 5 8 11
5 8 11 14
7 10 13 16
10 13 16 19
14 17 20 23
18 21 24 27
19 22 25 28
20 23 26 29
25 19 31 34
27 30 33 36
30 33 36 39
32 35 38 41

