128 3.0 0.0 1000.0 3 160 240 100

237.7023638351966 201.914350191941
134.63517366824493 57.22874404423919
22.972060901391366 202.88006588696706
140.67676182762347 159.32358147105114
191.21025332940752 106.76512337885389
208.9011265662034 44.86310299061394
164.5843780518211 98.76195664177257
37.98705072186004 78.78804641127185
177.96416887752915 54.02830165978331
90.59347867663762 179.68315880018412
124.25166890448985 66.25211146906635
219.32204405937503 213.65813448983064
135.45753669022685 244.44507614163425
156.70691680230428 161.42237924822967
202.176039145312 92.18219149281524
196.72657304802354 24.86827977619027
59.431170002961856 94.9352485019096
213.99932318964497 63.35864767646149
211.14726315682975 17.558353682027295
202.4849805767186 6.38134625318712
154.50158684284094 176.5601810097658
141.12969980182484 151.69390841784875
198.90695814874857 22.384170662224783
87.3809539670774 238.76256336265115
178.81325416018532 194.97891253674442
184.26278313246848 3.423127311092622
19.120051178440427 207.3950146172151
128.27436917627386 97.80306745163408
5.7335612527984745 138.0741176492889
77.7462552320928 233.13441976830825
71.789973304506 71.43401255359153
49.941086385446695 225.62234544734852
177.29909594881744 216.24993877583148
21.364236039414315 88.45042274249504
74.35346594009725 52.07168932937697
212.18387731658245 147.56877213008815
156.09913768358473 238.43885610874833
247.11839143171727 238.54669022239895
182.64239074225893 43.86736874615127
225.96451694837612 116.1648722062899
59.051182951994434 57.99070530826822
245.2770481803351 14.374867499564125
196.9741013946386 176.07748230316813
93.63393050425428 52.977491525846965
35.563847436794305 170.30793552082463
213.77726120724887 195.88296451765453
241.9662205555713 7.872580094435033
200.47662622233798 48.713703803638985
52.65505099184875 237.91387625095433
20.64439985996458 212.01213991116322
151.69516396408636 154.72218751681106
132.19354574544397 190.05598494365412
128.3654499560552 93.11439620563355
170.25882221104948 239.04091016122794
64.45338506175608 64.89747847255289
49.76826768018938 17.621613662648915
67.07024037286311 141.98682939920576
0.7171696182970977 85.53609319059127
159.16147892080213 52.38996193028547
96.7213948391826 79.89337462691256
146.7976087923365 142.08499889827385
22.253934716926604 68.97436916659527
223.07765791814782 91.06362409837196
97.80728734960309 62.00298770924725
15.074490743739899 104.66395220899349
198.2057540643755 61.49478459076488
164.30371598067723 92.05605699812367
108.46650850817905 22.764930466806195
73.34840099016421 109.19220587329384
69.23089964982509 130.39588759289728
234.77514140882698 27.73041245145724
14.607745336310762 104.51016892624759
132.88195600489516 146.62103718279616
181.08765462170282 220.99388756171248
197.7666451750163 41.16531114593369
32.86270080074552 139.57250911133275
79.25815838298911 0.2191479255048423
85.07003471450226 89.74729825696099
246.89142309445222 158.79550447864432
103.93090259401266 230.7367680773712
217.75048806661027 237.99280508303616
110.20733956053164 238.7227931085841
214.37091077788716 163.7276455079898
208.1173844280785 107.88595873501819
58.436639778377405 225.80074650110222
1.5102212963267192 139.05721760659907
153.04817325323168 27.76650387202828
2.81691506492085 196.82991610274826
234.08927886353047 109.20154526937421
56.956994770633344 105.52161260414492
114.20507400187344 116.61903183864847
243.01131554338298 90.24544453416938
78.20825863802675 158.56461265452452
114.38623977982299 160.8173348897126
121.68431831061561 150.4860445464363
116.87519345321398 241.24390158608966
136.7678721756907 19.27469646953345
75.67441149464923 8.777807144879246
21.028062742925208 201.54374097797148
106.53312772489856 202.57256674108567
71.44563356637728 198.33522717720518
12.249523590613709 166.3416118908914
61.99988195418635 242.82949227082187
242.92146405751535 9.35257804190462
0.5168579162259379 60.1081018326872
214.16821272767524 31.976518874633985
95.2790539970454 2.1041243835954457
126.79331667128844 19.38728913901136
142.28570535457487 23.734345073239098
81.54599935211235 88.43641809462785
34.04942887239382 238.66264045127036
75.74258729663435 237.2792109001789
90.42590097939429 20.603602642618014
194.03174044394547 115.19232462422465
31.693186535189543 35.40795769553648
23.724206141610445 164.23349820746165
231.41707425686286 199.34377364685815
17.180804443602398 82.34878492473725
60.30020987056531 205.50957470142845
15.720109967698987 213.61508598740377
241.2161091513048 125.75474456849598
245.0297688992138 97.25981926576746
220.3185402561476 53.9354223672307
49.23147839239664 129.47124943616015
176.99412754591015 199.9090887016362
27.797184886335703 64.30819906596136
169.455043456554 59.124892057305644
167.21586500413565 154.3988827675541

239.9315895210449 197.50262513837748
142.03213025597958 58.49216366298976
26.0594780020465 205.74508819638675
144.58881440691235 159.44312796207487
191.67828162168632 104.27632658068589
207.9311206112298 45.45340481749
162.9948367119387 99.3908810546684
35.902963981172874 75.99451921945871
178.14232147504046 54.934908989741295
88.30502935106843 183.9365068566047
124.65609584155213 69.43844286822589
218.4318032155509 219.65985547180605
128.59605472199183 248.379980892207
149.87821579854554 160.94958962969804
199.04402624675663 97.07552085168403
195.62264874504947 32.337540670384804
57.1193082955036 101.7288315483553
221.27760590870096 61.86673982766633
208.28806403278492 20.017386058252097
207.37399383667963 2.605116453512885
158.5199998316603 181.00723195028127
138.11676766487318 154.04360523890918
195.48260926910152 28.453745425617182
85.26044124108826 243.6228324675013
180.98350930678575 193.49118029154715
183.96932820548565 7.100836366159685
13.142230129737447 206.40990595423193
133.8893267553004 101.5986486849759
10.034588482410955 133.6681714944717
80.37185453363837 237.8698689143425
73.48576444313437 71.41317122253483
50.214175291424354 222.7431604662253
177.01304494530157 219.08590601743293
16.025506806588012 90.16066113936493
78.1169040667713 52.090840825595066
209.02154703157257 142.87656247720741
154.90218351885966 233.52642292457048
249.4805225799558 238.24577604421887
181.25148718822183 46.238239326954755
226.95394365615883 111.13717426106976
66.6696745293052 58.43725496334001
243.24610958848467 10.426006044159053
191.61339651845313 173.52106712271166
89.46799460275743 49.91248554372149
31.741395611024377 175.73531246761084
218.6984967362094 197.0200137616677
247.35331996875115 11.852483999296727
202.01629582728938 43.50520758142507
48.368973682443944 235.21817517319394
21.080051305039678 217.8470572776322
156.4860722382734 155.25072501408624
130.8342550435635 184.4269973530999
130.41349693420065 86.86853216465157
176.24023382176185 235.69706207369038
69.89837487436004 60.16293137643086
52.36405022932122 12.731800332601683
65.76897906911994 143.33567763199255
0.9889070481553519 81.58785471130672
163.93194405622197 53.450959475179
89.31154874532093 81.29982675929307
150.72693500775262 142.38097386279625
22.38661953125773 70.02051410246588
222.5753814127804 85.86207168683272
89.5921517840737 64.1028719194893
21.639475607514917 108.41800261202447
201.97155814551346 55.50405417855841
159.5804445503899 88.51963894214371
114.59189987408067 26.51636968096624
79.00059439872412 114.23027298912616
71.8832565656693 137.97376162605082
238.85047627630894 21.604516630516073
12.93327098752134 109.40499631703341
132.0290471468229 149.303924373489
176.65009940986081 219.61401044568248
189.41631096051427 42.429295764052995
28.027690685634848 139.3728909902767
79.5562767635083 4.995125480014462
86.28463752142376 91.6658638031532
249.60430947549398 159.55696561983265
110.76716901815972 226.9658949706156
218.05425112480148 244.2821291434351
114.86761540075388 233.97212942873506
222.12213748362797 164.61654442508524
208.4633858946454 116.19211859095118
54.280230008490555 221.75674529587423
8.561878081438962 134.79986881251466
146.3336985543364 31.193231227707702
9.168554994092526 191.9039321321442
234.0039317389318 116.14882929171647
56.20993871448188 97.9186754440234
107.41812039867123 115.65765960378386
234.84369453112268 90.00039823997034
76.7599275040311 163.13226353287416
108.51060752388628 162.06074482257648
117.41000609669241 150.90229573315918
116.95910093055927 241.5441683489704
135.58772281210923 24.484166876586777
83.13177668527233 10.080051764579794
17.248305607620473 194.80185070620868
101.83751739275532 195.73150417731125
66.13113606599147 198.4734568226765
17.24088629307538 172.80194489155312
62.77226057088531 239.7667395454991
243.33228589548446 6.78053974182577
4.2271893877312285 64.04743620386152
219.08741998498564 30.850352768416162
95.38336925185867 5.366726128974903
126.9342724087704 22.084815458980277
149.43424424182624 27.08264757787382
84.34124228174123 81.98340805221655
40.9470502907481 242.62846641354838
69.30268874814568 238.4998234536764
92.01414324062812 20.514898865491986
197.04356309139692 116.8366504139908
29.43618708788387 31.194548267462626
28.697806348553623 168.7183808143982
229.37448909544568 202.48865561583688
13.229684855086271 85.62058331656081
60.14598598326301 207.07036337478095
21.07066868592583 207.87623580112333
247.69165228699885 123.06585103161244
244.45001509554865 95.3017008566614
226.0718817252298 51.10501942482498
43.856031486046334 125.6106242137201
175.41556053662185 193.81665459799999
22.0206814541149 61.18841396330582
162.90067838653368 56.82362266536514
167.97078735404713 150.20831523652282

68.85419451267768
341.7513756230751
746.7561632592799
1036.0910612531372
1094.27330506942
391.97427919249037
724.2573407067431
454.1108929931297
833.6118422229537
279.2854304643415
701.6597609980546
149.62050411357725
695.6987184932029
1134.6977773192016
1051.6231304048529
839.6661647077119
560.1611381305667
836.9003057262822
583.3323702088253
366.23702497864093
819.2512322302849
678.5930982695581
613.3988830500234
408.97029823131936
962.3551007843844
38.50734879841062
1028.0166265852215
224.86846571444755
996.7112944391234
463.9173893655232
466.36005101094963
277.68820959864246
637.506277178043
1074.7754229309248
52.504727616446665
526.9801677247784
652.9402342118674
631.4545984300053
655.2217953921016
991.534029727543
1128.0284387509223
290.7116424367069
1085.0490991277236
349.6956089556687
191.881560038716
680.7584014353449
672.8955214465362
402.96348928981985
529.0229588391496
24.98230401376387
1132.3735660906812
87.55912909894096
978.4296998365107
432.15126212882444
946.2221486303193
1075.0235145015001
744.1911554902422
248.88356723982804
544.2426041609519
581.6260986767522
1068.1104719229602
646.1698992126577
791.6508499821036
379.2144468169946
786.3381790020287
921.0382304075291
1076.5540867276745
1197.3342729850176
888.5187629126955
1131.3519808992571
952.3767879081047
905.4490905315251
252.20091403640654
956.888156467141
293.45420198144495
699.7244225286225
295.8637426221009
336.5602776211123
903.0010899571339
323.6476676080234
38.62362589844774
264.517269762856
403.52531686253343
1082.5129099377584
610.4755891252672
160.65486359316736
444.41615147967167
751.7367699060374
1193.3067902355322
1170.9809260913205
691.0005219973192
869.3055351770638
231.81599405772735
705.3242139940804
84.53520264601956
991.8127925231537
710.2871182587994
283.65282855351234
670.7998447454828
242.89439554832487
886.4111397974875
588.7230552111325
683.098160150515
799.8295465100127
822.4585799763746
573.5330567972595
1067.2339774305174
17.90048342302939
922.3862438191843
434.30365437895944
1012.504588826003
212.0568235825485
438.8717868339304
366.77100371826185
236.31724083327492
2.620394217583082
732.8942229020583
968.0535324247143
545.250411584108
854.323600564763
867.8450243422334
646.4926565901034
155.6865169672893
816.4407473486826
604.6572840085331
239.4898077111145
693.7351175835025
1147.0509254536842

8.6 17.2 36.0 72.1
17.2 34.4 72.1 144.1
25.8 51.6 108.1 216.2
34.4 68.8 144.1 288.2
51.6 103.2 216.2 432.4
68.8 137.6 288.2 576.5
77.4 154.9 324.3 648.5
86.0 172.1 360.3 720.6
103.2 206.5 432.4 864.7
114.7 229.4 480.4 960.8
129.0 258.1 540.4 1080.9
143.4 286.8 600.5 1201.0

2 5 8 11
5 8 11 14
7 10 13 16
10 13 16 19
14 17 20 23
18 21 24 27
19 22 25 28
20 23 26 29
25 19 31 34
27 30 33 36
30 33 36 39
32 35 38 41

