128 3.0 0.0 1000.0 3 160 240 100

214.11063393078624 57.20411554632898
138.10023228817641 249.72109537292178
84.38021542098711 71.38538683318774
79.36692350707392 65.52507984958747
178.26124231188848 119.26926337511426
13.116180995909914 33.88247880408221
204.88856157490824 94.33351542175133
182.72797135190967 153.1623354166332
50.716163952659656 48.91483466263022
101.29488828988356 63.56696076933591
107.49678799833065 123.43013458468164
95.06892853971846 8.214511048345695
226.54048269509042 38.12223387200814
34.21056391791627 80.56244300570692
26.880889078584076 227.1907636902564
31.854376487631146 131.10148473076487
168.85814193261865 132.01695841753644
35.87053591347997 221.68152462781129
124.81869241226443 45.27010776879223
98.36558455366279 240.81724942215442
223.0292396202346 187.32884795266628
245.08157776780362 27.801594516102117
112.67961756149315 68.00385901380784
237.74838675470326 67.72518957036297
191.66815755384047 73.15735953386582
37.14383151689252 70.30148333197874
239.81873708110584 222.5859094581923
194.63020301548605 32.33561146011157
192.8464928053914 242.34893442153
140.37735287941243 196.96996402508483
146.26758205232412 213.1048495434559
179.1788604955843 207.47513694445428
64.03296416422613 25.383942573657226
210.5592361681123 235.32510026085018
7.472261038599881 36.23197264932912
207.23724914306763 133.17588368218395
111.68667402058516 82.53199455508376
77.659082782907 117.67184457869182
141.3119767768745 58.614886529929635
140.06476893939495 233.83968032517538
83.17993073839577 176.96612606282744
124.4588527115253 3.177850681094274
16.665006662792305 86.38298564456173
29.474531206606812 23.6803792783582
9.119004792140394 53.83662226869706
222.58198553076858 189.7876370605171
5.193483671703053 6.341316824243048
122.36270751225153 124.33584811022966
81.96615165290349 85.16524721696833
219.52559585379572 143.59208706465117
139.5139422188745 97.00445566903831
123.09498777459308 45.07361500346171
79.36903887907845 151.70764725963338
169.12763523655786 203.17413457755913
234.21239222904902 111.46794092388184
17.72743972561999 221.09610908344342
165.99034521090778 236.510407945204
98.62849120932738 225.18170955274584
151.77670536026284 159.76491466130634
169.9837006613288 16.197183076529313
74.39833303265486 22.050151375489936
12.664731082211638 107.36837842313743
193.87283195101688 36.28624870784772
34.031036734036235 172.31210693417194
241.45237411900692 168.9458593778899
4.971447940580964 106.57087373138546
26.196378612036497 177.5190061886809
211.9100393638182 25.647133056952736
219.42048884121047 209.27475498511927
3.414078625693956 36.960551996146314
119.57606629355905 247.97046041109405
88.27844323596878 37.52703743209146
210.34011260125268 223.87343095311192
17.534872597353647 24.228521989928588
107.25076483832197 146.33477745127703
87.05468200971794 179.04996842593926
157.3844424220878 25.054800701891033
244.2199129966328 112.36714255229577
170.5243222248077 91.2484104658336
66.79717794499274 65.40830534566325
4.835568920266098 5.769545320959746
99.40975930968158 65.68800207619051
119.87630574167963 177.05203339536908
67.07172084112193 37.01288690038357
25.982026085298425 116.84454572249986
129.57020110118992 111.2503785583325
57.25789828397057 51.223021289109774
7.533504036409067 50.273566648840166
86.12030601251935 242.36437124261795
46.70871327444928 200.33618950170302
130.65809334730065 192.2949503430309
87.44296979229266 181.5733066789735
120.17999214812336 16.28499019837501
230.98481787643502 209.1437991347142
62.24310011430012 135.08712321868873
95.37774789423867 123.68902915122962
217.7221199463002 1.4519493964385566
167.1371062568791 219.72021659756913
12.635220051250007 210.53034521539075
45.721496947083914 101.57343512676594
137.75324003995956 136.53257169150348
180.73696007045592 25.888032342406554
22.324938316566012 173.90868186716585
216.75700985151474 1.0815748932198888
123.23687878986212 192.39844595574337
48.86212383354546 58.72168401042663
96.02049389048925 17.76273021707686
235.39249862866447 176.4815021491067
247.62416219198636 225.07668327748385
207.12707807933708 240.2961152729674
204.13660658146702 235.43703460458724
161.76735733103416 108.2897078913154
9.591624683909645 112.93544086950142
217.07767447584058 236.7578199201695
158.23844958283644 3.7795786956141275
231.64772151353043 92.30836260614569
176.2937834835168 68.6197275779769
92.72772113994881 4.786264104182952
239.44812861043442 24.870870853791445
241.92097582248311 63.50773140534186
28.23430292802462 47.70192958376898
90.24734908051182 95.7423738692692
70.29014669535805 9.872406132958838
56.274902885804 202.5287955448667
42.64501118798053 89.90112426598196
168.15377565259521 14.997409661862026
74.67343258506803 13.954859942762493
164.894114496512 158.74664408299918

212.05905533491332 63.14890260427946
133.6699998901376 249.06037727436734
82.61398032561843 77.3333878299265
78.27787953944839 66.48417806066604
184.04415308866976 113.91280848621771
12.521425747288095 36.904360787280545
211.4586498890994 91.95462875533761
181.46259826884955 154.49655322367576
57.54291716869561 51.287028759762265
96.60711475866444 60.47101482249709
111.0171845846219 119.95393073605673
87.43823995634179 6.02038601708435
230.2749771776922 44.88378282021069
33.46513050802017 84.09876176865922
29.22010206192274 227.5071817125452
27.427673519802102 133.3985487267874
161.76137511819903 131.55053076314707
40.1595528785692 220.62941914403223
119.74093540701628 49.16848423610837
98.75606523619996 233.82023354800543
229.8231892669712 185.73477628548872
237.99514339093597 30.284352893659882
113.79771723058037 68.61398406428034
238.35774853112054 67.25049392630197
184.16441016029665 73.44821422841993
38.97342709599397 65.547303288992
237.7439396800883 226.34773894974745
192.4579063062996 35.689529159078944
185.37848849818926 242.23952822550936
144.07792032978205 193.96969523249115
138.876024938147 210.8075488568293
175.60249785002836 208.75686088381153
59.149910267283225 26.850075695663307
214.37022721749315 234.94725239048336
12.906127975200409 40.20358023256049
203.87632446789598 137.655404402931
116.48262914805946 81.45362049639535
76.9797185049472 110.82537272169394
138.29435406718045 54.53972631321646
141.8943697963073 238.70526893222765
88.30394336368053 176.65538302236996
127.28625126628806 4.615469412305728
13.233402724696697 91.75876758728444
33.14127327301036 30.68764725167447
15.8451464644854 48.734906231169106
221.44818372620452 181.6208547127982
5.91252429470207 13.185385858818927
120.43331751352824 124.85918593994819
83.84897160411151 87.89146455622912
218.3892338831884 141.04089290445597
138.46010168835625 100.56143299226031
116.33490156863641 48.862869490699765
80.53067182885299 144.67978990278758
161.98546217845316 207.1569781133397
237.56074085702033 110.11665055517533
15.621739504160375 226.81974438565933
160.08117891878132 240.8009380422692
92.38134336547998 230.7132074772305
150.6610809788733 164.3286608146581
166.60938469999948 9.062994958645183
76.60895527961777 30.22611010786366
5.257466705067465 110.15350330619326
196.50175884820163 42.09758589443932
33.20610659637535 167.92397563715554
248.60892130656416 164.8926210421285
7.157992660982243 109.38286255688712
30.42566780472941 175.15151760883842
206.1570883275643 25.067316139696484
212.08349338403556 210.48052920445568
10.16509406515037 31.91277902206757
117.10155158265113 248.1115994067348
85.19479297857896 30.4801230485795
212.80768966864346 227.60088515276385
20.702848889117636 28.186497968257175
102.84227047903823 140.99505034559576
86.56484675447504 178.55149463581802
149.03374427576384 24.524137931610568
242.31728227448502 117.09963599449621
166.54130682901092 95.73212498837403
63.01227212744728 63.67721324711187
7.939346633026839 2.9010969343657154
102.82637780332385 61.03579188165931
113.3382597229439 171.7565930587164
67.04626040666803 30.01251184784648
26.444004515001783 117.38694172462525
123.86006629845569 115.99852524379853
61.41882522547468 47.30647683981937
4.550495349669614 54.11289986710236
82.58130229602784 243.13482557762632
50.00336649475298 198.84875141539712
124.55401597228993 194.51841396829903
87.10003147431472 178.29271665803597
119.28956444695382 15.079849422269447
227.80848906320583 210.33420588459487
64.94974794871905 129.84460560275627
89.59900567026516 121.29929293889788
210.07145847571527 0.6104973010878645
167.4495017980857 220.49923919739246
7.180700394363942 216.201708090596
45.379657074119145 96.12065570761338
132.9572695881355 133.06874209831724
180.35106044456373 27.694443774015642
24.22249641392371 176.97841739197642
216.54205553156172 4.768581904713908
127.53988093703452 199.10461584792236
41.682925890373895 62.82572523244603
104.07341980767713 15.181681155085197
237.79520011940338 171.75519743236563
244.78660282821255 218.39844753676672
204.57307022372888 245.912589585614
208.60010540022316 235.89390525547964
161.52691059146414 107.38894549183686
11.764464631823513 113.36649622770925
213.8158296684027 240.51306735197764
157.52830477044094 11.265981177667111
229.09556087908376 95.71472826813854
184.75719900514048 69.00508752744616
93.50494822315835 11.245316465343326
243.33007864146944 17.3564359174429
240.87200404504398 56.49679944256819
30.64091627595386 54.63023625745844
92.15114852050351 103.61977238979453
65.93583313492152 3.936407380380147
57.578187425985114 194.9909221001213
46.29229448901814 93.70625896559373
172.82520791461639 21.826101435250212
74.91741806519717 13.455370585532588
157.9725009535454 155.73784628980843

480.4
143.4
137.6
103.2
432.4
8.6
77.4
206.5
144.1
129.0
68.8
51.6
540.4
25.8
34.4
229.4
143.4
51.6
36.0
51.6
103.2
324.3
86.0
103.2
72.1
216.2
286.8
103.2
229.4
144.1
144.1
34.4
103.2
216.2
540.4
17.2
540.4
17.2
17.2
17.2
229.4
154.9
172.1
8.6
154.9
8.6
114.7
229.4
137.6
137.6
480.4
108.1
103.2
288.2
154.9
51.6
129.0
77.4
114.7
260.3
114.7
144.1
172.1
8.6
129.0
143.4
229.4
143.4
286.8
77.4
51.6
143.4
108.1
77.4
51.6
143.4
172.1
600.5
206.5
288.2
17.2
129.0
103.2
324.3
137.6
36.0
144.1
258.1
144.1
324.3
600.5
288.2
114.7
129.0
17.2
324.3
172.1
86.0
51.6
432.4
286.8
17.2
103.2
288.2
324.3
286.8
260.3
258.1
25.8
258.1
286.8
114.7
51.6
258.1
72.1
36.0
51.6
34.4
129.0
258.1
34.4
36.0
34.4
68.8
114.7
114.7
216.2
51.6

8.6 17.2 36.0 72.1
17.2 34.4 72.1 144.1
25.8 51.6 108.1 216.2
34.4 68.8 144.1 288.2
51.6 103.2 216.2 432.4
68.8 137.6 288.2 576.5
77.4 154.9 324.3 648.5
86.0 172.1 360.3 720.6
103.2 206.5 432.4 864.7
114.7 229.4 480.4 960.8
129.0 258.1 540.4 1080.9
143.4 286.8 600.5 1201.0

2 5 8 11
5 8 11 14
7 10 13 16
10 13 16 19
14 17 20 23
18 21 24 27
19 22 25 28
20 23 26 29
25 19 31 34
27 30 33 36
30 33 36 39
32 35 38 41

