128 3.0 0.0 1000.0 3 160 240 100

41.86254956089375 170.39895204594507
239.6120990526383 106.28235045235284
53.67696457219132 195.58249656363228
173.56760585443982 228.63995562741124
83.80210109724042 56.13230227695054
88.03787785027026 148.4987193365748
40.215998209963686 113.65122051671028
142.14557264403447 138.3938197593233
196.41921237288074 169.41529929343966
134.10010580332596 105.69381614323068
224.7314079155509 66.22401998675412
179.19609704245272 142.85649278038937
123.99619137752063 200.50905431664967
38.316314291432896 20.750453987186585
150.18155997604816 157.53038240466768
70.85506411678288 164.17020751603062
244.1334696297909 41.912466755047646
223.88741061518758 28.25948916607779
68.22977826264983 220.1220939508481
106.402924624993 157.0213081229134
198.72409364150616 167.49427910627864
198.8533787374016 13.845776694101724
231.44294977825126 234.31958721804105
189.456802640293 88.73508668049027
181.65624928681845 231.78890837200825
189.0398489451697 7.21642936509137
245.73273433528553 156.60966884183281
119.38928922200476 108.0108070301066
87.14824032354854 99.1750677545386
33.106483344898045 130.64496533612626
245.81887546794772 183.4963756280975
158.9346303323483 230.23614045962353
159.69458161883728 196.3006148963864
13.427526238376174 60.0477897029629
101.94554593104516 168.86293980779092
1.8340146808402957 160.20456161083925
34.628274432176504 143.90942620811842
118.70834778171505 61.075115512153694
188.82175358424757 59.339727711611864
2.3362349049745323 143.56996967192293
101.15576558991363 41.80540096917251
87.50222522598646 18.67001019053832
177.87886163257664 37.320934903194185
15.917235901998783 116.43738391054207
210.83026023112635 184.38480285260363
144.055582344833 12.73684173677872
110.11084120827577 175.67262787633092
0.9768197692480163 67.11607519842497
93.62572297073073 39.53570535543999
232.12356633067975 205.7325898093918
62.59552326745791 218.47300613847924
105.54466380472421 103.0816528342238
96.3666055077462 174.42794113040145
78.88409897781331 89.62372652323761
229.85968569886333 117.0386723481458
19.577105277161085 155.5725670901613
168.11706670929374 75.18418005792962
167.85213778319772 21.92373528151892
119.01209945147399 18.40766064486904
97.0568157168972 231.49038478326815
194.50678954426076 50.78350248568153
149.22273061486314 210.49414456754266
49.88292937262004 99.594288411377
211.2812166250337 221.29991274260152
32.55403771894913 225.240206129483
58.150007717046506 138.90272725541433
201.09775431542755 130.97840563752723
8.20905824354029 148.82957933389943
176.16701025093846 132.99636767754478
17.899147196256347 36.19651095339677
90.05581456182551 240.13666889448245
220.2536476702615 166.63152733173845
8.38532721176416 65.9882462190256
177.85116571511244 155.69734809461113
74.71947948238183 247.71124291820533
21.982147690119998 49.47316108778449
200.2216358975176 52.97544484682745
32.27424318953911 92.85350204817492
115.26837970261694 233.38846883809777
56.43905438111271 77.71740483548619
215.22387191365303 205.1364081308159
247.18834178994018 179.70969675473668
35.187174939513426 22.846537455988525
109.8050886761556 197.16590755367204
57.94507133356316 112.01075053601383
9.781686069045392 110.61721824460672
67.35686139093971 38.43467799981315
212.9149404952669 246.36337000057816
147.80249773240845 51.25948950676676
91.56660345480807 232.03373987447208
78.28734657118817 248.96647398519383
50.99923355137523 87.03009140242249
8.0652606588702 44.79741533593007
188.47007033996098 229.37639443624056
22.383851853704645 7.466642085959902
241.50802334472328 242.02033192161758
182.90541010846536 191.1103417866013
105.13306140904893 139.30100646538196
168.96536862242922 74.19705620060746
44.08824160675665 122.14698984689359
19.328186717858824 11.708736168549505
203.2130473204751 14.579284868879967
164.05070870716446 155.59194469674506
234.7761737175021 219.51637334635518
119.50611986154072 150.14528013993817
205.4456985443495 29.51706361461387
102.99375453666349 137.06014882177885
21.71285255804134 149.42618945712474
28.57084305113991 1.4217724577658963
38.23516298606289 232.87801659968846
198.94560740496243 105.6351427962508
83.23278349913194 13.797306651303575
186.2288714817555 119.55230696084804
226.6451907174625 8.665620600063207
141.0411578511903 144.12343787844463
6.081637401217504 71.22122708746653
168.91324455800222 117.37265723836349
58.48202659146626 4.517196804066426
152.91308071852848 56.67440261901432
173.96755009636536 138.12832774530307
60.772295916008 118.76501764687303
243.7833507801531 13.073355980904811
91.33255479572169 46.48168303508912
23.651336776885245 70.79393160610594
141.07960149565665 212.86097335683826
1.371630023566578 45.69964721847225
114.36288791076163 37.94598766823359
17.548969897010075 120.1738927729917

40.247175018564285 171.7764178176279
243.8190993148131 102.7238652770318
51.39901663235594 198.03384725007226
166.65047534053704 224.60753179286226
88.87153737451892 58.3144034656862
81.5437686911778 149.38238618547922
38.481886480470074 106.52213092614998
141.42833361996094 144.71025516083893
193.56923271633104 164.47231533063552
138.63655485204362 107.9161911218671
229.90856468468 65.2659296032693
182.59088560987067 146.29381168031566
129.13084541459057 200.39356404440232
38.89732548968075 15.900925769952167
154.61871647516426 161.3103897272027
72.76016141617328 170.9770889707583
238.13549187981175 35.95493289299739
226.12350072031145 20.591830560699297
64.73287316835346 213.6972578839001
108.74462389994515 151.9760992789866
197.12142956836945 170.88595914794098
204.1278496740303 19.145603809827023
226.44350359622962 229.56484104953827
189.68886604040082 94.30281279028257
176.70100839631377 230.1591313322158
182.45035177056388 3.82057703683486
248.17433679150452 150.2076787257387
115.29259500814887 106.23684244330681
86.53595523447835 91.60305908816616
28.781897968321175 124.9861538717999
244.85571037884415 181.67123430629113
153.14494505321377 227.00443341730139
159.28875028122135 197.7035568979829
18.63811314076497 65.10962593189248
97.25850428468577 167.71998739244097
6.7021665190172 155.8311299089639
37.30776171132716 145.74321985744882
119.0726972265616 69.41788496867748
191.08941438429324 66.89251267528779
7.689234422641523 140.60591901921595
98.02768994511712 37.40947831954233
88.41988597732153 13.02896592548375
179.0386299381298 30.336593626552027
19.805956209698966 110.79105417810995
214.75381501683947 185.5710525112846
139.49559234198847 14.475792358981526
115.03860106086661 169.88644432835147
2.188956486707222 75.24962354751311
93.80224800381662 45.00458716431505
236.3340305680413 209.32233243990962
63.329903356519836 210.4754146548739
105.6461405281567 104.6524077372469
95.79883168440087 180.5122674647716
81.89386070820385 92.47600101453735
232.66176967315386 109.61243089983088
14.821422664204858 159.89652432751555
162.73021683681276 72.18703405932969
167.27584303253295 22.90094057810413
118.73864195954295 26.4663434490387
105.05110593555136 233.25618733914038
189.2753428440107 49.211236939569716
153.71654634643755 210.28348941919222
47.149035277562255 102.67785145721248
219.05350660636714 223.67902031055186
35.605224153068136 228.75059134025813
62.437530597387436 145.6611322869435
205.79584871496655 127.73524400624086
3.039425705695015 153.6288247053721
170.12609386006292 137.33514140705745
11.500868738133136 37.12893095865924
88.7083574173136 232.14814623396043
222.25278511627755 161.11273629388188
11.277234893024707 64.02198481287802
174.19740108040557 159.9558885077467
70.65407055875053 245.5781171740698
19.765085145920292 46.61852828011648
198.04591093910113 60.33416300369607
31.804602583929224 98.38565791470106
113.41179899708601 235.94050876078583
57.0662118296654 77.16159454198998
213.51253813495958 205.73482465573952
248.84288353202052 183.7070299815432
42.14980049128133 23.262375963504915
104.24439486001313 203.19750047780835
58.80593808181114 119.97128799263545
2.660771251461025 114.47453175733621
62.19826413506982 36.17399724997822
217.17327099349592 242.89258820997625
155.49438654940704 51.56611007771939
92.7420079248667 236.86173140448744
74.63940647850562 246.1918396924515
51.76978946251637 84.50659099292757
9.536056021066358 38.84936619377285
182.84247229795798 227.81859466215826
19.049654524337793 4.041496504539305
240.38371338331478 243.76918920445482
186.43663114901565 186.76081579413474
101.52737023102488 145.00097313040436
166.0221576714218 66.37583341198788
46.11203633221486 122.56227727814442
23.58361552794644 8.33346576271843
205.80111995503617 6.783399237755755
167.289050343235 156.28273690786622
239.41941464571403 218.3425954019082
119.45011009591525 143.15774806482304
201.7366110086347 28.33675868452884
106.47285277016888 138.07930964310077
15.907205536880603 149.78570079006167
31.728089823510608 7.9259422943752655
36.31030680109112 225.3507762550175
195.49741375557727 111.41948154930961
79.6568226320141 18.892216280950503
189.1895350703909 114.5386673371879
230.2193661899332 12.000150578985401
135.77383308984238 147.942420779373
3.597715236598326 69.66575388336929
167.14704015604602 122.00767748842966
62.785346718953086 7.213642510817325
152.19775710376126 60.14810092216252
172.59676011941772 143.13910386592727
64.62124309724332 125.883066011105
237.33151268384213 12.052901160081703
91.76113708800057 48.326305051247296
18.234512986885193 70.00021751010158
144.74701069843772 212.57977091466196
6.555813019147372 42.97160446552509
116.366556509799 44.80248577505222
18.140978852282302 128.63022066106564

68.8
144.1
68.8
129.0
68.8
286.8
77.4
68.8
103.2
51.6
72.1
68.8
432.4
229.4
480.4
480.4
68.8
17.2
34.4
143.4
600.5
206.5
432.4
480.4
229.4
8.6
154.9
324.3
25.8
288.2
72.1
34.4
72.1
258.1
480.4
68.8
258.1
36.0
25.8
286.8
77.4
8.6
260.3
216.2
137.6
286.8
260.3
154.9
25.8
108.1
72.1
143.4
143.4
34.4
36.0
260.3
288.2
72.1
34.4
144.1
51.6
144.1
144.1
17.2
216.2
51.6
103.2
86.0
114.7
144.1
137.6
129.0
34.4
432.4
17.2
540.4
260.3
324.3
154.9
129.0
17.2
137.6
154.9
77.4
137.6
540.4
51.6
143.4
206.5
17.2
108.1
600.5
103.2
51.6
108.1
8.6
172.1
432.4
103.2
258.1
72.1
51.6
34.4
51.6
17.2
144.1
143.4
72.1
72.1
143.4
172.1
103.2
154.9
143.4
34.4
324.3
480.4
51.6
51.6
103.2
288.2
72.1
34.4
8.6
600.5
154.9
286.8
540.4

8.6 17.2 36.0 72.1
17.2 34.4 72.1 144.1
25.8 51.6 108.1 216.2
34.4 68.8 144.1 288.2
51.6 103.2 216.2 432.4
68.8 137.6 288.2 576.5
77.4 154.9 324.3 648.5
86.0 172.1 360.3 720.6
103.2 206.5 432.4 864.7
114.7 229.4 480.4 960.8
129.0 258.1 540.4 1080.9
143.4 286.8 600.5 1201.0

2 5 8 11
5 8 11 14
7 10 13 16
10 13 16 19
14 17 20 23
18 21 24 27
19 22 25 28
20 23 26 29
25 19 31 34
27 30 33 36
30 33 36 39
32 35 38 41

