128 3.0 0.0 1000.0 3 160 240 100

94.21572347450957 202.64188987188246
160.6270335666998 2.1421757403549124
98.10416303365827 103.75370513313503
24.48772484551037 185.83558080568056
115.66931807560319 173.8641215894584
153.86977541489975 17.453571320529466
249.23705352657413 22.77878887405266
151.3789695866619 32.64642633411544
67.51625957657464 224.61923768816737
174.5572124427847 129.2793332401055
199.97838457564075 205.45108321202753
202.10296314148783 1.3636092565873503
10.731306101251475 142.45725716210057
17.99515778078617 90.6617119252513
59.62797833613559 121.20824936903169
137.62635056036362 13.990509860871637
225.05532771163385 43.136418974165366
188.616768713104 135.42719840255302
17.24058265754211 125.34724002790031
145.07679768012346 71.79098755945604
30.72265072160954 213.44879844568956
154.77858985481967 89.65988799497887
209.30222412357952 152.58826228611704
162.22328077002103 26.526543247802405
214.71323133524982 172.02503710502268
154.17119163526263 108.14206705894827
234.38386797615544 93.76398498753105
146.273043775283 36.121011848191884
66.20467428368127 190.78568049760602
45.7190737221049 36.0166377636246
8.730226645145333 241.0417617258554
13.3568383875797 3.5034357092119106
15.168411891025746 202.8981176806558
201.35572638370587 44.063411848465655
121.1758805475559 213.04002264326726
153.56730105011258 199.16445202256898
110.73871923191939 41.11425731725804
217.44916741959563 45.328511370657466
101.62159691992231 125.64980281421431
195.3239670268688 92.61427060643518
234.6997405338089 235.6435877442456
140.50690181510686 17.711367592102956
173.79584492211944 122.41436260369224
172.15466553799766 219.27470511306151
44.04147414552501 203.97574638891558
18.863905395317516 189.73378983205308
3.238307125766976 123.66616854855275
116.2109119482988 169.43390605563013
82.11262497842756 67.63101672331209
242.59679540270358 243.1818857539488
153.59739477882627 59.141949446738145
82.85533310653925 236.52359574637507
47.92903603653992 50.327319070488706
69.94627306095849 191.83830945384136
13.655743398508891 29.361617956122466
106.84462965017639 23.267794360684768
79.03233480733823 71.6271998223988
91.48795758087655 214.38560356598168
150.6829451681613 115.0775007554712
27.092392443302334 60.69835052828098
93.82035140131222 96.49006965678095
154.08783033338486 28.41017753583769
130.98543917183912 65.39278671341151
208.65741298696778 78.75023466085254
120.2593758126538 107.76633254209264
189.29830913422782 149.99338764925253
16.735873400396894 74.92625870366892
138.85835478521068 69.5073419308194
249.4821934616331 21.250638638411367
117.75401839754704 30.089006757525294
8.59280556019923 153.9826601382403
173.19753703758363 41.19038609618924
97.70452558146155 22.009120026496547
110.99207750826592 132.9998000560515
12.700462433937604 149.69032770983054
124.5391066740276 211.6633521769567
90.67643887105423 73.11002046644225
34.35687312571606 238.2791450773376
4.0474101831488865 244.54952774750544
82.244718801418 205.27980627846125
183.10500934373007 55.599880272632795
195.567451920779 96.6265816571486
153.83773605091514 227.48871112751957
15.482326868295981 108.19139113660306
10.661086718078112 156.67762380239313
23.080629004251257 91.66326568695537
193.428282239794 120.33164249752987
121.34240994678643 9.724197365401338
15.069759343815992 217.21746924922405
68.38271725408795 110.61735991504065
84.98757770283572 107.12204704702124
153.18458582002313 102.5276816980743
55.44328860029746 62.65684510186098
248.97457018397796 45.530105513045925
193.50457426165264 118.22103425366822
173.75545174809906 119.02627561949544
55.2570220852881 151.43888860275067
7.42317676629839 130.9896507884803
48.654099275978 179.0130479430433
46.3300253095244 224.07545992530723
40.349466383718116 213.70686305728083
215.26282029430763 244.260037195893
7.721701401939896 19.626895684517365
225.4088299007409 230.10734111679312
79.07685677716856 63.490900408000485
49.38532623765893 142.15936802184015
169.63956840293199 154.55760722052716
60.966065451191014 18.08022659040967
176.89711996471468 62.95967976432102
116.45838662665525 163.800834888556
6.360146147420364 30.048952193011207
238.64568036430484 220.7901031082133
189.50613010344247 91.26392711820269
114.09526680045806 25.564549255069792
19.97436659938276 177.73662303140281
126.76127774648829 126.4432706392414
92.99714239798027 30.690673080821046
58.9026341284972 235.53371821344723
47.53403864125577 246.43986770800086
156.02141303665982 25.792263525008963
64.95161229960037 173.81636056110221
185.76276305560307 4.444319497145549
213.29365532094985 248.40928588635077
118.88214363142416 28.520343888179227
133.75083760781558 19.218028942043137
101.25044794773974 50.77613526282882
36.09454324305364 195.44187558057857
224.20754449018568 220.32257804335993

98.22864297736528 208.52122300053844
156.09626609531128 1.5326346816152137
93.4748889720873 100.9218456369092
20.364071571820574 179.17431197959527
118.67735300617998 175.03676267212344
150.48350104800204 16.02070348472351
241.8192986259022 25.553166490655947
147.9367210571284 37.31657587349099
75.14802426922238 224.8102270394829
173.45728873071283 126.24991216662862
196.14839730269887 207.68479785372367
205.5331978112238 0.9910595206080453
6.26697571132731 143.70335587043348
23.2926156406332 93.53433249309795
65.72178596742454 119.86478751830329
141.86368921197607 16.393331674755206
222.39542332762167 42.55452140424515
191.8906210581564 133.88973744130325
16.30223340997089 130.0703205794714
150.46457561765834 76.69584877888008
35.49638870137151 208.1961578819168
157.31759797766583 92.10922346508322
207.84472485611306 152.6258563305396
168.84976833552466 30.335993613209126
220.42370506372393 169.88308312258175
153.61913368571857 109.91903898113867
236.88121924440694 101.86129290062904
152.38256835787806 35.33738090038163
72.34750017430297 193.02490881006563
44.02665919096141 41.148587951935326
3.771082678506843 235.3179900433663
19.791736320673632 8.675696933010125
13.93757132533019 195.79074896829135
201.29154598658096 37.98471072337758
123.16214140885282 208.10541114281273
151.29001738917873 197.6476089242863
117.06854579919582 39.24869939618969
215.6876170421192 47.00989892802715
100.67812183066447 132.78935920142766
195.82383572404893 87.20998308572541
237.46091543642459 234.00090056761337
134.88484847538336 23.078282165279685
172.5786643857184 119.78186835496346
165.53699272642862 214.93350461044886
49.696653885462624 208.07299537049582
18.542296062179968 182.72107827775216
10.389794060498698 121.46065488120433
112.22696049923017 167.61878656850757
85.12775537444602 72.43718717947046
238.30396812696083 239.25736704349376
160.21207317997894 59.00644308458294
90.02259164461302 233.14862954833353
40.838902507589204 54.895425525540716
71.62859571012206 191.1910936234697
11.585796815914929 25.301638103189834
107.51136762542127 17.591844695775627
85.5121010572596 69.78982010835524
89.29480469995168 209.62296520996094
151.80497339172544 120.84289101732281
32.41707095025842 58.388598646116094
89.26840530981673 93.74642517620865
156.19976963057863 21.053496009619977
135.5965226338853 64.00078991578498
211.71339309158856 71.19877772736203
121.82807442259467 99.6374992966998
194.11016928685962 151.58164321120123
8.633337273504043 74.72974202339103
132.12122210721603 64.48072818209666
247.66114981313115 19.891647941897904
113.09494091840439 36.42129258504262
4.059903886566962 157.5386930205366
176.3473999430449 35.734575427851105
101.6545526721796 18.789636501514885
118.0785568863727 135.7014254857769
11.294854310146624 156.89636992527764
126.68189873987478 205.21863777262453
85.55166566685551 71.52719668838498
33.78756348838299 240.2706481818107
4.437017913729912 242.7192558370728
76.92519374210832 205.65650937416964
190.2514227973657 53.94860919700664
196.18078153753015 103.47745789377896
156.24538109793318 225.98737059669628
13.08922115150804 104.40056724885568
9.87415354115373 162.90017369085857
26.4682283409651 90.49332313926817
192.39959248948946 115.88923247714841
126.53963772914365 13.141668423193003
20.739143533473392 222.88968307291927
61.10763105241504 111.45337647656712
90.72779792560631 112.60003088499981
156.12837487091295 107.00159854220873
57.33544432851714 64.03918703917827
245.8482951808441 47.38569654794211
187.3691557809049 113.9859594899813
167.93388483976597 122.580645676375
55.84247249293192 152.9614883053583
4.020295459911449 128.5686739713337
41.447805085553014 177.13062670720123
45.53558799619275 228.97673471348287
34.422495384222515 210.6232245755865
209.04387446773976 249.1293453083727
8.442556731083073 17.26600826077221
226.8600866934081 230.57764469432882
74.64215443093758 70.43532066229815
54.156860223574796 139.32336960465176
165.76952694951962 153.98367161883175
66.32514921294089 22.519293854816073
179.76887411989273 65.00250272837698
116.0460076909334 172.25962278755648
10.557637265308117 34.31759773482487
238.8426437075206 225.73465379471367
188.21264613121022 86.78481943499766
116.84454047564061 17.581259174064666
12.391710333680722 181.5327744139417
126.64840358351165 131.81929233590893
96.39589954697922 32.199163792845766
59.508053271529995 243.16700818997361
50.7891697656124 246.9247544601005
160.5694635733062 22.204966653905146
72.71616996204838 171.9708989272388
192.37606128408956 7.224430200776149
208.1744228017435 246.26395673816106
118.49628924761693 35.021559042959474
136.2132188010472 24.100904966812553
108.2728159249467 50.0780718277315
30.83720627750905 194.2178591405042
225.26640484988135 224.73234218376263

34.4
51.6
34.4
77.4
432.4
129.0
129.0
68.8
216.2
68.8
144.1
25.8
103.2
137.6
432.4
144.1
72.1
480.4
8.6
258.1
17.2
51.6
129.0
288.2
77.4
34.4
8.6
260.3
34.4
25.8
68.8
51.6
137.6
108.1
108.1
216.2
114.7
51.6
25.8
324.3
480.4
17.2
540.4
103.2
480.4
480.4
86.0
34.4
144.1
77.4
25.8
229.4
286.8
103.2
286.8
286.8
432.4
103.2
324.3
143.4
480.4
324.3
77.4
72.1
51.6
258.1
68.8
8.6
8.6
260.3
77.4
17.2
206.5
36.0
480.4
172.1
229.4
51.6
77.4
51.6
144.1
154.9
72.1
229.4
206.5
51.6
144.1
206.5
600.5
143.4
600.5
86.0
34.4
51.6
129.0
72.1
258.1
36.0
17.2
68.8
288.2
206.5
480.4
34.4
68.8
540.4
68.8
206.5
432.4
154.9
129.0
258.1
144.1
68.8
68.8
600.5
540.4
103.2
34.4
86.0
51.6
8.6
72.1
258.1
206.5
68.8
51.6
34.4

8.6 17.2 36.0 72.1
17.2 34.4 72.1 144.1
25.8 51.6 108.1 216.2
34.4 68.8 144.1 288.2
51.6 103.2 216.2 432.4
68.8 137.6 288.2 576.5
77.4 154.9 324.3 648.5
86.0 172.1 360.3 720.6
103.2 206.5 432.4 864.7
114.7 229.4 480.4 960.8
129.0 258.1 540.4 1080.9
143.4 286.8 600.5 1201.0

2 5 8 11
5 8 11 14
7 10 13 16
10 13 16 19
14 17 20 23
18 21 24 27
19 22 25 28
20 23 26 29
25 19 31 34
27 30 33 36
30 33 36 39
32 35 38 41

