128 3.0 0.0 1000.0 3 160 240 100

137.23720271685482 129.4924000266006
5.381418565737955 148.8408781224314
77.8886535557508 83.2124799638071
215.99498895598867 20.918924113969396
160.67483190241776 169.05071009837644
93.1819033589534 150.10923445668183
62.28718318039942 221.68505267870535
245.268183280465 131.71772911676732
59.76337841344168 218.2784692946866
192.31079490977402 246.72344795067633
211.67907210379744 171.19682243716977
190.29398998338496 121.33418660055159
55.92454629085794 248.76074929549935
77.33686840379309 52.69664997789075
26.732538735502715 216.9878171585862
63.029399330784386 75.02461307953514
137.8241576987165 78.9383590709454
83.37303034839799 18.84552435754444
6.264053475909775 100.79532675764952
137.10259061519275 236.06589704237766
218.92122734824753 124.63934857843475
178.20590151183538 22.948481716014463
211.77145964613504 59.1037344882373
219.38379369028115 149.65956267844743
188.2511448772209 160.5568037004634
108.19553278370303 117.13166427218604
87.02044768610007 169.70284824501698
127.05487845699015 202.89649288186564
79.42411204690181 236.9494212682382
155.91678305864679 201.3480515917092
150.39575513132849 106.25662941440686
158.60484105968146 37.243675694264624
83.19568613768568 87.07514098442657
120.1119749156201 177.66787363728642
70.86239786134024 247.16457700941132
215.16165774238482 140.74600497877563
231.06955973334473 181.19989494271218
3.7500381142791808 177.92794125952128
89.68939423748523 156.94016159981916
89.39197790878428 24.928851180273742
102.30152671847284 241.9513050572181
5.279759823680758 143.07524815537565
136.31413063709533 145.07788998795044
179.07494168227717 181.0856150777833
54.41126155542439 171.4595111143117
53.04735852850925 84.78197734552865
116.8085940754351 199.77300845059108
195.00417781899677 108.41797716786967
214.8915571293767 35.441056920799156
20.31165903079829 224.63321995322676
190.1484491449073 69.11177980594974
238.2537731241658 73.18023157570019
34.89341438296623 161.48606037860594
12.30469723671393 91.24626839354522
103.14434391546735 75.08826860787673
146.0978089001707 61.9679188635158
147.82582884993238 68.28470469020931
33.1936044714827 80.24964689284089
198.31570910631635 161.28715802597517
80.07006494602426 150.85145147707095
126.64453667903425 93.28371252055193
148.2179357432931 191.5155966207446
174.71407957334225 224.30110203811964
46.036032455121834 212.80523440025127
130.64847695738732 215.42964744769128
244.67612052051066 200.14741340822962
150.30588730176385 42.851557279907
7.464455507028845 122.0168071538105
32.77821601733902 170.21409166852646
123.5399659591351 70.83870107061077
221.35331347202552 118.07970257307775
154.26228128408576 137.6227044107144
49.70170514081665 86.81742354375696
76.86348690077399 156.8258795173173
194.1173852726291 202.406902410671
37.03987558511229 88.08296958460743
51.51872922770781 77.77123391091197
59.06407898086027 146.649662419422
130.8393452552371 185.95262867599695
227.55947574072223 182.81081738671963
237.65490337935043 84.88855773233928
99.12980473805402 134.78395451584325
242.82364427970063 28.076686279157297
178.94361650335108 88.74045422634954
107.94735920042875 14.354750807040295
225.45575662452154 108.40814221577455
209.86094174725147 104.8755237498066
175.03043808937878 21.653249313514422
93.09524960432356 50.77516863739509
75.21623166425695 221.43243937553575
142.4094343255595 225.36517551165494
42.78167866105273 132.92202310669902
207.0911396720344 5.408449464793019
71.51217860960485 169.74118971860977
196.0190795459036 22.27630896497687
48.74141018747882 93.3866459305923
214.8962555012495 133.91337769244393
107.59743297014143 108.88159413507498
89.74751353693034 244.8685916643655
26.37852310220315 75.27802932485453
190.0659861347032 189.6973548488198
74.85357486698693 100.16611852061973
170.25986725884627 94.44943345750764
158.43949550410466 4.307482253040257
154.94698578126852 61.308178827833956
20.706724531184772 165.2312924451733
172.76190535460495 152.23952210735357
207.78176839083125 103.47156206279826
36.99039510372684 194.73640178043053
11.903354475655131 184.5055633391672
48.137577470492495 169.5563695411719
5.578118162331336 146.42889613075204
74.81355627017436 87.10616490457701
176.9104681289931 45.20852627824612
78.96217172297965 8.82841800699799
126.4321049816915 215.72265178578343
169.94149691993326 23.395896503542456
37.70872477981296 174.17025259917608
130.77668206803867 69.16908709082401
85.20282019731204 188.5163282513391
46.01447978114559 150.6450662233487
74.15161966372402 24.112103241054726
66.13168704992145 182.6835544077907
54.2817427823514 52.26718549953577
169.8495290122662 1.398789529347938
177.89550337540769 218.42741145247263
133.85566770622074 159.09262107698595
108.91226560636105 192.68173031306895

135.8493881951387 136.55870421984696
13.595250306710243 148.8677321857774
71.51159294815315 80.1670754882588
224.28195968518727 20.494724360350684
168.41089912440364 171.06552039932225
86.55092188607227 145.64799424280446
64.80106234597086 220.92348946476534
243.72564660100915 137.5936365002314
66.11423334254118 221.12514586517474
187.9002434998559 244.73887912074176
217.8867673929714 176.83670848657232
183.80523007988293 126.0254980755123
58.46503179226037 248.54720793651512
79.93212373480252 55.71791090830244
20.749986936947433 213.41024769137434
64.03877685202957 66.89943877828031
136.16850271011486 74.07628638493306
83.2062422288124 11.733338302275186
6.528603707748715 97.05066401505918
144.63154717515488 234.54311000931642
213.41932553332526 121.79470208612281
185.62789631148635 24.426157185001436
214.016556353277 66.16264224176382
220.42680905383463 153.22673733826446
186.69733019008774 166.11726722613966
111.9452086453164 118.8994214825142
81.76838397343192 172.52752128580474
133.85911089177134 206.27504933684003
80.36595289823906 236.79529427451382
155.3527050554539 206.67057822893565
158.34818010345958 104.26315373011116
162.58069566871396 39.36619092649471
84.53369547264015 81.96016661477101
112.57833297398115 180.91935189220027
66.74806943150269 247.45255031358502
207.3405566646136 143.12745375816954
224.031918039743 183.21838383294389
8.521250754373183 179.64940718500782
86.3718099175142 150.8544851329844
87.82215238953283 25.370864636556718
105.23941567623079 238.96435204470788
4.718035756401867 146.4914879722096
137.30098609819598 141.45069141466053
182.5680802501719 181.6070959594253
57.10347837323745 170.49422714576846
51.096343254847184 92.77331399771352
111.66947350057718 202.98053527481665
196.09567826535203 103.74635919717926
209.75349338042105 30.40781162472708
27.04473707269553 223.70789739848402
193.75275094490837 66.65312157442429
237.81608305315632 76.48748566533722
32.61816027779424 160.75500005478622
6.083816404718806 93.35436855003034
101.1514266723337 79.03313077958765
139.97360834210548 66.44953599297106
149.6917674883059 69.20118233971012
35.0127137694658 75.77403907614047
201.66090681650664 153.9358586667461
76.64062304735717 151.99213161633253
125.73985084521539 97.71205076686498
151.8416163981207 186.37810320196482
175.77588000441605 219.73233730485927
52.25153356684106 215.22964603388587
132.3991808451927 222.03861942415287
240.82245135511917 199.31145079982514
142.92340176647915 44.7732641291769
11.817377618093177 119.84448287517668
25.287314926623505 173.7189181738754
130.08459943970138 75.44953727316687
217.59881984571038 117.2943411944665
149.51954184288942 134.91810359637748
57.31828008722967 89.13543323177558
71.11480141073709 159.80603701245153
194.84884729133094 207.72692361332534
28.95218276578132 90.22353843559999
49.74862281640044 69.53959171965535
56.91028179257207 154.85565863528743
127.02186573074373 185.488787505865
227.70483038722543 181.033053077477
243.0100048840138 91.0249269141834
97.9389085634346 139.2190951855134
243.992110102263 28.14753363259623
176.71615378191345 87.45680137349515
110.60809245219095 22.382416401141885
228.03749260064905 115.12132579285162
211.88270420202446 109.75552697457339
178.2744474520321 27.411894526285092
94.94424435520202 42.74136236833353
80.3060264456981 222.35618901540113
140.76785268677855 224.39653569571493
45.10871138358647 129.10428351947854
208.85633544176272 2.448289742793458
68.8403388777564 166.76902673757212
193.88571776421244 27.21810269870145
48.718397514016495 87.5647292497972
216.4916076414272 130.4167279798083
109.6818097870954 104.99343341785972
89.76933125731686 240.4905583487932
25.594876103170932 78.08039605063874
189.11242710529595 193.24315057211862
75.59784488860987 92.67628218477903
176.03649915609168 94.52122518039602
161.44870504734618 0.12448217031191255
149.4486826684319 58.395854454050905
14.714929629438684 169.66221400098354
178.82988662252035 156.44580536246983
212.74101058217119 104.9101115080143
38.68955022035586 195.70036923549526
18.169740136391056 184.56754507120155
42.44665387792562 163.87573076550018
9.044365147634903 149.5206585740792
72.01595561568011 83.8749044963088
169.61609313865313 45.10189793046085
73.65595134989411 6.2694635118503985
128.68437723521862 217.13445548449008
163.3199900358224 21.505748312875134
32.018482963714874 176.36930127431776
133.8002963402782 71.72414638197868
81.83071316759525 184.68090663029477
42.71514425706566 155.31012135429347
77.29962085909418 23.463334443874412
66.82288435180303 189.6985517525009
52.97547372670861 57.94883796231115
163.17705192220762 4.36236152154329
174.72412667743393 224.6263940718324
137.91836426366598 156.48285308945782
107.99744121863306 197.40019943050464

480.4
34.4
286.8
72.1
51.6
258.1
480.4
286.8
540.4
114.7
108.1
103.2
600.5
68.8
144.1
103.2
34.4
258.1
480.4
103.2
137.6
17.2
17.2
8.6
68.8
288.2
129.0
77.4
144.1
34.4
258.1
103.2
114.7
77.4
229.4
51.6
137.6
68.8
137.6
68.8
25.8
17.2
25.8
480.4
144.1
25.8
34.4
17.2
34.4
144.1
77.4
540.4
17.2
103.2
144.1
17.2
324.3
137.6
34.4
154.9
154.9
103.2
172.1
86.0
288.2
17.2
25.8
216.2
51.6
103.2
229.4
103.2
34.4
143.4
288.2
34.4
34.4
206.5
36.0
600.5
103.2
108.1
137.6
229.4
216.2
206.5
68.8
51.6
206.5
51.6
36.0
154.9
216.2
260.3
432.4
540.4
216.2
260.3
103.2
286.8
216.2
86.0
103.2
154.9
286.8
229.4
172.1
143.4
72.1
143.4
286.8
68.8
103.2
143.4
480.4
8.6
258.1
172.1
77.4
137.6
229.4
103.2
36.0
144.1
229.4
51.6
103.2
86.0

8.6 17.2 36.0 72.1
17.2 34.4 72.1 144.1
25.8 51.6 108.1 216.2
34.4 68.8 144.1 288.2
51.6 103.2 216.2 432.4
68.8 137.6 288.2 576.5
77.4 154.9 324.3 648.5
86.0 172.1 360.3 720.6
103.2 206.5 432.4 864.7
114.7 229.4 480.4 960.8
129.0 258.1 540.4 1080.9
143.4 286.8 600.5 1201.0

2 5 8 11
5 8 11 14
7 10 13 16
10 13 16 19
14 17 20 23
18 21 24 27
19 22 25 28
20 23 26 29
25 19 31 34
27 30 33 36
30 33 36 39
32 35 38 41

