0.452965 0.952421 0.805188 0.913257 0.595846 0.547159 0.049579 0.788219 0.788505 0.765726 0.428928 0.824494 0.566281 0.707816 0.468698 0.603356 
0.708143 0.178301 0.406253 0.642837 0.323231 0.897200 0.838343 0.192683 0.726396 0.055364 0.238716 0.914025 0.518705 0.539277 0.167644 0.779928 
0.352774 0.951066 0.756151 0.871376 0.302098 0.982785 0.093511 0.816609 0.825528 0.339151 0.980598 0.503574 0.419707 0.897691 0.151924 0.663029 
0.249116 0.784436 0.371414 0.735741 0.254447 0.641778 0.745520 0.186134 0.194726 0.616089 0.607100 0.650922 0.444410 0.951652 0.142883 0.947713 
0.152945 0.976109 0.372759 0.976970 0.006739 0.761691 0.068283 0.742503 0.507496 0.356824 0.105996 0.890221 0.577287 0.155753 0.164442 0.787102 
0.793587 0.527525 0.948829 0.952487 0.102995 0.854542 0.783652 0.956550 0.423900 0.941726 0.818805 0.603910 0.478084 0.969647 0.391341 0.572982 
0.867756 0.902886 0.752398 0.486257 0.509140 0.829098 0.837752 0.409254 0.699536 0.759772 0.319013 0.535286 0.720956 0.625857 0.135611 0.979814 
0.690148 0.937357 0.647552 0.978319 0.150460 0.873499 0.700868 0.489967 0.805134 0.815109 0.572666 0.848773 0.571155 0.808597 0.083382 0.870526 
0.683324 0.874764 0.441264 0.805408 0.076360 0.970929 0.676722 0.772140 0.733752 0.426941 0.066032 0.997228 0.992438 0.736003 0.419145 0.780522 
0.649874 0.228661 0.560634 0.017068 0.215260 0.974661 0.821510 0.622372 0.061522 0.817917 0.301357 0.952387 0.223198 0.713446 0.844553 0.298634 
