512 3.0 0.0 1000.0 3 160 240 100

147.17380446465734 107.35782269026656
245.76545521591274 69.38392526850282
94.20477136176783 132.57766045877995
161.48971283192265 162.72646718292063
215.32109414756636 204.05319002810222
165.14674450753728 124.59330092124621
79.65638588909505 108.98906799612689
120.1491157791541 220.73991887575204
151.3828305423909 49.21350938700955
10.687280885158385 152.86180448583917
114.46473242951977 77.39507590487516
170.94384883511037 129.28979197958319
62.73496201099329 28.643666711598957
127.39697294330757 13.620809191957377
154.3833670557612 139.9133714941357
244.16226446183273 177.10349914623941
53.93162229076043 9.354938486639043
248.7552347855118 219.83846281396106
148.4774086655231 32.95727356357359
187.05239179291843 137.59854113251984
171.32835906360702 213.5428145127786
206.8878488302896 161.42913945814672
239.76416846875583 75.29319382365304
139.3230651763904 23.703620006059577
112.97131234369299 241.23109568412065
15.857661774140192 126.85473366413017
222.88737617654405 168.88048681004398
15.504631515074973 242.61119474228607
67.99951541665448 169.4536442406068
202.41437215052733 161.71955038976944
193.3723345954459 130.54908885140784
111.96312241940082 112.83733320633735
59.149649896483524 39.454310157667564
98.72688018354503 247.8150300028471
246.33417909302938 26.281687649085534
133.83032848296912 205.34999434911518
186.29846219378067 197.0437825177218
108.5096118904093 98.14192332575352
55.166304956086485 12.473618475841885
181.71973171255198 29.396533175610667
59.200404555345365 223.981075842403
75.89065927105688 93.48079841624119
191.85954845180132 69.67720135940381
128.93390880729044 17.922588993575268
242.49231549347675 179.59150175523155
124.91617352730141 82.97517778464311
151.39836513174623 8.40173080573564
99.46167246762406 175.0306373973178
122.59963521074934 117.48757035371102
15.802691615130593 161.8078291508429
147.9915521592199 118.34482601581139
85.55342437100441 141.68576610756529
39.04994899109371 28.68846333541225
190.73971682638972 168.57964485512267
99.76065881092394 117.45116663709679
64.06822508537557 219.82801475118578
112.17744106052783 99.56151712590814
144.45210859618766 5.634736002028296
42.2909784797649 72.67811797728363
146.6355505274307 86.33216329586172
175.06972290387822 68.0090090755944
208.4288704049134 109.06821616562293
72.34738964745304 140.35177685238907
52.50267263369551 90.06082137461438
185.6071477983663 82.2334051275688
204.64380240911711 182.29895981073727
19.630078488314247 104.67882568710526
174.86107103353385 163.0052104018202
11.056638114975147 40.831955009236424
77.77965381830684 145.63864594118107
25.59624391118659 126.36541874823986
160.38287242561924 32.7587368501461
53.88342932342599 215.77994272769735
93.38195007605343 185.3807326849222
205.3652180347331 173.76333170022326
240.89733626788097 43.52729904664842
122.67223187133044 89.5461690733751
62.63040220095853 108.60652173705124
5.583939375059105 196.53438024149543
2.124228465058664 77.37335475619211
138.5609877769512 165.2748972206968
198.51926721258155 170.44396752311582
234.130565698232 224.41445757328657
174.1837337454007 225.25482341674748
59.02808561923686 228.0856062545345
12.614856875845042 186.91832263681763
127.62114639813437 170.99550020243836
121.13819823155345 213.56822173065675
2.651079465470385 125.8209873693997
54.52288239096373 100.94558138611953
13.012192798218635 23.6342741197004
245.8115153178275 69.4437727595277
242.45010023142325 144.06658521980825
131.58370394315963 233.07629722254944
28.698874702622945 164.6282413394937
239.96671402798498 167.05079300251413
233.39085888360427 99.51146746389009
52.773063904787 148.96951977386738
88.98503873405686 23.75717976937619
191.70194125562514 150.18251596876115
232.55045874859346 35.41674060320224
28.735579482521366 3.199982171470994
18.29602029188479 172.8987173256822
210.28702741982826 170.88912313288293
132.94813886147074 184.4420858042941
148.23797568467853 201.01499875634778
50.96268225507533 51.505177698731586
199.79586780448815 2.7227015105793506
39.27884715720098 245.44505692592782
229.4549105051346 249.9890483692882
231.20882709753258 76.20016709222536
155.27655643573226 241.40649414390964
239.75062715263473 130.0373659552835
235.12152905157933 125.77817197889357
121.37546512863977 198.71106824470885
149.38367453305207 112.43971487497123
179.59533500116615 223.74536601037616
232.6829769031035 137.3487978895991
179.5471106168921 143.84881178339884
42.6167917234368 230.04473414371833
202.56727371428371 9.18680250962009
118.52784226254468 227.42192122353373
145.43843093895524 119.12242610839374
184.08861390509747 161.06387774930133
52.04318439541022 231.24834690709724
152.34902077365712 75.62174563101654
44.14573742543879 1.814014549087084
147.89149227033218 196.80855448064307
69.7673314697272 142.66005748396756
148.61394563638652 83.47453046718067
144.77837427519955 121.09020135668602
89.35479185383124 14.45113255203187
32.47968852569733 219.17656250320007
235.23126896736937 70.3625347313968
47.63795784347099 133.82959626763295
152.07768619575504 97.50946021024318
21.299825790396216 199.003296635763
23.427080936384293 237.1803913261555
5.951664544370572 184.32839035458886
74.30907503087289 182.51564860342887
75.64708586863509 230.86381163578085
226.93268518441812 138.60814814933548
10.640218415332248 214.74131342839615
199.87826899712184 183.69996123215492
43.76102835602197 109.68191856937875
136.2893746005175 218.41666073860085
90.14030515779426 93.66011115160516
204.82146435077155 3.206175168377068
194.77065855171008 126.5418071373644
196.3818690594778 26.365022291921225
219.95635990508325 242.41701743644066
79.50634759883762 48.26836016200714
231.43487379234182 168.22970624707227
143.43060199982128 192.01228416363864
223.02754081599926 87.76065320603988
247.5938327356557 212.62547021389452
6.237486387947355 48.70389410482448
223.01715103130186 112.14755687781422
229.9676346721877 213.17908352290416
25.52050941918285 239.26730413004466
163.4342210441664 20.468750432103555
203.19776697993674 109.4205797803539
210.68569262964385 106.0930753001983
105.95835954449755 119.1957925980805
28.50517284299514 142.44533321977636
197.2679615975424 179.01320044863786
123.14624922553172 186.45529279318004
180.43109943727723 154.3756999330142
46.111481348042965 58.24120423470722
184.32904610085674 69.4621157979496
10.742661875629555 90.1983554702196
74.10244218586831 225.0088877105768
85.67421741794514 15.534197973610608
207.50851494661424 119.33610865549335
154.6084005659357 63.91347599065669
58.399582916606654 217.68062651778865
79.18983275792819 176.7115150292606
141.28993017921417 33.96400888932868
172.29120847404556 191.7593865849141
180.95143739643078 29.88897665884349
206.84468638395637 137.09135194169923
75.13985343607402 209.33509315727736
59.19620332324468 234.82885276270937
177.40021646197349 118.48795450777713
64.10079792695248 234.52511198926848
138.61183259330724 15.81969739966757
121.66662184822269 111.61460848562544
62.4133001032588 152.73940001789546
93.51750049770405 212.84103606203894
115.30632285898551 85.44340505072643
57.73934142944462 26.70747587254507
98.11097687294334 57.741267763694395
26.549235629223954 111.3494538129984
113.84657019886077 106.66463375885074
120.72473875657478 27.970006079063886
136.63930327251964 237.57644144560865
4.507344348057051 77.25828475471444
166.99100693516274 121.04068895256768
158.01648574516955 126.4176708813067
218.84623284108272 248.3396248558771
87.99788888516099 40.598185022801324
94.19254262353904 66.34372507394592
102.54679917139745 113.47240148148575
15.533404413392986 72.6683382925731
180.81066299329575 108.26413529270526
43.551610796209204 101.22283073535549
11.20400634238164 48.44775868560347
184.02126238141324 8.994731643635928
51.019863721963404 218.7328508655982
240.07277638001085 25.241907112460215
238.66707081139677 56.19482939127868
165.510754294766 93.3894209203335
97.38465231117482 58.856216743440214
184.58393906929248 38.67673279712544
33.94093439755325 123.57856752241669
99.96287885677873 246.71802551459962
88.74029682893011 107.93825596090507
214.44038790340304 55.453740464420974
89.16059533838417 167.70773984013886
70.83732713853516 178.65258145276314
118.59756686499101 76.05645662940624
178.0766630923039 15.135064251723396
35.44868290441558 55.59622491605326
204.3947460695752 165.72897202102598
153.72572753824304 12.753063866873553
230.1465090413533 2.292930439245194
201.40042142750002 69.96760397177607
35.85699411706925 37.69260469133087
145.9952093969776 223.66821503206597
44.89203470209097 63.13453900386945
91.07973797872013 126.6924071588054
237.60831867887643 186.92977951498634
74.02441999668952 49.97693255965294
79.09160011031908 196.0029102276762
107.58429814391083 209.6565923984859
74.9794511276482 149.2286777193765
56.66455675303672 186.61027898258263
95.2270457866844 246.22007524635734
190.81247866716166 68.81770157465999
38.64260571724651 95.18716774878014
156.53161694022666 70.97744738730356
161.48387010432813 34.04723937858667
17.61805255116852 86.06435671816499
60.99056348684687 55.387794007887294
20.2469403860234 222.7253385151928
245.85694247198055 111.02350894271757
115.24006183314594 119.30047765541335
213.65524651166731 43.75493156556315
35.99490799315733 48.16297991251686
221.26184460326994 223.40893646658657
238.74329471618702 38.68350828997794
18.757793176554266 216.71712376023612
124.28979999181752 22.048431602276487
8.79650815683905 111.16593799758506
72.44531145485276 2.434958082723454
20.408355328530607 178.89037230845094
205.06420658135931 27.667838343345437
177.7212699734295 113.39853845247531
123.25412723264229 150.66856661877918
108.62847528213287 62.40275180551552
142.21023208434121 93.38396586419256
206.2818199589551 84.74583366213379
24.382433939914517 113.88393844185849
235.32940204665624 130.081732973957
122.88028774545701 222.34051197782745
189.0407331255637 16.5127384538111
241.4614879522894 227.35868594684086
190.03687580940488 74.29537414540746
181.80178402999695 103.6440852366334
223.4330745752895 217.52966503852545
78.16758115124823 168.95517929087265
67.30144373411551 56.73240855453432
126.34562706992509 44.28732116572817
153.92411220480386 187.02472751467994
161.10913563079515 186.1611514226257
177.88050888788987 130.37175113981513
13.970716521020748 13.878496597696966
32.57042910087096 196.06570092571468
79.10364201816434 5.497796046148667
87.14172995540257 235.20620340447948
230.6399294700044 168.4430092270487
177.6218363173942 60.614008792030525
240.2069254281963 194.5535106328542
163.56106920999122 155.2007254588871
150.16963419361673 13.105827180368845
50.68726154170369 89.75790418212668
171.73908299956804 137.25044716921545
65.196055752828 177.063327190849
185.370105006946 49.766819288161926
91.65082984818451 193.95330952388565
42.1892007136738 195.7791957006595
143.57836835529434 16.71878076078681
182.85460468401328 242.61663549813076
159.664920083036 202.32348177644488
112.91872720524795 53.951571679039354
1.0881795377189751 150.03958247506037
177.38624747871503 225.84195847897345
203.36038359148702 135.92415067880822
123.55450720484961 186.7696080618134
237.53468779005192 115.28726065813929
202.57188331028394 225.85580197808784
210.42494611407824 36.94797862770441
135.2300567069444 58.54430889884188
25.509619163487763 16.753734363117946
116.71020336759166 98.0438691749966
127.77331816474654 221.12738017739585
186.56211362227722 96.88357585855934
59.127631213612894 177.3129711237426
174.00144393026324 73.18269038966498
38.43997246037384 135.69949692890256
111.57548232075628 64.60660430932522
181.1522529757084 103.37739222833794
79.06930318698267 52.89435389221014
131.84653832006953 143.09214276363136
220.4630878965612 241.49258301447452
169.8493973397778 39.23707496591328
112.38223645228382 91.22401640773045
186.84672517735163 219.3912444734981
167.2150521267326 48.437158937681666
87.18357022410785 167.64233729319335
12.556145481164238 188.56359907846937
34.927121356347016 140.0026365670854
135.79419130231264 21.256552049619458
158.27194708391633 60.855078913242295
9.21331547344731 6.665091712941745
24.371201776159758 226.3197472477632
105.8257135116839 174.21579512263318
213.0056817186926 248.4093397096402
192.1998963813437 92.12716913385313
42.72722938223089 130.18306176822395
240.0896155509426 1.7458867741858286
41.73495559785731 154.23519425839237
152.85625751230896 209.95216081799347
211.82639723707334 109.5032245091472
2.096602022686578 55.65863772178933
162.42621233125809 235.03496844683895
222.26968235947498 63.784871390800916
25.02008529597405 183.85177956500254
165.8435808235063 176.39416605833244
6.38510166155401 201.23704415357716
3.8467535200356617 228.15856715128393
205.0751956711456 21.749329252249456
200.622160147537 31.939182845243412
30.890480168165507 241.79102921470027
128.8606700536895 89.8075651054675
94.33195396289295 196.51713557692233
83.73389615496588 189.4130205198282
163.62752976605586 147.3662991502916
172.21392017228322 22.736803423868135
140.30782130079731 130.43052808655878
121.39537362792827 189.65572623200163
103.83257525031416 148.15998863165657
239.87593900983057 70.16250300873006
246.1603775575156 114.04273012373606
150.13810372660097 77.69448325927108
228.39090648320206 19.066422583602304
38.70105669341897 81.94842832523844
235.15420191436348 84.51711397930883
1.0533249489764196 199.27779548689261
146.04900693043749 200.79539919404854
185.65868288916116 140.29096254833442
233.73865461923327 141.24503869759695
134.50566920125786 118.8983944468294
63.6733145275343 178.2408623134345
14.240435114475424 148.97112697978238
58.68816675968239 241.0614358880678
54.76490761397046 113.66069563604864
190.60497072887568 229.6954889404016
24.19449741054566 215.80303881567684
77.57154212423458 46.04825030365717
202.50518244417336 138.4843667237538
17.57595179751645 150.28561062485628
36.52791761871774 15.534040574724822
67.14412391879357 60.701734079456365
159.59240599122538 78.12887367174342
43.636326106172824 160.80376740678597
47.45139906870291 237.74308858518694
233.4376156025098 249.38382129812064
171.67881665132637 124.38046440372486
225.69991836932155 215.9811358558752
206.40672039698762 172.626330746961
242.6351809596483 195.4896447373464
209.4004781337251 15.469893307692523
76.66601832892295 1.8188845589195701
139.07584892104236 110.37844152327756
31.26758723838566 54.17853517101448
215.25428063459805 122.41462392931831
28.500470044690168 178.0346900024757
14.71207385300341 10.325050056648022
122.92206007104286 201.38679829938246
192.00342963520308 226.90507250145012
151.02382575813832 109.85746944892941
31.916192593893584 91.71424532108067
179.99218406105223 193.6120205729323
102.2602181109949 110.48849390668012
146.36015726841896 141.15768085257477
30.092280482150848 52.263579458205314
133.00977473713377 239.37757465225675
62.02099642954092 199.01026318857467
86.17484749274351 200.91852351898592
247.6015954313833 222.55858399286592
221.9751939199858 88.2218993774527
9.617487712657773 24.445863997806544
133.76063707569793 148.50161559524128
232.9836409577798 144.8640490666811
166.93105096226867 97.57623281271816
47.978394952637366 245.5438232876537
126.2139118069193 154.12527761658126
196.69849225270895 99.13023435125412
232.11084298038585 22.578352139358493
236.50762693612972 31.52817990383691
157.7279844618744 36.371726210387784
162.81604986747223 50.10537725224265
121.0044393354488 149.03271971926716
2.244763341345241 17.976189052352293
130.71381406342078 225.46934516145387
29.148948936186276 239.63762735594284
117.48792663046615 124.71277740974132
147.75454342132534 99.62619380228216
164.76701818582956 217.4613198813222
48.922599983842765 66.92586165145589
240.47030313843257 176.85244418271995
244.96068163227758 228.29741286052095
74.78888056751833 227.58020706145115
29.638989925263175 176.63541580253215
33.29554279955893 195.45293388876993
228.992695509315 200.93064474112617
129.85058296191139 203.9100740219443
15.783057360248293 223.32459934351868
92.06839308475607 178.85351041717607
216.3874274986064 202.28300120826594
103.91554142593209 98.61074287902188
53.95968515384497 72.19544217714302
15.417197999476523 135.38073371088245
177.29727655303944 232.61980983022042
157.23995954674953 23.87212518889778
50.25921725832483 3.4919762078998993
90.47727453841334 127.93494917316802
58.54291657650956 182.35114618555775
47.999379744360695 54.950136591260026
141.56797354535715 8.759273789827132
141.33714105803568 125.91794454557706
205.41597984994496 192.81575997737428
144.34979813970003 124.57944576930389
45.98559170193328 82.02665522844954
185.6668277839519 147.66448282751455
92.94515236561455 66.51259927450354
80.1126710088648 83.73300917358334
222.96275644137137 224.06726367463688
180.64355029613404 170.7290910592658
65.57118126826808 1.236029484724288
127.1145069325896 215.29051284507568
181.17554034577563 125.74669120751406
2.1188777318694454 224.18110105561396
17.99442951062996 182.82302870456607
159.18647093090965 207.70438845052269
83.26543677920392 240.36182148021376
22.965427775970106 228.40472125434238
202.74602546578865 142.76370371588902
207.5816997602477 3.0621557148444722
116.44440645013738 42.09011675084931
185.39704132867496 165.41788774086007
220.96573838679592 16.358630856587148
175.63395903355251 87.30656385078142
34.36896901402403 114.49776882466125
206.37564569933318 159.2508859816695
90.32185066961787 56.9911271171136
40.05522360012998 81.47553822340423
34.20967265271268 155.68475729438578
108.83954752953522 222.27347653431565
238.44269460517276 130.4739310090684
77.3151906444444 183.06888710888163
226.53925429342587 136.68755732438228
32.995591568405366 179.04835125427667
145.31117288708884 169.8313957682684
44.62505956348889 162.79437811985207
25.649651775876414 23.88602167898751
27.93990170713262 66.53961567625066
160.69828392271333 96.06748779875868
139.6867456135279 51.5123702609043
117.0882504189664 207.25330944573864
235.09083904861933 213.91924335495463
88.08119935433822 188.17510094834594
91.81957277527161 17.189438938088582
50.30100162363024 110.0426059016901
150.07768485318445 249.43137708660953
238.50022500815032 140.9923305889021
92.4914933197753 59.91502818603736
142.79461371724236 153.9276160142477
48.47476722729582 87.25004861660493
3.778113210958195 165.05015481578113
67.09698153050941 40.9245495908801
76.02328301042141 220.870868624538
151.83094863456586 133.59281336283036
2.6361578609561676 222.23684599731965
171.75447612108965 9.260481948726945
35.639432108226096 38.15910920232829
188.76914869859212 4.1336652492865165
42.141826500304234 21.873019760527328
241.43063766128452 146.15456406733745
104.51484555640874 11.962066075833915
4.297396537206232 53.812423941355966
160.82089591188642 36.69442264644421
212.33830403728433 66.9257898377604
25.751384144175937 217.70272248618255
163.6503276494174 56.55764095986529
77.00151187564808 124.60816017410723
145.2000701083987 192.13073357402675
233.39509347382247 225.34451358738
30.52197265192902 224.9040842192071
203.69667675565952 93.3789503171197
112.8659893166023 175.23325107166485

145.6499706768915 105.76857985032045
248.2717440051428 76.28222115495892
95.11973470397913 132.42564837542633
168.8608992812393 159.3247377343748
210.1616629243506 205.26218024551903
160.8339593136673 131.1362856410524
77.26205767974665 111.34466750785876
115.88357689138326 213.97066890626542
150.71832408412834 48.81417746320485
12.959011460965758 154.30025205377217
113.06630627318023 71.0078240003809
173.00613859077822 128.56784200988602
68.66504016305954 28.54276105969411
131.62042681193125 13.598703876401913
148.76335463966112 135.93529144603443
238.01301277594698 176.35505007608944
61.30218278926791 5.4153982823055555
245.25957716331408 213.60945600382524
146.68669354816717 28.977200012170414
186.30287008467783 129.17733206068218
172.64777172343403 214.67284968592244
206.5940693925207 158.24458702253278
236.63373824731335 68.43037895977821
139.31379168751255 28.573869047394506
117.99794579832925 240.87390362446163
8.123037878761064 130.25886512286183
216.7758279522897 171.30345376085188
21.427313642499417 245.37186239079116
72.81434838879464 174.83354856300403
197.00214686726395 159.9517166240574
196.6673969169837 137.00651797958065
115.44105122581455 117.00790379968085
52.891480720250875 40.937737418740404
99.00418079314274 249.89540266340745
239.81362217146082 26.462532295263713
135.5221764664477 209.51504860825764
193.63865535665803 194.35243579567378
100.37999180062066 98.83822265353562
59.09852195554216 10.998287796785466
179.32812225525564 23.197841028517548
58.22037254038731 228.4404617928737
75.85683264820334 91.55395553898887
189.45649644425833 70.3232017397421
131.1908904280669 21.934714499871692
241.25365024674463 183.84809339911342
132.5214047335119 79.25707921697308
150.80258565757617 10.757632760187457
102.77383032763515 179.6596913344654
120.33484106956038 121.75409505311858
14.034383779985616 156.7089191116671
148.69308290846348 124.94723303857016
93.75827256467723 141.3421480209724
45.0339493532167 33.28396975716031
184.6938865726231 163.25395592651867
95.26634283677527 116.10275816809879
58.364259688813455 225.1762916216579
113.21193016777914 104.77691029662326
141.38649883881104 9.572395800880095
34.36511690518063 72.56696588455996
147.11283462937507 83.53840589432046
179.37798927763683 68.57194125667465
208.33280328827564 111.85935067032749
67.89755089598867 138.9078890993927
56.34298721285902 96.06328789199178
183.75042244270583 88.81251037067558
200.164406550697 178.75018814783937
17.282562364670905 101.82212705424051
171.2200262789398 161.3151375309994
16.00913124416084 43.48759085271453
75.17222296476028 151.00302614393672
30.537497517865305 128.06607970399324
166.20676141362603 29.912339061190313
58.54347464552609 222.59839465852238
88.18266852257229 186.19458396285413
207.12320583517658 180.32323608496506
244.46412926230363 41.2222485515211
117.07261476745845 87.33048034068108
66.29855016818661 100.96292300801909
10.086772026871916 193.296737469721
4.405337884714783 73.38537578186238
140.78830457227505 164.66016024024913
198.17784009895394 174.2041354383218
239.65046972082183 229.68491924737393
175.03670149858914 225.74504544103473
67.31470998969665 226.92847309516824
15.023386235320013 183.60414701701234
135.39175377396475 168.235977439621
125.80189649595691 211.83767162744118
5.302916876160579 127.92340701168256
60.03950866326585 95.15032700230891
18.833322734074148 27.00741383672983
247.79986149265488 75.14381427518887
237.3160692867213 148.42522099684598
124.36502902627389 229.4531346675448
21.699097554082392 159.98585286112984
241.27100964410022 160.0554529780929
234.5595955108973 105.75508094233702
51.05149072332954 155.3999567704571
84.31885900420713 19.714150208172075
190.30802516581906 145.90745579957957
231.40794830679474 35.808860552048515
30.247990500686328 4.81866077923962
12.718613112350369 170.5640838155761
217.871045345406 167.99647632164022
135.55514305745882 191.91227833549328
151.60201010606445 206.75556161357517
58.99404343091716 50.9674559407452
206.28655202332098 1.5422784707826986
33.199067384346996 246.807895888707
232.49940648144215 248.76714423028508
236.6983867859418 76.21704980103291
150.65925443318142 237.99234046021084
235.66561495792791 131.67185181219529
229.5965200190521 122.92822373058898
126.48084644707572 193.16749452762957
150.2434666839889 109.77674678147731
180.1761438186998 224.46241645541716
233.63563068082394 140.8876391962854
180.25854805615637 146.67865689225317
45.3136991956031 229.29766528665368
210.949214102172 10.017593194013102
120.06000592338373 233.01512157011408
138.5936289404517 121.64791288043806
184.10039110793272 163.08047808160796
50.715482953751696 223.22354859864186
150.09620577859147 76.1552666636166
42.35922815090484 0.71588257364541
147.92779876703128 200.37980509243698
71.41125405506534 136.54983406736423
145.21351501126892 79.21761407778796
147.63185963372933 113.58484512185483
84.52472211043707 12.289944373430394
24.399906212280055 217.64410462217174
233.46724773058946 70.82877581717551
44.5278448315164 126.22039018213665
151.16220935592148 90.99428174394778
26.389517617027654 192.86554646041498
22.234376140470356 239.0693863965228
6.809342003791602 187.85862474549782
77.44667890810811 189.96618546861455
68.22398897769722 231.5395060343223
232.25516176484066 135.76084439622804
15.241722887194664 211.62043848527853
200.23397799145744 188.6607951994383
44.50631208200079 117.13406155582004
131.65411663374016 212.94105564274088
84.10398045418601 88.94658039498805
209.04198448904592 5.298069979144754
186.86051383693206 125.78273957034133
195.08835028224652 23.118947335081103
214.53424617107115 238.590689759221
77.12085161824534 47.72007062224717
236.56883669158015 170.47030807457094
139.35988264268258 185.96590744014458
226.22554029313596 91.75865689440532
249.63259011178553 219.12758661999686
2.5607079272957076 44.17578880617171
220.08221230751573 109.79081590038132
234.7881226587249 215.662890548091
22.082675490777053 238.0467347314116
158.64743004487752 25.68141291084694
197.57251044418618 106.5155454817836
214.2151298899689 107.99018840735344
98.71352715783333 116.12540808669566
31.260738134156863 138.92911409561734
201.77826191037022 182.17582889120612
124.84337165284693 194.0099292362689
181.38494490184635 154.89983930764708
43.40896795342133 54.80950639192256
188.16081801809065 65.47382916623306
16.82614967601867 85.428421139572
79.86320621124757 222.84151716616336
85.83544608969291 20.669541587053143
210.14456187358607 123.33621498842606
149.47772940505865 65.46575258837609
61.35541033932762 215.33873857029397
76.73911687795335 171.79225762922
136.71752758473104 27.41752421765059
175.725194613652 186.18362303653723
183.52309964461327 33.96021617115746
201.4391921097624 141.40183635819412
77.36595488432307 214.51478710319353
56.76905151771483 242.1444448876716
184.33654429432323 119.10716343341888
66.43355677806065 242.42271072008617
132.44121736433362 15.873610918949705
124.09371953048687 106.33204571715198
58.64266645719762 155.43130810064076
100.49230330014386 217.3564733174233
112.9379695515643 84.94897391615532
56.80774095636626 22.191810046201216
98.81117924516697 55.836314651590946
29.97718083709816 115.49359547592839
106.30994531976837 108.47662345884271
114.08647876708302 31.56878106210284
139.87715671511054 231.6237011088367
4.560652319879511 73.7164271685753
173.43033252598246 118.88085067587397
165.66517485486062 129.25329269080072
214.64632608749267 243.95565859766992
93.72620377216795 46.17173857749979
94.75712191301061 67.18355124447142
104.05296443740197 115.04236150581099
14.06452631670091 79.90721014344687
175.9397953688489 104.63509038295854
44.853854415768225 105.46133994485557
7.776966419911268 50.195932054403784
187.1038937169246 14.60851468900537
47.6478140566238 224.53519072328703
238.12252771880648 21.02897301582285
245.02314511314816 58.243648093851796
160.13736821340703 91.17753299961711
96.34746361109639 64.27273644712722
191.58317130948666 35.2653474756911
26.152561828089198 125.65136028657048
99.69730270720153 249.899611555029
84.23804938768131 111.11637654262013
216.766571279776 52.330709696167986
92.13355166109783 164.76113726831014
65.39509364050183 173.68604851640123
122.87830324434981 73.11138923709684
185.69498670532502 18.302047783443133
42.48411714406722 51.50891393786613
205.77724321286541 167.68704332645646
148.56398535432413 10.201985156077676
225.85545049061253 6.561872258323831
207.24489879407997 70.70788654606491
28.06849557770677 35.66828762021115
138.87211610138252 221.71661613406013
51.14954049955847 58.19843283159234
93.80989158285 127.14401215760334
232.26765854820803 191.82182295708668
76.10933195203035 50.96165208682402
71.47936097356627 196.84638842991217
110.15230662360034 208.60306342259526
73.34909408268214 155.92855204320614
48.42812621897941 187.6317980533903
90.199130605221 242.33639777997448
192.01477743728688 76.47157233160432
36.29579602903876 102.65515558589405
158.23754125846557 73.4859841363247
153.39319909508774 31.743323346001635
15.174995797042262 89.66773559614735
57.32886565683773 51.02867294818575
19.22580297141835 219.24376185253945
246.71956971654043 114.39088513057614
114.66744970310499 119.54784743679141
211.72167021652268 36.7887308025486
33.05360699828755 47.7508976445982
222.92362902936338 217.3176482045014
235.11096403629406 39.00060564954341
12.401330164828389 221.19896695875696
126.51905465712471 23.28445459893547
5.152541639808134 107.69587491292431
66.00637695631045 2.9536333381801616
14.71544616042944 180.8053544448153
202.71593252482404 28.653947168845118
171.04634067808593 117.09699747528663
129.5693205205091 151.63618421140956
112.35743389161063 64.72246414429625
136.70177868080444 88.07782621390905
201.99599489929477 85.35262827875952
20.20282954895139 112.14536776991751
241.29531157492272 132.74687972339584
125.51722764454965 214.3022051974571
197.3782493304291 15.971775884869533
237.28024636353248 227.23082585356116
185.8846701759924 70.63492192509202
176.273279901789 106.48942673226142
227.67498634651528 210.2943652204728
76.44397480543027 160.8647844006175
66.3309639078263 60.953952198100986
118.52403496182052 46.048319031938846
148.92157300491908 182.62400233210113
161.27005191498577 179.67093669678795
178.659129538175 129.07857020997918
19.35866088896271 18.94398598260569
30.69565765224544 192.32843412492872
78.78515464003009 12.594527572218045
80.39610027148625 232.82654255190306
234.13789891751588 168.32521743170997
183.051324570044 66.87788823387508
238.14131926545897 198.67308303959507
171.17330169715203 152.8989099315659
147.92863961313031 12.319080469780863
49.774573599446676 82.72287803949926
173.84554096707373 142.97856190482273
70.38495558620528 181.70538729980103
188.69085536662317 44.473837916327504
94.63457784047318 192.99366442046215
40.279274328984535 188.25705425822625
140.10727542415245 23.9695089583426
180.42010865642882 247.0896412838092
160.47618316179393 202.13228709256222
112.62860809153705 57.3566692366087
1.2977861837761007 143.76381813875287
181.62207133824438 226.55960453274463
211.11294253114283 134.43053502740983
122.45012866118118 183.57385263775623
243.273799080761 114.57194743079505
205.89294446103548 223.30429205963935
210.24406312157834 34.66364693863061
135.94585184063226 55.2521934348911
30.907513628895515 11.566637647150879
112.718518525542 103.52496336391545
128.3682088386794 224.9279695306011
182.90246580746972 98.15989002924782
52.92022544235547 175.61256750730809
175.0570893172403 77.73759045344325
35.28937491809459 137.04513429964598
110.21247212381368 63.48333483447088
175.0633661337157 104.14084876566778
73.96937701385379 56.78078978463555
127.45218885949592 144.16077219929576
218.29741548545897 239.43971552278114
168.39985900360062 33.39636872452356
115.68524796871532 96.43493304817422
180.03031834570697 224.14509717667815
160.8699453617524 48.12288965512138
80.47141125810265 170.42700372334718
13.044287027613427 182.01252801293623
35.458833126599366 143.99669076919673
142.93923883852403 24.05395193788859
158.28463346048906 62.408121499743395
3.3431284100212677 10.839095618064508
28.83170146527611 229.49315332660862
111.42127191360134 175.0897554135138
215.93625885138007 248.29564336269007
192.3040189366754 93.33984270577889
41.86506083175631 124.7103680391555
233.99693884832735 4.631457863497196
42.17882976891871 154.78159366744285
151.75852689955437 205.8942918523331
214.81476956204548 114.92519113052857
4.692574447726611 63.5988985894938
156.17182039096377 236.00321714013896
227.4689117116502 65.23430863738233
26.919122234815298 189.8220116863466
162.49446849304834 175.47523690770782
6.30846702630114 192.90793927625018
11.254832560842281 228.18328863284927
199.51796893592893 18.567342864979825
198.94304606925314 34.11966319413584
38.86461140648512 244.5638537327819
124.120753476637 96.61697100851868
95.13403064399422 194.4481972684701
88.41715045032261 191.29717381717882
167.5926208911988 141.27312426753946
174.72182987606934 27.560400723043333
135.91070622025538 126.47338311758547
118.82925316844067 194.6109340332
107.48071484011973 151.19157924240997
244.20360483122676 65.35369315780542
243.96261884201007 110.87562633790743
146.4530864616386 73.37606164459756
224.78227723853823 15.400146359937223
45.57605719977445 82.50135108675327
239.76031487606534 79.96453836827271
4.303580777181959 202.00375929894722
139.11804627689062 201.5395675193353
191.26009645032963 136.56330993199285
226.21952876026327 143.04008115906373
130.08709811054342 118.2768046620119
65.72348633364447 178.45487684148463
10.820637562391934 145.54140282361527
57.148920016679874 240.67839383832944
56.53133761432827 111.39763023809036
186.56672369231634 236.5907191571624
25.811138265675325 222.30197246111925
74.7184980452893 49.76673863143491
200.27318672335883 144.0982484757402
20.11158926544568 156.47185613770182
32.76067582207756 22.323783427232346
65.0451629038254 68.40246816971678
159.184184496499 86.36730661512532
39.29125778700959 156.42607217014898
52.20614266185836 236.23721758827915
235.83340326115504 245.2389507992688
166.82974048518787 127.7388345366162
228.14395416820432 218.47717287671844
199.56304427155573 168.35591475484804
245.9010798774247 190.27791238822383
214.9849360131573 18.61374665269322
82.1705064856377 3.4761945411723727
140.18084885858417 113.102679292437
28.002717816626387 46.574058832114765
220.1979700489748 123.60154862897562
29.13127021833989 170.23601868746235
9.863063164439772 13.342115243873604
121.44848925010402 194.3010074318742
188.21088087059712 224.00430177606628
156.029753705507 103.93020464676341
25.23292642537284 92.68391354769801
179.8619991525664 187.27185598130978
101.05399763121983 104.76130550271773
140.30082515931613 143.25742315382266
31.212006293447114 54.36244953302305
131.639509641984 236.3079794816177
60.53402889336568 200.3831263169604
85.76872714730119 208.03274027515062
248.96678571199234 217.24317443277002
214.84089517537853 92.57752057432542
7.9793149663345 31.66992333014365
134.2837527922546 144.40849960984582
237.4657655882301 146.34910270926176
162.5161377308553 91.84812826233791
41.444289548223324 243.43471548531272
128.51311552554438 157.73087457205585
191.30497231354082 99.82295983884795
225.46646513174184 23.3961972799015
241.43351719486728 35.275201756813644
155.61259986370086 41.76449096212098
166.90250268954821 50.92063017259713
124.41100378012587 148.35994480835248
7.785282245197866 18.613623759131116
133.31692219434206 220.91956009263657
27.962530280436106 232.50079595779135
111.77888733012958 121.70918618664994
146.26366972567968 104.29742120490695
165.7419670708504 215.90588480067743
52.48202640907884 62.244200438927614
244.92850158490737 179.52511603840853
242.68544385418417 226.4128457898582
70.7563599982384 233.62179848534862
28.34898847984238 168.34715381266108
33.77466335275009 189.90774970339132
234.0211322978191 196.50972167357466
125.91844751868933 198.73039371313106
15.847312352773452 222.6323270873054
97.55761116815104 182.85291668071957
216.99005603111473 204.0732325212135
102.6617153808198 104.3473741494747
57.45501483525553 73.51479402963565
21.11479743184802 139.8771683670549
174.2231888140089 234.57462498515164
160.04914572757323 16.803205807219474
56.04301664982156 2.898066823472517
90.8266254067076 132.3859479044388
59.525230607227336 183.6831789029994
48.47615576990821 53.61977925639136
142.38570345477157 11.913659552257648
142.74695817238566 125.86954769811437
206.1235910825617 188.19778769083544
144.77317753462083 129.23940944426528
53.71892053872784 78.8204690717426
193.31873001714513 148.89175106008068
98.44020995510219 62.28610946811597
84.68326397315778 83.305196756144
227.37777170850688 224.7995113885439
187.24582987459178 173.3908184819418
58.46015512251079 0.19571387004566065
131.74661964357293 215.97574460046127
187.83291714463832 123.91915417726221
6.7070418339584545 228.34718086555057
20.10022192830124 184.7024989794533
166.64673470955864 210.30766842856983
77.3912148306726 243.71133169217032
22.269828975138793 233.5642271031531
203.85458974424088 139.4814545483759
204.52742006590952 8.773840624845903
110.22139360146626 44.618717835411466
185.03053977535367 167.74346334968018
224.833096872669 20.79151283173869
168.24629674935136 88.59748216981784
36.67314537075209 118.30047632454504
206.5696704524026 156.15223942969567
89.64546212913085 63.11416425629987
44.993629227048245 86.72514796530028
28.803893533161734 153.56733672183853
106.94068767754389 225.32633263932246
246.54456689741016 131.6339315359422
80.80922491655359 184.5505770885991
227.17449531496518 141.4943714217835
39.60920033049489 177.45841032502221
142.7117058273942 163.9827304109899
49.6281069541955 164.59632216650147
31.629415909887992 25.51610189265663
34.45598152920504 65.20942609648117
154.37682232336553 99.45028838801215
136.32375070233402 52.2992428079472
114.41417725217778 204.10681017047466
233.40854957390798 205.99918043670218
92.62085685831394 189.67234060463653
85.63162763682195 15.615157268732776
51.28050838778536 114.76293254362146
157.49648381818142 249.2609627830292
243.50853189766025 138.06498048744342
86.54339401540373 56.12432597069147
143.69236957253324 161.08610403558174
46.705449575764504 94.59829852549808
4.67879252378664 159.6161573971902
71.69134156975763 35.221447271176515
81.25121238973482 221.25445522180453
149.25955626150375 127.52753777581302
0.36703405342211615 226.77944093554476
173.77677085619672 15.681147696736758
34.28622639872181 37.874261619254334
184.48209655447684 8.03728877899515
40.791371605451126 22.386029850427175
238.598424045587 153.6653542149107
104.24180422703338 8.711354602522897
5.74824103847546 59.45648244139037
164.57256953993323 38.28217610049756
219.28246919773562 65.03573653383354
20.439901244458742 219.0002561348437
157.8502213125842 54.00810879061493
72.79425029755568 128.30317926287154
151.62439709815777 189.91144528666575
232.55251691988326 220.21610873603979
31.44322117917228 219.42161957775318
210.62258244059333 97.36431467947595
109.05308650607904 168.7696623624247

600.5
576.5
720.6
51.6
154.9
864.7
114.7
17.2
8.6
108.1
288.2
8.6
143.4
432.4
108.1
720.6
103.2
114.7
600.5
960.8
288.2
864.7
72.1
576.5
72.1
229.4
229.4
576.5
143.4
17.2
960.8
34.4
17.2
286.8
34.4
86.0
720.6
480.4
206.5
103.2
137.6
17.2
1201
68.8
86.0
260.3
432.4
600.5
17.2
144.1
144.1
720.6
68.8
324.3
432.4
720.6
17.2
68.8
103.2
51.6
576.5
103.2
36.0
216.2
576.5
103.2
154.9
540.4
114.7
34.4
86.0
51.6
103.2
108.1
144.1
143.4
103.2
77.4
288.2
324.3
229.4
114.7
34.4
172.1
129.0
432.4
720.6
25.8
17.2
258.1
51.6
34.4
648.5
17.2
34.4
229.4
576.5
960.8
77.4
114.7
648.5
720.6
68.8
68.8
34.4
34.4
144.1
864.7
260.3
8.6
17.2
206.5
72.1
864.7
172.1
229.4
288.2
648.5
108.1
17.2
1080.9
216.2
68.8
1080.9
103.2
17.2
288.2
432.4
72.1
172.1
1201
960.8
154.9
154.9
114.7
154.9
288.2
216.2
129.0
864.7
172.1
576.5
77.4
144.1
229.4
72.1
432.4
51.6
288.2
34.4
144.1
154.9
36.0
960.8
480.4
288.2
216.2
72.1
258.1
540.4
258.1
108.1
288.2
576.5
720.6
25.8
432.4
432.4
229.4
144.1
144.1
68.8
68.8
324.3
108.1
103.2
960.8
432.4
103.2
72.1
86.0
68.8
103.2
25.8
480.4
129.0
260.3
260.3
51.6
34.4
229.4
288.2
172.1
72.1
432.4
68.8
1201
1080.9
154.9
25.8
68.8
144.1
34.4
600.5
68.8
17.2
260.3
77.4
72.1
960.8
103.2
36.0
600.5
258.1
324.3
51.6
1201
144.1
51.6
114.7
143.4
137.6
229.4
77.4
144.1
34.4
143.4
540.4
103.2
144.1
432.4
480.4
51.6
864.7
576.5
108.1
648.5
72.1
34.4
17.2
129.0
86.0
576.5
206.5
229.4
432.4
17.2
86.0
216.2
86.0
576.5
36.0
1080.9
216.2
154.9
286.8
216.2
216.2
129.0
34.4
540.4
648.5
600.5
77.4
288.2
144.1
103.2
103.2
540.4
648.5
229.4
137.6
324.3
68.8
288.2
103.2
51.6
260.3
103.2
324.3
432.4
432.4
114.7
17.2
25.8
144.1
648.5
480.4
216.2
864.7
206.5
288.2
114.7
206.5
25.8
432.4
1201
600.5
432.4
288.2
51.6
17.2
8.6
216.2
36.0
86.0
206.5
51.6
51.6
648.5
600.5
108.1
8.6
229.4
286.8
34.4
25.8
432.4
34.4
216.2
51.6
540.4
86.0
144.1
137.6
258.1
288.2
216.2
144.1
648.5
576.5
540.4
129.0
324.3
17.2
68.8
72.1
206.5
1201
324.3
51.6
129.0
720.6
260.3
129.0
144.1
432.4
154.9
114.7
206.5
51.6
17.2
286.8
103.2
86.0
129.0
172.1
1080.9
324.3
34.4
114.7
36.0
8.6
1201
72.1
206.5
229.4
144.1
540.4
720.6
108.1
864.7
108.1
480.4
51.6
1201
216.2
143.4
103.2
648.5
77.4
108.1
154.9
103.2
143.4
129.0
108.1
260.3
432.4
129.0
216.2
68.8
720.6
172.1
77.4
576.5
86.0
206.5
216.2
229.4
258.1
216.2
25.8
288.2
260.3
576.5
36.0
216.2
154.9
600.5
864.7
260.3
36.0
286.8
960.8
143.4
72.1
1201
144.1
864.7
576.5
36.0
137.6
172.1
36.0
8.6
103.2
103.2
258.1
324.3
432.4
720.6
51.6
648.5
260.3
51.6
216.2
216.2
36.0
286.8
576.5
432.4
480.4
25.8
137.6
137.6
77.4
8.6
432.4
68.8
103.2
324.3
720.6
51.6
68.8
17.2
108.1
288.2
77.4
720.6
286.8
576.5
144.1
432.4
144.1
72.1
324.3
324.3
260.3
51.6
216.2
108.1
288.2
172.1
108.1
576.5
36.0
172.1
720.6
960.8
129.0
103.2
77.4
34.4
154.9
229.4
25.8
17.2
144.1
17.2
206.5
720.6
77.4
114.7
480.4
216.2
960.8
324.3
103.2
960.8
172.1
129.0
1201
258.1
216.2
72.1
129.0
114.7
129.0
1080.9
1201
864.7

8.6 17.2 36.0 72.1
17.2 34.4 72.1 144.1
25.8 51.6 108.1 216.2
34.4 68.8 144.1 288.2
51.6 103.2 216.2 432.4
68.8 137.6 288.2 576.5
77.4 154.9 324.3 648.5
86.0 172.1 360.3 720.6
103.2 206.5 432.4 864.7
114.7 229.4 480.4 960.8
129.0 258.1 540.4 1080.9
143.4 286.8 600.5 1201.0

2 5 8 11
5 8 11 14
7 10 13 16
10 13 16 19
14 17 20 23
18 21 24 27
19 22 25 28
20 23 26 29
25 19 31 34
27 30 33 36
30 33 36 39
32 35 38 41

