512 3.0 0.0 1000.0 3 160 240 100

111.6820656563452 91.00194929324945
160.97796279624404 116.19682706977255
181.02314986914573 197.55281627627903
47.51545109060829 238.77059030148183
49.26981019786095 108.07065835294708
98.40637465120103 25.847694358099915
144.47845319331097 79.81031791536678
79.24870453883615 195.94853393515595
117.03178846730664 222.94008592759346
168.56699708427428 100.83347219439185
10.976067157628055 198.700568316131
97.44616096033182 174.86438448058206
187.8521144030677 70.26664462819437
185.67422028564545 126.92213806325417
140.4606215759259 109.04411101290188
192.9924347851857 197.73689212579052
19.48415025235234 32.53932485748623
52.30364011921082 173.92048519716866
238.83988568182818 226.1077565385923
235.50490605197976 74.31306274917156
106.677864868342 182.7211470491353
202.49101315572648 146.32059770399613
143.51657459121847 120.42417606910219
6.5509038794840375 134.40377146083694
145.81555294504267 11.548637977723208
244.70109961249366 221.32365041673577
59.84768285600564 74.84586555363798
66.92143700676856 181.77596973182716
195.5733410869241 207.87540654831895
17.888492036875896 157.78617427071305
57.360063062017964 245.314322335419
201.78209908656996 198.478759230663
84.54769633939819 175.53980615276325
33.09613352980101 193.96156790031827
201.09284400768527 204.51635078687
136.30417765821952 245.83002291391972
41.66457813824556 120.85527684596755
59.31131131404363 197.66922502113715
101.16282923333262 186.56455510745485
200.76368342129888 201.3338892034698
81.26058408918472 220.81411106367725
193.56396513437963 184.00942978776567
156.07109404724483 161.4795597747755
133.73265966060703 26.13827079788339
201.32555053701572 92.53326744270268
91.56257413004305 167.29136431313475
65.07689645658496 30.158350116654827
21.368631366786072 165.24507880623085
228.5357130373402 2.8352059303329846
172.43226644531094 26.070832584227155
171.61372880236863 177.34334274098708
33.33533576703871 77.63808383702327
159.9624459767546 235.39294408331878
111.2556778478812 229.63889786486172
24.482943387620693 36.91785336885361
34.52853618539595 178.99588906364573
163.9101791308484 72.75497270874374
61.75923143888839 149.03034706042536
150.62647869026063 164.3491866075101
148.14266650095757 248.47537106258983
24.573503324160086 53.39016615384898
142.92671586418885 0.22916101611517026
116.7429910004357 245.10521741853003
137.47155091377866 12.50160747638146
249.70308041719213 229.94047748738046
181.5820116160512 171.44772982632557
30.769324379625346 40.22444050584806
45.68794040494512 247.13214368845743
148.1213092454286 165.69253778427296
3.7460684187045343 153.7272656911917
148.83595093168938 68.27513371305999
40.39345499655253 192.40686633277278
164.82280908447325 71.66727949522637
229.1735799179178 108.54705419904012
166.92849743524638 95.19183499090492
246.4725883483763 208.51390453021395
0.7579518964728749 196.93252643844056
173.47714677792857 5.090382808033506
230.96202897260483 128.80067448271788
134.85203301639123 217.79465949691587
14.276311576642552 155.6284992780996
91.27895429374982 44.3583900415867
199.77469696278834 118.51486581751841
134.5019462742343 142.82987343078364
50.30774313230124 49.62808415664169
13.643890273179887 182.0523415142958
114.97834201740287 195.44677111015858
76.54586538654623 179.39670795492881
119.02639934626971 8.753733071183905
196.29352013185135 170.3844954620693
109.48108022848236 177.0534033033761
171.52650638169405 87.05826341170447
170.2580938890938 156.84728556866676
222.83355657142786 69.02610183740615
48.02855038236678 68.75903372174619
1.6818489034371442 130.21049324367152
47.678342113060964 17.23387814823735
111.65326356243382 3.690654248868497
126.73631648469491 174.4736812701873
176.93712276971868 163.01876278212706
153.34023652022844 137.29135092224706
86.6342963271502 157.38322878665667
155.51108380290813 232.66555246965015
14.727125238528648 138.51911069866472
7.252572457677214 154.63443739751662
93.98586565182195 1.4683897669224566
39.72137770546613 98.36063671293066
202.505428093011 178.68655925669626
41.958678007755935 231.3425800616094
2.9737396029834438 213.88456996213017
64.46763053556387 81.07238514898272
212.79604046619195 6.108135473309822
191.12189525885216 38.99110809465237
146.80585694797904 193.07119039683965
12.051684025349923 244.53904899478889
108.17282668243134 152.19549439032326
248.28692027427178 35.26570517600627
162.6306791155896 127.69043898716956
231.87778820677445 165.51622089456586
51.847113726834564 48.06423196585122
210.70604757423203 244.35976547688628
237.918493939309 130.97971164035027
222.43404571186127 42.101569260799664
7.57254773625235 181.12609388791196
59.14509830948012 65.60146411876438
217.66707507570703 10.495165177227928
160.63749572109325 4.875900238213382
101.41113278836289 93.61630745922797
162.8119241768557 96.98605768429405
175.87600321651618 18.094385128893304
185.04821724056262 60.99599735290543
61.500733018184015 224.74771228659532
112.62978803105464 93.74708133900211
165.0909946460313 56.16110336414956
236.93788647204002 160.90905390075042
243.844533325166 184.18290595190666
19.745894416173332 87.70171786575933
135.30670690302043 137.9851852963772
19.36339195951889 91.47330754681893
102.0117841920514 139.47981342296305
218.3022433013234 205.76126561440418
29.714388781160228 34.74115314192389
18.3289129085579 181.55774716688796
75.69120396854254 89.22483510524603
149.803220349086 219.70929316280433
84.51229335013144 167.5482452694777
58.472103688998025 206.80159604250915
207.64547019562048 7.8540204198265515
144.75269733299785 178.68814996671875
217.33164329164123 240.66769576939615
62.304386255440434 6.349094135615768
180.4750601717956 75.20816576077583
78.54338469422432 80.87225859283615
66.25625766274179 125.74378429789157
58.55418722852115 150.3289679901322
130.75396538936715 11.26385764815771
215.5086629024533 231.72346570106845
188.80227745537536 212.63804227838105
39.21869009449763 249.77041354298163
177.0112895010013 50.10982312711065
101.24775678078667 115.78417313488306
120.73149751124207 98.34898389808039
127.95496437265544 183.21745793612618
77.2695845004234 81.09108668600096
201.51440958807078 47.72782445283721
229.93260506179283 220.3270210456894
248.43491165210094 177.42938786813414
25.834596823347738 101.75006773622192
245.70626020091953 130.27152860738465
196.8194708379311 198.18181198642233
145.33543766118544 126.24458844568842
90.20333891057064 31.12110703568857
229.24921261432016 114.58453102385816
64.92143291859084 54.815917896547774
37.567582751843325 64.86892584027714
226.5296004874497 31.06207322074547
101.5738870899907 73.7140408740907
211.3880201647477 108.87249811568515
185.3106527354094 196.36493681855032
211.10598315625617 91.48390141676258
1.9800231638544274 143.58489161444882
211.65631240079384 196.51970589700858
44.25510252098838 41.67491929317274
160.53778063012808 207.4956017422469
41.48181828316186 51.85013935084981
194.48685365996437 46.96050024455667
68.48380804057285 96.45167717405423
63.264315016055036 34.22745651538928
103.62398943651647 0.7895923324079679
108.92279740483463 183.7425201249694
8.471352464231973 55.12467919512648
32.07733751791922 153.79714151613956
2.580957494079189 197.8907437078729
171.94905547686352 111.44818353692071
83.3709781775556 170.30130066027894
9.554559190967787 161.90636940456287
103.20451715179965 137.77378595042964
104.69746614335753 196.60081672833437
220.36514965087636 210.50629588629573
95.25018650876454 3.5142412758487342
66.05951739826469 123.30045521256937
215.24055890691616 20.173793997388305
137.67869483362526 232.03680602715025
237.83353665064774 140.51140596683888
55.43381362346919 224.7367273380336
104.207353814909 92.77705226464025
75.56569267798183 77.01342503175654
68.54450047779001 44.695059168020826
184.884494069736 42.60150580192496
74.13316853788454 130.8410472883563
159.95701169894363 107.86477061139918
123.17662715218336 191.83945723248874
156.24875406929237 52.702234959896344
25.72044571442758 244.2896461404922
147.62210238403208 123.02922065581973
150.94701484033962 228.1194221850923
42.843390556010746 121.14147234396735
8.134543596438753 131.0570205996833
37.69567125720838 76.71328503153596
123.08441526783153 137.3940202002535
34.446543674936464 200.40547531179575
11.034257015674148 207.07688954604887
237.3155919572794 184.50003130703976
123.06843363516387 41.61285697803646
110.52954822639985 166.61763746962004
16.186206931192938 16.590119642990842
35.713293368650035 15.543067901857471
27.622835431978853 43.11170694772115
95.42393801504679 40.625191677180595
94.94876451956455 178.1294981268207
2.0791223416941618 236.6097574090277
249.69640569994385 194.7800046846462
197.536672247832 90.7982028913815
163.6079085782684 142.35549257227703
133.85595968901248 88.92502778256814
160.09078744772805 121.55256822848487
50.10873029207172 143.56624682665228
161.97764611253783 15.299976981757224
32.41601565044999 194.91120272332978
214.87948247902688 40.0829596987379
49.426832549521016 9.331544617061398
151.8376480609251 244.5724575981356
45.813498164662455 223.71882198903833
197.96000733274377 166.48917527821874
174.8491702271068 213.89150219882504
66.63905925662833 129.1557534374321
205.207386437276 128.871817540603
136.13274828238676 170.70191105133068
173.010645083038 161.0869346398544
114.89123684428496 25.09533264086422
212.2569736146294 36.126793839425716
197.25476436446883 87.42601252506685
243.17810107967193 249.48019365806607
13.109601710686148 188.21273561205683
123.90692014818383 218.27445853017
48.327037504130004 246.32718432049842
101.79574912536523 157.95426150355954
83.81085849081451 91.65643698809892
73.60023594567141 183.7964581752714
21.766210185402702 35.22114301804194
109.05946269125577 9.234404036111615
238.81303570571114 12.538967222914115
20.515566348547065 149.88244509661573
121.42192999889693 139.07672237687075
48.2375563137597 28.31689205277649
14.483606826205364 45.79952049343488
45.58383980542377 54.919003024693794
198.93872593364569 179.67611139673886
158.97418026827887 234.38627823383862
193.96703328157326 202.67604204217662
5.401373280136346 195.59615204185044
155.01243076037133 163.75713995196793
103.01368130695593 107.58968634760011
236.5255023109511 152.17173451272646
2.6563264167983602 73.20303406284481
157.91762401990474 155.59370971504737
170.3096203515608 57.10087627374785
52.56252073775528 220.95540581492492
102.52842064375007 129.8280337466117
103.18376947902367 122.46481924630808
165.45559401472065 116.07152497233814
107.34691385486991 203.1351103675922
162.86568415014327 5.719025507465836
41.88542669234743 248.2388856460295
3.3497685349988817 47.759541297507866
238.22338162258865 227.61727484173431
128.0628574913333 200.07672252610618
110.3000505516864 111.69735117762694
103.93606442185124 238.65369377148565
237.13887955388435 135.99237626628235
8.620224810645588 224.75599766066728
108.85412512464929 228.03868403832146
115.19196288817152 92.68711877370781
163.9802761279619 9.31089080252176
11.082945190354938 206.00507616635616
45.474746033173616 53.51908160472318
247.29761523556692 22.068647686382363
208.9489466424211 217.10309124157342
55.64706244038003 123.116312045417
89.50298817437024 82.94211349376818
3.0938415499111027 64.80115129464761
169.77587757809067 17.070661136740107
154.2140253139176 211.12443349551617
122.66481684272085 123.62767086230397
61.812874735621136 18.243499048270078
149.57621892664986 89.43451039665213
119.06809650726983 99.70883793238852
153.00539988841865 34.81782529493238
198.64096511928514 118.59178792421687
189.47204812615874 148.10594756824614
179.9782340101575 241.14049921093178
136.2671510182997 174.06164295578577
37.83461472569952 197.68890394647426
86.56578582076959 52.191963031049035
230.7451315342249 39.03912275354271
22.101821971264258 104.4672959889607
142.501794234448 242.93101375483712
107.1404691328595 113.49130826612186
15.741906118699134 224.5165794045105
235.51429430401785 197.27503140464876
125.69795242786685 167.32144951787868
176.71953674290762 71.90679528898977
89.761092172752 23.486553094150874
239.80063124744393 61.931144006247244
212.57066442492894 111.7293030801973
14.112255237456434 104.62189266912733
177.70261726065723 205.91172584795584
96.31790237780727 67.0664274279556
200.14768799070438 208.04990183147638
80.14004407845785 1.5940539945287213
78.13174477097495 179.34490407444457
100.36256340475039 101.55754640818643
35.21665169430527 43.49610107641402
82.39758745280734 71.86464842875154
75.79441261133951 139.24476812441586
221.22069714446818 26.9896157035861
12.475753527290856 167.7008153137424
206.07662448452444 210.798772349282
196.9400960451727 88.67062070595799
204.4066659348881 113.7425253996158
119.70819116908874 212.72495820567303
19.657521432776075 98.40309805842118
137.95703174476225 144.62650860155998
111.81958422566052 198.10774107044938
228.27625736642904 133.92346192569673
6.929655630511955 3.0205515246672645
11.668160703051738 29.989827787525456
170.72619347213504 146.1140992748975
220.58634344231658 133.22983455042015
147.0458342015248 119.1885246810534
145.57878948020453 77.18954984207616
150.828334480311 100.00798794686669
12.82889252426428 216.89432663022438
105.46715144063803 173.2788344581026
120.94720291354066 41.55084190506611
135.9046607935175 35.58133503592395
17.758149705644765 112.05416331581091
58.16040314007384 209.57972922000812
148.05106017710864 90.91552112003417
204.3591229999314 219.88397745570484
171.7096206210336 226.53054085377943
198.7669190128034 227.17284696128397
22.43190395829292 210.61594895745574
117.06945938578644 33.59754784494334
1.4294371204378598 205.38605934815658
144.0188054749792 102.5471936374596
91.43021391313536 132.56665945420698
183.86882928431956 26.300877509559562
26.28646079517641 201.56647521404847
66.28186733782584 96.56562937489913
25.789289032860346 76.82157036389096
54.66370020714001 211.31250880812595
222.46834729099106 234.90108411999404
128.34299953933203 234.91998099248974
53.76109416935765 132.87640410776186
191.54543833438578 100.05228161117688
180.75242750421023 24.71901156684375
98.1759731980939 186.4567102322015
31.571676494726475 4.107538690179408
244.1822000333544 23.845918638316505
128.44271566895915 165.75826407971132
104.30645527787894 187.52786166333067
242.0195602308793 106.41937906425272
215.5723694686722 215.7783314784639
71.2787595678866 34.318662913952494
80.84789956981255 226.06193417529587
232.41056239899171 200.55776513786023
144.7197531643081 176.3951536261629
105.29470211071137 184.36706382573564
7.953093813463097 223.03892626162676
111.56987474361479 219.85867070692666
224.11926211925072 89.60031442402197
127.99229948484225 75.88371378076536
232.63443631689992 224.7663742399164
193.35337733153207 176.74526962659243
49.420790533799774 226.05986719980146
140.1285186366832 75.57820276637855
7.897176097119401 205.97748773304485
177.36247944652516 12.257828566216878
131.93756010025987 194.98413770834796
173.77993285067313 139.04934377230424
44.896570460632915 157.79972388930568
205.01294539060282 69.81816314400785
69.2671047543708 114.95041743981
202.40771704950853 165.05504554879295
231.4378813080187 228.96197908146277
154.44674643167352 39.4301286181917
132.7064917745397 143.7193434734571
126.30609162609343 137.55013423882284
28.819078320399566 19.90785868877329
124.20108297189985 249.74408497349307
146.83311761339058 203.11645934274958
216.42033884600266 234.6840767663122
226.3141573496297 135.12335679417382
190.4234593487857 130.05293152891812
44.62171437371978 89.98943446627935
97.36241208302194 108.66992010605827
42.546055331764556 79.10273031333953
225.04365585825283 112.9400004837875
19.663420077413395 139.96287219862052
10.211503196092181 196.83861469288263
39.25427209912149 16.311720856782063
78.58167927995008 32.33705802008732
141.36900654531954 6.027289607896891
128.47080341571146 187.11183603480058
240.46944001926207 195.71704432334414
62.18345444319176 24.070293676120542
80.29468711145374 79.34288958638037
111.59225129641551 41.68160496931939
123.1750228679198 203.31542003780785
243.741082873369 23.200962818587662
98.87592226301928 28.97619512246005
133.11481458518477 164.71848536863635
37.54025870747266 183.8013033397921
22.230860944264464 23.662217225232595
141.60138310855598 7.637634953549827
13.212356108584123 142.25039427689467
102.83916840504587 78.88322000296438
89.74803791213785 119.35362880398192
146.57287442828607 131.47799211268608
213.67255763332068 63.883875810988975
128.03068891783903 199.79683434733462
26.906404045525633 34.844782938847075
54.797289564375184 160.57229746351658
163.0642608500507 168.98586143519617
91.19095339019894 104.2861278656943
33.62019129618407 220.98393830126568
179.52716024441477 224.47285493685143
182.04063908891993 149.36230415700913
73.28384006044212 59.704314100244986
143.05023472403641 221.309394824812
77.36406656520062 51.06697974560423
165.67394410110128 62.39380505149958
39.59871243149249 206.30265790408214
154.33008979418918 177.5241418409386
69.51194195002309 26.963731808555934
90.65123807491702 143.29114884166668
159.25132591357976 128.65720686764368
128.22352273600617 46.75425727442356
195.57301461627424 130.93793433215998
128.91377865350412 18.428141482867616
102.62155939116896 125.95258253028221
103.19577961421231 6.4455640658507285
46.55497898836208 238.22277227947993
18.401443580662065 157.14098818702897
169.28896589428282 87.74347557573522
210.64149371802486 35.95376196617311
3.0220667747415666 98.34902068304588
71.60203535928613 98.29492404047674
81.08053733880254 52.599388599589986
25.648998417768826 52.849801589949145
179.72036475883993 162.34639352777953
126.81499470642824 32.829130729696786
101.57783132007975 138.2789926942278
133.9826117579518 60.46429213363938
74.89944548853322 21.374998606595586
140.0505995293334 27.461225627119973
247.96734363882078 190.8164469330535
136.30197049228585 89.32927083707106
2.722342712932535 232.9178317008998
134.2810055597508 89.2596353265635
88.5929827725937 218.21035372759005
90.15831647789396 186.53590300303568
63.693412430886774 97.26540968345255
71.7139977830453 157.12735445793973
89.5141834889887 183.17079413617247
179.58782782732143 247.87116991399446
90.76750739996756 55.213995575844386
192.43144514168733 161.00251906045733
211.55035435151825 56.65231071432325
227.19458736221364 194.93402575067864
132.6205106036335 41.268219548416916
222.92127469600732 6.148357545017719
2.412556635294938 171.3499033933695
33.76498535928632 246.06857568119395
113.44412499606676 189.43439431106896
185.317080444927 222.94936300899136
225.71454526172676 56.42891633882544
32.98674153637582 176.97395281753876
115.65112416909929 154.31046610787757
201.13745992496305 34.668930864735074
242.7053263326885 30.61912187816182
152.28313316350332 5.7815743301777855
49.656274267644626 126.34986842247945
80.99317775204254 126.19603719468344
175.6505202471186 151.39741292070553
206.74123434207473 56.732501452006396
226.42215464093846 151.9591661904216
77.82126957132895 37.917139031150185
99.15835534268221 123.16257815730513
167.80004967590008 5.685739172157284
159.807888286196 244.22269017614127

119.18209581967234 92.3573585013295
169.2015239419035 115.99377943250971
184.94238751305826 197.4931422865647
55.12780253383479 236.4183269064248
46.734160448273194 106.29741686605554
100.12849260324421 18.645480351413944
147.3335735815056 76.66066312010722
87.28157595855602 197.40195740644643
122.127440219301 220.34509952398298
164.67654446151485 96.53909557374816
16.09359157644072 196.60388198935635
103.76728738901497 172.1241468339795
193.49789163619192 71.54789107403148
184.76982698339762 134.95963075859453
142.56937140396352 107.66713723786339
196.62684936124074 200.82995803477257
24.66106155223341 29.643456747599412
51.184895791713394 177.0472674333953
241.0614970697161 231.82312103749433
241.28983778369576 78.35944698859775
107.37295562603921 190.04996792980705
207.13065003397728 139.31569990196306
149.77312148853622 123.00679321473582
13.273694012829907 135.27258595752326
141.6144630370288 8.45164617678676
244.2934837873529 221.65443682041905
55.17029568244533 72.81773901848099
67.13888260085946 177.32136434594352
199.5653326285657 203.17706757628605
14.98900581659296 155.6254598143057
63.579194039259015 241.4380662219937
196.61793687343857 202.59019786811254
76.98634322156222 174.67307349835693
28.974172049741675 194.89131638169226
205.81385522503695 205.04971890801497
134.0684763170859 245.88858243883902
46.34128326724588 118.25212783070282
56.14874351113047 194.17367536716262
100.87220926388652 193.364088463024
206.75340274363214 196.93317860583304
73.91978346170133 224.10792372699075
200.33551178862567 182.09276536839906
158.78123807883773 156.09920789729827
137.13705202039043 19.910062458837114
206.53498898729507 97.23344543237478
86.55803092519632 170.90097028010086
69.12730945049111 33.3885951526704
27.595278351104703 170.4597151289651
227.17420163155253 2.0395264296689253
172.41847785613172 33.30811021530672
165.99182116958931 180.06129342441392
28.36698922769526 78.82949768629283
166.81364506748614 231.31041541653633
107.44038294521516 232.32329934935422
24.275648269844574 40.77953111872226
32.42499655170644 186.01535552967914
166.84600578014707 67.37086583273191
57.58728722878031 149.22561858211603
156.89206301272702 160.0932594662338
143.56311301257807 245.66993856690038
20.570143508267304 55.76066512334693
139.59703159283927 1.9177028906512683
117.24663854459155 248.9018055883911
132.6405311774277 12.434221445496247
243.83997481020927 232.7229754841333
176.17014835247184 166.42016025701798
33.20419676139114 40.25685415345603
45.63168092328051 241.30071573226704
147.09874637969864 159.71593743544588
2.419411847927905 148.53846686001128
148.7785151443948 67.22895478302956
42.28841245007175 187.59104757934332
161.27470063364717 73.90217337129192
228.94488784586767 115.28527983469877
171.57183044358285 94.12877895493446
245.23727180435657 200.3422242033898
1.3672200194528583 188.7587372079872
172.4942871188623 13.46737664096867
239.08795003490474 129.81273275628124
129.88139174439422 219.97493870464763
11.211447922926526 160.11056796419186
95.4105920159968 40.7891978080426
200.1572739141143 113.02708291246424
136.51022169829363 145.72080327910976
51.93103719991052 57.442864138656375
10.515891315121955 176.41338587682012
114.38204519492132 193.48870959883104
76.10940957624942 173.63130729762375
126.42715071326529 8.573101003129914
194.99501523838995 175.43743921871732
104.98014093641092 180.3471688177559
172.70748642420816 90.28618195986097
168.91430155432306 153.86209278538402
219.91157183985305 76.52813615189896
43.8594566773475 69.89756098492242
0.8322732559878088 129.47136198993468
44.41181071768344 16.067873842920104
116.27493620693546 0.439257757556738
126.7988451624773 177.88474996718307
180.40409738018457 158.22705881137185
158.36858195655327 141.54144047623757
84.90024574217597 154.0505622496115
158.32705279460228 239.59361880587613
10.037685744822056 140.75334729655108
11.446239767602645 149.51425840588766
89.4333943143934 0.7649416948355692
44.01097577839533 92.1854501590266
206.98260987950127 176.4399752792909
44.52413365275773 230.13592013622616
1.3512620907688566 213.79469927784078
70.75501364477049 85.35451707035382
219.63195378770612 7.368208265856518
183.4039654931055 37.28296087639366
147.69587959146196 195.04055778548133
6.955653406618717 248.4866202805012
100.79531913262191 148.774813956348
241.14499260801105 32.572460201142185
162.45075840522142 133.39988499895094
233.04778879428858 165.10426917535784
47.66531415678871 43.043042425975564
218.0008231957252 246.20338394757547
239.777718588584 125.63849640188381
216.90249328687943 39.020821056422655
14.597410359894592 181.90457353248317
56.030551765116286 66.20888538016479
213.88414621571926 4.274617644542955
162.7467126634134 3.956994626567262
105.75533972954452 96.99387096730696
162.22113218364885 94.0853816620288
177.8093579819493 26.034075891200605
183.654441605481 57.09087225848028
59.73218608767619 230.8590890926632
109.48053324148744 94.22629291951917
167.24474786256334 52.15211649274121
235.1906307085693 165.86361133842985
245.25275169335816 188.79997977321406
22.838430864306787 87.91455656773553
131.51733756388694 137.26006082403876
15.306852548210959 96.34189841899013
108.31713576653074 142.40134555447233
220.5352651181612 200.8848760016632
34.29047883947717 40.39259116666263
12.858520891920799 187.58313248661108
72.90151321956672 84.41478635831746
145.07156981628407 224.16333871123487
88.24596218804744 174.16366033991582
54.57378136813326 207.58189412493843
208.1022683250261 0.6386091716237274
150.66031284336745 175.6490725345535
214.19900984163272 235.96884430227223
67.0261256703208 6.618683005507414
185.87381680200264 74.76976247051462
79.7051234380089 78.22385792917943
57.88721775107081 125.54767432819622
61.37047598383422 148.46945999301508
138.88529454147746 9.050012069365565
220.95048921651193 230.98418739974954
194.87135340936362 211.85221190763988
40.60421584542912 246.77333242732675
176.1997386446278 50.67678097771461
95.78199553376484 118.9929580648667
119.75564034014694 103.50237714481456
134.53064116782343 184.24155883717734
83.94354851043879 78.88179950607378
202.04328780613451 48.699477437572526
228.6287878498862 223.8398822918388
242.6630857456558 174.0907814778231
26.61840572008689 109.47928276954194
247.51982846660457 137.13599584064923
197.94074534069776 201.80825744611477
151.53318778946462 128.02828239246585
94.74675528336124 36.4530721540357
227.42541171211158 116.02723736317292
71.33291471955627 59.27942707844572
34.41951478727404 68.19484358164246
227.99059264938296 38.85349261163912
104.68203132342357 66.11267149092087
218.03962095631746 103.63001803812624
191.6957262458997 196.50352430488593
208.8329570466667 92.8907673443388
6.213857241629067 149.31065696418182
206.70554587205592 195.11766465259473
41.33623009858481 38.2310220036548
156.1922515054452 209.5326121687914
39.06753960368542 53.68379707204332
192.8198705767772 45.10823414769491
68.4892225080746 103.65699581865101
68.61084114516461 38.31855896114519
95.69207077174188 3.597869625200145
110.82566430026513 189.37484883242143
13.131112127923672 60.92871726848992
33.37312695991282 158.4511840774572
5.877174857544798 195.57980506547705
172.62461190573057 109.54896643105552
78.79126709401967 172.09670028543843
6.596988781889412 154.9577484478295
108.26972921939557 131.79446857954164
109.95593370278594 190.25781722912234
224.79800126625886 206.2207496291631
97.26886490490419 5.383637849284667
65.31383269812626 130.25164885409288
215.1294073029639 11.717250154158254
138.97716103895812 238.03866186364053
233.9512380980732 136.26288697824486
57.481539375598715 222.34063052166658
110.295985646571 95.96180997266654
76.85779526244055 73.72818741381008
69.93025198056158 51.077151478152366
183.63404493341628 37.63542567362727
75.84133326228334 129.60759151177288
164.94496214786292 113.68414394777172
122.72190391910914 186.01091982280784
156.88578242639224 50.73030149348817
26.855732391783267 246.04774974744876
149.57714872873592 117.72530467845002
154.94166906942024 227.8350933566345
41.99980749057669 122.9757265310803
2.738762022323149 128.28805193614198
45.68224617520208 79.37459515157308
116.7471985348904 140.26857327736587
35.91046903452172 207.67811669968572
8.837794337849452 206.55197361850162
243.75277386817902 186.20623528030413
126.38089174896638 37.87768814777731
112.75490971938673 163.53666247275055
11.543442071610565 13.869043531013537
28.56205261020947 14.70953903976871
32.833792522697415 43.43234492932199
96.62239710710627 34.14353263535166
95.42952892002077 170.42523695633406
1.6597473436470445 239.84817674874174
248.77591444305975 201.04128865757184
190.8821552227204 90.87085412389997
166.97715249512976 138.93254624169845
134.81013378259698 84.71494683432034
158.7376368250995 113.72276527302763
54.936982367894984 141.75119546285995
160.59838887359297 7.907840861198501
38.28071778412326 195.8549503994284
217.57878304350746 40.09065455324495
52.43395010087118 11.501262545886847
158.19826100938167 249.75696002295115
52.45700335719155 227.53566601532495
195.36575607746258 164.1636776679295
175.9532989490491 216.97362239288154
74.29209254855928 131.4976171509474
197.64717109074058 128.40582482013664
134.72700597046727 177.5911514055737
172.80063872375456 165.06654768493317
121.57107798082275 25.014371583880923
204.07751883699058 36.520284123394255
196.54475942289372 85.23111105453582
236.84757414297823 249.15180100624707
18.43909241110345 191.3450031356988
124.0488704208321 224.6778462353425
47.40768575507939 247.15392595274974
101.25490629646816 163.42660399144182
83.11368127900256 99.92507106417209
73.26455139198038 180.55187776109958
21.88116755400485 43.69457717751765
112.33049744523424 1.5065334850298817
235.58548700844153 7.419014142221986
17.84928126179153 157.88628689878632
116.82301433884918 137.90232342406455
47.92262038264816 35.0316997087991
21.279835897472342 48.687359957664185
39.559711049483745 54.44825790280369
199.75763741133605 182.8710781722278
159.33026168789746 229.43622031280213
201.7623732606964 204.7566121645594
10.019879495337447 193.794057592933
156.6693340355889 155.6665743484653
105.54098888632227 99.80112075958847
240.0916497827799 148.89049393292316
8.28017809347345 76.44302080933602
160.0190892477475 150.34749929520945
167.27033620147142 55.6645465059864
50.48323602871091 216.56152086504625
102.9816848014608 123.22990541838463
109.52457304904891 122.95914067204001
163.65813614159504 110.48600614240472
103.94132551681592 195.7284721592341
167.76777879319798 3.0178726335050032
44.578194141519454 247.84940788443245
0.5449306170706436 46.97970649663618
241.30173941274538 229.45606037945666
134.84266628849971 199.22426211647795
113.74672585494771 106.49811255471516
99.98246142301726 245.35414400866492
237.5543145749552 131.1029720198911
8.96598799449838 230.07147089750308
108.29002657189041 236.27424502069277
110.38971997572699 87.97560288063816
159.09058192181655 14.011505821436703
6.562995121378784 206.16505439876698
46.5272087130415 46.659542950245715
246.059117605113 15.140294604687188
207.22839343115368 220.3230256753891
52.52872962312663 124.80326753212942
89.54485214067375 82.12386901456645
6.480917540461428 69.09886414744956
167.4281265563457 12.910465587816972
152.04918470210495 204.83655852814454
118.14388547605162 116.48175611497311
56.424065992759175 24.048293936998533
152.34241864054354 90.79888612534651
120.85886344403457 94.08131455307944
146.736454966023 30.943512820875345
201.70231911976802 111.31564962299106
193.32314058327694 144.27769225189215
180.35961612208817 236.70415883645057
137.40641091507928 165.79709401182683
39.300065327842496 189.71430164998637
81.44335424805865 51.77310454258274
235.74494367805593 41.51773656272442
27.707775423812198 104.08485224437699
147.48931032616247 241.5273342265438
110.34966925316053 116.7902574675611
11.739754717433298 219.08983699551558
234.99199681977785 194.26122919685713
128.46728212341517 174.98977543675892
182.98834688919047 67.21058004483405
91.94419990796638 29.39201710980635
236.14458555127075 59.8897938327515
211.74568121670063 105.41929588405158
14.689944182994935 112.07968525281511
172.13090939301404 201.44686911141568
94.30740357903899 71.96370746898498
194.4460112451007 212.83841804331914
83.62937815731652 3.5779478162440426
77.21784607214165 186.84752930762687
106.55543742350326 101.48528087432135
35.459326706627714 35.176098425301866
88.1242785969377 69.7141443405149
80.75542968595515 132.68187900074275
217.3274871534555 20.204179069550744
8.824322229765619 165.3382819267932
200.3826122774244 215.788312221387
200.9049891129596 93.75374781204738
208.19282412733256 120.29734492608615
117.15546064759094 208.29358866362563
25.144432390678844 102.63722666111347
139.68164988308237 139.53584597110395
117.5505135971302 197.65254711399473
224.72199385505607 139.67246835415548
8.465821029735586 8.309852812058372
18.2638269046424 25.848839933230728
164.60662830727188 147.28297494698853
219.44840691983504 129.86123503105054
146.5774525339455 120.20412553362922
145.1190756153687 69.23701461028239
155.89900597026863 95.68522918988012
12.89041365350535 220.93393387056773
102.47453564890237 172.07776360805963
114.61349907292644 40.11506605353796
138.29502874558315 28.37738591843722
18.341405355579155 114.38778761337976
57.735799535589244 211.01952682610448
142.0122712178019 91.19544956249776
210.24650366553652 219.25500914766428
166.40902950042278 231.13230142757513
192.75484626474997 224.85896262404316
27.130518624861296 210.7355272947825
111.9640236888927 29.134712046980233
3.0414259205512604 198.75802288942012
149.4845241640388 105.83118350780616
85.05243248036393 133.95128077886295
187.34827730944653 18.788406882464276
29.21859380511385 200.97392071912287
73.95737965430845 94.37881514090535
17.685695448916324 74.98999795530369
54.52837842853772 207.61463350767355
217.264990842444 239.0673856560802
125.85904483692106 237.26025522454663
49.62399452135913 134.9453174514559
192.2267895110695 97.30824178499248
176.96587312959034 25.24090552501232
101.39711792853112 180.3802996966021
39.755027950749 5.524679904791357
236.09763696297182 21.98651753052003
129.4045217170896 174.14763397128743
101.72831495795288 188.79435411746232
247.41152933678228 107.11234189122808
217.09396260780932 210.37822186867734
76.9943460964686 29.208262252413462
85.00555079578686 228.87954244944692
226.03657079799197 199.5768128279884
151.06990610245364 173.5770081434094
108.06996441977098 182.3635308685893
13.027710808702658 229.7685853591896
111.06291186965889 226.38944066120038
226.46976282876074 84.0679054832867
124.0267489248836 75.37409516134014
227.4049236897625 218.85622764414646
196.65303798190126 169.53425625034217
41.13768698388276 227.79807694916585
143.50268744244485 75.63455108426379
8.808776376971556 207.0693755636742
175.92612427921688 8.636894313500203
130.50860547476347 197.47318407039253
174.1919679471522 145.46717520844905
51.85235501205751 160.82218091621672
208.89675024286296 74.66758801839316
76.03558905515057 111.4294550075193
194.9747948155184 166.80236911994464
229.3890170543302 229.156649820068
151.4058005978107 33.90844404473839
125.89532160183742 146.56541935399872
127.2873259282347 133.21388839023288
29.828918469349432 11.691053870771267
125.91709526805033 246.35459692586244
146.82991759701977 211.31039319028298
214.67541412793608 240.36007343958232
223.52302629990402 139.50742317390032
182.25697952173317 127.7516540681576
46.005066757686144 89.15664825099739
101.24750617491401 105.48153333193022
41.10331360298 85.0601218699406
228.26012370077518 115.56685778797157
17.37302688876091 143.29443305729984
14.418105488203658 199.01596062619683
41.37996371379302 10.731126758073529
71.02605749336927 31.509559545093797
140.3948790821493 8.954208756240867
128.8387620272776 186.85738610502494
241.7702066482781 189.56184462790316
61.674699542966614 25.599683399545658
79.69474530384826 80.28577013157143
118.83228844073551 39.36667707994695
125.92691122627144 206.71591742377115
244.1638709091389 21.72259828925324
98.88871319060848 32.33567650945168
138.71474279021385 162.06614534892984
30.92522844431775 187.73441742683755
17.378548645489406 18.54518497170049
141.08738819967292 7.184127489111958
13.337095164412727 135.30346100839157
103.03714746453996 81.99324062893545
90.90396298539235 127.01859639366734
148.38358741847372 125.03432810303569
217.2841947327902 61.843199510762005
130.7196656177068 203.25371533447606
22.80891836262608 34.475834962343214
49.15016217344609 162.63682238321647
163.4680660196335 170.86524568760373
91.96767951312926 106.10431677271632
26.430320185647783 216.47957671254917
171.8839534909151 222.66392321107318
179.20213380400958 151.8994508838226
72.75231651134142 52.01668772143686
148.16759063594833 222.42335084025493
77.6559105847775 45.403807060221595
166.63500540267466 54.8088131328967
38.46504185562605 207.30527268451436
160.66342819728388 178.32099522831322
69.11976072609497 27.30610128035918
91.2850502301071 140.90654312419835
164.7684756311606 130.73260872788399
135.23171177545834 46.506942185331496
198.39818386619947 134.37028112940476
126.6263530654628 22.424499374962743
98.39141392318795 126.40161081487975
96.69416661158 2.6895940252074366
46.48532479032216 232.6640127404803
25.638019684355086 158.97977229409042
163.69051293152648 88.59317772886257
207.06251667960967 36.25258942440787
8.627456343243162 103.39736458402837
65.836554477197 102.12446613580722
81.58717904216947 46.0982625267406
20.905891774085084 57.38301801119874
184.23975828677564 166.00108011564373
120.20080599405378 32.53902376247064
108.24057671987347 135.85779913687733
133.3421722173742 67.37256321654344
77.96023603986265 20.464867624971905
140.78518919273523 29.69653642468148
241.0775011629374 192.39431860087302
140.19245405344526 88.01303930966964
4.0218907886621915 239.08346754955747
133.36941845658802 86.20007655993304
91.45545355063742 224.2325315524199
89.89313988234707 182.16634601863086
56.957096673753924 101.21159604503156
75.88247270526652 154.80320034549806
95.46015143495495 188.21500831452303
172.69422253063559 243.43388849511695
89.39788273386498 48.98910140804086
193.3825303252493 166.18713628252362
215.32691283358318 56.27563421861628
230.4920396979089 198.1533052239658
127.15392755354749 37.97628435463846
216.43494032305057 1.7399685976328128
2.00123664015564 164.02035377751872
28.686445879295917 243.46090864673772
106.33488565227154 188.5060598727688
190.94325232211986 222.8905896064202
221.24054369306663 55.602944938250715
33.52521021845203 177.23528768287946
122.18140766833265 159.52665024918565
201.58409720337286 40.089149859104026
244.14209662073827 27.062655968768834
149.3652380810728 8.848104762707615
47.78970398319862 120.59412797642507
86.31924934612273 129.8852314637678
181.06427378901412 145.67345406309383
203.03052055983756 59.44382314767632
223.78807327612478 152.12794153151933
76.75644877842413 31.592709889327388
102.83179233457193 117.08796989553392
171.2711011886104 0.5853519369315441
164.5191020156711 240.52556380073548

144.1
114.7
137.6
129.0
258.1
288.2
51.6
17.2
960.8
137.6
77.4
103.2
324.3
77.4
260.3
260.3
600.5
144.1
864.7
144.1
144.1
172.1
103.2
600.5
17.2
576.5
206.5
172.1
172.1
864.7
143.4
114.7
77.4
8.6
258.1
129.0
34.4
68.8
36.0
103.2
576.5
600.5
648.5
288.2
103.2
260.3
8.6
17.2
25.8
144.1
34.4
103.2
108.1
206.5
229.4
480.4
17.2
600.5
324.3
172.1
172.1
1201
72.1
288.2
480.4
103.2
144.1
17.2
103.2
144.1
648.5
144.1
432.4
103.2
17.2
288.2
72.1
1080.9
114.7
288.2
720.6
72.1
720.6
51.6
36.0
286.8
576.5
17.2
576.5
1201
172.1
143.4
206.5
720.6
960.8
216.2
1201
129.0
480.4
72.1
103.2
324.3
576.5
540.4
144.1
77.4
1201
154.9
258.1
206.5
258.1
260.3
144.1
154.9
960.8
103.2
576.5
432.4
86.0
17.2
34.4
103.2
229.4
68.8
77.4
720.6
206.5
1201
258.1
77.4
864.7
286.8
432.4
260.3
229.4
576.5
216.2
137.6
68.8
17.2
68.8
216.2
172.1
86.0
72.1
137.6
114.7
154.9
72.1
720.6
72.1
260.3
576.5
154.9
25.8
34.4
960.8
72.1
288.2
286.8
1080.9
216.2
216.2
17.2
129.0
864.7
8.6
648.5
154.9
324.3
1201
576.5
172.1
286.8
144.1
864.7
286.8
8.6
68.8
600.5
68.8
288.2
172.1
480.4
8.6
288.2
206.5
103.2
86.0
216.2
154.9
576.5
154.9
216.2
286.8
51.6
17.2
72.1
8.6
34.4
72.1
34.4
144.1
258.1
77.4
137.6
34.4
1080.9
600.5
34.4
432.4
72.1
324.3
720.6
108.1
229.4
960.8
216.2
1201
648.5
540.4
51.6
1080.9
103.2
216.2
17.2
77.4
540.4
72.1
648.5
36.0
17.2
17.2
34.4
17.2
1201
51.6
229.4
960.8
480.4
324.3
540.4
77.4
1080.9
129.0
1201
260.3
172.1
154.9
25.8
72.1
216.2
36.0
72.1
77.4
108.1
144.1
25.8
77.4
86.0
206.5
77.4
432.4
1080.9
172.1
432.4
648.5
143.4
648.5
103.2
108.1
77.4
144.1
1201
103.2
260.3
154.9
143.4
144.1
51.6
34.4
960.8
129.0
864.7
17.2
154.9
17.2
143.4
114.7
17.2
143.4
17.2
129.0
432.4
77.4
8.6
68.8
154.9
864.7
258.1
864.7
432.4
114.7
260.3
258.1
648.5
432.4
72.1
77.4
286.8
17.2
576.5
720.6
1201
68.8
260.3
324.3
144.1
864.7
137.6
154.9
864.7
288.2
137.6
77.4
288.2
137.6
288.2
144.1
432.4
1201
258.1
576.5
143.4
68.8
51.6
540.4
286.8
17.2
600.5
36.0
72.1
103.2
103.2
103.2
1201
432.4
1080.9
288.2
286.8
114.7
480.4
8.6
36.0
72.1
1201
216.2
103.2
86.0
600.5
216.2
72.1
216.2
206.5
17.2
86.0
144.1
129.0
129.0
17.2
286.8
1080.9
480.4
720.6
25.8
51.6
288.2
216.2
77.4
206.5
114.7
324.3
540.4
129.0
600.5
143.4
216.2
144.1
68.8
51.6
1080.9
17.2
288.2
36.0
600.5
172.1
17.2
154.9
216.2
36.0
103.2
86.0
1201
432.4
77.4
206.5
1080.9
129.0
288.2
720.6
540.4
324.3
103.2
432.4
216.2
648.5
432.4
1080.9
260.3
229.4
432.4
137.6
72.1
229.4
324.3
154.9
72.1
229.4
17.2
143.4
288.2
86.0
288.2
103.2
77.4
540.4
68.8
143.4
432.4
114.7
576.5
258.1
288.2
143.4
77.4
480.4
51.6
68.8
432.4
86.0
432.4
172.1
432.4
144.1
432.4
1201
432.4
288.2
68.8
648.5
1201
77.4
34.4
108.1
86.0
600.5
288.2
229.4
68.8
108.1
36.0
17.2
72.1
51.6
216.2
432.4
172.1
258.1
51.6
108.1
108.1
103.2
288.2
34.4
72.1
229.4
216.2
216.2
1201
137.6
144.1
34.4
432.4
137.6
720.6
114.7
864.7
960.8
129.0
72.1
77.4
720.6
172.1
17.2
154.9
72.1
576.5
103.2
144.1
286.8
34.4
144.1

8.6 17.2 36.0 72.1
17.2 34.4 72.1 144.1
25.8 51.6 108.1 216.2
34.4 68.8 144.1 288.2
51.6 103.2 216.2 432.4
68.8 137.6 288.2 576.5
77.4 154.9 324.3 648.5
86.0 172.1 360.3 720.6
103.2 206.5 432.4 864.7
114.7 229.4 480.4 960.8
129.0 258.1 540.4 1080.9
143.4 286.8 600.5 1201.0

2 5 8 11
5 8 11 14
7 10 13 16
10 13 16 19
14 17 20 23
18 21 24 27
19 22 25 28
20 23 26 29
25 19 31 34
27 30 33 36
30 33 36 39
32 35 38 41

